1 118.94106708678876 31.95292626162727
2 118.89612792722028 31.62170504115536
3 118.60687202710542 32.03901316242477
4 119.07571555978048 31.96306837752353
5 119.18539254802904 31.938566869816174
6 118.94813756285387 31.870188831339775
7 118.89582126960269 31.757939095246133
8 118.6025528331322 32.08513042463039
9 118.68916544118296 31.840881172847183
10 118.76857820592632 31.815179479213306
11 118.63870923488538 32.097003385332314
12 119.19869255499285 32.02737232290665
13 119.14345799473892 31.708988494203812
14 118.75345102274545 32.01161315756015
15 118.60686659702614 31.74279633771227
16 118.77143665190272 32.228895342067304
17 118.6194472332867 32.287096896862344
18 118.8768895828575 31.996562816580532
19 118.63542731870757 32.28712671137911
20 118.54403426305612 31.654147606863617
21 118.9250076403874 32.0023040947794
22 118.76595581038902 31.649752083499024
23 118.97976879239009 31.944004827090616
24 118.87178648161763 31.664652639100403
25 118.93339939749833 31.704727216556677
26 118.721845352072 32.07624915706421
27 118.8971146823165 31.784509738749204
28 118.83747413528796 31.679832664081502
29 118.91605430810546 31.778262238772214
30 118.51256934806179 31.877543265196774
31 119.1736019845953 31.95936803218767
32 118.67074101349905 31.758774762779197
33 118.55686532224946 32.11204283540066
34 118.70302030121128 31.98075351850057
35 118.98235364018473 32.01276774157072
36 119.15350313808634 31.895869104639708
37 119.09574328075858 32.23830295331748
38 118.71993584279898 32.0604180592656
39 119.08859139869615 31.73126096271638
40 118.54279467010822 32.16040568407564
41 118.5584147170193 32.37176181674242
42 118.63060853095324 32.01105412412038
43 119.04548401822012 32.315404384399955
44 119.01149225229526 31.875159046432096
45 118.59045513044477 32.056730878997044
46 118.99581887455507 31.939242747473457
47 119.03738432328831 31.95020069466278
48 118.61914902063104 32.23409537059418
49 118.95963837037966 32.02670352263269
50 118.77957638657129 32.36636566607365
51 118.55728792358167 32.044412174146544
52 118.8670781979497 31.671192636374514
53 118.83987552647135 31.899922251459355
54 119.10931174419365 32.27781439857009
55 118.90500957664717 31.928931861070318
56 119.09222396234915 31.630175484285655
57 118.82332489136178 31.802231497336887
58 119.00155605545164 31.6396385160118
59 119.17881422470708 32.38533475969595
60 118.51151759968648 32.38638801316059
61 118.80567532076533 32.236455164727374
62 118.7979693310173 32.08893569361206
63 119.03840934607828 32.203819175360984
64 118.50988727779513 31.734720784733387
65 118.88830780962246 31.82763735935287
66 118.68608819735286 32.01914353927508
67 118.82850855325434 31.881271969119595
68 118.99657344163563 31.638494966314344
69 118.9421623630012 32.380803434774215
70 118.66747646433136 31.95602074948137
71 118.64389688193697 32.00476054711723
72 119.09171038567008 31.861626658165186
73 118.85127519405172 31.806035796481865
74 119.17464496599365 31.900808522192513
75 118.95854217794171 32.27074927196789
76 118.66151008534288 32.19863985960393
77 118.61402137533659 31.896783486274735
78 118.72260276041389 31.61154826773514
79 119.0251848444323 32.237082319452036
80 118.82178697567605 31.808891622879692
81 118.90111583168441 32.076637250265016
82 118.90983825956118 31.611766481916867
83 118.61721055587631 32.12537547303288
84 118.73717430929113 31.9147453053252
85 118.70574439172165 31.994902674191074
86 119.14774880407603 31.927437439998712
87 118.51890222505864 31.87696786098655
88 119.17517557890581 32.04036822468886
89 118.59979751753846 32.38017155288847
90 118.87484960636844 31.696296584484564
91 118.69684347379135 31.85903326777736
92 118.71624314015425 31.62874222513823
93 119.03261054362298 32.19458603216894
94 118.9855899066359 32.12848655999668
95 119.04605948174148 31.775380271556205
96 118.62864779804795 31.926218059370793
97 118.64418016802809 32.12309888435017
98 119.02662041616126 32.12633563599467
99 118.58937925913949 31.73711999515805
100 119.11601973616594 32.299866689995355
101 119.1432080929806 32.22083973576918
102 118.8491083139405 31.705672746586085
103 118.98305670733559 32.298392249107295
104 118.73195887303953 32.20152459586402
105 118.94637672528052 32.23881809234608
106 118.52494020904852 32.035516479716804
107 118.6662022150119 31.780892007358155
108 118.80369475166108 32.33120417612323
109 118.84452829277822 32.07122414716175
110 119.18744559161824 31.867621794177886
111 119.20847906537546 31.81673084646147
112 118.58094005171166 32.32167051665616
113 118.69104586239781 31.941692005888896
114 118.55777323162545 32.033703647427615
115 118.73329037997044 32.093547344074466
116 119.16572523585347 32.260646375830596
117 118.90423699323605 32.08861290222586
118 118.52937534345486 31.743270868372253
119 118.86371509287099 32.07282063413182
120 119.16340229199662 31.998032482870766
121 119.19197217364677 32.04595637286761
122 119.1370996357172 32.16444450206117
123 119.03298813155065 31.799883979908174
124 118.67768533031499 31.75784669600702
125 119.13201597277093 31.69042311950811
126 118.72424742051243 31.824676238092607
127 119.11107047931239 31.604271950029744
128 118.52978944981777 32.101579297881074
129 118.53234250638455 31.830934651349303
130 119.06446062670915 31.7549392535014
131 118.56714506105565 31.669656501733712
132 118.79529949591493 31.826770373562418
133 118.73281303914774 31.764470698898013
134 118.69022597837287 31.83378614476484
135 118.75756281074477 31.964691481130647
136 118.83386144797802 32.04353251945978
137 119.0948615034232 32.27866836553233
138 118.93972808787045 32.394033216072614
139 119.14372503266965 31.631423204548728
140 119.08959134164068 31.790562473642275
141 118.5956807275188 32.116371730914295
142 118.79664988372815 31.731450303602635
143 118.8727334196824 32.29397851776672
144 118.67820949907393 31.764163049858354
145 118.89285708710021 32.18965518004065
146 119.1814086142552 32.118753136875554
147 118.65209957824266 32.23429599055738
148 119.04455428045209 31.628716192911796
149 119.20352671802347 31.79517788896546
150 118.67945678609773 32.16914078598653
151 119.09803367144754 31.67326351081128
152 118.61664428595822 31.629066301251527
153 119.1522222656798 31.885886720366436
154 118.70797154793765 32.071609688073046
155 118.69011435537881 31.638053426274055
156 119.14070353347537 31.65207060388812
157 118.70173487699337 31.634907456405553
158 118.65718867015885 31.926465956446087
159 118.71625604727643 32.14005593444756
160 118.97329101680707 31.770026349296742
161 118.5105327986706 32.293022126351396
162 118.61493535562956 31.953177698836985
163 118.58124691410472 32.10475333459502
164 118.86144976864922 31.83456405967658
165 118.53541428589429 32.08810077834784
166 119.146338364779 32.37019612945448
167 118.82788819328128 31.96197209151088
168 118.93705974345268 31.768562926376255
169 118.65497543142665 31.939669767647175
170 118.98248549894306 31.95400399947295
171 118.51350667984016 32.01452191700193
172 118.55771818061704 32.017051162193916
173 119.1233114675741 31.629574602820792
174 118.65072135156407 31.725604868972948
175 118.84082157267747 31.954840059207545
176 118.86542628890082 32.174236456952315
177 118.62497201109785 32.22781603258491
178 118.90653308300664 32.21787663050271
179 118.6897584559721 32.00924295861928
180 118.96535945337652 32.36726381768378
181 118.68504642758363 31.860371793058846
182 118.79501620113084 31.988156108458497
183 118.84429162869772 32.1957192495625
184 118.50834213364563 32.27754869173829
185 118.56864246245173 31.921859073901945
186 118.55112797727013 32.28361897214439
187 118.81459477432286 31.95590618988708
188 118.87765460038743 32.17463366597911
189 119.1800749952299 31.61984761590069
190 118.74391192074637 31.61512219725863
191 118.62677316849424 32.349121498373584
192 119.17737269892575 31.687100515099324
193 118.87543140800149 32.13102964764972
194 119.17318452954879 31.817571678875147
195 118.74199856973942 31.76561612387869
196 118.55515890016444 31.909900363927125
197 118.8183899196178 32.34755452174792
198 119.19035101232267 32.054442204791805
199 118.54738185320186 32.335089275806766
200 118.83476889209727 32.16860220199922
201 119.09176701972741 31.99461340964655
202 118.64712231340438 32.00696757423833
203 119.05259092778604 31.777664129937012
204 118.54671289279983 31.598973525384075
205 118.72592239889582 31.930830402327388
206 118.62618523577568 32.04304572542299
207 119.1792387377346 32.304005467562384
208 118.92549474684927 32.12751698721106
209 118.69801332333316 32.27610328314055
210 119.14426378031735 32.33526372859054
211 118.89089137400038 32.347247701345324
212 118.75595804807732 32.25549257556062
213 118.99389902826204 31.707056039977598
214 118.96655640710411 31.876854690004734
215 119.17957032320284 31.759904114176397
216 118.5400190859454 32.29155999058705
217 119.11027871213366 32.22576886212045
218 118.95867614104012 31.8815250850485
219 118.60198613585254 32.055798538823105
220 118.76572862205522 32.24069017055274
221 118.5310475793893 32.278382316584945
222 119.0998555299533 31.77159113136954
223 118.57856070539324 32.193928030519004
224 118.65246079960745 32.24544800431397
225 119.00312981788214 31.63553717058614
226 119.03287547799755 31.678136391636162
227 118.66901541493701 31.942113995400305
228 118.61001435717631 31.762238947860503
229 118.51497209634726 32.30783405608893
230 118.55034665313845 32.18073344184537
231 119.11825324671742 32.16954666322602
232 118.63274995338949 32.22535760182989
233 118.77991095760362 31.860019142985557
234 119.04442615781853 31.795888036771736
235 119.186948113122 32.091021549303065
236 119.1203319031341 31.932848604521464
237 119.13321234454267 32.344233566073605
238 119.08224592790401 32.114740210040615
239 118.74240664440397 31.90732785326142
240 118.94878568790669 32.2825290330658
241 119.00455670639586 31.911422795417803
242 118.79277923985923 31.73504101872814
243 118.92546661729847 32.22874538364107
244 119.17555838658977 31.977819861044086
245 118.7255084281704 31.808582506792103
246 119.14700271357589 32.15693428848123
247 119.18136763904826 32.39733395504752
248 118.90861428092383 31.795045968291408
249 119.14044772275622 32.2301577952365
250 119.02215451018809 32.20670804194592
251 119.00162504173382 31.6934151278828
252 118.57125326530831 32.26924321991115
253 119.01652785841142 31.9599526171646
254 118.61816995446556 31.696742646881894
255 119.01991302120429 32.032699494878734
256 118.53192348396723 31.845270078577332
257 119.11574572890947 31.730192122240855
258 118.62294478814995 31.658450359077925
259 119.09193450016727 31.746679677196855
260 119.12348414043707 31.946400369637693
261 118.57985463712158 32.109865843293825
262 118.57832049532817 31.667077810873497
263 119.1825163771263 32.17182135495922
264 119.18688068319088 31.677930869540766
265 118.55510917592636 31.736289910910415
266 118.93449502175145 32.17464904844885
267 118.76447915638246 32.302910542099504
268 118.54096280027551 32.38253707873327
269 119.0940379882957 32.12894316423972
270 118.968496700508 31.9815644115048
271 118.5410866816798 31.680420328746703
272 118.81819790457514 32.04718932768293
273 118.78582716727031 31.74411653646748
274 119.19344259159003 32.01802739003023
275 119.18990782046747 32.08728418610273
276 118.66008119500148 32.268704111481085
277 119.03244145053098 31.85498989745186
278 118.96314233237388 32.391793297713406
279 118.80570364994422 32.38282163276526
280 118.89650571862389 32.26395380693707
281 118.77618636489288 32.1604984755386
282 118.52823480974851 32.179468127060794
283 119.02924166355433 32.30842646048148
284 119.05956136111004 32.35666328883315
285 119.16028074636658 32.273853891637486
286 118.87287541533186 32.11477535351828
287 118.55407061550058 31.665716753353955
288 119.15718294384715 32.103505022081904
289 118.68907430919569 31.890802142131037
290 118.5906977356919 31.721203258460417
291 118.60521110630636 32.312334571191585
292 118.91070940022611 32.261161578411674
293 118.7608902781126 32.01572773911834
294 118.98179614341709 31.966298569065785
295 118.54970423447378 31.99224044958754
296 118.51167231798213 31.809426420366204
297 119.17295303337959 31.916200838545716
298 118.55916868468536 31.93850102958221
299 118.73807613032835 31.60127711405532
300 118.51504913293242 32.32035538790639
301 119.12484713988083 31.625242451484233
302 119.09212155688192 31.90394403988291
303 118.9061269755114 31.678402126479963
304 118.60970398321949 31.756477724276312
305 119.05919009509878 32.35810685849523
306 118.53950303150975 31.89237650898026
307 118.81405176711345 32.18087117210476
308 118.72856981237734 31.698789965619202
309 119.20700603717633 31.79380295564595
310 119.18375405965338 32.30080067787005
311 119.0867141768954 32.31663860781125
312 118.8107400991906 31.821775530378158
313 118.84728142319169 32.376744759399365
314 118.88407931958247 32.137571172475006
315 118.88709606273777 32.005011928461535
316 118.62152981393531 31.888909923850214
317 118.65831241934572 31.879135774161824
318 118.99807019840632 32.36662567757211
319 119.08768268007474 32.158056978901726
320 119.1673440905147 32.01520995768919
321 119.02071819956649 31.63235674267798
322 118.89016165119254 31.802154517832438
323 118.56930981497301 32.34727988843483
324 118.55964366898314 32.04071684779269
325 118.61259485714135 31.890373139857477
326 118.991696634202 31.606928906285624
327 118.69528052091385 31.80076565802582
328 118.79132935423387 31.804233900672347
329 118.6121483316109 31.747736104869084
330 118.65649582614391 31.883218880998648
331 118.77213906954066 31.75305921992573
332 118.94011325852173 31.65227122258826
333 119.20143913557376 31.68375053863436
334 118.59027177008966 31.997293648886313
335 118.71462665717172 31.654074590353478
336 119.1935209382753 32.34515970412005
337 119.10666673687398 31.75775247439255
338 119.17272662413465 31.98024607569293
339 118.85989263843346 31.92823417469069
340 118.66217493284455 31.841435497573062
341 118.65792449343448 31.855112211550342
342 119.06220564349435 31.781701609824623
343 119.15230743832424 31.823412440245402
344 118.93241205989479 31.68662730292966
345 118.97252356424268 32.145337255216155
346 119.12357817649412 32.11306729901091
347 118.68127885715418 31.859387061953683
348 118.91158259182724 32.31172106211502
349 118.89539430699372 31.902227555905654
350 119.1477606669389 32.08836984911526
351 118.7329802140741 31.999695785622034
352 118.59910624420974 31.85962602666613
353 118.56651125807531 32.34531437902277
354 118.6913633736071 32.27222449149135
355 118.54870014367476 32.27109754824781
356 118.71851837522566 32.363192009610486
357 118.9033531547115 31.607038773800358
358 118.80877445191591 31.984733501585545
359 118.95227720429304 32.36019459714094
360 118.86592294082585 31.70476387384734
361 119.02868606477527 31.797681819733544
362 118.81668305242837 32.00212179565499
363 119.03874903398219 32.125917094555646
364 118.82833093796152 31.863318101453775
365 119.01158104862809 31.838836689064173
366 119.03623152047379 32.225082616919316
367 119.09052343307957 31.61587233836658
368 118.618334337248 32.224345431682785
369 119.00406794258939 31.94284582606861
370 118.501800007427 32.0989569098922
371 118.78303707177565 32.163554649256135
372 118.90467953397457 31.684774292789008
373 118.52470549249281 32.322783100748346
374 118.52782083837677 32.254296530278076
375 118.65468151736582 31.892086405366836
376 118.75661253824828 31.74463899609606
377 118.99249196032312 31.660240129708132
378 118.629384480411 31.840642937703944
379 118.77660160218456 32.17777170685765
380 119.13302226800742 32.25259327424028
381 118.73371137278745 31.85945367428854
382 119.04007371883459 31.779294729652875
383 118.91933841722106 31.864573020817783
384 118.53820338822672 32.37323554125447
385 119.17294633286045 31.675381925238696
386 118.57524149991578 31.742403324583595
387 118.74799190949028 32.158165635450935
388 119.17207156119528 31.71780332894963
389 118.67300949507018 31.808039890544904
390 119.16122475725996 32.23990659630908
391 118.96889936895641 31.836860171353564
392 118.62660617941427 32.07116394850571
393 118.59687779428295 32.04498662235006
394 119.1859864136346 31.808663030653456
395 118.81981183638757 31.797676039373115
396 119.01680452372077 31.825725741400333
397 118.59241095781573 32.30347252030056
398 118.85637960251098 31.613352323569977
399 118.56842592811732 31.68482735443034
400 118.84288500105312 31.882890669131733
401 118.5040879255342 31.780911306027924
402 118.51848797189368 32.05504074566439
403 119.14256069379 32.03472041387339
404 119.1133058833687 31.994119934578872
405 119.03596962880845 31.84152870135904
406 118.8626274476346 32.00541050908027
407 118.62478934572162 32.220449340404734
408 119.00410509612992 32.24152963394229
409 118.65437996044867 32.028441390726826
410 118.53384794275146 32.24783809302149
411 118.72820273747851 31.63565783844932
412 118.9080220370872 31.728192888965136
413 118.91429348515474 32.19733328503164
414 119.0775540750054 31.908063597463602
415 118.77669980396202 31.855737185130216
416 118.6012250028468 32.06496676513379
417 118.52447608615223 31.905392465085004
418 118.63551265223909 32.32692967310843
419 119.1543752529794 31.91211912093365
420 118.52263340760956 32.27014730978302
421 118.95484164417904 32.08140715973458
422 118.80806534046309 32.3199421602814
423 118.62725486996162 31.985808816047406
424 118.9875818470095 32.37052638777097
425 118.9114629740652 32.056836212508614
426 118.54516038868128 31.627353100328893
427 118.96736130185363 32.18423855278897
428 118.5391992666783 32.29276095680243
429 118.65471281840881 31.6849066714802
430 118.89238847167398 32.35754159819579
431 119.01211655190806 32.05712310475397
432 118.89417067628489 32.19108808084775
433 119.1288760719628 31.773065921254446
434 118.99344401163684 32.34454675699268
435 119.17092127183749 32.12006773886617
436 118.68176762005919 32.033189781083415
437 119.18020499034745 32.36835222881699
438 118.6482322437535 32.05204125667479
439 118.62172845591184 32.01492131161208
440 118.62620957353191 31.65077045349714
441 118.58128035742864 32.04039507745614
442 118.93377387733145 32.19028664806798
443 118.50243310678829 31.887134584606752
444 119.07523246250672 32.140266889850544
445 118.92925983334389 32.05013799996759
446 118.69990392718447 31.765246083109254
447 119.13253330126766 32.037995669781345
448 119.09307990198285 31.980460410125666
449 118.9506535548424 31.877637798886056
450 118.552360878522 32.13432889679249
451 119.18519905493956 31.656568122135713
452 118.92125198368078 31.893593250725672
453 119.12152069392162 31.9377342861377
454 118.60864181555442 32.386781667965046
455 118.52911423269109 32.16513152626317
456 118.7179772175441 32.09469320342269
457 119.05728980805851 31.71948602423202
458 119.06708480693898 31.95268451418768
459 119.11181487354261 31.901745507745293
460 118.74156571161367 32.35025793829931
461 119.06907120326142 31.956850720044674
462 118.60318935646443 32.283128734616945
463 118.88460089910596 32.12660385950759
464 118.5408845899666 32.30326140873639
465 118.99345574946274 31.605144462915344
466 118.74570126569719 32.34051323086353
467 118.57578003009826 32.36394255346034
468 118.95006415920354 31.72604183169108
469 118.7882362335458 31.651546619012183
470 118.71689428239777 31.86329423760282
471 118.74885046287852 32.07215087330061
472 119.03424942697451 32.02345975646997
473 118.79249513646688 31.9453063888028
474 119.11669940049708 32.33560896537968
475 118.59853202110999 32.05773467926892
476 118.77363612657395 32.345924425891475
477 119.1089071676008 32.05369143676672
478 118.91248118138628 31.74148619637252
479 119.00393177292837 32.3850388559009
480 119.08680148506151 32.38409404134784
481 118.86948617815467 31.962115593707054
482 118.59149404675723 32.20180166288479
483 118.72256047385953 32.114381407828425
484 118.67203345831913 31.74852292924966
485 118.60894110342241 32.059659273777015
486 118.92170708092716 32.12436277783681
487 118.64837937400523 32.080904706533644
488 119.09519687560712 32.02845010732584
489 118.82074308442176 32.07022310042607
490 119.06121381243504 32.16708085798977
491 119.08948492435417 32.215681185328286
492 118.9774935588962 31.678311346279788
493 119.06753339555492 32.33039718069127
494 119.05802516253563 31.962466898640592
495 118.90299759055108 32.156249537132695
496 118.73854702736598 31.90698111562307
497 118.7928764863433 31.64410182341543
498 118.71947277963446 32.13135048280919
499 118.82879850675027 31.899605633327305
500 118.77447281192865 32.04730693223759
501 118.72851921689703 31.80785437335697
502 118.57348623275305 31.766998783582544
503 118.78413403908147 31.829056907782423
504 118.5949854816408 32.28253920518926
505 118.75346151993587 32.34013954133746
506 118.58035130167319 32.37048302135806
507 118.76609428864623 31.934295099287976
508 118.87802644145918 32.22509086430005
509 118.54119300351772 31.736287082135853
510 118.67905978860077 32.18856284327723
511 118.7997577199023 31.938204396036475
512 118.69019231444368 32.27574190704152
513 118.8949653725064 31.755824208076845
514 119.06669835465472 32.251749952635656
515 119.05095945764629 31.661148389112594
516 118.65906528452446 32.28671772213926
517 118.636766535183 31.936456550964913
518 118.89181159697839 31.7013895496913
519 118.76804045289174 31.837009625129966
520 118.53545593095102 32.169146150432326
521 118.66111279910722 31.95348308219844
522 119.17230004907817 31.787739409836064
523 119.16612808505593 31.79273638150779
524 118.75085791492195 32.15188031139306
525 118.5414499378079 32.113403644289846
526 119.06711094492015 31.65327739572075
527 118.69216491615877 32.25831566022349
528 118.5324874097712 31.713054318698934
529 118.6687369681774 31.79107267035586
530 118.59900267735277 31.607417659526483
531 119.13186807586887 32.01407158590059
532 118.63251274849797 32.2752228643524
533 119.03628694993682 32.336449189568995
534 118.59776193792503 31.964628251949204
535 118.56053644282603 31.67701562353463
536 118.76063913997466 31.995265961707823
537 118.93014639051844 31.82910093658134
538 118.86976579592816 31.84885065129475
539 119.07432952178051 31.790908674700184
540 118.79496812657675 32.357526591325886
541 118.93282881032913 31.92201857482195
542 118.5370741841343 31.599138678037807
543 119.0200483152668 32.00109427350836
544 118.98303257423186 32.15627559343048
545 119.05986670552463 32.24897304673284
546 118.57318647914116 32.19383062082765
547 118.81645387615508 32.15359422045979
548 118.96050497843305 31.758831966468303
549 118.50093345627806 31.880761440209366
550 119.10027970034432 31.965989686866813
551 119.06825614364382 31.728968632466927
552 118.86217793051708 31.93797243816187
553 118.74442288093145 31.67752785065583
554 119.00226994178836 31.660735005843634
555 119.11481647726923 32.258579678242945
556 118.84298804521542 31.732836666523948
557 119.11272988138788 31.974240326154106
558 118.61366153588514 32.099872795010526
559 118.724449343377 32.358827040618536
560 118.99462537279734 31.849517773532423
561 118.75666967782001 31.755701853337506
562 118.85600275081933 32.30573125412063
563 118.95898492917085 31.847441933443463
564 118.9115869053891 31.812054862894165
565 118.80268057235881 31.71882941257979
566 118.59868271352462 31.95810311261864
567 118.77741372851914 31.782498699755116
568 118.65839978153905 31.886023782102935
569 119.05602826680109 31.868896666949432
570 119.05688978652434 32.10275964570227
571 118.65301212672256 31.951626911759107
572 118.91102470662335 32.13997913720117
573 118.9675720057658 31.842247928823525
574 118.80890737458991 31.86354841586677
575 118.56220423720951 32.39717407849068
576 119.00377695071491 31.793720497883747
577 118.547795162975 32.21451336800152
578 118.96928656410346 32.156223979275204
579 118.55690302593676 32.119319535618445
580 118.92218722620436 31.697177690674522
581 118.68878666398945 31.602242057211853
582 118.77970908460087 32.202484608299194
583 119.18921103863443 31.67553045301933
584 119.15379660056122 31.792460387535275
585 118.9061539055306 32.38518124348303
586 118.98212983888 32.37634361004679
587 119.05737427299448 32.33934525544737
588 119.00704763513227 32.06519261670285
589 118.5921076225404 31.979548619124973
590 118.81326252699932 31.970360801263453
591 119.08173898994048 31.872529878245256
592 119.02404003480619 32.36177485595421
593 118.64594421082495 32.25191418667759
594 119.09945221692537 32.402183578520216
595 118.92665633769138 31.83420486173812
596 118.70214150930177 32.07133785948809
597 118.53340932775134 32.13900781493772
598 119.0193297165227 31.90409763611366
599 118.80631542839131 32.06701419785086
600 119.18452939649927 31.7488811815686
601 118.68090416992125 31.858296789562633
602 118.55396521343337 31.71445565396905
603 118.6640886126573 32.11375681030581
604 118.78877469359838 31.86468258899544
605 118.52183374462507 31.93501469951637
606 118.75781630416489 31.89985143825545
607 118.67208538352318 31.648144118527487
608 119.1965420648236 32.30858955434282
609 118.62240708419812 32.176256691769325
610 119.10029377552777 31.84928973035224
611 118.60853859183958 32.31279822686228
612 118.90974575033813 32.14606902079086
613 118.95537351868897 32.39747827186385
614 118.88398844831534 31.97986254490772
615 119.1604384123773 31.68159343934254
616 118.80736094469819 31.69547472175786
617 118.95015609518941 32.198421743858574
618 119.10594737158534 32.06051595859665
619 118.6621809710659 31.775119964240126
620 118.87469890394443 32.03433591549827
621 119.18257680206256 32.02266159545671
622 119.03132229728828 32.295958700276515
623 118.99651509882243 31.642522181732048
624 118.7770747223282 31.687629649133477
625 119.09472037455573 31.951486318028916
626 119.08054240578299 31.710147582206204
627 118.80476045571578 32.393902039315876
628 118.89332548066282 31.75976905726802
629 118.96948163968732 32.08488517492637
630 119.05101064381988 31.95565020924063
631 118.81441142807815 32.229247239799996
632 118.74221835320239 31.6378104702372
633 118.59930057268353 31.860433568664266
634 119.0123737347733 31.980474823773438
635 119.03129278882538 31.689735460304895
636 118.6358834405471 32.10509093305508
637 119.1070820305582 32.02915950530454
638 118.60697086028055 32.26314441839198
639 119.07503991491242 31.94983478144366
640 118.59465739290701 31.836114270383735
641 118.95147949809888 31.844364009678717
642 118.87337086743793 31.792477296560826
643 118.60177712411078 32.35308091453062
644 119.0131810438559 32.246525049599306
645 119.03476126485283 31.880397111273844
646 119.124489620015 31.957250640843746
647 118.84057985361021 31.6827754768534
648 118.87053279615495 32.07320905601982
649 118.94911617953396 32.187501813580496
650 119.12818664999664 31.795080091739354
651 118.7733983741945 31.965305775831343
652 118.97268821626017 32.128110399445056
653 118.91935454929256 31.966702082024195
654 118.63038588395516 32.04133123123151
655 118.97676820229833 31.749883040344713
656 119.0911670632591 32.233643135068526
657 118.8276476907694 31.679300280306514
658 119.1731746503236 31.98183080572116
659 118.8973277952216 31.837987994533623
660 119.12189089272988 31.677106190894026
661 119.03893467328021 32.28638617318313
662 118.78783079217416 31.754000694417574
663 118.71994875174805 31.976838944399574
664 118.77766274099115 32.09625115688011
665 118.7452840733369 31.823420171584516
666 118.53344897676905 31.985042897589526
667 118.5192835928934 32.02213145248811
668 118.78428906620083 31.945099131713715
669 118.63121763599332 31.887486630313326
670 119.09431229097626 31.797656605519347
671 119.17517839541273 32.336760157224205
672 118.69837308434474 32.005532323914366
673 119.0100392991198 32.15331209179813
674 118.75499390057665 32.016879148040026
675 119.10340072988903 31.842889400894027
676 118.80949834603659 31.98034358334044
677 119.15964751451507 32.259205907023194
678 118.95890740735109 32.29902497157367
679 118.5822497706695 32.35132749851193
680 118.59619188729349 31.773399474200374
681 118.78238654957227 31.886265297872225
682 118.90418729256395 31.691094134621526
683 118.86001614905098 32.393269805531524
684 119.11205672267658 32.105050854497456
685 118.50401218122495 32.16729972551885
686 118.57963728683424 31.9491714948135
687 118.72193561599572 31.795860211170673
688 119.09694524638415 31.9194634164617
689 118.50935672764787 31.83471553523439
690 118.881719006888 32.02350777718616
691 118.49411614095689 32.24938369695187
692 118.8814657209149 32.263161549534864
693 118.83468269945816 31.836656927725386
694 118.59783713106776 31.744630245739398
695 118.91244603400506 32.18430791182244
696 118.93796772531704 31.941314730326646
697 118.82183986344712 31.751307088443575
698 119.0520915682359 32.087176159061904
699 118.54464539044649 31.685201329265283
700 118.72977537676984 31.68053008361958
701 118.83812233581243 31.61027223275722
702 118.7222098822745 31.75258378893982
703 118.58621070543046 31.985856168953738
704 118.575248138473 31.737928136273837
705 119.03847808828866 31.64959902961811
706 118.68405120473084 31.99502720001624
707 118.9636166391597 32.32753315207501
708 119.09697062373392 31.610828397852032
709 118.70613641169047 31.77508516302461
710 118.62639542172195 32.321775626923994
711 118.90069307816883 32.10743442164597
712 119.05522039830466 32.26580932321498
713 118.75134442631673 32.322701776692696
714 119.09281937447003 31.784481442242193
715 119.18960270072327 32.19378293859627
716 118.9624139604881 31.805915417916403
717 119.12896572101542 32.350645109150385
718 118.57141633871392 32.364995648540386
719 118.77489110651206 31.731645155998006
720 119.09669725414952 32.257019804647115
721 119.00908972537458 31.647104614834184
722 118.57069516449015 32.081100270512245
723 118.65916279122813 31.985652304956638
724 118.72879685067753 32.07756423278205
725 118.94796245554278 32.204853691787534
726 119.02402171589546 32.29621330371339
727 118.84140784217206 32.010418748661024
728 118.51975750618432 31.654907331104503
729 119.11450153206107 32.332559265696794
730 119.15124353708346 31.651274703001274
731 118.74880198250986 32.24487871008033
732 119.06922373920227 31.69927493580888
733 118.86485886625955 32.32235204464843
734 118.82302127579199 32.10970151730668
735 119.15644739038012 31.842950980058166
736 118.50507163141782 32.292284516839025
737 118.79101520642764 31.731984386770016
738 118.65839815918342 31.77386457111043
739 118.83757034375627 31.85234987491811
740 118.82922982510736 31.923044837155746
741 118.63066538746543 31.782201767950525
742 118.89753971379056 32.33651777442959
743 118.77907312275407 31.95395216650597
744 119.15087483946469 32.35772510729133
745 119.15483825478223 31.810838447979226
746 118.7656227611624 31.969233250108438
747 119.03210605314024 32.25074289994297
748 118.93897984627003 32.40313606571804
749 118.76576186479954 31.96622899064628
750 118.67692696693418 31.9719159738616
751 119.14602281039969 32.362954224867366
752 118.63678030671178 31.945882930514234
753 119.05189463520621 31.948774333147107
754 119.03524811729133 32.365604848321794
755 118.6466377886897 32.00138424299731
756 118.75875920240277 31.702700755543056
757 118.8035371044303 32.359590176419545
758 118.845547944741 32.00194519010075
759 118.91765114429204 31.8875872810219
760 118.74499024465578 32.31912446826698
761 118.92514650556038 31.61428359686365
762 118.80307364639405 32.364464758440995
763 119.1709576000643 31.6690395357721
764 118.97719269230493 31.65800212776311
765 118.86999238658888 32.34787947829352
766 118.90152729261972 31.977549789280545
767 118.58478278313345 31.739472492581072
768 118.68862934788953 32.38671762721996
769 119.00008173640494 31.86037561723803
770 119.20111283562213 32.348501231203805
771 118.72331643412349 31.970460793546657
772 119.20773218617407 31.901514586487814
773 118.74790157066104 32.05635440958131
774 118.81207248167529 32.331500131830346
775 119.18270434692322 32.3819255006997
776 119.0780412943389 32.15112155837759
777 118.86696473996243 31.893126601252696
778 119.18154965922174 32.28154981744121
779 119.18652385660394 32.342453390600404
780 118.60874075243512 32.03871541232836
781 119.04296453181936 32.1715031097234
782 118.68259115778224 32.306119557273206
783 118.70607857275934 32.14906762767342
784 118.8121704653651 32.11345068447206
785 118.83532272903555 31.908030562350092
786 118.60839179072096 32.083938251211144
787 119.03280016335907 31.787572420971728
788 118.5091666261498 31.702517979352184
789 119.17399318472911 31.80663466841997
790 118.67809609845244 31.956876436039614
791 118.99688703022633 31.8716195586841
792 118.86990098355199 32.16491109348204
793 119.0816447793425 31.901313973767756
794 118.64123903213923 32.00125673244845
795 118.52593972138301 31.823281192949146
796 118.62042779885216 31.66967535730678
797 118.98088477932482 32.18023523786619
798 119.06777361148168 31.765405487332522
799 118.61142205756252 31.971253005479312
800 118.90580124645749 32.06708480761197
801 118.53884434988399 32.14346241445564
802 119.08634124105289 31.93900583611864
803 118.5656380664601 31.81636322423512
804 118.62428614649266 32.30891367606227
805 118.95078787135968 32.11838081892192
806 118.82110608127036 31.809066363034702
807 118.68797405832342 32.22472036500736
808 119.16068132212435 32.022677846144134
809 118.88488286879587 31.93286243090736
810 118.61041274733348 31.687101893474917
811 118.78973620958205 31.77895529836077
812 118.99791827444702 31.68084436617632
813 118.82492263826224 32.15244643886912
814 118.57167531892797 32.1901434006202
815 118.61621203753647 31.95310591986105
816 118.6692381106694 31.646235133144597
817 118.87213829475664 31.737080281707005
818 118.9551898694324 32.35200257158611
819 118.82912296438602 32.31525866706422
820 118.6401965418721 31.926483749549007
821 118.7385209697313 31.699910915769745
822 119.10640490411986 31.959373036076975
823 118.67497747688356 31.943961072017675
824 118.96117528748475 31.610985005553843
825 118.75600107450533 32.178593573124864
826 119.17663145285366 32.12089576973485
827 118.50038012797651 32.06377473736925
828 118.71690470344502 32.243340631776086
829 119.03673193723547 32.25319726444978
830 118.5220242578494 31.760795890216713
831 118.77486346090885 31.65365175214234
832 119.1687682830172 31.902414755326514
833 118.95957318506966 32.30159808408543
834 118.58955174579476 32.220779632276354
835 118.56499094862653 31.79228517812704
836 119.17156321180327 32.203490220825316
837 119.14913641453812 32.058140576933646
838 118.62656362324432 31.817849105948333
839 119.105868403871 32.17019483022053
840 119.02671602340926 31.83437870330844
841 118.77270695555598 31.872365254599845
842 118.6592214387065 31.75797665925743
843 118.59756474630898 32.05134392425155
844 118.63589776834749 31.965819678472812
845 118.8635362545178 32.09726691816575
846 118.52315699033382 31.613989949456222
847 118.93643599485051 31.919066433178994
848 118.92354667620448 31.634576203853296
849 118.94607422604885 31.852132962190733
850 119.08172297939923 31.66684407287188
851 118.53635148663194 32.02649166657355
852 119.18633891613194 32.33137001061323
853 118.84392649196145 32.282268663892154
854 118.83941573457585 31.99959988840141
855 118.6051916194205 31.883418786765397
856 118.96016228706152 31.616067291817483
857 119.10656932252174 32.117788030717506
858 118.54072954220342 31.841941857196904
859 118.71593697833171 31.916230856024445
860 119.04342500908727 32.10176932974636
861 118.51947643406895 31.74823857219539
862 118.90176069903178 32.04056674689394
863 118.65738734348749 31.96564043501134
864 118.86383021856147 31.904978065740192
865 118.60052488483777 32.27253199568686
866 118.74269449453531 32.19352684338186
867 118.75665565062114 31.720834462353583
868 118.78012310555505 32.32313953346258
869 119.17609920833455 31.60093500746655
870 118.60631702297306 31.797600310770708
871 118.68194027482491 31.712054033209455
872 118.97996682080395 31.86530075074185
873 118.75458792260231 31.714098258492573
874 119.14775701947362 31.81723830586814
875 118.7575797283149 31.912557018002556
876 119.17648517099707 31.982825786458612
877 118.62705577007681 31.815603887145258
878 118.8306880185909 31.659018283099996
879 118.87070323262533 32.024067459301655
880 118.90152422259433 32.09748506534614
881 118.77404253515687 32.11949442461402
882 118.869202584512 31.6126836238685
883 118.66974619329764 31.69264151604873
884 118.67296941520043 32.127385197550545
885 118.55297018143884 31.694120013182598
886 118.8777121741098 31.663173733093572
887 118.84152240353788 31.960925561763
888 119.18948546491221 31.890558933886602
889 119.04823191827181 32.13953532677446
890 118.98798387709574 31.62919007979904
891 118.70405815873852 31.78959238058118
892 118.66428227847067 31.82507417556667
893 118.97581243978618 31.854995367864774
894 118.65622996466286 31.61385626779081
895 118.54877415037541 32.04135681509281
896 118.72620712492915 31.606804664384264
897 118.87690794634126 31.83696305215173
898 118.62798027135774 32.335161681534984
899 118.58316221048845 31.72750668649163
900 119.11709973751344 32.106909585133806
901 118.82939359011891 31.969419155542518
902 118.51423573725064 32.338898307241415
903 118.67217183828008 31.940403808492476
904 118.54040294917576 31.763684415074064
905 118.67046776516297 32.391904310744074
906 118.79351377426009 32.17814410231951
907 118.60162179558253 31.705085598431683
908 119.14777916615095 32.03065051931418
909 118.83483043074769 31.83979788980492
910 119.10665278089938 32.29838754580753
911 119.08363482673505 31.727983780694988
912 118.58530555686848 32.11943462298466
913 118.55826447925182 32.36280537519958
914 118.89786342172034 32.34224817715551
915 118.51177317220818 32.32645781040301
916 119.05801459322367 32.132573773528684
917 118.72665332034475 31.835396520434035
918 119.00402210658862 31.66186349335783
919 118.63796763955753 31.73408679580545
920 118.72508096338582 32.31551616725912
921 118.94618822420989 32.172191026819505
922 118.65224915040196 31.6751451065503
923 118.64000640687567 32.37281043296277
924 118.75775062411026 32.00572220461409
925 118.50966940318072 31.74365035865078
926 118.97771782576491 31.982149290176928
927 118.58763203073714 31.92191918034022
928 118.6647659689224 31.771683439503967
929 118.5424712693646 32.10212320404413
930 118.811921968974 32.021656090935615
931 118.67949565182062 31.817879493987437
932 118.86705075232014 32.22923498672088
933 118.97169145257938 32.02727225747439
934 118.64125771770071 31.87216087857648
935 118.73486856542347 31.727200612179136
936 118.88615216948622 32.00772101907953
937 118.66675886288098 31.71466136359325
938 119.13919431351523 32.328149284713945
939 118.53019489720766 31.998804764712872
940 118.60319898239351 32.335336750655955
941 118.71154327350322 31.850157138003816
942 118.97156257341594 31.96442143314267
943 118.56513488187723 32.02249080138124
944 119.12590663219956 32.318013330668705
945 119.13087110404437 31.70176847269185
946 118.95419754931905 31.915470261528743
947 118.75810336191726 31.665548023864993
948 118.69192105830415 32.33532811216384
949 118.73695677390923 32.26534581097464
950 119.11761192108416 31.915212981683364
951 118.86846329261552 32.13346619144698
952 119.1479721856451 32.04200951553523
953 118.83583910452069 32.08761769271894
954 118.65384979874705 32.26671161412856
955 118.556190620255 32.38516799829347
956 118.97068729703503 31.672680979680884
957 118.70740123620173 32.052102303223144
958 118.94223566946646 32.32306215704967
959 119.14627998212507 31.909793399780487
960 118.51163935506167 31.802200056386823
961 118.54293836727494 31.700483459733476
962 118.73640659554941 32.10311103418408
963 118.71612386847984 31.77448446991618
964 118.76597029138385 31.904681963932276
965 118.80669620262823 31.91313090382404
966 118.78854963039339 32.08481639220223
967 118.56570789932532 32.35919742242732
968 118.73116285776406 32.38819186032657
969 118.58544147497754 31.831353838784086
970 118.63390017326532 31.816111497300795
971 118.91350000292961 32.17884714395215
972 118.5373724028635 32.15485564908631
973 118.70108029354928 31.824875603634467
974 118.91602558963977 32.363716314928894
975 118.69099122972588 32.24809012168694
976 118.86683107358472 31.756000967581656
977 118.80900279989797 31.992422244853614
978 118.92861613767673 31.66728021571474
979 119.09449161701326 32.01551957195845
980 118.69835705890466 32.05189314780886
981 119.1289328182885 31.757450534229058
982 118.9585349788384 31.67341478610134
983 118.79190338903017 31.73938564769742
984 119.0682419101307 32.002181932754084
985 118.7926560685664 31.658166612432638
986 118.96406299615884 31.750369185303065
987 119.11385311963944 31.74905002230416
988 118.71758342335183 31.94002794745467
989 118.83066470029163 32.022497414816485
990 118.78107034168234 31.889632113216084
991 118.58116365505818 32.112899814267976
992 118.56792551244261 32.33068996815698
993 118.57597938250964 31.79087654923988
994 119.11052982576788 32.393001874519236
995 119.12012546961732 31.86912399752298
996 118.73420508469553 32.083583615589745
997 119.12675689902855 31.88884675810482
998 119.1545363530257 32.13998423473906
999 119.03791045130949 32.29173299387502
1000 118.66213479573301 32.23932944618374
