1 118.94029475417604 31.95229992524738
2 118.89535667330072 31.623137860631978
3 118.6104941580677 32.042807484920345
4 119.07406976189188 31.955065812346167
5 119.19006680135452 31.93895010952233
6 118.94602508867139 31.86843204105219
7 118.89694101384926 31.766149118768304
8 118.60143557329633 32.08769985246686
9 118.69329020217968 31.84421810668648
10 118.75978324607046 31.818956431035982
11 118.63370546820308 32.093654346174226
12 119.19709997270603 32.02862953813442
13 119.14804035041108 31.706604735725495
14 118.76067254849198 32.01430637190471
15 118.60481889409323 31.74252894112104
16 118.77349405244344 32.232661015566634
17 118.6148279476924 32.28968767143293
18 118.880384521122 31.99615561918131
19 118.62853756056644 32.27764698673149
20 118.53448336973439 31.657306465218095
21 118.9253701545065 32.00712643685977
22 118.76569341288449 31.647184180296087
23 118.98007963120521 31.942773652029203
24 118.86417008276106 31.672825135281865
25 118.94354660498354 31.710983826785885
26 118.71619917160046 32.07396660521304
27 118.90438372013553 31.78991966494493
28 118.84165014205632 31.68103751268911
29 118.9158838383629 31.776242193258117
30 118.50874155404982 31.87815795051876
31 119.1718134780413 31.963753211115755
32 118.6670543421018 31.75855823925292
33 118.55462501458113 32.11861607602801
34 118.70634904967918 31.986794100740763
35 118.98032687754483 32.00616286600342
36 119.15802003718319 31.906659867748303
37 119.092210360967 32.23519682111318
38 118.72443404368853 32.066360440141466
39 119.08474971183097 31.731163448715257
40 118.53720363756736 32.15733089447624
41 118.55786137190964 32.370465779075474
42 118.62910662944512 32.00484326447385
43 119.0502717214839 32.30874321312711
44 119.00733515358709 31.875124389430642
45 118.59356107659414 32.05699696107117
46 118.99513801204675 31.944032276209686
47 119.03511480361247 31.952520906490214
48 118.62718525607143 32.226278469192565
49 118.96669832419316 32.02475264686714
50 118.78386595520497 32.36684955991263
51 118.55631658202122 32.040574961887195
52 118.8619816357824 31.671681385153605
53 118.84176600640328 31.89506618828478
54 119.11402490630516 32.279103743901416
55 118.89374992219695 31.92937665363518
56 119.09314431365792 31.62632105853752
57 118.82712738375488 31.798656875539578
58 119.00393675132516 31.644275562045873
59 119.17845123659194 32.39488883128024
60 118.51285415071291 32.382340141814446
61 118.808601637524 32.24424932935019
62 118.79592698205761 32.085745264163485
63 119.03602613797867 32.207830440791646
64 118.50962313385128 31.739945936308445
65 118.89731502206135 31.832119908357296
66 118.68926143422841 32.0196388481292
67 118.83106455561175 31.88533156356535
68 119.00126537370905 31.636176171897393
69 118.9410788376573 32.38623449019951
70 118.6679249803571 31.95363258417017
71 118.6448678741623 32.00675355447755
72 119.09232534244505 31.862109580581222
73 118.85638407595638 31.807565998195784
74 119.18087800428644 31.90687958240829
75 118.95891502509848 32.26482489079057
76 118.65919492189732 32.19414342156276
77 118.61825347911123 31.893543030900283
78 118.72479692451627 31.607986674216995
79 119.03382152967835 32.23450976905709
80 118.82561630856188 31.814906388664458
81 118.90136505674606 32.06897809811695
82 118.92210756804369 31.615292079712628
83 118.62033802193345 32.13000505261449
84 118.73984334160598 31.907232024624864
85 118.70418880506035 31.996289855936624
86 119.14509963440943 31.928856519635392
87 118.51172381611435 31.880179053803882
88 119.17215381890001 32.03932817187377
89 118.60251345256047 32.38360977873668
90 118.87819039776068 31.688806757335147
91 118.69452438101959 31.855112677810205
92 118.71578685356614 31.631754042315517
93 119.03513038839507 32.193473390722666
94 118.98544731805568 32.132773261986266
95 119.03648796884353 31.775187303927094
96 118.62785102584189 31.931317287882553
97 118.64456717459545 32.11694235216841
98 119.02728400284438 32.126510797925164
99 118.5895236594946 31.729961004593992
100 119.12790597822989 32.297203461997526
101 119.14249485072357 32.226752047894585
102 118.84916414456744 31.709220589857775
103 118.99382348344606 32.29241836969192
104 118.73006959027686 32.206410783811585
105 118.94707388501449 32.23813254877128
106 118.52215293388646 32.03425310128278
107 118.65585615833365 31.778983849033924
108 118.81327450830759 32.33408661333147
109 118.83897214846465 32.0687366155151
110 119.1847680508058 31.872931684593063
111 119.20694649878595 31.809949074881864
112 118.58160613223586 32.33054414372217
113 118.69603870218414 31.94044314544137
114 118.55532339915091 32.02930186217899
115 118.7395181037477 32.088604594709416
116 119.1662090151253 32.262685645515134
117 118.90542230797848 32.096158868332424
118 118.52576719563812 31.738562482590613
119 118.86441127565267 32.07123389955625
120 119.1561959165969 31.995478321765674
121 119.18306209508556 32.04226839819138
122 119.14488381232186 32.15870712242625
123 119.03522032222313 31.798498600767946
124 118.67338723462203 31.755439863714365
125 119.12991615846529 31.690396763635796
126 118.71345231139875 31.822462488603104
127 119.1110214244061 31.60638787419621
128 118.52978598147564 32.10171699074325
129 118.53550634031122 31.835384149145234
130 119.06564703827229 31.75336135597166
131 118.57223837416453 31.67205992262921
132 118.80539691870221 31.82767486696516
133 118.74087073222582 31.766023422037094
134 118.69415100618374 31.835842853929478
135 118.75948722210296 31.974203512506005
136 118.84084627764058 32.04353595347717
137 119.09569417355696 32.274371675880325
138 118.92780029134758 32.39442016601455
139 119.13844699671016 31.637286098397606
140 119.08323950776754 31.79107800745628
141 118.59902919803999 32.11214462812604
142 118.7976549299077 31.735402846997044
143 118.87290913101235 32.297377324081
144 118.67632107914285 31.775046915634828
145 118.89585182216295 32.187892260265585
146 119.18207536928215 32.12000330008374
147 118.65534132147704 32.23750388141409
148 119.04721090560442 31.62493988715472
149 119.19552191766128 31.789925389832334
150 118.67709611157626 32.16674941136191
151 119.1000808397684 31.672780921117226
152 118.61691510630449 31.620969964197304
153 119.15077411863277 31.884157791023917
154 118.70784920285088 32.07345584722009
155 118.69554959394495 31.64073695851178
156 119.13501042591753 31.653639603197252
157 118.70590197695405 31.626097058301763
158 118.6571188921898 31.91828045411823
159 118.71702616208155 32.13554537980326
160 118.97088830388776 31.764251252832487
161 118.51265902925597 32.29741280030598
162 118.61052460322188 31.95016580583751
163 118.57590506186244 32.10397676057124
164 118.86761086537136 31.83841737251801
165 118.5363769591244 32.091614864926
166 119.14141384402944 32.36863922266959
167 118.8301089307757 31.960608249699067
168 118.9331465472717 31.770247002251594
169 118.6410280824493 31.941600725969828
170 118.9851681075105 31.95938096332104
171 118.51239057406035 32.01089405344057
172 118.55573195473698 32.02500744846479
173 119.13604817336633 31.634920291497938
174 118.648626100924 31.726292650190082
175 118.84634108166891 31.957201701996784
176 118.87034136992595 32.166505337709566
177 118.62834367321682 32.22189734119393
178 118.91035075766283 32.22286555327134
179 118.68238993656328 32.00178746886803
180 118.96353466079411 32.36500728544276
181 118.68216368704988 31.86777729800777
182 118.80023758837258 31.98716670456984
183 118.84926053086396 32.20201636244001
184 118.50898890836616 32.28177938146427
185 118.57071067474861 31.927074300784334
186 118.56221653691925 32.27988610074165
187 118.81459427476996 31.956329594325464
188 118.87806461062769 32.17443290676614
189 119.17871821233422 31.614199769673625
190 118.74107062442349 31.615510889866396
191 118.62760047991436 32.35103732340272
192 119.17990544529701 31.69056767027754
193 118.87299325117212 32.127355693105464
194 119.17328663625989 31.820486296875945
195 118.74917888775059 31.765465268897596
196 118.554627307431 31.90716775116359
197 118.81638472493597 32.3434693293505
198 119.19056282252643 32.058226367605464
199 118.54836901186283 32.32807737950703
200 118.83209345272716 32.166453284059266
201 119.09627319904656 31.996304354605545
202 118.64231863570555 32.00258004800814
203 119.04930280827443 31.77620984691848
204 118.54864387610967 31.603179055837433
205 118.72025175773499 31.934779154631663
206 118.62214093204004 32.047058119667355
207 119.18407581804324 32.30213884272885
208 118.92355004754934 32.13461362446769
209 118.69530165827604 32.274132818177186
210 119.14470909791409 32.33700129520647
211 118.89469126130192 32.34787186006106
212 118.75088190317585 32.255987784240766
213 118.98955828048976 31.70569746584452
214 118.97303162712184 31.879162099507578
215 119.17927437068936 31.765257249185478
216 118.54238644818675 32.28809416124195
217 119.11518181426396 32.2281977942157
218 118.95931868574958 31.881353275618583
219 118.60706928735539 32.05728019554394
220 118.77062608123225 32.2416694721737
221 118.53669678192011 32.27576044025521
222 119.10411776923112 31.76844844693867
223 118.5702853308922 32.19176252729269
224 118.65412670026186 32.236586659266855
225 118.99646112830091 31.640518767528317
226 119.03811768240408 31.68499705597171
227 118.66286858969761 31.948293707336507
228 118.60890504504381 31.76857827322766
229 118.51555922924749 32.300881841206
230 118.55487645022744 32.17836532984293
231 119.11999947908066 32.169150223459454
232 118.62870618206234 32.216986434235935
233 118.78150779275742 31.863171640072057
234 119.04176854999176 31.793695810773684
235 119.18517230537032 32.10166259604958
236 119.11414049725806 31.925992421673833
237 119.14534644377494 32.34619768919717
238 119.08182662764037 32.11233384962548
239 118.74529902885575 31.90987432293873
240 118.95380254734151 32.28563177846983
241 118.9976447689401 31.906258033199283
242 118.79281701531428 31.734969805388594
243 118.92063195256694 32.228066927238785
244 119.17691063037697 31.985387486588355
245 118.72866980108451 31.81273882032426
246 119.14453949994282 32.15240845801177
247 119.18776497118009 32.389636305275694
248 118.90988628461677 31.799233368902616
249 119.14136723284776 32.22772046162161
250 119.02126852992781 32.20851858633875
251 118.99986641510858 31.69712981569956
252 118.57463990980273 32.27075068424538
253 119.02421244043221 31.964818502874294
254 118.62198104375629 31.696969998570914
255 119.0238178208994 32.029332137514196
256 118.54300546566014 31.847223191222994
257 119.11895140183678 31.73297827866596
258 118.62884058825487 31.667307292547758
259 119.09491251843562 31.75453759497979
260 119.12214746796081 31.944442096383252
261 118.57050241883368 32.10937037545394
262 118.58017545378954 31.66293378961938
263 119.1826963295334 32.173301924277354
264 119.18787099437542 31.68049439371904
265 118.5623537979047 31.737071483094088
266 118.9445845768918 32.17316342864221
267 118.75859174013836 32.30176146524187
268 118.53839682316476 32.38686793053102
269 119.09160497489755 32.12794450292313
270 118.96716997572874 31.982242881119785
271 118.54768884863036 31.673533395331383
272 118.81169885314984 32.049727837907184
273 118.79059562775228 31.749093584629453
274 119.19078620766967 32.01991853859282
275 119.1957162871372 32.09093311018563
276 118.65936407973977 32.265246469643955
277 119.03091429059339 31.858883411726723
278 118.96309815645024 32.393935676494465
279 118.80945946821144 32.39091342328071
280 118.90646699801036 32.26251486005262
281 118.78145949448998 32.155591661996986
282 118.52566188067934 32.18867732339762
283 119.02645759582032 32.303336932059665
284 119.05936084980834 32.359964128428444
285 119.15484402445503 32.28448346040166
286 118.86902630900745 32.11260013905933
287 118.54660741153234 31.65665674012799
288 119.153587990247 32.1016513712982
289 118.68318027853914 31.885356518472427
290 118.59428641199158 31.72727819143799
291 118.61004976750316 32.31687959026568
292 118.91637029842813 32.26203807509973
293 118.7714695001533 32.01389172714288
294 118.98838736419879 31.96417037901101
295 118.55628581851636 31.99478939118563
296 118.50908012989099 31.804717043601144
297 119.17373908039319 31.919296899691126
298 118.56252692880844 31.943123752342547
299 118.73746955103894 31.60994803940705
300 118.51787264975896 32.31596003326912
301 119.11667532018215 31.62647250073629
302 119.09236871304964 31.899926240422
303 118.9098850724363 31.678164608005623
304 118.61212945929677 31.758911257024916
305 119.05630507908526 32.35502552192224
306 118.54387722958037 31.894280490117897
307 118.8116888617464 32.185013728554374
308 118.71965252773195 31.70050608547702
309 119.2011434713761 31.800357636883756
310 119.18108626431406 32.30140846831724
311 119.08378435581528 32.32453072882788
312 118.81302625776209 31.83145110397153
313 118.85767231997316 32.38091196049571
314 118.88651949763583 32.13752180448927
315 118.88778344655235 31.99874157787286
316 118.62664114383097 31.896294461750504
317 118.6486160840617 31.874957762155784
318 118.99411024787003 32.36835966646197
319 119.08982835533982 32.149836950254844
320 119.1699895761698 32.021629535273746
321 119.02855551508883 31.631245259044405
322 118.88810982571634 31.800466809192127
323 118.55843680525143 32.351527876509834
324 118.56129029120235 32.04129686668517
325 118.60935322118074 31.885924788096542
326 118.9903396889442 31.609299932394446
327 118.69464496892745 31.804081365956144
328 118.79965999057075 31.80517943748457
329 118.60852472791363 31.741279997408586
330 118.65576311685543 31.87882056211646
331 118.76387377946557 31.75659752824299
332 118.92917373953111 31.6538457767998
333 119.19536489083761 31.676630385274787
334 118.59109599815523 32.00348692269691
335 118.70523597653735 31.656265488444536
336 119.19907673541563 32.34761120761943
337 119.11254777983466 31.75917346057594
338 119.17040689100023 31.979819153494073
339 118.862235908013 31.93375785574446
340 118.66642649344926 31.837537482913653
341 118.65306049535945 31.85776217446737
342 119.06275683917623 31.771557088717667
343 119.15491625090591 31.823525457022004
344 118.92594328860146 31.68970538632342
345 118.97732783448315 32.150325903813375
346 119.12401623439662 32.11273280334733
347 118.6812384342323 31.853797806987053
348 118.90928114916005 32.30927560408459
349 118.89858167244512 31.905842867882253
350 119.14408806393274 32.08991218700413
351 118.73072904542377 32.0100799064244
352 118.5939384878348 31.854194572191528
353 118.56573147104172 32.346406316954045
354 118.69742925111633 32.276324229230916
355 118.54559076078914 32.268974099255196
356 118.72048219862194 32.35980815541706
357 118.90316953989044 31.60839206830818
358 118.80644547460673 31.991434634911496
359 118.9501195486175 32.356278113157195
360 118.86875926496428 31.710161273183502
361 119.03311003297661 31.795938704816667
362 118.81496958629016 32.00036325494497
363 119.04233669572828 32.137456597527105
364 118.83159996354672 31.8662122485277
365 119.01002275485033 31.83921836864152
366 119.0422052654138 32.22233178045889
367 119.09338174107927 31.618669750549003
368 118.6169828738637 32.22811602165617
369 119.00746999821268 31.943065133634363
370 118.50923718083644 32.09858550491203
371 118.7814943681719 32.166084950152715
372 118.90031869966055 31.687107672420503
373 118.5209875546794 32.32359189605358
374 118.52705997598123 32.25282911094239
375 118.66065188328852 31.899495804578155
376 118.75489234299108 31.75191550887505
377 118.99083292811045 31.65097729419403
378 118.63407617367571 31.851672457582417
379 118.77369986137938 32.17176098218673
380 119.13462901012107 32.249873746640894
381 118.73111810857117 31.85885581484729
382 119.03721840829311 31.77668728359537
383 118.91975413712672 31.868028056408058
384 118.53713531024079 32.370820405560664
385 119.18045178087921 31.67929704614215
386 118.57444735147317 31.739142557711506
387 118.74147335313832 32.15757358837845
388 119.16657955403197 31.717004930868434
389 118.66996481871534 31.816401443400505
390 119.16337137434381 32.24707783189914
391 118.96380333665948 31.840977706548216
392 118.6314497167 32.07756312163127
393 118.59562372735044 32.051391835876856
394 119.18478228381821 31.814139807110237
395 118.81906906715724 31.797666784649678
396 119.01656388607252 31.83245292617208
397 118.59257521279801 32.30315517700003
398 118.8543969703008 31.616997264436353
399 118.57529187172301 31.679825201782954
400 118.84668096054054 31.872658596433276
401 118.50409197674473 31.77815851015327
402 118.53008600973271 32.04876476912395
403 119.13576397277271 32.02793010852719
404 119.11539921340595 31.99568920809675
405 119.04095316630702 31.83874490294497
406 118.86412478905291 32.00679221792585
407 118.61970786737828 32.22947263716041
408 119.00374586602881 32.250328048624645
409 118.64680851341808 32.02715705399651
410 118.53759855386282 32.24965598847139
411 118.72124237674973 31.638704576125377
412 118.91015297955501 31.726207560535396
413 118.91363955867348 32.19301480474848
414 119.0822633886621 31.90695039453412
415 118.77279583203313 31.85466297548274
416 118.60100609087377 32.06149282147142
417 118.52289684962889 31.898073836602695
418 118.62854573267086 32.32934118589197
419 119.15461434752302 31.91227987957798
420 118.5281169555077 32.26779978393955
421 118.94890610618857 32.08988875716975
422 118.80796555125038 32.32249083314326
423 118.63559827832009 31.988273856895756
424 118.98471544385812 32.36869629192567
425 118.9137024460296 32.05859018310743
426 118.54905436903202 31.628342986034713
427 118.9651011098373 32.187364023154295
428 118.55110259308718 32.29043761661237
429 118.66132272664952 31.678337721235916
430 118.89443240262702 32.36229725574669
431 119.0076111637498 32.05115558750925
432 118.89992401214599 32.185129733863725
433 119.12674934910372 31.781127445011624
434 118.99323375835601 32.3470898217993
435 119.17587374340745 32.117919692978354
436 118.68893938432402 32.03426070108683
437 119.18575003398186 32.36697973008623
438 118.647776402151 32.046149677378864
439 118.62980076762209 32.01836079091702
440 118.62654920139565 31.639446685270745
441 118.58061779589026 32.037281311436665
442 118.93707167200718 32.193631504010014
443 118.508498374042 31.89104337938538
444 119.06928006193067 32.1392698021006
445 118.9196945632455 32.05269797086236
446 118.70741182707228 31.76753473913617
447 119.13023263931048 32.03532093159737
448 119.0894740222971 31.98143198729465
449 118.94312648354389 31.8773369910948
450 118.56042186358644 32.13065436716604
451 119.17758683770703 31.652543242794607
452 118.92489629715108 31.89941732665947
453 119.12049109887087 31.940619929507868
454 118.61191530006211 32.38537503611821
455 118.52531010028656 32.164340366959635
456 118.71152531667836 32.09618044110825
457 119.04561934571014 31.722100551625708
458 119.07583459569688 31.948998331163036
459 119.11568556587515 31.896214012424966
460 118.73799684787139 32.349514079274286
461 119.0717611029749 31.96042823892128
462 118.60889613861924 32.28277948162676
463 118.88227582197561 32.121728800060446
464 118.54079627321934 32.30258243774784
465 119.00161952021479 31.601730884817982
466 118.74788740310802 32.341149015134754
467 118.57809994370422 32.35779556417701
468 118.95937562525556 31.723630071931517
469 118.79353318255524 31.64886421036847
470 118.72126009473904 31.857982789850272
471 118.75342414749704 32.07375450234053
472 119.03539193144012 32.025127087997674
473 118.78819883425949 31.94579803491132
474 119.11359814770942 32.33713224543886
475 118.60288773114755 32.05894276048094
476 118.76968907454572 32.348977987183716
477 119.10376863211062 32.057439806997984
478 118.9082936315909 31.747953379700142
479 119.00538546372276 32.3886892681931
480 119.08012226588299 32.39593517823187
481 118.87039587352724 31.959492904701005
482 118.58427845902793 32.20622328091754
483 118.72512564171741 32.1113707231647
484 118.67683434480223 31.749225366597877
485 118.60295106402847 32.06008776440492
486 118.92093955020196 32.119348535242594
487 118.64717899017806 32.07237725434134
488 119.10369910674365 32.02877362087256
489 118.82318552050498 32.071740974274825
490 119.0637480567037 32.16038501966128
491 119.09231928261707 32.21568272191144
492 118.96405397785703 31.67105007156522
493 119.07129782632593 32.32805250723945
494 119.06022361470455 31.962487502260778
495 118.90289232348115 32.157754886163715
496 118.73286296284913 31.90791941274398
497 118.7881860117654 31.638397308646194
498 118.7200879421812 32.13253869584929
499 118.83938099630787 31.898969188971463
500 118.77790535721256 32.04333689447142
501 118.73541401493826 31.813039251072738
502 118.57679986493058 31.764933228177487
503 118.78480401199177 31.831679393128702
504 118.59536732241995 32.27829191252779
505 118.75494426982821 32.340673460607505
506 118.5810597454201 32.379401079379804
507 118.77182208061714 31.93069466564212
508 118.87389353675016 32.2198262492884
509 118.54337778301756 31.72854073672734
510 118.67821675895428 32.18623130737195
511 118.79802060559201 31.939834123415814
512 118.6891104702975 32.27756118726366
513 118.89131856651827 31.75323111625307
514 119.0642271571701 32.2552076352609
515 119.04819140565286 31.659615892502792
516 118.65545132028765 32.28405383190133
517 118.6385227173943 31.93776386121896
518 118.89143612126684 31.709319644571288
519 118.75830420644711 31.83840479736661
520 118.52752852205943 32.16775746853234
521 118.66102069571284 31.961669437641703
522 119.17011880547103 31.78655005440327
523 119.17283990325906 31.790363646249887
524 118.7514434857176 32.15002763563844
525 118.53223878915809 32.11339414961067
526 119.06420715370216 31.652862105141686
527 118.69268917203344 32.25032958082722
528 118.53136869408394 31.712921887733035
529 118.66573211047668 31.79643385754714
530 118.6047222110131 31.609584224156794
531 119.1362600960082 32.009922147964495
532 118.62921773027037 32.284582826214056
533 119.02826264698321 32.33929601034776
534 118.59431665197604 31.969328448053183
535 118.55206495014734 31.682311808130525
536 118.75935109481652 31.985788996643507
537 118.93174356868501 31.835756122702595
538 118.87412594128666 31.84840657176719
539 119.08252327243834 31.79510654198898
540 118.79488671562731 32.3566004931175
541 118.93241076262584 31.916026205813377
542 118.54028038083403 31.60641453841234
543 119.02134262449727 31.9981846187657
544 118.98499383829665 32.15425518029917
545 119.06486596394421 32.253869924029075
546 118.57196386449259 32.19769966327292
547 118.82814238138457 32.15939215549985
548 118.95903443735511 31.760180162399767
549 118.5008837889903 31.88400631873625
550 119.09963257468392 31.967817235666292
551 119.07118358599459 31.718506002658103
552 118.86122419568878 31.943223558163414
553 118.74431842216758 31.677951504164383
554 119.00095537224121 31.670033685455547
555 119.12112749898431 32.26604305039165
556 118.84222974373169 31.737984365197818
557 119.11229791393542 31.973166306276326
558 118.60278440677207 32.09558179478368
559 118.72727005512212 32.352518931529346
560 119.00399796184219 31.85002397038495
561 118.75371130324783 31.753502717229352
562 118.86033453350427 32.30698731545097
563 118.95865695821915 31.84822472005861
564 118.917720350517 31.81896226994087
565 118.80020642848525 31.71659109641413
566 118.59988347298537 31.958724720702676
567 118.78311764479723 31.786551893157235
568 118.65980138277784 31.887372218594354
569 119.06358179565262 31.867343640744476
570 119.0571664009364 32.101023222848504
571 118.64724938739043 31.952967760075275
572 118.90667432467527 32.133564957871144
573 118.96203749179827 31.837685292720643
574 118.80630845582131 31.85973929524821
575 118.56116632765247 32.40074591163653
576 119.00641579748508 31.790163689313065
577 118.55646832308668 32.21097016983208
578 118.97080886383205 32.154369943902566
579 118.55869651513612 32.1153879126802
580 118.91767416805808 31.69324428859382
581 118.69399308727648 31.606555324197423
582 118.77698590827637 32.19703547369913
583 119.18960534537473 31.67080520231291
584 119.16141332708033 31.793981873038458
585 118.9044705693786 32.38909548148577
586 118.98017802883643 32.373927544195595
587 119.06166235972552 32.33165027562418
588 118.99948680662783 32.06496536792188
589 118.58980887913035 31.976382503267473
590 118.81749566016634 31.97146117839438
591 119.07892963297449 31.87078210497796
592 119.02094674391341 32.369119502026905
593 118.65809137802384 32.25367054405139
594 119.09696230599886 32.39369806917111
595 118.92909963884114 31.832277796028272
596 118.70515226753615 32.06619212537651
597 118.5388261313839 32.14047319576804
598 119.01587093949446 31.909453704131856
599 118.80380620873774 32.067293877175786
600 119.18227711556999 31.751993833788788
601 118.68122760671902 31.856802911825326
602 118.54819194922312 31.711581435473637
603 118.6692814732734 32.113891031536724
604 118.78979487504553 31.86245082814406
605 118.52180781681984 31.93546184794593
606 118.7630012216455 31.898997559928524
607 118.67277819560415 31.64414448022942
608 119.19656320077141 32.313530250752834
609 118.62158866364052 32.181642290092555
610 119.10047733465102 31.8545712517322
611 118.61375578246626 32.31893352384512
612 118.90964211435049 32.14403916442695
613 118.95849004340077 32.392197879346334
614 118.87919055863458 31.97277508277164
615 119.16156948753822 31.686854009821246
616 118.80409573623419 31.697508599951533
617 118.95415114818337 32.19717654446576
618 119.10598699673318 32.0611517248266
619 118.66397232722434 31.779739263810953
620 118.87560847486918 32.035839733832105
621 119.18779424570909 32.02357421289033
622 119.02923688569145 32.2907757019646
623 118.99675395673196 31.643132524292906
624 118.77252406957328 31.692945650838084
625 119.09620253164623 31.948961299922154
626 119.08398397433885 31.71241066121414
627 118.81047838749708 32.39031952049505
628 118.89252701945567 31.76003435191435
629 118.97773000598559 32.0919335203809
630 119.04897726531492 31.959193036491307
631 118.81602623832455 32.22669290926417
632 118.73753870924178 31.63837355251744
633 118.59347512952665 31.8553998933501
634 119.00541800892096 31.979955233446493
635 119.0291416596216 31.690345895284718
636 118.6371163383792 32.106050335684856
637 119.10929072533469 32.028748688233456
638 118.60954048301768 32.26370228029862
639 119.07624774255927 31.951213272436135
640 118.58922759950376 31.841057472777372
641 118.9509589779455 31.84476109990058
642 118.86719744472045 31.794587603895263
643 118.60186364221319 32.34732901868568
644 119.00618400099246 32.239001475931936
645 119.03658396317235 31.87729640549037
646 119.12413041084142 31.956450174658666
647 118.83993090734309 31.68208296790273
648 118.86204291014776 32.073478382069204
649 118.95536329042649 32.18876729358649
650 119.1298022738395 31.78328343289043
651 118.76867196983287 31.9590329349265
652 118.98016851984967 32.14015713937229
653 118.91217001433613 31.964949166653156
654 118.62758684282271 32.040456199980376
655 118.97968580495889 31.754676623781453
656 119.09384764434596 32.23576004431037
657 118.82622035683785 31.684566181136866
658 119.16999111119186 31.9713371267178
659 118.88760707663896 31.83018656481101
660 119.11901198387521 31.68266723892258
661 119.03524611926508 32.289284140879275
662 118.79097676545074 31.76034837375897
663 118.71912929244606 31.97138483286496
664 118.77402260690695 32.08847077690876
665 118.74389409887225 31.822090096040498
666 118.53244511579446 31.98698486918964
667 118.51845644943396 32.029166781378585
668 118.78049157729713 31.953047136914062
669 118.62805549591134 31.888205710683977
670 119.09118980715984 31.7963244601527
671 119.17689947584557 32.332803652871604
672 118.6980799871999 32.00854734145265
673 118.9986481797678 32.15583961576123
674 118.75884712224017 32.02347473203105
675 119.10906152431004 31.837898269152852
676 118.8069489480726 31.981413976000415
677 119.16495518602063 32.260174345066496
678 118.95754160979516 32.2998243256027
679 118.58441361684598 32.360247597747154
680 118.59099311088424 31.773869221101045
681 118.78817031415468 31.88396817081617
682 118.89829470032596 31.68941417392835
683 118.86834380549323 32.394466384759774
684 119.11129427132468 32.103714744605604
685 118.50408434506446 32.16596557596244
686 118.57749631562636 31.948955445462037
687 118.72196355254404 31.790815634916004
688 119.10110613563508 31.912633645804387
689 118.50928513892238 31.832270645838502
690 118.87716482198478 32.02321506468896
691 118.49840735243487 32.252848677916724
692 118.88091503058787 32.26200720957753
693 118.83452197984903 31.83080631295619
694 118.59743673286005 31.74660812385383
695 118.91021516912764 32.18213461141596
696 118.93626008079042 31.93677065658242
697 118.8138669193891 31.744656906225867
698 119.04753029338777 32.08547625999473
699 118.54269452590938 31.683624492637236
700 118.72283893910448 31.681803934836736
701 118.83575654534701 31.612610794765658
702 118.72880537171072 31.760181280825268
703 118.58288258531412 31.98321709569611
704 118.5869155053394 31.734404960283925
705 119.04598163568555 31.65501730183895
706 118.68334309653909 31.9960438698281
707 118.96347567605042 32.32848358148047
708 119.09119166240775 31.608966571061497
709 118.7051036656835 31.77774124712548
710 118.62527630417453 32.324774979702056
711 118.903614585776 32.109315308815034
712 119.0594804089641 32.267275444996216
713 118.74985158770421 32.32643300982795
714 119.08659874718337 31.779582232286838
715 119.19220858174987 32.190589892300515
716 118.95466289952172 31.801696529528563
717 119.1260504247552 32.35300618599887
718 118.56805710340517 32.36711607884067
719 118.77006280486837 31.72895529263895
720 119.10382575739891 32.256685991423105
721 119.0087031215429 31.640335721274116
722 118.57352928396142 32.078901414761965
723 118.66549475746002 31.980781104935488
724 118.73089839779702 32.08261682539711
725 118.93923667178701 32.20548352897233
726 119.02362561521053 32.294291272404394
727 118.84391298989476 32.00276131857612
728 118.52022170481516 31.66003152494332
729 119.11290842318502 32.32679947879926
730 119.15369796930499 31.65085474352094
731 118.75299452771196 32.23638057906057
732 119.06476149272375 31.700194196621865
733 118.86273758963229 32.321163416499175
734 118.82937419993459 32.110206195899224
735 119.1563871771626 31.842704861818383
736 118.504269260472 32.29178696587582
737 118.79117773289907 31.740360252554254
738 118.66011483365774 31.77137065747931
739 118.82995901270522 31.859091691159144
740 118.82307591004144 31.929000286785335
741 118.63477472560099 31.77713293049095
742 118.90233362756025 32.33053409452727
743 118.77997196288266 31.95221457510995
744 119.15472146088861 32.357854103292055
745 119.15118893431247 31.80668302308114
746 118.76557289930902 31.971586392185188
747 119.03101879490087 32.24323495247483
748 118.93148907251684 32.39660334249365
749 118.76587214080726 31.965013250279956
750 118.68120729197712 31.971894846031464
751 119.14470108571608 32.35620918103645
752 118.63613610683569 31.94324692053339
753 119.05097742877672 31.948679981938778
754 119.02791177780406 32.364354577820066
755 118.64548108053951 31.994557222816628
756 118.75965967517966 31.70345031857226
757 118.81029389031363 32.35454351888893
758 118.84886360651042 31.998382625413686
759 118.9186032748683 31.88509561051728
760 118.74259393385596 32.32037161522013
761 118.92437130054941 31.609874697393206
762 118.80376939298444 32.36087965555495
763 119.16781371094528 31.6623813167899
764 118.98515382835365 31.659585654028437
765 118.86974782728032 32.347093627435896
766 118.89578444792254 31.980320736538054
767 118.57696880874344 31.742630232152255
768 118.69029005681269 32.385648338799555
769 118.99827720818662 31.865890227538856
770 119.19428165029086 32.34433428558802
771 118.72231876987296 31.971610382729207
772 119.20425296836346 31.894529790884295
773 118.74791813133612 32.05747629009589
774 118.81164881569052 32.327983788157844
775 119.18342786570851 32.38281931767225
776 119.07826469976455 32.1522015760278
777 118.86982441791733 31.89681637354498
778 119.18516168676297 32.29224104126463
779 119.19122825246114 32.33992499232586
780 118.60954324367262 32.03228922539493
781 119.04791645654873 32.172759001007066
782 118.68894620244699 32.30367044804242
783 118.70785584580625 32.15039166649212
784 118.80772885401846 32.11394993735659
785 118.83209472896341 31.914722786741308
786 118.60060387230338 32.08899517176891
787 119.0372696135426 31.79248777687862
788 118.51174348174787 31.700436107249033
789 119.17233213598661 31.803669108619054
790 118.67665193747334 31.957489456462593
791 118.99408209111252 31.873620150836597
792 118.8761342989034 32.16264458427611
793 119.08422094022653 31.89851404416331
794 118.6395825265981 32.006494504182214
795 118.51953825900432 31.82775304474107
796 118.62101339523443 31.669253704718145
797 118.97888012687935 32.175627696738566
798 119.067213515682 31.770137136096025
799 118.61003307724529 31.97250640445387
800 118.90521779697768 32.071498328931355
801 118.53876555498617 32.137955685977936
802 119.0796073105909 31.936464694496937
803 118.56312022172703 31.81947740609851
804 118.62718136074145 32.3161455610935
805 118.95156888671156 32.121385072171456
806 118.82354548853395 31.802147990328287
807 118.69129010342277 32.220304701037016
808 119.16123398056423 32.027853333124206
809 118.88776024683749 31.934178013714682
810 118.61056817552641 31.683402435869002
811 118.78791292741289 31.780576714041878
812 118.99732065301713 31.681488350455584
813 118.81817993811431 32.1531183933377
814 118.57199387708619 32.19177115943316
815 118.62063520807455 31.953699175169476
816 118.67077339607263 31.639932393387184
817 118.87983128609756 31.739696014565695
818 118.95319953396348 32.36085559193702
819 118.83454049054393 32.31605370618782
820 118.64710500617649 31.924257414255695
821 118.73875328499444 31.70403469963942
822 119.10646012678308 31.959686418824635
823 118.67241184331779 31.948053009117487
824 118.96298940956382 31.61504510629293
825 118.76415824321242 32.17268913999226
826 119.17538976901676 32.125696115314774
827 118.50057141407189 32.06549344475363
828 118.71953698787419 32.24562818734918
829 119.02944351032005 32.25357246185607
830 118.5208889962973 31.76767461011485
831 118.77252037049402 31.65024357567643
832 119.16693466245466 31.90186401688546
833 118.96504280975763 32.30359399106584
834 118.58356498177612 32.22159787104062
835 118.5648751657464 31.798510215006484
836 119.16377766998 32.197310713918995
837 119.14993492675751 32.05573114798216
838 118.62257858406448 31.817354277376307
839 119.10473834426486 32.177793375848005
840 119.030948767341 31.82929962244529
841 118.77766704447347 31.87619361504261
842 118.66093816271764 31.76157487439098
843 118.59531889304311 32.050090300812876
844 118.63771500798246 31.96561673517963
845 118.8589045142343 32.103737157449736
846 118.5212133039153 31.61156859139624
847 118.94244988591127 31.920354785628533
848 118.92173412887034 31.633423721259287
849 118.94593644488722 31.849833685138787
850 119.0771697758899 31.66940130359747
851 118.54064300322793 32.02860493026482
852 119.18181910421346 32.3390015117189
853 118.84603030457455 32.27996551078167
854 118.83470344736965 31.9944009520546
855 118.61035373861245 31.876613607755647
856 118.96189181555135 31.610601001295038
857 119.10678779312595 32.11943640092132
858 118.55082177860675 31.855515221261914
859 118.72016184973427 31.91541214344523
860 119.04067639037315 32.10027710587105
861 118.52117896533714 31.743875345265014
862 118.90732465115231 32.04686088861645
863 118.65677303661097 31.964297827385067
864 118.87127575469272 31.90443016216594
865 118.59861473395159 32.265425934079545
866 118.74579744993498 32.184955592494184
867 118.7512151944159 31.72220834067379
868 118.77748966394033 32.32993713848829
869 119.18137506663261 31.599970627214717
870 118.59696811280854 31.79522885684101
871 118.68562790382653 31.71056122075194
872 118.98300969406259 31.870103919055204
873 118.74937982870406 31.713963110600726
874 119.14240106440161 31.82317847000193
875 118.76071931290697 31.91673645419801
876 119.17471808868912 31.97920566646294
877 118.63146274460847 31.81358587922617
878 118.82437445161158 31.655309160990672
879 118.87302450794684 32.02994208824652
880 118.90508416082331 32.10184906523647
881 118.77633556258245 32.128134578852375
882 118.87298183457048 31.621220636482708
883 118.6674199057678 31.689697298387934
884 118.67440765907133 32.126594249288374
885 118.55510103714842 31.68793373007458
886 118.87693589262342 31.661696454130027
887 118.83993315061252 31.96057509277816
888 119.18525064398396 31.899559055169327
889 119.04915281866181 32.13761098458562
890 118.99066487943897 31.630894492020662
891 118.70099228789108 31.78579466292235
892 118.65583951097484 31.828391853809094
893 118.9813873301055 31.8612187106457
894 118.65280796050531 31.61054668843892
895 118.55032993078972 32.0420953618911
896 118.72904060115545 31.612293133342487
897 118.88449519455077 31.836549107671395
898 118.6341595902712 32.334855082379725
899 118.58338698113613 31.724982671022683
900 119.10904228324979 32.10957333487207
901 118.82525657316364 31.963691128299526
902 118.50939218131253 32.33757565603962
903 118.67057429738277 31.943317770230863
904 118.53436118089958 31.764632747519748
905 118.67687376153334 32.39155335843567
906 118.79172331265806 32.17906109165863
907 118.60129896398111 31.710462469723545
908 119.15252748967534 32.02141165503626
909 118.83193836847138 31.84680261036415
910 119.11000002950921 32.300949391380634
911 119.07986976432532 31.72673665604145
912 118.58336196319596 32.116767384702634
913 118.56023910843271 32.3608220334523
914 118.90028466753219 32.333233685865345
915 118.51916812115857 32.324152930786994
916 119.05373052792548 32.12944200894383
917 118.72655389409694 31.84357706205869
918 119.00181676879161 31.662726703354377
919 118.63444356507702 31.736640038817114
920 118.72022253681489 32.310138144069796
921 118.95070778312274 32.16642838639128
922 118.65376709218694 31.681968125284534
923 118.64069731766834 32.374415900217144
924 118.74858547769574 32.00540397717466
925 118.51061583256921 31.738547384381214
926 118.98758279595364 31.977786938789162
927 118.58219326858026 31.9195020855991
928 118.66615822397644 31.768997125709422
929 118.5395797049922 32.109320392912906
930 118.80976286181799 32.023519036038536
931 118.6843281558556 31.8117807323854
932 118.86333653510914 32.23028068392297
933 118.9736016171228 32.03053607717404
934 118.64054395269514 31.869941854331348
935 118.72918299399768 31.727086575291857
936 118.88603638795875 32.00141562856793
937 118.66410377623345 31.721524679259584
938 119.14050293085526 32.33110444574958
939 118.53052581851594 32.00025972462077
940 118.60133690256049 32.32643132438496
941 118.71158699930751 31.85477477091231
942 118.9771222832884 31.96286846220052
943 118.5664270120344 32.01616351888653
944 119.12440063194705 32.32009885993023
945 119.12990065573217 31.704898704012948
946 118.95871066726411 31.91960055330774
947 118.76291755826499 31.663733223012574
948 118.69444838398559 32.33135509372739
949 118.74073169181776 32.255080769207176
950 119.11570526511107 31.915542525748634
951 118.87519786184012 32.13304040260299
952 119.14925346407905 32.03468084016083
953 118.84452820675041 32.090852780460516
954 118.64492477456656 32.272946723368854
955 118.5612606280832 32.385412365178894
956 118.97212063836591 31.664035141701497
957 118.70207990644673 32.0468619426084
958 118.94313747763522 32.32015550326928
959 119.14860536062274 31.91382164091894
960 118.51034739654821 31.79653501238725
961 118.5413462033634 31.701913994308818
962 118.74105998903681 32.102983500827975
963 118.71553198238634 31.774056190258246
964 118.77125087593808 31.906446917164825
965 118.80883785189107 31.919737036154817
966 118.79216979242062 32.09932769712388
967 118.56621451640149 32.36196896696565
968 118.7295764818496 32.39034476129052
969 118.5800472862342 31.836842974919556
970 118.63988960704104 31.815153132211506
971 118.91307212815707 32.17375086804376
972 118.53830683493351 32.15328882193553
973 118.69818115619451 31.81990413804439
974 118.91932311767512 32.36230282335136
975 118.69158587510204 32.24950190156097
976 118.86229471979836 31.762713811339204
977 118.8093445174806 31.99759848847246
978 118.93495072540777 31.671278733352402
979 119.09037380943826 32.01764696722533
980 118.70099573903916 32.05117533704064
981 119.12154878525953 31.749619942998937
982 118.95427206429153 31.664883372910328
983 118.78495191138774 31.743824155420654
984 119.06082199425714 31.99400190662663
985 118.79892242565812 31.648740428081524
986 118.96498488017889 31.744740701837927
987 119.11475360090279 31.754852135987225
988 118.72163728525834 31.94210704485133
989 118.8258363875039 32.02843566560267
990 118.77925500426386 31.885931248624516
991 118.58254968474579 32.115220676056616
992 118.58026671601998 32.342558598595765
993 118.5742725510329 31.78703771632703
994 119.11213689377561 32.390107379920416
995 119.1266079312248 31.869248397683755
996 118.73806106653454 32.08351291263902
997 119.1220951063947 31.882424661598677
998 119.15737383114124 32.141166111105655
999 119.0399178951483 32.28179284181024
1000 118.66125916958458 32.23928405778768
