1 118.94351004720473 31.94300747939307
2 118.8880426018174 31.61485852051873
3 118.61616026686097 32.04616402941724
4 119.05379245655466 31.970894606204254
5 119.17411067840807 31.938824104861087
6 118.95748346404596 31.867122999903565
7 118.8977846928031 31.758336164079104
8 118.60595377608367 32.0724016484153
9 118.70502571096306 31.83139489294376
10 118.74455488931446 31.81020603489313
11 118.62100932786859 32.101194429422634
12 119.19926517113446 32.02479949805548
13 119.14550371453274 31.716912507151218
14 118.76444206976855 31.98552237608799
15 118.60566421192104 31.734507042004445
16 118.77612615267313 32.232861476464784
17 118.63660395257247 32.304806980573765
18 118.87221387111988 31.998002785291423
19 118.65930286791442 32.28320401892695
20 118.5399482254289 31.672346006425627
21 118.93222084615174 31.989483595223952
22 118.74861117629258 31.637486446868337
23 118.98134727781887 31.941825361305824
24 118.85986147258882 31.681731879161706
25 118.96965724580677 31.693986757831514
26 118.72667108478493 32.078661640228106
27 118.89764562794704 31.779973722444286
28 118.83783584203583 31.66859276620224
29 118.92312670028284 31.77826237964929
30 118.51911973891278 31.86875114595628
31 119.18295157045218 31.97521689386049
32 118.67641260684205 31.763911780891203
33 118.56116093912583 32.10059824921289
34 118.71350486994635 32.00978407458133
35 118.99173533498643 32.023891407653004
36 119.14039918816546 31.91539123716991
37 119.0970921194653 32.21484704889602
38 118.70716444182239 32.05387619219599
39 119.09645905243998 31.711262211465943
40 118.55916064119778 32.14775139054177
41 118.55384092472929 32.37635924572231
42 118.6307335606273 32.01580980872068
43 119.04060207358015 32.30558683292146
44 118.99368743087966 31.868631362273206
45 118.58965730442688 32.06265066739639
46 119.00597990433661 31.945851452770796
47 119.0313246491851 31.92672343706814
48 118.6034497928643 32.24463114474528
49 118.9602443641719 32.03316265562294
50 118.7840044610102 32.34905769669866
51 118.54235055761262 32.02687797398358
52 118.87833079865578 31.67599801397819
53 118.84929602828616 31.8975892148614
54 119.10257233955873 32.27341730368813
55 118.9407222331273 31.95011997433033
56 119.10617266598778 31.623661446500826
57 118.85721922710592 31.82074491113299
58 119.00090789057606 31.641300174052073
59 119.16287914285726 32.38004454108034
60 118.52444043468822 32.37159437757961
61 118.79843605110254 32.2450506406486
62 118.80933893222546 32.077549924988375
63 119.03519739039962 32.213249971548024
64 118.52532412151517 31.751505378787467
65 118.90186357317077 31.829426050758013
66 118.67890835000235 32.00459774838421
67 118.79814811781672 31.884322061425205
68 118.97180128574816 31.652401826866846
69 118.93469605478813 32.35324405128352
70 118.66170746004347 31.96928363109281
71 118.63604985139789 32.0013937781876
72 119.07841329385239 31.87384705139774
73 118.84750325432954 31.825261483232783
74 119.17387949865123 31.891643847344536
75 118.95969004598443 32.26636805076073
76 118.64859621660642 32.21902907996301
77 118.62063486159003 31.870979461303335
78 118.72819823473752 31.618520330595707
79 119.03578881266039 32.22601597671078
80 118.82270580456093 31.802824201438806
81 118.89155169323948 32.069218876640264
82 118.92330465343754 31.61005157393614
83 118.6481972885081 32.11047186722134
84 118.72590633288607 31.926579889407734
85 118.70665331135599 31.98299460584923
86 119.13316944605526 31.933874552961242
87 118.51612725786245 31.88839233775441
88 119.17240773980483 32.02220851733282
89 118.61437732968552 32.391666484730166
90 118.85219597248583 31.701582682732603
91 118.68642458525132 31.865182902488247
92 118.70543291954691 31.632724365475664
93 119.03064234949771 32.207411143862686
94 118.99627521285774 32.13209674128707
95 119.03111530772505 31.76637668343798
96 118.60080267203755 31.909848009039397
97 118.64704643905729 32.13621670479466
98 119.02840542726095 32.13484460225628
99 118.57307001153067 31.731591908603022
100 119.09075181708623 32.32112357521713
101 119.10379328392325 32.226246332356645
102 118.85925292831863 31.683759469826224
103 118.98518325785281 32.28844691007709
104 118.72598390991877 32.20581575310996
105 118.9550169846122 32.25513392299127
106 118.52506043910704 32.033190070135106
107 118.67354060716889 31.7802099842155
108 118.78660867988883 32.36197652813369
109 118.8681482700784 32.082492626675375
110 119.20176033412913 31.867699522199885
111 119.21373262976604 31.83605142240669
112 118.58814391246224 32.317606830063326
113 118.70219516959033 31.955135568349483
114 118.55352837469809 32.04701768278605
115 118.72653241189039 32.104747139915595
116 119.15415349293627 32.272893516941096
117 118.910140784953 32.082050766793266
118 118.52371693780813 31.73502271968575
119 118.88068055519449 32.06040196034216
120 119.16294338047328 31.997360462816427
121 119.18448447432523 32.03997566786719
122 119.13703790962384 32.158576368409214
123 119.0312822664666 31.787101510945114
124 118.66749228483755 31.742967012081515
125 119.14008282628245 31.686107731804256
126 118.72283674808338 31.836743947591913
127 119.11233894689518 31.61062029601861
128 118.52024261714622 32.09453944113731
129 118.5529266255648 31.838976311729397
130 119.05191319760868 31.744236332641197
131 118.55653414226558 31.676619099324242
132 118.81482608570566 31.81367779714844
133 118.74654958922474 31.7827177578735
134 118.66329124266596 31.826021807116344
135 118.74809534589137 31.957471669156615
136 118.8313555984629 32.0157441197194
137 119.11774188134183 32.259641014489155
138 118.93968690698526 32.37386071426411
139 119.14006661446692 31.643276246706534
140 119.10228478875717 31.8001971751419
141 118.58554356211249 32.09919766281207
142 118.77615199525806 31.759794825025644
143 118.85641474180113 32.301941492795635
144 118.68554626624177 31.755957718597177
145 118.88146468987101 32.17464277607693
146 119.19898224413703 32.10204215021046
147 118.65613944156412 32.23290990923521
148 119.05312242303056 31.636557399159777
149 119.19896625475494 31.788388756708873
150 118.66429391536474 32.17311631877314
151 119.10229009736862 31.707797055643503
152 118.62179399134831 31.63839921001005
153 119.14834397198292 31.88480261495721
154 118.69014293838174 32.09196008672207
155 118.69728804236935 31.609095507482063
156 119.12418193245043 31.67266495498233
157 118.69873748163083 31.620037541687555
158 118.66119740377873 31.923630632168546
159 118.72561034073067 32.148853491364775
160 118.9933189001094 31.765410391653084
161 118.51291618402935 32.28228606707872
162 118.62249727750267 31.949931776262314
163 118.57457805440274 32.1030919830594
164 118.83805689315021 31.829791167926395
165 118.52377376618776 32.10341832749586
166 119.14789219628342 32.38972765769596
167 118.82281109247162 31.968404566212026
168 118.91709202613679 31.77089463330136
169 118.65977809955132 31.953901811647494
170 118.9978440415243 31.936637431640793
171 118.49974454088208 32.007608694138206
172 118.55600665694095 32.020909139624145
173 119.14783266150904 31.64679420265374
174 118.61617708524892 31.725851048185728
175 118.84560409028992 31.9677266702445
176 118.89516500349583 32.160702276182164
177 118.61188663313804 32.235468030723986
178 118.91619245704983 32.20753079056166
179 118.67784122781099 32.01811661826538
180 118.95222685905784 32.37291502262676
181 118.69416786112423 31.854658757203573
182 118.77633289391707 31.979238179653816
183 118.84625598133564 32.23506996025479
184 118.51016779448375 32.25067781326403
185 118.58610831833538 31.913656234226252
186 118.55128076022292 32.281053435791016
187 118.79842172310425 31.9624366513563
188 118.88677567134887 32.178378153690765
189 119.18458172034924 31.593913844668077
190 118.73320500816541 31.61318294263553
191 118.61861642841986 32.32552781832747
192 119.16626195750818 31.694188288604042
193 118.87847186809987 32.15375242115453
194 119.1578310126966 31.83656767343364
195 118.73241339369572 31.7573602730723
196 118.54604905852294 31.8835357435349
197 118.83590492957089 32.34800389199481
198 119.22132699057977 32.06100104101118
199 118.54337564613425 32.328110578453256
200 118.86716581859497 32.16485813370675
201 119.09126577352515 31.978846307034434
202 118.65609870280483 32.00043366010674
203 119.06471841741674 31.788236158915886
204 118.54748188947424 31.617939967302007
205 118.71516609180466 31.91194325116422
206 118.62438781341213 32.04484793720634
207 119.16755486948965 32.30686336704125
208 118.9347846115084 32.12573289948569
209 118.69939971089296 32.255538443117516
210 119.14016602622647 32.320613284378275
211 118.89837530386819 32.33327273270759
212 118.76567332846128 32.243978589067
213 118.98868647772116 31.71575720058212
214 118.96035833406147 31.877851288810014
215 119.18430155303405 31.751466965692572
216 118.51511614740032 32.30011701074836
217 119.09067861394713 32.21433487364824
218 118.97861585431069 31.887182560248377
219 118.60568052794675 32.04974148509099
220 118.75894237364614 32.261471288825994
221 118.52083773259542 32.27465207321977
222 119.09846835071716 31.750211919609242
223 118.55525184098042 32.20486053070887
224 118.6381959829931 32.259179267316796
225 118.98257737561107 31.658179360295573
226 119.03760756023388 31.6720982203298
227 118.67271515490405 31.938371209323282
228 118.62593123949561 31.7787103164222
229 118.52040188261371 32.31206154541201
230 118.54363959242193 32.184801306134965
231 119.12072344794325 32.174791482978385
232 118.65104970509972 32.20373416682058
233 118.78594852596423 31.835130767830897
234 119.04303925482687 31.778564570559624
235 119.16959126246114 32.08160205967752
236 119.12838859417555 31.912018898959637
237 119.1083373819719 32.326869865254835
238 119.07496550851825 32.12128896279247
239 118.7474975515408 31.895698432899742
240 118.94965835245213 32.25901382138411
241 119.00375853236477 31.9099452633764
242 118.7955727274953 31.730997086308932
243 118.93821131509648 32.21597848110769
244 119.18407995439796 31.994778256724658
245 118.71805654711403 31.795820176746908
246 119.15877793742239 32.14566111139448
247 119.19003904374081 32.39204054887203
248 118.89287924583677 31.803432543794187
249 119.15220094574265 32.229472854872945
250 119.01029708542679 32.190262917766525
251 118.9881364303391 31.693529271321967
252 118.57123976836927 32.27791983578973
253 119.02238523516884 31.971594856424073
254 118.61588720970937 31.67826740562214
255 119.02977176103245 32.02052385820316
256 118.53286983653418 31.858838642399576
257 119.12924197679426 31.71447705300404
258 118.6216892110351 31.65990736221822
259 119.09128614568495 31.772086410616996
260 119.11063009583579 31.95507310017314
261 118.55922786184709 32.11577805054976
262 118.56016140833117 31.674050697048145
263 119.1615578340179 32.163979260108235
264 119.17900283780659 31.68194998328097
265 118.54224882027263 31.741981555706918
266 118.93891048898384 32.183536236188516
267 118.77103798232503 32.28967830078999
268 118.54092780876782 32.35242097162629
269 119.09644771586623 32.11912856273435
270 118.96703775874198 31.96480967027137
271 118.56389975502582 31.688609474492278
272 118.82108327471865 32.05507053485345
273 118.78919642858112 31.7158781178647
274 119.18128707982063 32.00372411211263
275 119.19434592351476 32.076697364868394
276 118.65977337200871 32.26728715147485
277 119.02995964279823 31.85217352778465
278 118.95926043712748 32.38075536026673
279 118.81755563116162 32.364412774158254
280 118.89349582007807 32.26968773576793
281 118.76937860190165 32.17052134354241
282 118.51876464829961 32.17295272540966
283 119.03445123671736 32.30913196899803
284 119.04451389570777 32.36397842891565
285 119.13948475864125 32.26439653901508
286 118.8462778570024 32.12334518555176
287 118.56121329484338 31.690128323119954
288 119.16281160672841 32.10374726367406
289 118.68451050137624 31.881194465553815
290 118.58762833245241 31.713079398550242
291 118.58892957865503 32.31425183304897
292 118.91428195808798 32.2628316541017
293 118.76008731992957 32.01072683500328
294 118.97413109385214 31.97174692562491
295 118.53973667194282 32.00065107419405
296 118.51244718684845 31.82566232352048
297 119.18936713062627 31.899486332408344
298 118.54971162413804 31.9605494302993
299 118.7391319785029 31.621402502051392
300 118.52065420910753 32.31790797742115
301 119.1403597935927 31.64408817485432
302 119.10618031152404 31.913059358156474
303 118.90049308837024 31.691336279014884
304 118.59537261876706 31.784034988723388
305 119.0955604093648 32.356281011932104
306 118.54990550787194 31.902863816906883
307 118.81248189040566 32.16545478042967
308 118.71729616088501 31.690515084303655
309 119.20740051271657 31.775469010586885
310 119.1795890092632 32.300795531262025
311 119.06994494120397 32.31164089667908
312 118.81256204974618 31.789012151079607
313 118.85162275808457 32.37798948961861
314 118.89844849042929 32.150636331311915
315 118.89174393046737 32.01099651693619
316 118.62386114002226 31.880810046247635
317 118.67606770012695 31.879364293103738
318 118.99531216768857 32.38255700435134
319 119.08987879916396 32.157974628238016
320 119.16925311083135 32.01125397244131
321 119.0461423123101 31.632829433387894
322 118.91670395333348 31.80307901724543
323 118.54333973339939 32.34084274481737
324 118.55901459972306 32.03663974176198
325 118.63184250527858 31.867426860717764
326 118.99262783297442 31.635528777696955
327 118.70486514227014 31.816171889284366
328 118.77365415717837 31.786821531854727
329 118.60384729683734 31.725145734341005
330 118.66266970842257 31.87676352254254
331 118.75887059127705 31.7402148084793
332 118.93749764492178 31.665941257717623
333 119.20120194781617 31.714206052386434
334 118.59649111243674 31.983967632855794
335 118.71961964555662 31.647398233736453
336 119.19552167646036 32.34388558438236
337 119.09702689990614 31.76540151938184
338 119.17299373997226 31.989213903954376
339 118.86802021164034 31.921645124225122
340 118.67189090154567 31.843567135162143
341 118.64171811118727 31.865564758595298
342 119.05717356601356 31.796707634337928
343 119.16225258275739 31.81902392735532
344 118.92975264561876 31.704603909030695
345 118.96602118696867 32.14087711665922
346 119.1301626412081 32.0932751681792
347 118.67761709516618 31.84669040510635
348 118.91712893146186 32.32375949315362
349 118.88776063015058 31.91702454316297
350 119.13517139417604 32.09248415029823
351 118.73684880411817 31.998410173114287
352 118.58077140583232 31.860718378681312
353 118.59324568812515 32.30541266160034
354 118.68861201158731 32.29029507975563
355 118.55404421337978 32.27692649956079
356 118.72936378230355 32.392502513075215
357 118.87681808297818 31.637182136458577
358 118.80031697849596 31.984333957126704
359 118.95508649180657 32.362327579151994
360 118.86198875242631 31.700712928442886
361 119.01195516096122 31.79698289797943
362 118.82831952173058 32.00769898146564
363 119.05519331526023 32.1127132741668
364 118.80646570271676 31.875630446188882
365 119.02654781649736 31.846292455783487
366 119.0097960333028 32.23586399094297
367 119.0933622965493 31.61690039339432
368 118.62316841475705 32.23717588562213
369 119.00000748804452 31.93130065479704
370 118.4981828382268 32.11437285937727
371 118.7727516790235 32.174454721672745
372 118.91527210805943 31.686988391398234
373 118.49842614561884 32.34333183929139
374 118.5387389480642 32.258791407752305
375 118.65887291282486 31.884355652691852
376 118.78913119161847 31.75487094720571
377 118.99314804190041 31.663109974001753
378 118.64938417221586 31.83409079083563
379 118.77137564546867 32.18188471003928
380 119.13468444996629 32.28539710470415
381 118.73331337210848 31.838347912702424
382 119.04151357578988 31.79261507758497
383 118.91820947276248 31.85731147588432
384 118.55523702813693 32.37683176366224
385 119.17261495533032 31.66848038853216
386 118.58898463402004 31.737738505183295
387 118.74725038141212 32.154535452580404
388 119.18797608211386 31.707454303752872
389 118.67878408240858 31.779477524245344
390 119.15038868662572 32.26675173631498
391 118.96303873043253 31.84355332070461
392 118.6202209479625 32.085100716963666
393 118.59387992603722 32.03098143963409
394 119.18146088141923 31.82809673396495
395 118.80951359418079 31.802204669707404
396 119.03612655547066 31.788344290940834
397 118.59823183657602 32.303107392313514
398 118.86409748461394 31.613761543857294
399 118.57917029496781 31.69012439034904
400 118.82930551948154 31.868091693345775
401 118.50126106447793 31.7673914047306
402 118.50762903408516 32.0477641388694
403 119.1358782934446 32.02782248198504
404 119.1367490675938 32.0036510484782
405 119.02993765304869 31.843931518974344
406 118.85516513019647 32.013224677382944
407 118.64590885727608 32.2256948229574
408 118.9949569596545 32.23767092408276
409 118.64407491024862 32.036604713784264
410 118.54726492654967 32.241824770777775
411 118.70857235584769 31.670570313997544
412 118.90562786366716 31.73516331282365
413 118.90653719833635 32.20122530953462
414 119.06810298784977 31.918016336882605
415 118.75889623151345 31.86107081348671
416 118.59431587567997 32.06306066587867
417 118.54240858045594 31.908971401259556
418 118.65638794253087 32.33256509572923
419 119.15547235202189 31.902468923056134
420 118.51876839369204 32.25667991232886
421 118.93889574777124 32.092542663725894
422 118.82159709457301 32.33869640930255
423 118.63838093037398 31.991574517839563
424 118.99787930720278 32.372219005408816
425 118.89674666026136 32.041450603441206
426 118.5691816711865 31.628154469106686
427 118.9665093262071 32.18698016129795
428 118.52675452716953 32.30316956056952
429 118.66085206760758 31.65934522977809
430 118.88362255601754 32.38122409591806
431 119.01469926719457 32.0652395929885
432 118.87325095059403 32.19208341839996
433 119.10445123788428 31.778222368772397
434 118.98222301962403 32.35092596243066
435 119.18257128672553 32.11909172671966
436 118.68939259062081 32.04217014317594
437 119.18277075906178 32.37504355537574
438 118.65391962554544 32.04485923968186
439 118.63730032882933 32.011842381636235
440 118.61696037534472 31.62872291019761
441 118.58452067477778 32.04952771659317
442 118.93880409954785 32.19136818159976
443 118.50214820874345 31.90383843808366
444 119.06947039593891 32.151399104578736
445 118.95069453017774 32.03929899418204
446 118.72611276638894 31.76176664892707
447 119.12189786900802 32.031872284656444
448 119.09063380115887 31.974719846698065
449 118.93332582398749 31.865689863472504
450 118.5284785319676 32.131149460485915
451 119.1897313114403 31.65431550754556
452 118.92423218680764 31.883089135352392
453 119.15515618018841 31.946844536146134
454 118.59574707058067 32.38321521260863
455 118.51856202507297 32.161458948484054
456 118.7191806289645 32.10605954751295
457 119.04300199526979 31.72092852633911
458 119.0702207356687 31.963299162843366
459 119.10512267863979 31.901398065478695
460 118.71463026351803 32.363233945876
461 119.0603529484356 31.959005995030893
462 118.59306778566699 32.27782899345746
463 118.88631566143351 32.144872438193566
464 118.5275370311654 32.27621196912464
465 118.99954581457992 31.58083963304309
466 118.75880763103501 32.357289478556304
467 118.57643896591676 32.36109190719956
468 118.9739481556381 31.71569190400623
469 118.77626319588738 31.638402406468586
470 118.7026277365644 31.86375673818387
471 118.75087003626098 32.029951065318976
472 119.0478931587203 32.014966007875685
473 118.79628938664878 31.95339509702885
474 119.11831395776657 32.322904410670326
475 118.60662022279142 32.04921881345107
476 118.78758224546522 32.3395232636975
477 119.1211670967739 32.06560553927587
478 118.90868240521833 31.755543742162057
479 119.0039461969477 32.39439124419508
480 119.0931253109337 32.39802406100812
481 118.86547094357603 31.95328322584624
482 118.60794213262747 32.19951609571807
483 118.72682427788155 32.123907310422766
484 118.65264511626035 31.750469028709187
485 118.62703824205859 32.066958397183505
486 118.91374084887906 32.12223958950258
487 118.63590384589864 32.0814389727069
488 119.07103768619083 32.02660177958299
489 118.81275445593901 32.06838853118732
490 119.07192737195908 32.175736449020086
491 119.09216361590765 32.207379824327326
492 118.98151821725409 31.68698556856676
493 119.04869026079245 32.33683322711619
494 119.06019980494901 31.99315381626137
495 118.91295852821507 32.157294025400006
496 118.72190826311865 31.91039509968061
497 118.79254332625715 31.653955139517635
498 118.70553058454145 32.11989777013159
499 118.82495241693881 31.897696534970933
500 118.75415982029877 32.02340061718094
501 118.75596216058437 31.80618904995346
502 118.55529677087618 31.767324588560026
503 118.7807783923592 31.82826270524022
504 118.5865712166388 32.29471084777005
505 118.75316619362877 32.35395759948608
506 118.58424078319553 32.36760838628753
507 118.76141943203915 31.938280807651587
508 118.87983775242643 32.23308820734233
509 118.54325089175143 31.749854527873357
510 118.66218107048631 32.19117517044432
511 118.78471608332205 31.924539290562116
512 118.68768760837557 32.26427424558869
513 118.88601628188165 31.780422853842367
514 119.08070078252867 32.252119770221874
515 119.04838044131802 31.674225159726284
516 118.67872701831045 32.30280193684088
517 118.64020352816976 31.95189160541017
518 118.91279040392926 31.74201727212285
519 118.77720036348828 31.844968746933603
520 118.54855596644595 32.184204218793454
521 118.65342786147103 31.96304736392285
522 119.16515544907776 31.779601201416295
523 119.15262560083288 31.816763945955444
524 118.75015841402598 32.147404696532114
525 118.52166638415635 32.124976019862025
526 119.04308366053493 31.64720499322439
527 118.68197200195225 32.264869236336125
528 118.51691247368606 31.692175250849786
529 118.6829315299216 31.776607520354577
530 118.58899791921779 31.62165324494472
531 119.12768820296787 32.027134826581715
532 118.63786810679385 32.290769970133084
533 119.01151965387724 32.335701530530564
534 118.62113915212899 31.98270771125243
535 118.55382737597304 31.701242383598792
536 118.77094928958803 32.004814215163016
537 118.94082177154154 31.83256475990316
538 118.8888597062412 31.844334790989063
539 119.05363293808911 31.771964255934066
540 118.78144009906383 32.35105365266252
541 118.92691097888701 31.91083826332269
542 118.53993292625222 31.588568263511302
543 119.00901370451294 31.986068792871944
544 118.97408009317815 32.13796296794613
545 119.06386826262765 32.24147278483991
546 118.5552443869789 32.19161440437085
547 118.82086741814823 32.14739337672632
548 118.96259586462556 31.78312262453283
549 118.49673366328476 31.872098651942007
550 119.11750040676284 31.942187907639433
551 119.0668758705435 31.729424257283426
552 118.86418218014425 31.96073766080415
553 118.74640825721828 31.681478255219265
554 118.99399858221626 31.66159419510588
555 119.12107262727471 32.24752874007136
556 118.86942085130745 31.717098044960096
557 119.12209809660757 31.96752451508254
558 118.5887251059206 32.08034856599347
559 118.72869634799058 32.35862026848766
560 118.9741922071165 31.855570280808177
561 118.75674257352064 31.74397927126501
562 118.85768124884541 32.28788660170378
563 118.95200543307186 31.833528792404536
564 118.90650262419477 31.832607134496328
565 118.81393147111274 31.736611440048208
566 118.61967281462414 31.959214804204997
567 118.77420141801356 31.762884937013464
568 118.65252524001725 31.903590512290418
569 119.03389402811436 31.858984641874738
570 119.04790074029283 32.11631983873725
571 118.65117695319235 31.953953982467898
572 118.90831115074057 32.12172892922596
573 118.99358803096095 31.842916552671937
574 118.82068568123336 31.893274222457027
575 118.55334957208787 32.38241913640019
576 118.97394570861553 31.802041796337164
577 118.55247255411882 32.201930917298895
578 118.96870870050117 32.158932237231355
579 118.57455715047664 32.108054178368434
580 118.95944399621467 31.690274232069726
581 118.68780892469994 31.59709851262454
582 118.76571208173674 32.2016648717259
583 119.18402026251299 31.652457130884855
584 119.1560238391592 31.79532084191817
585 118.88214659740234 32.36558221699881
586 118.95305962140817 32.3764729725331
587 119.06078827419114 32.34277578515597
588 119.01037039760413 32.046263721174796
589 118.58333224881399 31.95778169620161
590 118.7952980384082 31.973928384582862
591 119.07930721067784 31.876495309054395
592 119.01172307195982 32.38952997931048
593 118.6151108549608 32.251789004494995
594 119.08758414106096 32.41769023360121
595 118.93586552352436 31.845024979422664
596 118.70577433261202 32.07144441887773
597 118.5287469116188 32.12682728833565
598 119.02703630237718 31.916461622684825
599 118.82590699121653 32.06610169910097
600 119.187711676483 31.730609417109612
601 118.67681990275692 31.85179254421821
602 118.56561490279798 31.70680098140415
603 118.66452664335145 32.079623777094234
604 118.80006610514003 31.875375919177927
605 118.52802783240911 31.93780949950466
606 118.73629067919994 31.909720423399396
607 118.65166825425284 31.644935089560775
608 119.16867932736751 32.327366622792304
609 118.63331009864582 32.159620397880275
610 119.11995484635754 31.84360145563714
611 118.57528755710506 32.31074141106819
612 118.90391141838874 32.16074226129312
613 118.93948161927374 32.39053464243301
614 118.88855304324501 31.990752630039605
615 119.1609877005525 31.688400305554254
616 118.80291082509845 31.69143146589858
617 118.94467118558548 32.179641149912364
618 119.11110571883587 32.05006694005997
619 118.66126424473599 31.775633920562573
620 118.85863557766373 32.012287606895754
621 119.18712750704863 32.01958777785808
622 119.05249874705933 32.303953779886584
623 119.00571434878442 31.61021834569666
624 118.80001118581598 31.69969904482931
625 119.10531823543587 31.91963625893665
626 119.07503353370245 31.701123405653753
627 118.80495875567743 32.36836584060304
628 118.88587149050387 31.765995352956207
629 118.96533230904117 32.09894809920271
630 119.03657183820152 31.951055031094086
631 118.82125624917458 32.22013255597217
632 118.73826195763687 31.627607619133105
633 118.61171249407072 31.858933273505684
634 119.02872394631703 31.97826674049011
635 119.02650829760789 31.683332772951026
636 118.62070932798511 32.08306852294511
637 119.10703969775301 32.00730514348713
638 118.59801256055685 32.26370040651035
639 119.078309167268 31.97124024460047
640 118.61192178504285 31.85326452584617
641 118.94911668655777 31.83435235536071
642 118.8664318584262 31.819710393193912
643 118.60398420163992 32.34690550685001
644 119.01792599006176 32.236796730327164
645 119.00801330758682 31.86984544918116
646 119.12787032251406 31.952602572054893
647 118.82479225406773 31.677919616536776
648 118.8789304181086 32.0713958186067
649 118.95747544632218 32.185766058350566
650 119.1110186794795 31.80379538061874
651 118.7795430587532 31.980442395358327
652 118.9670993986602 32.13254193236277
653 118.91061931607199 31.97913185561207
654 118.64231640322141 32.03041786436728
655 118.98398135864151 31.759441524085265
656 119.08145465179066 32.217452513218845
657 118.82901765406721 31.68380411544739
658 119.18650170274125 31.97377997498825
659 118.87552544886972 31.837127810071035
660 119.12484351665321 31.695522952938187
661 119.01772679289077 32.29090312559306
662 118.77433728778584 31.75959082158007
663 118.73442064228475 31.977746274986323
664 118.76040472365523 32.09002744271803
665 118.74243881765739 31.840337407888416
666 118.52656707162274 31.996504405269214
667 118.51070165814535 32.00476996098423
668 118.79206506715464 31.94140263432284
669 118.62758753679712 31.88358099901536
670 119.0840844959095 31.78815448192674
671 119.17010755732956 32.31282619267395
672 118.70832645981382 31.983685486670147
673 119.02701846520901 32.15294080432421
674 118.74878754843192 32.0154913820892
675 119.10967756889895 31.84661876364714
676 118.82516666874896 31.988555149812676
677 119.14727795510667 32.24116087740833
678 118.98965710789508 32.28867075227306
679 118.5860339523819 32.357055655905626
680 118.597674228691 31.79433951151631
681 118.80689145053942 31.86906085559481
682 118.90726933468314 31.685765732903164
683 118.8520953010646 32.40534810017388
684 119.1217896720581 32.12159662607399
685 118.51025290437518 32.149653377051536
686 118.58160563589081 31.967136666567676
687 118.69179441294703 31.81762939230366
688 119.1240902668879 31.922493058277567
689 118.49478759220774 31.855650394495015
690 118.87753856406373 32.03841372180978
691 118.50112461455126 32.2480251683138
692 118.88914460533834 32.275463184700286
693 118.84453430908495 31.84149332634784
694 118.59281723106203 31.732080926319487
695 118.91665759335851 32.188674094062456
696 118.93469724549138 31.937859316468437
697 118.81068366037006 31.743396168970918
698 119.04399483990709 32.11205678224241
699 118.54283275390307 31.68997236565102
700 118.73183920348916 31.684414404944743
701 118.84427116175027 31.59392907465704
702 118.71057662206472 31.74612086294274
703 118.58951543702108 31.97606299674641
704 118.5775687578689 31.75029057736866
705 119.04376613425897 31.642676653357682
706 118.68630024759405 31.991566250457524
707 118.95970183891659 32.31251224439028
708 119.08866854684807 31.61259581455239
709 118.70899549045272 31.792395563920202
710 118.62190354883393 32.33274715356164
711 118.89655292139 32.114535717659905
712 119.07923114678421 32.2478931304587
713 118.76939137255411 32.313447420112254
714 119.08092679750231 31.771787094743377
715 119.19252825502564 32.210459104599884
716 118.97753916902647 31.817455156805035
717 119.12105869786379 32.32932876646592
718 118.55404025932376 32.35786109111209
719 118.77123429530013 31.732379397132384
720 119.10859866906807 32.290776117290015
721 119.01779129173096 31.652875492237744
722 118.58581202164315 32.08047121367892
723 118.67135318637966 31.977054479123147
724 118.7180834477717 32.07054765793268
725 118.94673830738378 32.205836920455006
726 119.02279113982155 32.309708351037855
727 118.85100249791661 31.99642757545284
728 118.52524492701646 31.64138861280905
729 119.13141927138359 32.35179872063277
730 119.16354591343995 31.63730022468578
731 118.73969698542133 32.237119485082175
732 119.07492006215762 31.717950160280587
733 118.86335390689938 32.326576966084914
734 118.82630702182242 32.087719478170925
735 119.174220264002 31.844935676332064
736 118.48753119919631 32.276123532654246
737 118.78719049881013 31.72940223827395
738 118.64195282103165 31.780673500169115
739 118.82583878639454 31.834784146883685
740 118.80854735255718 31.910149350393265
741 118.62725216717234 31.79177524134596
742 118.91726604194866 32.32651480831521
743 118.76144183988302 31.9572018228683
744 119.1288517811643 32.365965573223875
745 119.15870560814191 31.838808034849446
746 118.75877445389997 31.97038658376029
747 119.02814390726665 32.276501775127144
748 118.94947748750604 32.38856102935214
749 118.75976388533367 31.97800597895295
750 118.70376472002695 31.973307568855642
751 119.14804784851086 32.3464702951654
752 118.65513848032514 31.94226292893312
753 119.04954603873736 31.95291076705199
754 119.0515054697499 32.372693654116766
755 118.62936345614261 31.990762503784463
756 118.75934776892278 31.683449552721584
757 118.81152572192617 32.36037471196342
758 118.86515734807601 31.95987117485014
759 118.92241437127025 31.88145743641122
760 118.75767182033711 32.32304090805388
761 118.93096492772833 31.59959343663245
762 118.80202823428547 32.38069975774384
763 119.16687143967035 31.661850328096083
764 118.96358363759812 31.650295728491106
765 118.85804950730278 32.32635043000059
766 118.8865926420309 31.9615607838858
767 118.58188096609244 31.727456805323044
768 118.67545337093661 32.38605577019954
769 118.99042780602363 31.84420254879167
770 119.21828554230461 32.34102078880074
771 118.72501844505216 31.98653435842107
772 119.2077133525831 31.91671302678919
773 118.74751436812038 32.04930925747077
774 118.80860223309419 32.32294689131987
775 119.17742738800469 32.39093456386557
776 119.07118579495592 32.143083768569646
777 118.8805737170208 31.907328210412548
778 119.18388845038922 32.260012708267965
779 119.20041707825314 32.33998573779973
780 118.61973563036467 32.045270948399235
781 119.05623389529127 32.19247752305306
782 118.68633089432404 32.312448613838036
783 118.71032368329394 32.16760091722662
784 118.80636179442942 32.11165239139424
785 118.83748511270278 31.888467888339022
786 118.59435650792543 32.08469974423374
787 119.02566221110386 31.783882134321
788 118.51352559236332 31.715063465195172
789 119.1982428468113 31.79879724171222
790 118.67020297287479 31.945764738440456
791 118.99351330252253 31.878517753922885
792 118.8600821315599 32.170896720825425
793 119.0882283246723 31.911765478784666
794 118.61651805402043 31.975762249045925
795 118.52260255825706 31.810460974567214
796 118.62737316458215 31.669701510909395
797 118.9718180347506 32.171572673554934
798 119.08507560741545 31.775663190441616
799 118.61325033793318 31.97589813813544
800 118.91575308801997 32.079891267631844
801 118.51212321196968 32.13500700158162
802 119.07299007505006 31.93949258561805
803 118.58507759877607 31.793135575041315
804 118.62208918816087 32.31771241213855
805 118.9435922097134 32.14162142703584
806 118.80939119111349 31.7925521384
807 118.6933272199264 32.242209996872646
808 119.1661656020088 32.049688914801386
809 118.87172449143678 31.958574981024736
810 118.61537537749493 31.69273359371213
811 118.80041615442542 31.782469350654004
812 118.9842773375033 31.69578355124927
813 118.81256392608208 32.13825301442486
814 118.59267983709336 32.17026013690547
815 118.61443471506476 31.966297076778435
816 118.6551842214948 31.652636730441525
817 118.87902581501409 31.71956118393651
818 118.93792038395306 32.33803968946751
819 118.83004374066267 32.314251379860906
820 118.62639525682269 31.92121784914619
821 118.74046228653559 31.717073136118323
822 119.12178672927453 31.964909938658817
823 118.67901173476615 31.938931773499004
824 118.97381362625312 31.616758211503505
825 118.75287181349115 32.1894904952734
826 119.19735512323412 32.09971974564058
827 118.50021001571062 32.046657014984284
828 118.70291081199306 32.25461376987024
829 119.05157763499845 32.27832019593882
830 118.53671093725792 31.767114177732374
831 118.76594770307528 31.6611414399234
832 119.17254256483328 31.905417447412187
833 118.98644533097375 32.27970067185281
834 118.59533962207716 32.21560186782818
835 118.55877168810375 31.805859015183287
836 119.17367089572076 32.22279542274202
837 119.14935702599314 32.07322968176937
838 118.6240659219001 31.812213255250267
839 119.11832836145882 32.148860819883566
840 119.01841528496189 31.842264444852074
841 118.79398034342431 31.862049829109704
842 118.66521854241248 31.770660289630115
843 118.59283360540319 32.05096401521591
844 118.65918117495333 31.99122670231522
845 118.83255980952916 32.09157703384645
846 118.53520406158323 31.604314394055358
847 118.93769411259159 31.92270535328341
848 118.92603065862242 31.633383454314725
849 118.91682112870748 31.849548257673522
850 119.07718080867909 31.672999850842817
851 118.56250547246465 32.0596625134631
852 119.19185408405534 32.35006499813518
853 118.82874692133427 32.27588275607969
854 118.8504796872779 31.99586976299103
855 118.6037476454771 31.888763810939132
856 118.95072124714757 31.605214401132596
857 119.12921413884574 32.128730075302244
858 118.55701825700395 31.842869445297872
859 118.70772262762472 31.940538188902728
860 119.05756812604149 32.08573206029505
861 118.5117588635667 31.75061449073731
862 118.90757342318956 32.03321883337349
863 118.65631096481926 31.953447220021634
864 118.85989516568254 31.91786818171965
865 118.60458250420368 32.270237413834785
866 118.74443542989056 32.19858700685186
867 118.73746623244256 31.696448653091892
868 118.78482547419881 32.31647128551385
869 119.16758045847233 31.593498650063594
870 118.58347461625856 31.779425203006753
871 118.69290411779474 31.700217630934432
872 118.97703942798859 31.862875125157395
873 118.75502250300488 31.685064406428662
874 119.14745565802079 31.82731797883702
875 118.73333251108828 31.9220986399837
876 119.15238147649433 31.98198922490665
877 118.5934357463358 31.8288748493836
878 118.82041673351314 31.651083410817005
879 118.85871558124136 32.014103454184095
880 118.92319264723363 32.07836518268468
881 118.78138336471984 32.11396193134239
882 118.86310739019548 31.593168060882782
883 118.6488970595981 31.678594023510307
884 118.66491706817038 32.12811906648556
885 118.57963591403035 31.726094840610564
886 118.88265103229654 31.688165954441
887 118.84656290162535 31.94856168920548
888 119.19795594488555 31.895529963501197
889 119.0541499603122 32.120218661762884
890 118.9898406220627 31.619788870858457
891 118.72616572127787 31.798833755723937
892 118.67055255104967 31.81130778635071
893 118.9770159409296 31.847186369097077
894 118.65997656205309 31.60730798470326
895 118.53162488599338 32.03840225317822
896 118.7101804396011 31.610268290940294
897 118.85868532070782 31.83299201753766
898 118.62431788321169 32.32329737578547
899 118.57630408219553 31.72889251905589
900 119.12108059939503 32.15114217520061
901 118.82937756275037 31.986356368421095
902 118.52772762026189 32.32112330851325
903 118.66888503785752 31.955554678767093
904 118.53925033336925 31.755428258594563
905 118.69056104052258 32.40224313078399
906 118.7970903982715 32.1643074234697
907 118.58644381727412 31.703046287275367
908 119.1397717743445 32.032208711331094
909 118.83145533381892 31.867592787405666
910 119.08638780121036 32.309742017654806
911 119.06962785221475 31.732320653103073
912 118.59564138217192 32.102019304386765
913 118.55061021026162 32.358398406482785
914 118.90559030502293 32.34516054723889
915 118.51750525294764 32.3154855833292
916 119.05615732102889 32.12332563878594
917 118.71460771789903 31.84460628973172
918 119.02164555677142 31.648990850719937
919 118.63046234235985 31.743882447889167
920 118.72517091666022 32.308537374563564
921 118.9423686823373 32.157794714826004
922 118.66385977825979 31.660706324964583
923 118.66200965270777 32.37391405428036
924 118.75258617201848 32.0005364834357
925 118.5369343156945 31.748975281497092
926 118.99421169375512 31.97694941975608
927 118.57890492611445 31.940598062325982
928 118.66133509998474 31.776449744433357
929 118.54873289719217 32.10229031127449
930 118.82146368041293 32.03307510002886
931 118.7022861757371 31.813070870483987
932 118.85873380786025 32.219812248288456
933 118.94989517083485 32.03142579035246
934 118.63551018231651 31.88176562674454
935 118.73903177633358 31.724922265661817
936 118.87918691113688 32.00243888543713
937 118.67316757272597 31.719039122760528
938 119.13006200670442 32.32371618805227
939 118.55019062904485 32.0206911893571
940 118.60588601888374 32.32601047385377
941 118.71167267454386 31.85865713226833
942 118.9508768307416 31.94951389940917
943 118.5412021232731 32.02328002966917
944 119.13998344972056 32.300158378131094
945 119.1253267953399 31.70043732800876
946 118.95380500725389 31.916262855877243
947 118.75384532021084 31.68393591597178
948 118.68575720400355 32.36396251491309
949 118.73058343900432 32.247237278248406
950 119.12119863150721 31.931760760277065
951 118.86319451045908 32.12384860387384
952 119.16063593845816 32.050890426456455
953 118.8492984290646 32.07936739373833
954 118.64532018274423 32.261481716764195
955 118.57791481778173 32.38028889136384
956 118.96358691520216 31.66543364747875
957 118.71554597688227 32.04164245116817
958 118.95016877622795 32.32392577325872
959 119.16246183297318 31.923053066852287
960 118.51531466065542 31.792608822345777
961 118.56669539405986 31.697559721613118
962 118.73805096497142 32.114597583882045
963 118.70835399130992 31.750281049903467
964 118.76659778947345 31.88984104381331
965 118.81272842430961 31.89491996213648
966 118.78178806710416 32.08939228228977
967 118.55922228528742 32.373454252964436
968 118.72977811359051 32.394264531922616
969 118.60971208207384 31.834873806504866
970 118.61654134248639 31.812893942850536
971 118.91238820931846 32.18725292627601
972 118.5268311112664 32.15473108808325
973 118.67813972261102 31.830543090166202
974 118.92605453503222 32.3643299867573
975 118.68805806584852 32.2406046399174
976 118.85296169546093 31.74317238526016
977 118.82332304362409 31.998617471883563
978 118.93540037965435 31.660093684105135
979 119.07863143307708 32.03217520540544
980 118.68628860467491 32.04942238965493
981 119.13189206488592 31.75897690528319
982 118.97404493072028 31.655331441783478
983 118.78442811422417 31.728115957937003
984 119.09058067017683 32.02084415501413
985 118.78495744980759 31.644416696933362
986 118.98421336925055 31.75132337215024
987 119.12033224469208 31.745431245144427
988 118.69290042283114 31.91355465881776
989 118.8407200851918 32.02251084474725
990 118.7730189490462 31.878863232164278
991 118.56927454465134 32.10384790093257
992 118.5806726832506 32.32693515883159
993 118.56621355551965 31.795130193131637
994 119.12102849165198 32.3901572713263
995 119.13081968665429 31.864855332343748
996 118.73521619700347 32.099061555050554
997 119.10529393319501 31.88877904071652
998 119.16636646099985 32.154923784802776
999 119.02788750618949 32.28927601795992
1000 118.66848865393563 32.24014120623291
