1 118.94444605419103 31.945120025153553
2 118.89270717055855 31.61596638026467
3 118.61417203460685 32.040956105918184
4 119.0684504206531 31.974408358874193
5 119.17226089896941 31.946760702837995
6 118.95171443181725 31.861122645810745
7 118.90017100506066 31.754243978058238
8 118.60131876931642 32.07352680922056
9 118.69183474371667 31.832292653720593
10 118.76249053421706 31.80528137019925
11 118.63086593048307 32.0988452694229
12 119.19910867128281 32.02096677801997
13 119.13831031731274 31.718369694555076
14 118.76031293647624 31.985838480675852
15 118.60718124553976 31.735121036348215
16 118.77641907962482 32.23082240031722
17 118.62462572512369 32.30225363615605
18 118.87026327554472 31.993353611800277
19 118.6448275382956 32.28269278486325
20 118.55219448882787 31.662955082804107
21 118.93524888087018 31.995357921152188
22 118.75370518301509 31.656357757840144
23 118.98648281515096 31.94969376993124
24 118.86675300221727 31.675076648607888
25 118.95172638442608 31.694338628505182
26 118.72390373810775 32.09298575609136
27 118.90134343325624 31.77568368471576
28 118.83115121535214 31.67507790134093
29 118.9158321104551 31.778524373852125
30 118.52297268800768 31.878177918360695
31 119.18273598004654 31.9688166798479
32 118.67163133809207 31.76189940907126
33 118.5593721847456 32.096012721217285
34 118.70432217158857 32.00750925803834
35 118.99325594173392 32.00935382880957
36 119.15155575954843 31.905322937546217
37 119.0892555849576 32.22559024778781
38 118.71462319602192 32.06574993706775
39 119.09599651342843 31.71920178794014
40 118.54685263565972 32.159704175819726
41 118.55290152122662 32.36765859635827
42 118.63474958723633 31.999243140301036
43 119.05508236925857 32.30218151680351
44 119.01098952143828 31.86539559275926
45 118.57834854217833 32.04846334212534
46 118.99392594426666 31.94455064929868
47 119.03594696970595 31.940354857490604
48 118.60265860335863 32.23610646818146
49 118.9585122627312 32.017573938490145
50 118.79172785201347 32.36315350489846
51 118.5443457992529 32.03493771134191
52 118.8636093677097 31.670371437270234
53 118.83368039379513 31.89553489918035
54 119.11383076321833 32.26928177332152
55 118.93037343058049 31.931097674154618
56 119.10797511913977 31.625056589169244
57 118.83962112699759 31.80993544616546
58 119.00722650402692 31.643486891059432
59 119.16894618897415 32.37812191717234
60 118.50546861421127 32.38158300332645
61 118.79023566798028 32.228767455721304
62 118.81115750938056 32.08996048289647
63 119.05141707219117 32.21944280274186
64 118.51070949858094 31.73198690052356
65 118.89306127590336 31.827189012916556
66 118.68304525642914 32.00379356661091
67 118.81626837245717 31.883690433564436
68 118.97906702808328 31.644892226542698
69 118.93454569252708 32.370468603492434
70 118.66081102946772 31.975507453292195
71 118.63977067123503 32.01558934399964
72 119.08416644087026 31.864524381104555
73 118.84524645236822 31.812191823384598
74 119.17432780757932 31.895555370997638
75 118.94799119511728 32.272359379893196
76 118.65851615806938 32.21749485282225
77 118.61471910694087 31.881054262754144
78 118.72406990141427 31.603221883888573
79 119.02159112090409 32.23236327695431
80 118.8262793250595 31.79374396787229
81 118.89476104982246 32.06259686952829
82 118.92480936896654 31.607952997869486
83 118.6405314351711 32.123487122040004
84 118.72539567164777 31.92143735309535
85 118.70301095298055 31.991100347291034
86 119.14405984235204 31.933212589873516
87 118.51578903092398 31.87536379766455
88 119.17747597847932 32.031788368021544
89 118.6234532784543 32.380100892120076
90 118.86561319018955 31.701762384361697
91 118.696843563185 31.868047324910243
92 118.70410246804144 31.631265128626804
93 119.03929460761982 32.19268489072971
94 118.99178769266645 32.12764484031898
95 119.03509197683266 31.766956063910065
96 118.62588646379933 31.91764641641995
97 118.64124764877243 32.1334023542565
98 119.0287144032846 32.13175075039879
99 118.58916915788122 31.74549954115839
100 119.10115854088023 32.30503260395957
101 119.12706346275168 32.23070235262257
102 118.84717680051746 31.687860255551914
103 118.9817612399239 32.29934521168894
104 118.73177377468318 32.19727496010744
105 118.96750579785103 32.250971207330416
106 118.53067133130742 32.033699837849014
107 118.6729170918442 31.78009039046005
108 118.79976714437582 32.34219933880101
109 118.87060277504793 32.075435590643
110 119.19401215099364 31.87194031512444
111 119.21010069370092 31.831449075109738
112 118.59462174241557 32.308565711641194
113 118.69325411400017 31.950628439415397
114 118.55294018717791 32.03075703278572
115 118.73089594234771 32.09697648345061
116 119.14877224152501 32.276462295580124
117 118.90587353522226 32.0885427500038
118 118.53539023496194 31.747233688829432
119 118.87192108458443 32.07334683637258
120 119.16391449904346 31.99341705500544
121 119.1867830165056 32.04977236195661
122 119.14678760496041 32.167951647115565
123 119.03750034110284 31.79238150426374
124 118.66744888601266 31.75515385097063
125 119.12592148205817 31.69668248308259
126 118.72414125095793 31.828501735054356
127 119.1221409566696 31.600366897121432
128 118.52368243601518 32.08655041092775
129 118.54288638722878 31.837619424385437
130 119.07029430269701 31.749011476075246
131 118.5533985472225 31.673111715267634
132 118.80128700085069 31.81917593685948
133 118.73493525579283 31.765390117628378
134 118.68146559619018 31.836797385409568
135 118.75115763093031 31.957061368817534
136 118.846420594492 32.03617600529307
137 119.11671488754239 32.263286375739085
138 118.93858724870778 32.39512950029849
139 119.13017156004706 31.6417387129259
140 119.10324047755229 31.795653907794147
141 118.59240601290004 32.103530296213236
142 118.77313384209806 31.749218475596994
143 118.85606333128717 32.29693385395421
144 118.67755832857715 31.770482598004413
145 118.88770914053693 32.17616199221889
146 119.18644259445946 32.10649036179456
147 118.64558893778234 32.22891694547189
148 119.05940208083659 31.640957317901165
149 119.20014847809225 31.779122186263944
150 118.68411317933628 32.1638008560817
151 119.11302627466178 31.68186867873104
152 118.61703704143933 31.62836830207961
153 119.15275566946742 31.887904463704213
154 118.69283440433006 32.0790238867669
155 118.6919634229008 31.616339077054896
156 119.13135843920314 31.66810797459468
157 118.69199898584131 31.639238645157704
158 118.6375881199258 31.926117810543865
159 118.72808526895334 32.14502822355525
160 118.98716731165655 31.76907029864203
161 118.50843648694224 32.287430981620226
162 118.61646587160325 31.9585039094863
163 118.58399472317578 32.09565829363979
164 118.85681795861095 31.824745327245935
165 118.53315071404447 32.10614853305958
166 119.1485482628449 32.38176822325728
167 118.8325333639771 31.96446552856951
168 118.91922372006934 31.776013970891587
169 118.66115375204761 31.939538323910412
170 118.98043027693427 31.950844595702126
171 118.50009316947516 32.020127908556
172 118.5582571511836 32.00460098553455
173 119.1378276876884 31.623833364536456
174 118.6279678315299 31.72083625762831
175 118.83708179486614 31.948402571815603
176 118.87881097032759 32.16564495199456
177 118.62255109331068 32.22861970469864
178 118.90921496488372 32.20715730196087
179 118.68245218745207 32.0195222107693
180 118.96004060453699 32.36924817384514
181 118.69313473273607 31.847748789312682
182 118.78941035808924 31.97325443331308
183 118.83663948573738 32.21964290868193
184 118.51699155409506 32.267082235373955
185 118.58518639984766 31.912571334451894
186 118.5402398416719 32.29244352805147
187 118.79774041276379 31.975534228810222
188 118.8818737887405 32.1756304931521
189 119.18943396229487 31.608503967187684
190 118.75272518010826 31.606853627442504
191 118.62660729959455 32.336454650691515
192 119.17118270041539 31.69437194820504
193 118.87728813649919 32.147518826029405
194 119.1613939392995 31.826400929982185
195 118.74141652496722 31.759416681394896
196 118.5594622617058 31.9030960449912
197 118.83272323629335 32.343995068102224
198 119.20729489739705 32.05821764254882
199 118.54396846582944 32.334568004843135
200 118.84090708082665 32.16091146404755
201 119.08429249196095 31.981563598155386
202 118.64779856075636 31.989822684196945
203 119.0585853421488 31.785035838091783
204 118.53680761858179 31.60962282887766
205 118.72239014557906 31.928574610033365
206 118.6282942047085 32.032743262467974
207 119.16899715341924 32.29979824942324
208 118.93220645886011 32.13091222455455
209 118.70138190890567 32.269949647643216
210 119.14588498006549 32.32681595611301
211 118.89344365613606 32.347220748147976
212 118.7595433023553 32.25001307714627
213 118.99217967686475 31.70553022544854
214 118.95278727246753 31.87989890443403
215 119.18259814749295 31.747912398319528
216 118.52596117582515 32.29553047527138
217 119.10716230845365 32.230984681389856
218 118.96828576152187 31.88495062474514
219 118.61051908787601 32.045367002271725
220 118.77109350541951 32.25124627135784
221 118.52211955944006 32.289393018537496
222 119.09932194649973 31.759706792715317
223 118.57242355896061 32.19283252916355
224 118.64470808782949 32.24464030033115
225 118.99177887835816 31.651630172724722
226 119.03215389682799 31.686143648962698
227 118.68696910183763 31.93666130475947
228 118.6132726019389 31.77259694113861
229 118.51197549666601 32.30196454325028
230 118.53779639239184 32.1728450099942
231 119.11545563757944 32.17016820929702
232 118.64057326198811 32.227257990648724
233 118.78385811114406 31.861584868465037
234 119.04922750216069 31.788812915455985
235 119.18022747247694 32.08895334402378
236 119.11494785621379 31.917454204189408
237 119.1225482432046 32.32513732424127
238 119.07419021382529 32.131115359541724
239 118.74013436445343 31.90309323345302
240 118.95816982172249 32.2680195716899
241 119.0100962740894 31.913779860383894
242 118.80082187719827 31.737985841695675
243 118.93259875185429 32.218735126111596
244 119.17619523020183 31.985514691001224
245 118.7212843083766 31.804202783813615
246 119.14236104856631 32.15762566938731
247 119.19851151977139 32.39014214859762
248 118.9062464374865 31.80001986174906
249 119.13703028082146 32.23010850241272
250 119.0089026412357 32.216294089253424
251 118.99502892262747 31.677863555613833
252 118.58448584167249 32.268019088687424
253 119.01983473904995 31.980036383114605
254 118.61738959938545 31.69483105492388
255 119.03429046420192 32.03478771887094
256 118.52744598849769 31.865632793654935
257 119.11702214042923 31.726068642643195
258 118.63404195735514 31.66706607781745
259 119.0977616972654 31.747428549367243
260 119.12264728824627 31.94793198262033
261 118.57419245437991 32.11155594204945
262 118.56093200445893 31.67505527132992
263 119.16594372885056 32.16440362828611
264 119.17903919233737 31.676773923838578
265 118.55126104758413 31.743704309485743
266 118.92537106110717 32.18486524755086
267 118.76882975557079 32.29454830829818
268 118.54188866230163 32.36672247405602
269 119.09887235601391 32.14205996470912
270 118.97574128409045 31.975037795014106
271 118.55161435202164 31.68405148981431
272 118.81815539263148 32.05034203671242
273 118.78796555020543 31.726705804693587
274 119.19279587843405 32.01285574302617
275 119.19221661198726 32.0905335334427
276 118.66811208337137 32.27776638755015
277 119.02493666216832 31.854936928249995
278 118.9570365330262 32.3842338265645
279 118.81236116322529 32.374175049706935
280 118.88621166829358 32.269490882721044
281 118.77162966828577 32.164400955205764
282 118.54310363185516 32.18255298530186
283 119.03740154587541 32.31626805323888
284 119.05440889430727 32.3540669896271
285 119.15535707189743 32.27446645691567
286 118.85595985377138 32.11410579424424
287 118.54526215453362 31.684182117763413
288 119.16086169746141 32.10912246194462
289 118.67999593386756 31.88132436420496
290 118.58481812566635 31.7104965705633
291 118.58269599813711 32.30440232316669
292 118.92785986385859 32.26951462433721
293 118.76592795117986 31.997403444811127
294 118.96810382927215 31.977966694279548
295 118.54184398188215 31.9878500250226
296 118.51384290047008 31.809524861135216
297 119.17140687518327 31.913848419851636
298 118.55677075054292 31.950196902983215
299 118.73110988081231 31.604647227818965
300 118.50973093061212 32.310673075483784
301 119.12798161675937 31.633010000894817
302 119.10058397669074 31.910853551071348
303 118.89780813014023 31.692107482793617
304 118.59931160295177 31.77011827427436
305 119.06915406035795 32.35496499417264
306 118.54082708666652 31.89480290035198
307 118.82493787243052 32.15918511494663
308 118.71789866340566 31.683487337000525
309 119.2007241911809 31.7836521571766
310 119.18242236351807 32.30040083478145
311 119.0756617859242 32.31151355059732
312 118.81559459817801 31.799177889220765
313 118.85467639303997 32.364221962141535
314 118.89092680394296 32.14177663613993
315 118.89275786892951 32.01002812771114
316 118.62258013261363 31.88644146419208
317 118.67043702813095 31.88509550206188
318 119.00284435207325 32.36417271048287
319 119.0972970899538 32.16465477580926
320 119.17038856596447 32.01279930626299
321 119.02785994117637 31.627572528832047
322 118.89955856087887 31.800855550057328
323 118.55954825459887 32.345111302605076
324 118.55556048033097 32.027965651666804
325 118.62611581015152 31.88471318081476
326 118.98600617316764 31.634198538292477
327 118.70373998950544 31.806820620515456
328 118.78574463496415 31.804702142848573
329 118.6141706377795 31.728708365048387
330 118.6600482199251 31.88636707221309
331 118.77359709853077 31.753676158140877
332 118.94676646446328 31.663720137281214
333 119.19912220753851 31.69369607015913
334 118.59991446218423 31.98795670243804
335 118.72055167768546 31.648946629334382
336 119.18540224674544 32.34152852664107
337 119.11911455552706 31.76557086941236
338 119.17706577056443 31.99018783209054
339 118.8610628325116 31.926074257443037
340 118.66104852847539 31.84780902808989
341 118.64851045987504 31.865436275072355
342 119.06920219824012 31.7908080340318
343 119.16360782598258 31.81879290147177
344 118.9321291801558 31.701516085744654
345 118.97105095800916 32.16652371439647
346 119.13315258877364 32.089167158976984
347 118.68238651463861 31.840124922891484
348 118.90862897766894 32.31649706302981
349 118.89403612811583 31.906165096804738
350 119.14468223202391 32.093904410977075
351 118.72981458987238 31.998278631257527
352 118.6004422577067 31.861097587457603
353 118.58297264890365 32.32308144071331
354 118.68398629481811 32.280951785473796
355 118.55648217708118 32.27616069087128
356 118.73091001998766 32.38222503727494
357 118.88900806477102 31.620747174359558
358 118.79714963529764 31.986735219489663
359 118.94348454186556 32.36130045864868
360 118.85626224693567 31.708213670227078
361 119.0243512721121 31.81164988391234
362 118.81955218144421 32.00192793594057
363 119.05096855046077 32.1169471375288
364 118.80883134381763 31.87605325622813
365 119.01517038889462 31.839700458557207
366 119.01974104666645 32.220775936134324
367 119.1015471848762 31.613893754284362
368 118.61732548136719 32.24005259803363
369 119.00865407687607 31.933151877582773
370 118.48402721364272 32.106919913374576
371 118.77908484173271 32.15698252720922
372 118.90319336169522 31.683527539537067
373 118.51114839633442 32.33496040961164
374 118.53788598199448 32.24831602921758
375 118.64549956189339 31.878559137232386
376 118.77366611853645 31.746308893489676
377 118.9979636751552 31.65246078122722
378 118.63444389560047 31.846124765511487
379 118.78560346923732 32.179333455079075
380 119.13064337318843 32.28274952671489
381 118.74402700131982 31.847546142365783
382 119.03991585286435 31.78350228845997
383 118.90758836702612 31.861657689805156
384 118.53958262310567 32.371354295923865
385 119.17591823958361 31.6782614789773
386 118.58061314578603 31.7457896244883
387 118.75370055695977 32.153398365072675
388 119.18863259692482 31.716843216255544
389 118.6818007975324 31.79110709006167
390 119.14333881492553 32.258034148986084
391 118.96857967352737 31.843492820399273
392 118.6281318177005 32.07253881426861
393 118.59985471221324 32.0394425365535
394 119.17740032515674 31.820511378425415
395 118.8189006171342 31.79854115195254
396 119.02217930829255 31.804639343198563
397 118.60281638251777 32.299800331305406
398 118.84907596530606 31.60880931259516
399 118.56392956205694 31.685135481337916
400 118.83458713005723 31.873938432647954
401 118.50303032152965 31.77304957652821
402 118.52180099693484 32.043129567788874
403 119.13444901177358 32.0235954477291
404 119.11146887062128 31.993631341914515
405 119.03330457661697 31.846104464041705
406 118.84888051879923 32.01250949931808
407 118.62933199071492 32.22131579492485
408 118.99807515389381 32.240167096393776
409 118.65809413057448 32.035399059739426
410 118.53818233224482 32.24172191570336
411 118.7173919633205 31.658315201919645
412 118.90504163531183 31.735955995437564
413 118.90169339201029 32.20006960523722
414 119.07678879518373 31.910123427984672
415 118.76821474905084 31.85135460925774
416 118.60780812969239 32.055648375437755
417 118.53688909068994 31.91109702678405
418 118.6433876237453 32.32545187531282
419 119.15639647304687 31.91211001082766
420 118.5156202405806 32.264336616057086
421 118.93489674037666 32.081701753885035
422 118.81883063773962 32.327554477678
423 118.6395649498804 31.988879484684503
424 119.00276776628577 32.3752759597935
425 118.90482532746462 32.05262026307502
426 118.55875871526325 31.631658011772718
427 118.97682578513793 32.17896208695186
428 118.54570942335933 32.30086368756258
429 118.65939097788068 31.668080724016875
430 118.88984840211523 32.36686708849259
431 119.01024841809785 32.05991885304637
432 118.8892629574415 32.200512700064536
433 119.11681191361443 31.770484151581254
434 118.98182517952912 32.3389949289793
435 119.17618237485482 32.123613135322366
436 118.68304620970592 32.03758077323099
437 119.18676572409039 32.37377148212956
438 118.65746779059286 32.054351205889034
439 118.63654940846934 32.00759210603077
440 118.62158741917865 31.642954846319107
441 118.57341888549043 32.041860527363674
442 118.94415522475703 32.197956055632424
443 118.4972681752101 31.899999864602893
444 119.07213792240096 32.14367573257425
445 118.93744636973507 32.03563797508126
446 118.70420966846565 31.7720201068587
447 119.1184984370263 32.03182182413808
448 119.09443017097472 31.989421096647103
449 118.93018076496698 31.863678550582257
450 118.53753723686022 32.13388683365006
451 119.19555135393604 31.6612537557352
452 118.91778257864372 31.887051078193373
453 119.13697761413248 31.947269232945715
454 118.60727966847936 32.390138831804
455 118.51380639694897 32.162760284615004
456 118.71506853768105 32.102292948298405
457 119.05299672807503 31.728701320466037
458 119.07289179951184 31.952958844159014
459 119.11992552785206 31.895079594851204
460 118.72275750043734 32.3554375858053
461 119.06066727260615 31.954110212577515
462 118.59498235165542 32.27652729629615
463 118.8802006364367 32.143589953429476
464 118.53940238321918 32.27980581024184
465 119.00955852123468 31.59484073809863
466 118.74893424854979 32.352648427408575
467 118.57525010775036 32.36430304230316
468 118.96302135438683 31.713852674551106
469 118.77954610150398 31.644189744863045
470 118.71191879996123 31.866250259084833
471 118.736329908591 32.05358717477632
472 119.04521069033228 32.01929338710528
473 118.78795518261421 31.956489565089623
474 119.1230659323095 32.32218285307475
475 118.60858892068235 32.04585806000448
476 118.78422115441236 32.340313677167636
477 119.12093022235459 32.05117459561947
478 118.90872481322204 31.747282411928687
479 119.0015898758773 32.3957028321472
480 119.08246504612507 32.38971381404651
481 118.86113268169949 31.95596758964529
482 118.60411612562584 32.198475279888065
483 118.71241015613379 32.12360824080431
484 118.66601479077079 31.740537792367654
485 118.62364566214033 32.06388257473694
486 118.92043521973683 32.113212808962025
487 118.63772947683643 32.06837609510016
488 119.08046510312623 32.02756283204956
489 118.81167282288581 32.07298447126102
490 119.0685101328277 32.17171128196622
491 119.08849593180207 32.2246439816193
492 118.98632469490234 31.685684402241492
493 119.05752514520668 32.328034563638184
494 119.06569874689019 31.982435099080686
495 118.91448680403755 32.153255401398724
496 118.71640298779366 31.906896081616438
497 118.79185996903156 31.653834257280224
498 118.71471763322798 32.127821356287456
499 118.82843569529487 31.893032258508175
500 118.76542963372128 32.03191708566689
501 118.73918634193708 31.805998666883916
502 118.56376404595468 31.76425513367822
503 118.78772184472645 31.81272701578659
504 118.57987818265603 32.298998060518876
505 118.75019929073764 32.350547509452106
506 118.58385629382695 32.36922695715742
507 118.75343001523105 31.944223201536012
508 118.88854324939399 32.237635701389074
509 118.54556430655084 31.74031229413026
510 118.66106412540748 32.19274656478869
511 118.7898044783917 31.947907042825385
512 118.68600673183032 32.27224804882475
513 118.88660238587168 31.763225816852305
514 119.08161026951822 32.247143892107665
515 119.04713884064465 31.665798246785517
516 118.67423238037678 32.28846133254122
517 118.64167962071392 31.93847361523892
518 118.8881099005118 31.716975141787774
519 118.76911933930023 31.8338258666562
520 118.52813803327057 32.17380894470828
521 118.6508334726739 31.951176808403666
522 119.1720965254541 31.7899762044598
523 119.15763035519139 31.806256577831633
524 118.75791271008862 32.14570530604822
525 118.52448583428374 32.12183260889119
526 119.04984777702748 31.650881762661683
527 118.68607996209263 32.25995844058617
528 118.51964207393435 31.701427250560684
529 118.68375035725553 31.788495024479513
530 118.59442218892946 31.61693552367511
531 119.12388746483643 32.02624045868636
532 118.63704309428473 32.285319742062
533 119.02416308699918 32.34423304719356
534 118.59909397180492 31.961767748586226
535 118.55294324370963 31.693441761583724
536 118.7756215406782 31.996800096610666
537 118.93461260795351 31.82318659042629
538 118.87790849673159 31.849536058004972
539 119.0745496420302 31.779257010355884
540 118.78813764923258 32.35401122644794
541 118.92529029418056 31.921108937651383
542 118.53895452214563 31.594721327290237
543 119.020318883778 31.99991394942616
544 118.9833446305956 32.14888987621877
545 119.06191261740462 32.24893503657849
546 118.56869748894029 32.19836357386888
547 118.8081667789167 32.163033331972805
548 118.96257807642907 31.771211117221092
549 118.49486859969254 31.868091682543064
550 119.10572967831115 31.954785045792686
551 119.07085367650964 31.72143163304838
552 118.86316858286135 31.9499678747264
553 118.73953253031374 31.68484502732831
554 119.00059551910881 31.667891150902236
555 119.12286926296606 32.26313807620763
556 118.84846303961189 31.724578495238188
557 119.12495397956488 31.96549830688506
558 118.59896057574488 32.08852109412143
559 118.72728995150824 32.35641176578785
560 118.99042702427249 31.843025202991964
561 118.75792375870364 31.756687098224777
562 118.86068378679447 32.29903726340195
563 118.95915119421596 31.835208874022136
564 118.9130167132139 31.824006916342842
565 118.81607777423656 31.720954733020402
566 118.61616462647633 31.961802196010915
567 118.77646450834202 31.771960040079804
568 118.65727158625788 31.897773669563417
569 119.04455371102776 31.862002692567593
570 119.05870031422248 32.10242924673489
571 118.64751955335258 31.954240144923805
572 118.91438296142022 32.12397442750158
573 118.99236596403526 31.841052470159216
574 118.82059678456773 31.887507815739838
575 118.53903286121941 32.38488671419324
576 118.9823759514884 31.786462647554455
577 118.5435536964156 32.20551826119821
578 118.96780656362647 32.15525514865031
579 118.57516022527246 32.10165169703523
580 118.93775467443562 31.694263942140225
581 118.6931489793644 31.5823926693632
582 118.76367435377372 32.19263429978006
583 119.1907594265968 31.655865261602568
584 119.16177889525481 31.8011174430622
585 118.89951215385872 32.38671432990048
586 118.95457748719373 32.375438527929596
587 119.07238441333614 32.34837339276223
588 119.00961769217443 32.047292360314614
589 118.59146661280072 31.962948050323885
590 118.79349240253347 31.96455558715752
591 119.08293171036114 31.870094212860607
592 119.01221290910635 32.38299502226008
593 118.62727547792983 32.241106748590646
594 119.1025110605732 32.4130137447276
595 118.93181692905134 31.843920205774467
596 118.7069424709062 32.06952529783109
597 118.52874314024903 32.13636330794895
598 119.03107261953205 31.91076973440757
599 118.80720069324695 32.07015423838078
600 119.18390379334926 31.737846193858193
601 118.67870873226343 31.84537119794813
602 118.54977628410111 31.71820394247525
603 118.65447730578335 32.101630388059334
604 118.79060378776508 31.870553192481506
605 118.51978201991972 31.934513546945446
606 118.74759837134239 31.89693192132122
607 118.66674564739986 31.651707092704182
608 119.17476752324751 32.3307061227194
609 118.62781880231928 32.17055005695777
610 119.10504810906393 31.852958364366245
611 118.59230149081368 32.30648257154071
612 118.90287178301325 32.15929027540687
613 118.94775312574465 32.37993334524406
614 118.88558845330051 31.991564893779312
615 119.17020618634697 31.697229763918934
616 118.8066704812965 31.68623401988682
617 118.94499478470733 32.19584135734066
618 119.1100721118544 32.055287764876994
619 118.66390654913555 31.76962624864152
620 118.85921175094262 32.018779144273616
621 119.18109288103089 32.01856239491439
622 119.03650827780261 32.30120533817708
623 119.00891313862617 31.636150188025248
624 118.77893963973442 31.68430037404174
625 119.11299583663157 31.943374040177893
626 119.07494422625763 31.703678793590196
627 118.80377411357414 32.387249340368385
628 118.89839170746455 31.76441644303069
629 118.96703254556968 32.0951307190665
630 119.04430223673117 31.949977317832047
631 118.81745634400289 32.228937817246916
632 118.74073279789324 31.62699881781503
633 118.60017904556015 31.851783483806585
634 119.0204271063982 31.982585825868576
635 119.03118814672816 31.696730312538275
636 118.62006864693116 32.087274611723544
637 119.11160503114975 32.014534847903924
638 118.60958098836618 32.26177685242667
639 119.08116285213883 31.96125163023346
640 118.60313843512859 31.849252488044993
641 118.94407881658819 31.838822304844765
642 118.86914168273385 31.799325610944443
643 118.59980474041578 32.347661995223355
644 119.0148899046195 32.23704193002237
645 119.02377528714489 31.874992006152326
646 119.12007064512724 31.948303270805216
647 118.83654174685753 31.678166051321178
648 118.88844616569084 32.074549711097134
649 118.95003114571607 32.18730865120715
650 119.11466890409933 31.791984254129456
651 118.79039089602402 31.970511861115146
652 118.96960924718366 32.13083389625542
653 118.91773030853957 31.96575169200016
654 118.63197812269875 32.027944312709984
655 118.98297334935472 31.750369475089997
656 119.0927710440506 32.22781948694135
657 118.81545627011668 31.690157930520385
658 119.17449866522198 31.982012239519015
659 118.88746041358456 31.851531479610212
660 119.1221360689375 31.68809271870949
661 119.02332448555023 32.292288529976034
662 118.77635010904586 31.747754954805828
663 118.72390686201106 31.975162801583856
664 118.76024197911478 32.09554016475538
665 118.74200407149061 31.82756588753345
666 118.52749430237125 31.99032558509686
667 118.50620379933311 32.01395269037801
668 118.78695319054542 31.944432825187334
669 118.63850164263485 31.88834806141601
670 119.09746943205894 31.788427470817272
671 119.18108453537185 32.3392404040161
672 118.7075383096889 31.993909322530346
673 119.02587832951626 32.15971263049065
674 118.75240172697696 32.01779896318373
675 119.10969045721541 31.84079149553262
676 118.82320296626455 31.994742256935318
677 119.15016156452288 32.25880743585587
678 118.97844876131876 32.28855115581399
679 118.58435290445283 32.3369731097297
680 118.59489658463954 31.7758285938561
681 118.80649572191268 31.869245394075634
682 118.91386416837886 31.690878360309487
683 118.8612935854671 32.39903218134437
684 119.11848736401366 32.117642507919825
685 118.5132194506127 32.16728607716687
686 118.57968893269457 31.962400272848637
687 118.71151777319761 31.80947944542568
688 119.09983430941755 31.92295800466967
689 118.49719926628708 31.84236708419059
690 118.88734499672576 32.01915096309354
691 118.50352309590934 32.246074507185504
692 118.88229766870235 32.25912496276572
693 118.83330166511763 31.84387468666733
694 118.5792830809313 31.73659968360541
695 118.92111822494827 32.19928748910251
696 118.92499241696201 31.92919732843013
697 118.8183815630027 31.748696358628045
698 119.05309678151629 32.11361923320786
699 118.55419866763 31.686261209120172
700 118.73518245064366 31.681971673740723
701 118.84473133207277 31.605387164984702
702 118.7217489571344 31.74715967517642
703 118.58715893733219 31.970512060041617
704 118.57846000708614 31.741225547855954
705 119.0437206025225 31.640849828428117
706 118.67479266039531 31.995976336677067
707 118.96001770039781 32.31548431456565
708 119.09792418202052 31.599847817086545
709 118.70718044794353 31.78532373357311
710 118.62664798519502 32.33936005226417
711 118.90157835245834 32.12111350388126
712 119.08111951589228 32.261219134777136
713 118.7631779508293 32.32044661344095
714 119.0865674803643 31.784235887559532
715 119.19443345045205 32.1989168549929
716 118.96768444708692 31.81320066400594
717 119.11946681523808 32.33937673765765
718 118.56292249003927 32.363247720566086
719 118.7811689147063 31.72791835375267
720 119.11439923324033 32.27194808172379
721 119.0100172918064 31.657132664540203
722 118.57279009067956 32.08348057783279
723 118.66876817277509 31.982410591664067
724 118.72123415819479 32.065097512964435
725 118.95916146069598 32.19741708688654
726 119.01571209722019 32.30543878652835
727 118.83928102166949 31.990009237639025
728 118.51828201223006 31.652409901382555
729 119.1334409441914 32.33798239163226
730 119.15565432280303 31.64378968168632
731 118.7313388873592 32.236792724219484
732 119.06336598206707 31.71468310988425
733 118.86303078958137 32.33531754010077
734 118.83306163534384 32.091562753596634
735 119.1600403858656 31.85296287683467
736 118.50477795179006 32.28563395447286
737 118.79366916796013 31.731181367575946
738 118.65027360041081 31.77462849556318
739 118.82690802432009 31.84432495328948
740 118.80752760296734 31.927822469065642
741 118.62290856665606 31.78570589285957
742 118.90304207782101 32.32312872915285
743 118.76984380123398 31.964719511015332
744 119.13746107326999 32.359874742329936
745 119.14366515709864 31.822732891254727
746 118.77508961024586 31.97143420252737
747 119.03407596127042 32.25666307197472
748 118.93711308178146 32.38992671500354
749 118.76147261048388 31.969070862239516
750 118.68393816625128 31.98852204197115
751 119.14666706982915 32.36272242416013
752 118.65118583303635 31.945092951891862
753 119.03912123210661 31.9493641766403
754 119.0371589196281 32.38286059074252
755 118.63394729862388 31.999992068126666
756 118.762978367987 31.69041324170907
757 118.79591300884945 32.356649448276414
758 118.85397101073805 31.994585616117014
759 118.9229931539849 31.879311512832768
760 118.75519183615876 32.324248419391715
761 118.92857848184558 31.60851292352602
762 118.80592804635947 32.351731427909286
763 119.16958547128463 31.672294858984795
764 118.96713212046187 31.65753329205761
765 118.8720136136162 32.33127472835082
766 118.90883791263826 31.969581595143982
767 118.58387484847596 31.733567007572585
768 118.69349366323202 32.388596399078345
769 118.98414547155714 31.85917844957405
770 119.20580677573427 32.34290295286182
771 118.72293453000692 31.96910735410104
772 119.20237121929863 31.915928074027825
773 118.74769977816774 32.055009528442255
774 118.81401417804238 32.32597467280599
775 119.17797290306208 32.38137472344813
776 119.0686132348646 32.143245125355726
777 118.87500115725236 31.906754559167357
778 119.18016743723851 32.26099752480758
779 119.20247494443785 32.33326620182509
780 118.6057093876446 32.05027990056618
781 119.03907611263192 32.17717873453537
782 118.68905279752659 32.30096939531496
783 118.7156735939398 32.15085723206955
784 118.8032729087573 32.1001243162271
785 118.83008507063275 31.901891755092677
786 118.59835409837328 32.081764326935975
787 119.02317858185448 31.77769849886787
788 118.50442373362583 31.710503963798296
789 119.18657938235535 31.805777400676085
790 118.68033409249487 31.957738894900405
791 118.99118004463043 31.869361212048425
792 118.8716209434816 32.16916752106672
793 119.09490899696654 31.909131793959045
794 118.6393700664535 31.979287322373295
795 118.529436135193 31.8235261027531
796 118.62437623051783 31.65450969739083
797 118.97441173486501 32.167856780450684
798 119.06597335929999 31.77358796076834
799 118.60617628099646 31.985711994059294
800 118.91122349504136 32.08412045087059
801 118.51816295244967 32.142694985266104
802 119.07339776395493 31.942133276562938
803 118.5704755388218 31.811643116330277
804 118.6183522345591 32.31462856266875
805 118.94721138432196 32.123313717115636
806 118.82651850085529 31.80723785196899
807 118.70287236616174 32.226796203459706
808 119.16270508464167 32.03161780628073
809 118.87119406416511 31.947850437408714
810 118.61962664874655 31.69367093854071
811 118.78803583171248 31.779092975641213
812 119.00546118139022 31.698063913723665
813 118.82672324636532 32.14379128966843
814 118.57695493149068 32.1782687344506
815 118.60789317914575 31.970407363500268
816 118.67441308906834 31.64093273455565
817 118.87512252602734 31.734909528579937
818 118.94252381639186 32.34757939607815
819 118.83795947426226 32.30818720530504
820 118.64362365847934 31.905999600447714
821 118.74614853390251 31.7008737327475
822 119.12245177521619 31.955342674388625
823 118.67471388599641 31.937255531404865
824 118.96974857830655 31.61376871412724
825 118.76621918511312 32.17623533865346
826 119.1933428155085 32.126826474956296
827 118.49536267831455 32.04723716902842
828 118.70520814457501 32.240225630664796
829 119.04156241980706 32.260316396998554
830 118.52845743512722 31.76281861334101
831 118.7737495866182 31.664506132538207
832 119.17248507653338 31.90172286995724
833 118.97579902128481 32.28982562156753
834 118.58578567526818 32.21651457514322
835 118.566365816705 31.793365772515177
836 119.16702016515754 32.209787028277184
837 119.13220408136536 32.05749687446514
838 118.63879347785175 31.819960895136557
839 119.11710197423652 32.16798145482318
840 119.01682961615754 31.84034901653424
841 118.77703334231263 31.859409030989628
842 118.66408270972407 31.775358410707845
843 118.5960957692878 32.05421822003189
844 118.6529626441367 31.967791218108502
845 118.84194920505618 32.08843124369343
846 118.53332399655652 31.628511680340882
847 118.93260695083676 31.927677708965128
848 118.91848508749037 31.631567760891667
849 118.94418895982152 31.859643177312623
850 119.07582259929059 31.6730157241437
851 118.54707214959734 32.036339258724276
852 119.1842023039565 32.33826597410258
853 118.82646595104606 32.28272482520758
854 118.83687597385104 31.99541403535758
855 118.60679823553852 31.884597976401583
856 118.96430788807577 31.623064553376796
857 119.12272723718685 32.12759839073544
858 118.55744015838059 31.833048852557425
859 118.71514130323072 31.932958270325514
860 119.0486730727863 32.09713735295707
861 118.5224161706528 31.744702627496892
862 118.90442452867318 32.03068451559125
863 118.6663905102595 31.977148627141236
864 118.86722496598095 31.911616311687027
865 118.60566921755873 32.27481159623879
866 118.74553821402755 32.198434818019365
867 118.74132451303036 31.708415273291678
868 118.77248596797715 32.321282119606025
869 119.1648415220707 31.5945099699184
870 118.59318414833916 31.78972684495329
871 118.67743543960454 31.7108543749084
872 118.97225434385483 31.871707788752047
873 118.74640247316654 31.69014994735764
874 119.14745987429839 31.82943058041748
875 118.75279061402033 31.904616494742857
876 119.16524927503845 31.984221261267887
877 118.61681950042276 31.825904420525774
878 118.81980314474673 31.652457741820974
879 118.86534747188325 32.006861301239105
880 118.90587072517091 32.08647287204752
881 118.77491208448642 32.11574825817277
882 118.863814367312 31.607349910437836
883 118.66581410862361 31.68430918415228
884 118.66653604374297 32.136043758266595
885 118.56752000513312 31.714315062514203
886 118.87116161546103 31.6741930823904
887 118.84332955267324 31.953715326041774
888 119.2009042145676 31.902192945796077
889 119.05526653276011 32.130954362743715
890 118.98942514849577 31.619017961024518
891 118.70595233677535 31.79708800602231
892 118.67254714477589 31.813447674823212
893 118.98640096462502 31.87078404327116
894 118.64583829354984 31.60246257935432
895 118.5392642849478 32.036562453375204
896 118.70986420671643 31.601608474565115
897 118.87667671566528 31.849009717811114
898 118.62884920994746 32.32804416306844
899 118.57965269613673 31.72596890148502
900 119.12281980902114 32.124352005166
901 118.84137090400439 31.99041372027931
902 118.51050002970813 32.336078897703516
903 118.66963256710193 31.94925228647091
904 118.54664578687412 31.745326403243613
905 118.67583692965808 32.404673539416315
906 118.79807061997995 32.170555702182206
907 118.59070016614632 31.699555544458956
908 119.1394002745582 32.021849782643926
909 118.84945195890927 31.857495610832498
910 119.09734355054064 32.30149154592458
911 119.07240065690691 31.732929834370392
912 118.59180536456618 32.11413919761466
913 118.54832189848223 32.36042801916669
914 118.89472755114657 32.34689990362095
915 118.51865778393257 32.327305582386586
916 119.05864974414217 32.132867257417935
917 118.71811950757481 31.854131617433858
918 119.01257793176212 31.653929521266893
919 118.62830260612289 31.73667845457099
920 118.72151984686417 32.31399285517233
921 118.94265797679083 32.17102176912793
922 118.65229921250952 31.672998592345603
923 118.65471283521079 32.38005708131265
924 118.7450539064025 32.001526347394176
925 118.51424100214123 31.747508625293577
926 118.98151074144474 31.97889635270196
927 118.578322738842 31.925785257762985
928 118.65439787878162 31.78538216345173
929 118.54660551601513 32.09697182708845
930 118.81726052941114 32.01624530278672
931 118.68401607362713 31.805207259191647
932 118.86250019753594 32.22218590524723
933 118.95717186981194 32.03362867462256
934 118.6491618978962 31.87491980714643
935 118.73780497231893 31.725872847076825
936 118.89164906808612 32.005341102953146
937 118.67877780205883 31.716154088011276
938 119.12581684310628 32.31885430063486
939 118.53093013661689 32.012815592306275
940 118.5950435656679 32.33763194883688
941 118.70799439250207 31.861025612606372
942 118.95243766470368 31.956747869064365
943 118.558941284286 32.02617878390466
944 119.13791256134554 32.30722835868725
945 119.12869153374146 31.69965053978371
946 118.96642364122246 31.91229815723857
947 118.76165817174031 31.672386991257113
948 118.68424068136133 32.346913744491026
949 118.73412209810631 32.26328396847657
950 119.1281296036096 31.92107916314042
951 118.86436006591224 32.12870271393734
952 119.15409486070769 32.0493033401579
953 118.83273987861944 32.080563302070445
954 118.6512438566505 32.25330902234589
955 118.57502737846055 32.374005710861695
956 118.97718923891954 31.661931692017845
957 118.70356231888155 32.06132873549164
958 118.95189500561798 32.329012552455225
959 119.15432567128967 31.932945480615306
960 118.5170631543114 31.793556468056217
961 118.56457408592732 31.69496599828566
962 118.72410897162624 32.1018125452107
963 118.72048716240182 31.76822089871724
964 118.77176403916953 31.899075243730202
965 118.81482355194426 31.9108974541361
966 118.79434607218451 32.09145338395232
967 118.55990386812266 32.359555843806376
968 118.72184223356888 32.39942470464914
969 118.59227788744354 31.835193239228552
970 118.63129673273811 31.818850518156616
971 118.90676442193245 32.192567951165884
972 118.5318084335714 32.161618157718365
973 118.68922019288622 31.823292243092254
974 118.92546756675705 32.35132804365345
975 118.69520970714552 32.24216764152012
976 118.84740498849003 31.75747129501928
977 118.81363224504537 32.006732911967134
978 118.93857005048338 31.664309534341477
979 119.08561546446676 32.03183594601299
980 118.69815335536265 32.05090895299714
981 119.13908295746927 31.758113998492444
982 118.95912948361463 31.66582065398721
983 118.78563790441122 31.73059903203089
984 119.07310125910591 32.00845372506563
985 118.79178239055298 31.65057181721631
986 118.97268053354381 31.748878952735236
987 119.12286914994976 31.738703739049683
988 118.70097735659273 31.931398687645444
989 118.83511522961973 32.02195167390907
990 118.7662519383104 31.874583573991682
991 118.57707815856408 32.10605488173887
992 118.5708987149435 32.330584271229036
993 118.56332614691087 31.786863113086476
994 119.10803649462258 32.381741056844554
995 119.1276003092799 31.85247405327691
996 118.74047054392939 32.099077461783544
997 119.12103674521384 31.898193584276687
998 119.16260227645371 32.14691701131176
999 119.04064833137208 32.289102656910956
1000 118.65721471741327 32.23860497322208
