1 118.9432375117583 31.946454647187284
2 118.89729364503302 31.6128945475379
3 118.61521574952639 32.04833828103213
4 119.05541085571208 31.971040675732006
5 119.17127116757214 31.94367856626864
6 118.96015890174687 31.873445517352625
7 118.90238615122522 31.750511696010133
8 118.61199197839778 32.07501672686471
9 118.69640429504877 31.830332474339187
10 118.7463292804109 31.81597185226698
11 118.61834524207084 32.09723234023368
12 119.20245701411194 32.02919291636238
13 119.14477450942708 31.714057029638383
14 118.76619936122941 31.984681267577123
15 118.61185061318463 31.73787060191524
16 118.76946506869278 32.23540167679138
17 118.62975004707873 32.306280031683414
18 118.87380755749778 32.00125259270049
19 118.66133932354289 32.28553429641654
20 118.52889877372085 31.668176030429
21 118.93770453527625 31.995427558956305
22 118.74692291946778 31.637388475545553
23 118.98073404463898 31.939083299245578
24 118.85714510866595 31.68806890927488
25 118.97144191262042 31.694674371259783
26 118.72481389319624 32.09059719113004
27 118.89900840404829 31.777080475907304
28 118.84011332238643 31.672224110804432
29 118.92758453662965 31.78449264445222
30 118.52588977550369 31.870047244828008
31 119.18509479007045 31.9809033297888
32 118.66917935666386 31.762425291279364
33 118.55124396084582 32.096660161907856
34 118.70997195644553 32.004739832452316
35 118.99329851055968 32.03356541568893
36 119.1484568866023 31.912991747288952
37 119.09141212327629 32.20810657960181
38 118.70553224863326 32.05321551412684
39 119.0945467131342 31.71008745940903
40 118.55500521970542 32.14363525301203
41 118.56125835209073 32.37034365777165
42 118.64016160861102 32.01546884309342
43 119.0383162001795 32.30439378607684
44 118.99891266907241 31.87363413705902
45 118.58176509411689 32.06542127155853
46 119.01236325984398 31.94074446844065
47 119.02991633099589 31.92471162937758
48 118.60414132247426 32.24103227142851
49 118.95973079037171 32.03120065259946
50 118.7842585845808 32.356978603214785
51 118.53863927715952 32.0240339949544
52 118.87548498903183 31.676679273185833
53 118.84377540072168 31.89754707570663
54 119.10558627469156 32.28357702870697
55 118.94144608037449 31.957923730522477
56 119.102711267764 31.626786027763274
57 118.85342723834002 31.82119126221568
58 118.9989437459862 31.642513681580986
59 119.17164228929737 32.380833152994796
60 118.52118293176768 32.380734345202484
61 118.79408073855315 32.2456585844415
62 118.80999369156112 32.07763257764565
63 119.0402469540059 32.22549207445591
64 118.53187048183096 31.746355147824872
65 118.90230999297009 31.83202585601594
66 118.68622780069602 32.006467460092715
67 118.79908477485142 31.885995038837486
68 118.97227511132797 31.65252409173658
69 118.93429016451712 32.360786603436196
70 118.66773011976677 31.975048420920537
71 118.63367781368949 31.996393279385575
72 119.07296266433387 31.87857458518479
73 118.85177664513027 31.825180161005076
74 119.16831886332463 31.892540108065315
75 118.95432781976213 32.26761466259193
76 118.64864174376912 32.222941199333015
77 118.6157482600686 31.874148879164682
78 118.73254603755521 31.617537187198245
79 119.04293427687027 32.22508397861216
80 118.82911494701443 31.808020489641336
81 118.89349196332593 32.0764656587768
82 118.9259611867966 31.61176247652516
83 118.65561678170518 32.1165120041772
84 118.72462627953573 31.932392733976247
85 118.70974377028546 31.972599760362176
86 119.13431351193611 31.932294807930795
87 118.5147493029896 31.886931146315455
88 119.17815441111284 32.02253010229148
89 118.61384610220749 32.390324773352575
90 118.85406650634762 31.699830600268363
91 118.68814117896214 31.86368135661719
92 118.7026539038468 31.621602980774316
93 119.03048567726242 32.20831942716277
94 119.00205479351334 32.1325997932406
95 119.0308700930894 31.766988804372954
96 118.60894774369523 31.907848705636955
97 118.650675428389 32.136856245061004
98 119.03546385986829 32.14212786583669
99 118.56879084714399 31.72793851585605
100 119.08739727466912 32.318828213649574
101 119.10954309175295 32.2376187021067
102 118.85862920716484 31.687472887774256
103 118.98589474829872 32.28643091606488
104 118.7240944030545 32.20616778042128
105 118.94334683054674 32.25202883264324
106 118.5262968131901 32.027736308721416
107 118.6837891483728 31.787037394015968
108 118.79124031470612 32.36275493851801
109 118.87000194768001 32.079093363835334
110 119.19801733284675 31.873691313576813
111 119.21883041361798 31.834638195198785
112 118.58426703834847 32.323183560800565
113 118.70595547730908 31.955456332145214
114 118.5567886026779 32.04633986569029
115 118.72904904418706 32.11013690362728
116 119.15291870201287 32.2695603575367
117 118.9122599882625 32.088734029453875
118 118.52649460642542 31.739211389096642
119 118.88750014762809 32.056500357114246
120 119.15896819860693 31.99412611080024
121 119.19398558729145 32.040562017617994
122 119.13399340258918 32.16089250649905
123 119.02738555825749 31.788150939657108
124 118.66109834889744 31.748812697037316
125 119.13740632617375 31.68870486868829
126 118.72362303699903 31.836479699970695
127 119.11279942824022 31.604298406574124
128 118.52041660913598 32.09207020276489
129 118.55123140265073 31.83397207372572
130 119.04596838666406 31.75365510749384
131 118.5529055521509 31.674150418315968
132 118.80648623824536 31.80925625136559
133 118.74901272052212 31.778070829011757
134 118.65612232130114 31.83811728774692
135 118.7518743624692 31.96594738194461
136 118.83680689563154 32.02383371113959
137 119.11294909618388 32.251845000969965
138 118.94266401475184 32.36899409786045
139 119.14075626999436 31.645350440879252
140 119.10426876055399 31.800871665347753
141 118.59667809598685 32.09278518311392
142 118.76808001467414 31.763157687001893
143 118.85840204817346 32.299179598672396
144 118.68804148591884 31.74934425156616
145 118.8811996611281 32.168167099933434
146 119.19847546435123 32.09724829884833
147 118.65701983065212 32.224955789248106
148 119.05135355978382 31.629530428138313
149 119.2045709406091 31.793287772422914
150 118.65966818693472 32.173342560319064
151 119.10875546871567 31.706221897429415
152 118.62342444380926 31.642449155230377
153 119.15197449129865 31.89022651263301
154 118.68689768050427 32.09423779798099
155 118.69167935786626 31.605800086055357
156 119.12969467951805 31.677738054977933
157 118.701889531687 31.619726046990422
158 118.65268956449263 31.92183581397654
159 118.71888346658355 32.141328136633184
160 118.99384468433271 31.76532634806008
161 118.51076466246828 32.2743955116742
162 118.61938483227736 31.950892519938442
163 118.5768224811449 32.10464910208815
164 118.84483428444187 31.827720214684813
165 118.52095124418078 32.10607809680832
166 119.14836000203152 32.38508849101405
167 118.82436113369194 31.96533433410052
168 118.91740336756789 31.766340665902057
169 118.65595513806991 31.9578409770863
170 118.9986864921547 31.9326042371826
171 118.49866446923642 32.00545518422594
172 118.54998593582945 32.01233037206152
173 119.15084933963466 31.644373524889453
174 118.61899439434973 31.726521174683988
175 118.84342948377981 31.966545842755767
176 118.89066041721931 32.160717025961056
177 118.60691337573468 32.24112422484948
178 118.9176834412327 32.203512623088855
179 118.67587596720763 32.01872731730424
180 118.95984985230827 32.36685562535661
181 118.69669389900595 31.852852102012132
182 118.77249885450159 31.977862650163942
183 118.84722549033735 32.23094908052427
184 118.50054220438653 32.25274558832214
185 118.58424136497166 31.91392759109999
186 118.54687589111978 32.28258164562772
187 118.79281393277066 31.95803465725425
188 118.88668868878747 32.181205134357114
189 119.18067972024895 31.586882728044518
190 118.73408187694231 31.62157059289629
191 118.60861396135905 32.334411949436394
192 119.16291486444533 31.691721578279296
193 118.87816538214753 32.160459276677805
194 119.16049550871826 31.832492360442036
195 118.73680810927084 31.75266873969034
196 118.54459043236702 31.884221916506494
197 118.83893228311976 32.35472519752088
198 119.22615471178558 32.06497970081693
199 118.54417503790616 32.32351495712769
200 118.86224516300493 32.167285297350126
201 119.08636254501819 31.976539469012717
202 118.65989776319519 32.001686507386026
203 119.06110273917534 31.785507743788074
204 118.54185016611062 31.610037291191208
205 118.70847698067077 31.910616088400936
206 118.61544780624753 32.03997374602294
207 119.17010018174142 32.31343165794677
208 118.93443007674772 32.1244231081835
209 118.69910756405494 32.262426216430605
210 119.13627614355141 32.32017355329628
211 118.89855873257672 32.328459922874394
212 118.7604713595991 32.240686345190866
213 118.98601324771246 31.711836992761302
214 118.95126394292464 31.876130424072443
215 119.18722982630037 31.749934681584527
216 118.51790297122938 32.29127498505138
217 119.08880367818492 32.21348099684732
218 118.97655917713374 31.882704728035907
219 118.60813279646727 32.049054481910204
220 118.75803781696767 32.263995925269676
221 118.51665009193009 32.27560118033269
222 119.09446230386412 31.750099908094743
223 118.55784298695153 32.199174521837534
224 118.63837823491566 32.267367363319586
225 118.97607273456477 31.66678578032177
226 119.03243984593729 31.671579934726218
227 118.67803938698508 31.94027862581025
228 118.6272547320117 31.78596973169439
229 118.52486159116636 32.30722302403816
230 118.54540695972165 32.19519979083363
231 119.12857855289899 32.1715390200057
232 118.65398156670061 32.20052344373961
233 118.77281630128815 31.83834185466153
234 119.04670014886983 31.780066510326048
235 119.16632453574199 32.08179219671771
236 119.12795401612968 31.910289504307464
237 119.10969210488308 32.333600464416755
238 119.07459244685221 32.12893780508811
239 118.74602514455358 31.902747498051873
240 118.95564177517576 32.26163253311291
241 119.01182803759013 31.913503884944717
242 118.79578181938017 31.72756003066922
243 118.94016972741977 32.219284894507176
244 119.18479318736401 32.00519532369703
245 118.72381921089715 31.793724336930268
246 119.16070840525214 32.14707248404935
247 119.18516185769201 32.39115710033095
248 118.89173850355212 31.802720320915732
249 119.16363734345718 32.22762365627547
250 119.00161914560705 32.19049772289696
251 118.99344720234691 31.700794765273642
252 118.5727379545984 32.27683162446173
253 119.03172943949568 31.976757081641036
254 118.6217859054744 31.683334395066602
255 119.03586864820197 32.01942706017404
256 118.52715228658897 31.858713717031076
257 119.12290971060045 31.717693524665357
258 118.62619908112596 31.667196413410178
259 119.08888352045028 31.772040404908182
260 119.10263871037931 31.956149585185937
261 118.5484458221595 32.11404464095478
262 118.56386493198136 31.66341019379088
263 119.16112157849953 32.158170561732305
264 119.1816964748699 31.689912618011377
265 118.54754780873212 31.739619734003746
266 118.93680059885776 32.17930332759865
267 118.76863388941506 32.288267034686534
268 118.53961198802375 32.35324155530706
269 119.09914923648965 32.11095225029946
270 118.9636411194677 31.964743899462636
271 118.56855381268997 31.687494942766257
272 118.81162895331673 32.059056365695874
273 118.79215331633822 31.71876668488523
274 119.17731757415781 32.001747174911806
275 119.19144719862798 32.08265957521202
276 118.65840617085394 32.27506440752449
277 119.03241552919017 31.854360935397207
278 118.95231024492558 32.382995058947735
279 118.82621543208361 32.36610340555238
280 118.88908993244422 32.27197551612233
281 118.77877045860394 32.17639438307444
282 118.51641232471577 32.16881274223256
283 119.03298282522877 32.308175213436364
284 119.03296204881134 32.36258719527017
285 119.1375252427352 32.258057534250575
286 118.8367954486811 32.130452093083555
287 118.55747965872648 31.696078105587805
288 119.16281728306312 32.10241477003653
289 118.69264590856245 31.882995101509156
290 118.58495871246834 31.715134611054754
291 118.59841016866292 32.3114962570517
292 118.92023950978634 32.25890043346964
293 118.76153679653821 32.01132124668637
294 118.97508983762975 31.968604445788426
295 118.53836895672208 31.99542417606409
296 118.51610968431544 31.82149737566113
297 119.18615382700506 31.900139290566447
298 118.54718365331539 31.961338147690977
299 118.74235453295178 31.621627604254346
300 118.53145148138401 32.31367580827507
301 119.14327358154024 31.63664770562938
302 119.11086425724478 31.91847742958729
303 118.8952069523074 31.685864458906995
304 118.5880464064936 31.784205328495826
305 119.09273781610808 32.35558479020534
306 118.54746690696645 31.893621644257447
307 118.80595976934386 32.17375687352667
308 118.7130371867077 31.689047513727687
309 119.20686117079603 31.780084174318777
310 119.17300757403373 32.30039379676353
311 119.06762339185649 32.314870603147895
312 118.81062213287495 31.78717425360093
313 118.85836563616301 32.380041763380106
314 118.90423719941191 32.147715916563364
315 118.88740910979757 32.00710777158431
316 118.62396341242865 31.877687989151273
317 118.66930057235638 31.874439009703195
318 118.99838412691889 32.38714775307671
319 119.09372788124624 32.16142579459728
320 119.16439121757844 32.01299544052861
321 119.05382804686677 31.633614548225996
322 118.92369456763187 31.802509925883875
323 118.53831614675997 32.33750058239226
324 118.56163768470095 32.03735320902002
325 118.63440531577503 31.862290510512157
326 118.98429056981534 31.642761683288683
327 118.7036287752833 31.814363330560372
328 118.77856758856302 31.790936074127643
329 118.60234925038341 31.728079186236595
330 118.67120211644878 31.884921173595384
331 118.75306078060495 31.740269182380374
332 118.9387371242173 31.67168577888993
333 119.19908094980028 31.71142007898606
334 118.60284750473951 31.98909326261489
335 118.72779304682822 31.645155877289135
336 119.20314799562308 32.34861031661038
337 119.09873445449676 31.773182642212415
338 119.18254949347013 31.99269745595512
339 118.86006047943864 31.918556204032594
340 118.66822394541848 31.839667697086853
341 118.6342287434391 31.864399751106465
342 119.06229041235144 31.796924270261428
343 119.16309127281345 31.827575391499167
344 118.93071903278785 31.702465239678627
345 118.96989157699397 32.13959340595534
346 119.13619384610624 32.09272497869324
347 118.68004685313961 31.848068858714136
348 118.91063320568534 32.315025941748466
349 118.88762091597022 31.922793302301894
350 119.13517795833816 32.08933507666858
351 118.74211312302711 31.994778838144732
352 118.58159762858212 31.865633176678582
353 118.59461991048815 32.30414671944611
354 118.68709649546068 32.28634226704833
355 118.55565319368195 32.27400602263408
356 118.72475966757762 32.393658871576974
357 118.87817155440652 31.62597652157303
358 118.80071609328539 31.989032140147728
359 118.94385873250893 32.36176478327603
360 118.86898513888802 31.697774792913595
361 119.02284460622435 31.79789303655926
362 118.8272135164107 32.00858185241499
363 119.0536420102608 32.107455749005105
364 118.79820088469515 31.871641731716394
365 119.03083577127873 31.850452345561386
366 119.00829708305506 32.235085840520505
367 119.09583287199366 31.618624367586392
368 118.61280194147649 32.23433073128879
369 118.99696011865761 31.94214364836912
370 118.49428015191474 32.12361237694506
371 118.77309258045656 32.1664094873341
372 118.91821209940922 31.6830243387183
373 118.50243813187653 32.342224413970655
374 118.54167797411007 32.25646078286078
375 118.65233282087168 31.87433844497635
376 118.79115776689201 31.754270464587197
377 118.98223472395414 31.663641985927477
378 118.64954220225181 31.835187558570816
379 118.76887773272813 32.17800029639828
380 119.1377858365437 32.29375461116712
381 118.72712851875107 31.840467050681806
382 119.03672816952995 31.794207857861252
383 118.91669578793083 31.852881235164432
384 118.56237974414252 32.37838596209376
385 119.17711859784478 31.66172969202998
386 118.59205369890972 31.734197355643243
387 118.75539782042542 32.15322357559083
388 119.19227476928958 31.69823979076112
389 118.67796416119852 31.78201559463265
390 119.15052013400218 32.26462039453747
391 118.96580897278773 31.84447182830819
392 118.61644035023411 32.086007723129
393 118.59068892056214 32.02377308109759
394 119.17876999261891 31.830545692029023
395 118.81483344258234 31.808646893747845
396 119.03881721716141 31.786371811627117
397 118.60245915928914 32.30044246945587
398 118.86457517056412 31.614224774691813
399 118.5748676989371 31.69251575671589
400 118.83057243755334 31.867734970615118
401 118.51016362206596 31.767748721803454
402 118.50126604141641 32.04625689813156
403 119.13275272853977 32.02679441322139
404 119.13471833894785 32.00363083306824
405 119.01586814820277 31.841944031814297
406 118.85002409957302 32.01943381902779
407 118.64230735453457 32.22110928791394
408 118.99448672931335 32.24161525859754
409 118.63811072109256 32.034850929800854
410 118.54725150814886 32.240456423302895
411 118.71219680832218 31.666574081206885
412 118.9093665709046 31.737308243056585
413 118.90840907825563 32.20206534168606
414 119.06267399648283 31.91979902439706
415 118.75647763798871 31.866843190147183
416 118.58558736645898 32.058207621630444
417 118.53848197229453 31.911709773042563
418 118.65237934274784 32.3325962701091
419 119.15723951724833 31.90500527589039
420 118.51287264920441 32.25100698160291
421 118.93735642739036 32.093752267194084
422 118.81077822910808 32.345607901658
423 118.63968251695532 31.98899298202894
424 118.99654341328275 32.36674541863199
425 118.89888539469523 32.04562228474544
426 118.56588266197173 31.623168335927936
427 118.96320801244075 32.18888445851838
428 118.52821898947619 32.29828157976378
429 118.66171829885336 31.661855970215317
430 118.88559918663171 32.37579697872181
431 119.01603130993371 32.06222140151954
432 118.87114494090113 32.19568291779001
433 119.09136136048467 31.779473122934352
434 118.98199690370487 32.35496186521027
435 119.17724248972338 32.11893061516076
436 118.68345128785934 32.056686433935944
437 119.18835670383449 32.368670317268936
438 118.65405670044179 32.04802497469472
439 118.63453298310222 32.01628166734158
440 118.61395487803684 31.62686591543
441 118.58604865355694 32.04116886903304
442 118.93678538759265 32.19348828252147
443 118.50311859996329 31.89966145714505
444 119.07430441736881 32.153739325793715
445 118.94855798578048 32.039781993913074
446 118.72727102160812 31.763957661760045
447 119.11970750431183 32.03967536428569
448 119.09529975909248 31.985867217774945
449 118.93220375654445 31.86447456848868
450 118.52255624511817 32.1305339048252
451 119.18622356861957 31.657563070159597
452 118.92354910156445 31.89482316872751
453 119.16035491442702 31.944509440724485
454 118.59440290401093 32.380621831150115
455 118.51111446164256 32.163728169584026
456 118.71348345525838 32.110550167775436
457 119.04559981499189 31.725803999462315
458 119.06720420781005 31.96401713323452
459 119.10069248483055 31.900914068377716
460 118.7207454450285 32.36163063892921
461 119.0551838161768 31.96301475320136
462 118.5968746965181 32.27177431981533
463 118.89245688400678 32.14756108714196
464 118.52476892003594 32.272403575574806
465 119.00285769104562 31.57990077034206
466 118.75510241809256 32.349059098775804
467 118.56885733741758 32.35916047489404
468 118.97621753356822 31.723877549641387
469 118.78571025683897 31.636807203996277
470 118.70117071244401 31.861106286432452
471 118.74719056271982 32.02301968453852
472 119.04187104142129 32.02034730829122
473 118.7969850514651 31.952463649390957
474 119.1193386919257 32.324389680321296
475 118.60235471515837 32.04844295080522
476 118.78300804199938 32.34659912437238
477 119.12994669200354 32.06143192075358
478 118.90483598312832 31.752237635432188
479 119.00136800743427 32.400648106763015
480 119.09480693386318 32.39224652665832
481 118.8683385380477 31.950940399323112
482 118.60827978019122 32.19826358842554
483 118.72758764808135 32.11953411092266
484 118.66366943809398 31.755227779858018
485 118.62858633175715 32.0713551500324
486 118.91347593119824 32.122796793744634
487 118.63686126139743 32.08164940628201
488 119.06844359010549 32.03417911105746
489 118.81544801436037 32.0706634811185
490 119.08248450597257 32.176152201973956
491 119.0910801297588 32.204443415603066
492 118.98205595115209 31.683304267958718
493 119.05261132599279 32.33217881832114
494 119.06279184989056 31.996661210766863
495 118.91636934456267 32.154703844945686
496 118.7243200403886 31.905850063749266
497 118.79612721837339 31.661452156697994
498 118.7053196765421 32.12073851919997
499 118.82695575693124 31.908123488438093
500 118.74533610577464 32.02136551202723
501 118.75222310985875 31.80814613577231
502 118.55731443504382 31.769682656225562
503 118.78283399075823 31.834294721245605
504 118.58798440583361 32.297134253759054
505 118.75542255563748 32.35298294385291
506 118.58452508380806 32.361789354435174
507 118.75955369328996 31.942948588138616
508 118.87634102600222 32.23157616584254
509 118.53806708174527 31.738136008940007
510 118.6604610093659 32.18184224305385
511 118.78371256733321 31.923477221253204
512 118.693779795757 32.2598872384376
513 118.88445969540113 31.781020404197072
514 119.081560529366 32.24735875292843
515 119.05199073278287 31.677662840747
516 118.68734498712979 32.30057301402936
517 118.64164105945142 31.95196181668088
518 118.91587777025227 31.740323436561763
519 118.77073596120015 31.841564629604317
520 118.55209842303825 32.179514607054244
521 118.65090374064191 31.96781430426807
522 119.16790112973433 31.784950439121882
523 119.14556660898027 31.812192277806464
524 118.74821505818234 32.144982208080805
525 118.52613720458241 32.122470520183015
526 119.03759496531907 31.641297181075263
527 118.68475535871892 32.26775876009745
528 118.51675197770984 31.697008903061572
529 118.67647198031094 31.77717332161008
530 118.5893831952567 31.612002746585585
531 119.13367231511687 32.02987286230749
532 118.63453052961628 32.29426348749339
533 119.01237802337364 32.33345706537207
534 118.62956933754886 31.97231433024576
535 118.55599369884983 31.695437810363053
536 118.77504478359336 31.99283612774547
537 118.93505513346413 31.82756363759236
538 118.88656054203649 31.8399651403402
539 119.0548353905472 31.773634287358718
540 118.7807122520527 32.352427819307735
541 118.92588782581763 31.909934869339406
542 118.53788631788777 31.59085422853464
543 119.00831167142333 31.978623724194613
544 118.97279158307101 32.13600184778917
545 119.06467204557104 32.243209510134605
546 118.55003152655324 32.18904649917575
547 118.82307302141746 32.14730038833371
548 118.96716261245861 31.795301378364538
549 118.49064965187596 31.876508637868373
550 119.12147593454226 31.929114987604244
551 119.07359643755002 31.724544499493774
552 118.86187751273422 31.967066245132568
553 118.74679165842991 31.684501492321232
554 118.99980606316934 31.668688780175582
555 119.11881648022025 32.25926704980906
556 118.86637814402907 31.73122620342052
557 119.1245651489285 31.96396272520303
558 118.58086722435331 32.07692201396049
559 118.71872031824651 32.3496921064548
560 118.97721303228957 31.863092790381963
561 118.76273158420221 31.737417400531125
562 118.85964932422365 32.29536480131432
563 118.95535046332859 31.836478588462324
564 118.90380274942548 31.82868780457787
565 118.81242117424505 31.73078157957774
566 118.61655088715223 31.95425346468958
567 118.78426277186902 31.75587838844301
568 118.64851888990681 31.904285874074645
569 119.03093894949804 31.858634679322286
570 119.05689831460718 32.12855376724225
571 118.64529778904563 31.955276671896584
572 118.91615138300291 32.11419276971136
573 118.99574546465345 31.841645871899768
574 118.81906585046322 31.90043533755793
575 118.557356666481 32.376984256773525
576 118.97010259492335 31.801317182553515
577 118.55395880091751 32.19638010601201
578 118.96766684424207 32.15444509565525
579 118.5796368162691 32.10272791347181
580 118.95095818298901 31.68953080499879
581 118.68615893355391 31.600038630466866
582 118.75856447313988 32.20545031783999
583 119.18683190474076 31.654238314952316
584 119.15617399903542 31.796743019750032
585 118.8852535511847 32.367182781489156
586 118.95406649072157 32.37942714555717
587 119.05490410814359 32.34104411686571
588 119.00832409813984 32.048529810061105
589 118.57961146008081 31.968767556497614
590 118.79298359542844 31.974706522828875
591 119.08208992421405 31.872879708198482
592 119.01944152222589 32.38902776863498
593 118.619309109512 32.25504284310875
594 119.09331763322132 32.417691027805134
595 118.9424527706681 31.841534777466695
596 118.70537973763786 32.07150030245726
597 118.5262453469445 32.12598718572791
598 119.01574130176222 31.917279130429737
599 118.82704414836964 32.06108080668354
600 119.18574061638738 31.735696339717077
601 118.67260156634268 31.854678475458186
602 118.55886295019351 31.708828109746026
603 118.6702117735503 32.07388355680119
604 118.80145738948227 31.878266098795656
605 118.53252149691079 31.940656327806433
606 118.73898651623675 31.909765396274615
607 118.65805900065737 31.64043988683839
608 119.16712234501095 32.332976423675305
609 118.63511994956947 32.1551596154122
610 119.11526196103411 31.844766246206202
611 118.57091041674335 32.324267564947974
612 118.90199009043332 32.16298009558768
613 118.93813550708555 32.3945762822291
614 118.88854089709106 31.987133573038246
615 119.15852650069506 31.68388581610143
616 118.80709626285436 31.689788274063538
617 118.94360601657527 32.17451406626027
618 119.11627764369449 32.046273048754244
619 118.66048098171314 31.773746570740393
620 118.86252614884636 32.007782090522056
621 119.19135534668287 32.02141998662515
622 119.05159818007142 32.29974460394349
623 119.00816510140329 31.606081564648523
624 118.79618275629755 31.703588058559266
625 119.1152207662389 31.919917273624105
626 119.07753577021195 31.688164349376635
627 118.80095999692101 32.36985389563022
628 118.88559021829684 31.76362480983709
629 118.96197517403174 32.101618843042914
630 119.03063227417944 31.950895974716
631 118.83460183675481 32.21676696383929
632 118.74501019335219 31.625734852780894
633 118.61379038887479 31.86576313672016
634 119.02795705636044 31.97990308416921
635 119.02454569381477 31.683704288234676
636 118.62316495315669 32.068047153147425
637 119.11397273908192 31.999005022844567
638 118.60044512743187 32.26808214502818
639 119.07779630512532 31.972368619418095
640 118.61426037819648 31.854905866506435
641 118.95324910400875 31.847433636975992
642 118.86001053388532 31.81982057092185
643 118.6055851133405 32.344813425739694
644 119.01965328292653 32.235800694113976
645 119.0061118378746 31.86559626407561
646 119.11894515289318 31.951866740118515
647 118.82277083046586 31.677694484537927
648 118.87121582697837 32.06889701745651
649 118.96671364780465 32.18760771629071
650 119.10866987019155 31.803820337269187
651 118.77685652162609 31.979847585560645
652 118.96407411111655 32.13025176797033
653 118.91507561303493 31.98428613039456
654 118.63655499343493 32.02984661484611
655 118.98814647033933 31.762906944975587
656 119.07486020451032 32.21351522306108
657 118.8279040830157 31.68903108096419
658 119.17943309267059 31.977714350903266
659 118.87439572263146 31.844935965848826
660 119.13076033214357 31.695457791420996
661 119.01736925714087 32.2986498691324
662 118.77649121690172 31.754195632188818
663 118.7307097910279 31.979457579908345
664 118.76850909201181 32.09595703284272
665 118.74672911749116 31.844547514188914
666 118.52709728899912 31.999614053409143
667 118.51564168982107 32.01116760798464
668 118.79359007748404 31.944229329120986
669 118.61895848388949 31.882437993672454
670 119.08453981572217 31.783072702748385
671 119.16539741754744 32.32393813284224
672 118.70616787920027 31.98759697010281
673 119.02463411924577 32.15028273363748
674 118.750317739161 32.00991118290766
675 119.0993669093127 31.84951070108542
676 118.82356748358896 31.998521184699708
677 119.14942585623373 32.234910334425855
678 118.9975851456985 32.28192805509629
679 118.58462664258198 32.36204248204458
680 118.59839214289572 31.78981473095508
681 118.81246893357797 31.868113123158682
682 118.89958338917289 31.686770541081252
683 118.85436952719827 32.41181588806759
684 119.13008709829427 32.11312792419061
685 118.51883820235092 32.14308091098541
686 118.58407420007852 31.96464003964957
687 118.68689923840175 31.81856990129756
688 119.13153902198798 31.923273296856163
689 118.4900477434357 31.85397107310791
690 118.88012986576712 32.036660028317
691 118.49378828511564 32.259140867781156
692 118.89045774326756 32.27133116111813
693 118.84482508419535 31.843159414270886
694 118.59516557328074 31.72378030771449
695 118.91194514278129 32.1898561522731
696 118.9355266189215 31.93166420595127
697 118.81650464430498 31.738558611734835
698 119.03762036119718 32.11055253167513
699 118.54339899911241 31.684938948496903
700 118.72492074555475 31.68383274054781
701 118.83769445015679 31.589986474617536
702 118.71568902459211 31.7485647476551
703 118.58832027386154 31.970351696226487
704 118.58121642061188 31.747490885427435
705 119.0462958201675 31.63921699711248
706 118.6899098539563 31.991446975227383
707 118.96056166623444 32.3127416256092
708 119.09319434747597 31.611536528556716
709 118.70903024932659 31.796842854962804
710 118.61883268769066 32.33561880267794
711 118.89809530634199 32.11829358453707
712 119.08693828360471 32.245323822131034
713 118.76252742388486 32.30807447298174
714 119.08397552080012 31.774829375673274
715 119.1891327917677 32.21488258672509
716 118.97513644566219 31.820563229089263
717 119.12344848896751 32.32415927837125
718 118.5521756015505 32.36002783217331
719 118.76837169141359 31.730928072365817
720 119.10761362087274 32.28790543160011
721 119.02438903767529 31.65016674293654
722 118.57509270409918 32.079803306286585
723 118.66412298342247 31.980916228509678
724 118.71787587415076 32.07948308596781
725 118.93954446524586 32.206897292610876
726 119.0220003604873 32.30804370273229
727 118.85047313098909 31.993063141302322
728 118.52642847294081 31.642532658384095
729 119.13071500487584 32.35663760814893
730 119.16637912409134 31.644454063188267
731 118.73806706433236 32.23959474789437
732 119.07384159893276 31.723921520912867
733 118.86690853239753 32.324906457059946
734 118.8239295260296 32.092339334207274
735 119.16813074150471 31.84632813583587
736 118.48587131437942 32.279636116996684
737 118.78104236138967 31.726361526653275
738 118.64262019508695 31.782038311966126
739 118.82200419706524 31.834079857202735
740 118.80330048116174 31.91217621903686
741 118.62853142429913 31.797948947342583
742 118.90777180785979 32.323002577799045
743 118.76799261512882 31.952157447632462
744 119.13174217055443 32.363127317240235
745 119.15888321885136 31.84118084734283
746 118.75200808743776 31.97165115762603
747 119.02907197472356 32.271364291423744
748 118.95270443450497 32.38976375172866
749 118.76358448798969 31.96962324518804
750 118.70003334880546 31.969636344382316
751 119.15289447761407 32.347559075509174
752 118.6661138334151 31.94347703794799
753 119.05154638837236 31.96042412207882
754 119.04191184814513 32.378436112385494
755 118.6286753156197 31.991623291396905
756 118.75723622882371 31.67699646479136
757 118.80819122305907 32.36352017237393
758 118.86210844765576 31.952420092155734
759 118.92312031872513 31.88879616072443
760 118.75994854132534 32.32038064863279
761 118.92898074968554 31.59880994135721
762 118.80326120480635 32.3680943395283
763 119.161109075949 31.658550239982365
764 118.96688092181765 31.653053708070892
765 118.84818281534078 32.32545401087778
766 118.8877742572506 31.962024719685637
767 118.57947721267122 31.734083743880195
768 118.677911560572 32.3768819048745
769 118.9954912923005 31.84562374091845
770 119.2141759259223 32.343275277605755
771 118.7381860764348 31.980986598169892
772 119.20548880298534 31.91860052941514
773 118.74679890256138 32.05058155751169
774 118.81388860489719 32.31925075954724
775 119.173149980922 32.385866513370225
776 119.06885689317672 32.14365047424799
777 118.8759500809016 31.905293247012477
778 119.18298926314198 32.26899372247641
779 119.20937408543502 32.334554936096346
780 118.62190053085122 32.02892854711463
781 119.05596398757767 32.19070455473317
782 118.68296688932335 32.31792696195313
783 118.7121753629271 32.16715069275023
784 118.79998515169905 32.109684694456675
785 118.83831053023785 31.885607443184213
786 118.59271630001584 32.08289671954489
787 119.02604810375927 31.77970920968524
788 118.51315150661313 31.710175407631457
789 119.19763492787479 31.802462983394268
790 118.67497019010293 31.94193439911627
791 118.99549755825076 31.88117338724773
792 118.85704681926995 32.166559146961944
793 119.0924888523167 31.911705230663777
794 118.61883537906587 31.977753973445143
795 118.51969448695053 31.814412296650605
796 118.62401569935392 31.67568256783346
797 118.96324101282373 32.17612885120615
798 119.0789743701978 31.776449179047344
799 118.61330409683761 31.976571267984323
800 118.92033162371622 32.088982423986096
801 118.51756949073672 32.13059822065043
802 119.06844972949561 31.940408281581508
803 118.58533599961132 31.79144034680332
804 118.62349168199373 32.31912660040147
805 118.95039760678706 32.148422664454166
806 118.80746764631839 31.795849981170022
807 118.70262256927761 32.24280426427478
808 119.16966364035835 32.05397232297107
809 118.87063793389851 31.965313139216317
810 118.61664577823994 31.697921057991582
811 118.81320093896392 31.789501394097723
812 118.98828284720092 31.685704067007016
813 118.81975982259924 32.140010273183755
814 118.59336762877652 32.17502801596795
815 118.60756723433053 31.970417186615187
816 118.65981241173111 31.649298103431388
817 118.87733487608374 31.71968561477888
818 118.93657974671059 32.33949628092917
819 118.82939294463672 32.320310614329244
820 118.6282327588375 31.919563943136644
821 118.73436436318185 31.725242846073357
822 119.11692396162508 31.96650018735699
823 118.67722829779126 31.934168913115418
824 118.98013762448686 31.61669257151111
825 118.75498552532603 32.17891158943318
826 119.18878614732071 32.09731728854353
827 118.49276612833991 32.042360273098964
828 118.70658518126362 32.2502810443985
829 119.04481842929663 32.27777928427288
830 118.53943720490795 31.766431868980803
831 118.76623834374152 31.65489810769118
832 119.16433400514606 31.91185584915651
833 118.97818546577038 32.27877268318504
834 118.59248294567921 32.21643148974495
835 118.55523129028451 31.808501391263082
836 119.17018446001659 32.225377644290845
837 119.15097112951268 32.07534764384757
838 118.61851151465302 31.802405068481587
839 119.12227792195287 32.148695964439604
840 119.02067287023522 31.839904478976166
841 118.79405439754808 31.866600680698966
842 118.66514270044283 31.76679054755471
843 118.59420579165707 32.04675460541455
844 118.661035148735 31.993082742386804
845 118.82806712426252 32.09709203431987
846 118.5316570052355 31.601001962284336
847 118.93649617595848 31.929951998647397
848 118.9308195337266 31.63852792783725
849 118.91008865732218 31.8542742919932
850 119.07997424228193 31.668576824396823
851 118.56084901946672 32.05723006976786
852 119.19432161277108 32.345391609020055
853 118.8276413668466 32.269594986832374
854 118.83852501385269 31.99520140869097
855 118.60158289082653 31.889761217682533
856 118.95087345047871 31.60345913485271
857 119.13510138277861 32.13180227294683
858 118.5614091843313 31.838220080388147
859 118.71034669071713 31.94181929844247
860 119.06252905219924 32.08608236251461
861 118.5131508244223 31.75462214057303
862 118.90725333552524 32.04099860463197
863 118.65983060953259 31.960275272413515
864 118.86438100508231 31.913370474843322
865 118.60309277237644 32.27204912325127
866 118.74190858599387 32.20051775587862
867 118.74628868548554 31.69083159925703
868 118.7797205555002 32.31481905479348
869 119.16629783986136 31.586553380972827
870 118.58290424625376 31.782134887617257
871 118.69515005356828 31.698142322926387
872 118.98086725787417 31.861252851490093
873 118.75616845983289 31.691625601741276
874 119.14402554419902 31.819179638654994
875 118.73893312307938 31.9316500586581
876 119.15146545734972 31.98535027399921
877 118.58608037442207 31.829954305960122
878 118.81651233089005 31.648541724966975
879 118.86300876392545 32.00855921488087
880 118.92377787509348 32.07972805700511
881 118.78154712677083 32.105219083476854
882 118.868106094246 31.604306560895417
883 118.64511264929237 31.685300656425294
884 118.67008398009261 32.13000531044964
885 118.57419374900996 31.726787724498642
886 118.8837345379438 31.700022320345745
887 118.83689421306542 31.946857130271447
888 119.19242515572175 31.906502820202178
889 119.05541334848027 32.12489244790961
890 118.99940159744102 31.621714860104685
891 118.72891923311735 31.796872997708086
892 118.67015537710863 31.80450815013374
893 118.9787609824058 31.839030881829462
894 118.65842960558459 31.60474788629383
895 118.52681099231546 32.043360442832075
896 118.71770099176261 31.595473097712016
897 118.85911355658878 31.83096236074264
898 118.62690024630517 32.32421805237229
899 118.57649884265462 31.72355664769753
900 119.12802816766286 32.143669947466286
901 118.82485575439635 31.995339729163533
902 118.52810069630002 32.330926232526906
903 118.66912767848822 31.9543765547303
904 118.53730770957695 31.76281362753268
905 118.69099196125386 32.39833970966948
906 118.78930963129426 32.16409157584265
907 118.58365001047383 31.711838035622094
908 119.14311721414379 32.031948733620375
909 118.83473392402963 31.87107722224572
910 119.09436111512625 32.30762731571869
911 119.07149185258848 31.73358608515277
912 118.59417003325099 32.10488128261873
913 118.54417048126463 32.36247850515082
914 118.90185292794473 32.353266096387344
915 118.5196031729643 32.310614580215464
916 119.06961283560062 32.12189509167249
917 118.70793575505093 31.84438933452851
918 119.0327214325241 31.64602106671332
919 118.63055140365958 31.74441996131213
920 118.72716310561135 32.30960808591857
921 118.94881911217269 32.15508218744899
922 118.66376402904486 31.662115923495232
923 118.66623381597796 32.37604719112669
924 118.75624440917278 32.00310411391732
925 118.54107905444701 31.752372530083576
926 118.98382631900022 31.97669853993173
927 118.57892075689992 31.94011627088056
928 118.66860435452728 31.77508421745218
929 118.54671487439269 32.1018338568361
930 118.81949428362412 32.028625429199025
931 118.70551432906467 31.81153966231635
932 118.85261956672208 32.21683300013152
933 118.95017908727101 32.02740701067845
934 118.63788490215356 31.881382085446816
935 118.73871665615414 31.725934542029876
936 118.874637951937 31.994641259388253
937 118.67425504475102 31.72407289068586
938 119.13098721663958 32.331646456134216
939 118.54465693665921 32.02798502690943
940 118.6103812667872 32.33343448857914
941 118.70417624861902 31.85576289612004
942 118.95038114436707 31.947225571581384
943 118.5427575114641 32.02232232127114
944 119.13703321806655 32.30908171851118
945 119.11585869017371 31.708508259207385
946 118.95614203481531 31.913990880279858
947 118.7507569291796 31.680710443904903
948 118.69240254891541 32.35544119792406
949 118.7196906485787 32.24297536777613
950 119.1250352240712 31.92844972901347
951 118.86808510972861 32.12161547059795
952 119.16434246600382 32.05410148399842
953 118.85319904017373 32.08223594484914
954 118.64368658827277 32.26529953607088
955 118.57349172279977 32.37800012839787
956 118.96256037842332 31.666433189999328
957 118.72322770593065 32.04414847774803
958 118.95373984024698 32.326950561899125
959 119.17177482191397 31.925081539229488
960 118.51547574400273 31.788274644349215
961 118.57664950654336 31.692249506520003
962 118.73232790627205 32.122397447892624
963 118.70814457986718 31.748166832923594
964 118.75820894143189 31.886687547102696
965 118.80577664024467 31.895155887124343
966 118.78135284421165 32.09232321281263
967 118.56172324870086 32.383004106301634
968 118.73088110657054 32.39914262819777
969 118.60116062095861 31.841191062682
970 118.62122956069527 31.81352821605348
971 118.91849903605153 32.17622532085807
972 118.52339708904898 32.15859221285413
973 118.68592218798165 31.831971518216367
974 118.93732794526925 32.36703454636423
975 118.70115660005469 32.24624024107021
976 118.85279445250607 31.745540909710268
977 118.82401494667053 31.994254743970444
978 118.93403078603647 31.65296275520987
979 119.07877494938575 32.03680974455187
980 118.68617251109131 32.044329938756334
981 119.12740005451178 31.759047038832573
982 118.96867445578157 31.654912838594075
983 118.7793580356689 31.724676788666844
984 119.08372324968533 32.01890781056038
985 118.78342430866127 31.64308893323974
986 118.98488270141578 31.755852937344617
987 119.11656543527575 31.748807560893386
988 118.6860033450266 31.92068467015838
989 118.84071882698501 32.020447416220264
990 118.77640633368655 31.88084863678258
991 118.56736159013076 32.10203300469083
992 118.57179683181559 32.33312311376225
993 118.57027498288588 31.795333408794512
994 119.1288838656477 32.38815898906624
995 119.12485813147603 31.864030543231493
996 118.7403951385949 32.0912232075721
997 119.0951332892466 31.887751673737814
998 119.16553141968618 32.159620696985314
999 119.02433769259815 32.29443169600481
1000 118.67222562492283 32.23652650156478
