1 118.94239897342369 31.96411229146615
2 118.89784784624935 31.620044715760194
3 118.62489949325494 32.05706343615006
4 119.05871925948055 31.97076036255586
5 119.1583055126489 31.968530939257594
6 118.94094794552402 31.876721892741276
7 118.90944411308645 31.75048799803983
8 118.62118526490836 32.06623233142745
9 118.69161424100116 31.838215844440533
10 118.76070452457384 31.824619478225177
11 118.61934470987381 32.10943716278448
12 119.20396244332132 32.04312754346614
13 119.14129488557558 31.726290804696365
14 118.7655172031545 31.99412436535124
15 118.6199001587013 31.737334575515803
16 118.76917313046458 32.23707532065156
17 118.62514364305588 32.309229892568226
18 118.86793111612278 31.984113133059363
19 118.63734763725867 32.28214463335027
20 118.53911428935665 31.688337913970468
21 118.93540140203844 32.00730101832002
22 118.75268326799878 31.624284591221656
23 119.01170358914608 31.923961717299917
24 118.83997215658884 31.694930054135433
25 118.97998876285254 31.68733247083276
26 118.73497321002509 32.09860659170439
27 118.88553173906816 31.797058271835464
28 118.85918850192505 31.668826299993587
29 118.91352708695517 31.785846788754903
30 118.51999430445828 31.87031584284955
31 119.1894385650916 31.995846936987757
32 118.65962753367054 31.73974582803642
33 118.5467176350443 32.1213738622395
34 118.69974320983683 32.00306595952711
35 118.99628210167769 32.03135151553183
36 119.16784933748872 31.916192106806857
37 119.10693203902669 32.20529037036764
38 118.70069929007863 32.068420589758205
39 119.10256147155663 31.712543590344062
40 118.54243765325295 32.179532811704114
41 118.56890524478877 32.38018535126717
42 118.62617332607464 32.024273396279405
43 119.04638053865617 32.30169396140549
44 118.97013568098951 31.88996075463552
45 118.58194124186461 32.07158604775847
46 119.02183939084814 31.93613825896854
47 119.02186587392812 31.918019812987076
48 118.60852317285156 32.23171387300441
49 118.96789676340849 32.02671020532215
50 118.7988399406358 32.35514854821259
51 118.5485951795521 32.04538491751896
52 118.88440412307615 31.66998083209365
53 118.84710593112212 31.87431046458524
54 119.13140733142744 32.287493411833815
55 118.93619092845451 31.961486030297802
56 119.10804716167866 31.59800456161805
57 118.86307379922992 31.80789101554669
58 118.98066837489368 31.654116316538612
59 119.15428452984594 32.37310848380945
60 118.50443944615249 32.383128875332964
61 118.78936331626646 32.250779256213605
62 118.80896150552726 32.07459791758784
63 119.04609314776346 32.236150367098766
64 118.51534912475513 31.745979924553847
65 118.8939176394601 31.85176095348279
66 118.69019452114532 32.004696645768234
67 118.78532582665812 31.87007478165628
68 118.96888967946552 31.669623049988004
69 118.92206805524374 32.34312979739847
70 118.66505789590542 31.97197579738405
71 118.60558483596054 32.00529925067482
72 119.07402878815967 31.876248033228904
73 118.86999977300592 31.813733182141807
74 119.16113975196072 31.900809465526255
75 118.97000015743139 32.27542147678632
76 118.63558029192804 32.22052479719341
77 118.62331907700639 31.87402305123142
78 118.73693500447678 31.63403943221677
79 119.0571128199659 32.22584398309996
80 118.83493701665222 31.810698071736603
81 118.89262058534376 32.07366162885432
82 118.91714882135365 31.61352661882485
83 118.66153585533962 32.118221083878396
84 118.74250157803854 31.935588884982863
85 118.69365701357353 31.977862949242184
86 119.1431194818119 31.94388367774665
87 118.5110806718289 31.883048090266698
88 119.18692026537302 31.997651927908944
89 118.60738287880649 32.39291795115854
90 118.83006449348588 31.727577673619134
91 118.69063533253453 31.86078876050675
92 118.68993370689373 31.607006077978
93 119.03071590953478 32.20002104305779
94 118.9884658561262 32.138208774315316
95 119.03492595331277 31.771893762002225
96 118.61426140730752 31.91452137993929
97 118.66160325293755 32.12681136256488
98 119.02362652317613 32.15282377499929
99 118.57042073108015 31.71189708602773
100 119.09782575694932 32.33693939265868
101 119.12159163126833 32.242943845367364
102 118.85125498240836 31.678645740570662
103 118.96942695057301 32.27800136922457
104 118.74593341120313 32.224394620123384
105 118.94161047555549 32.25226985576935
106 118.5226464108586 32.019928273731615
107 118.68811275492111 31.7916815488804
108 118.79608796622279 32.37823614444405
109 118.87914074744909 32.09650419781819
110 119.20442886025516 31.885820892684315
111 119.19322146866938 31.83793678035431
112 118.58126448492557 32.30784638050672
113 118.7161338059681 31.965976546783946
114 118.55816678532733 32.03350245806105
115 118.73090169518208 32.12264372773076
116 119.13145179834649 32.2936052793745
117 118.91784889052903 32.07705206971826
118 118.52741725337142 31.7621379593616
119 118.90403525161506 32.06363939379901
120 119.16634357158796 32.009809225271816
121 119.20069132349822 32.036357245680094
122 119.1275137407816 32.151473752292986
123 119.03106864994237 31.79777074103384
124 118.65765133512113 31.753103627804133
125 119.12660115823758 31.675210551515725
126 118.72951307449009 31.847458227188437
127 119.12551955120304 31.604405855395623
128 118.52270507582693 32.08080348845003
129 118.56582874759833 31.838940064257535
130 119.0566066855301 31.76165548590434
131 118.54077992064285 31.690287406419525
132 118.78973709023202 31.804775994800835
133 118.75254940964885 31.7774743625165
134 118.64460615684195 31.81571761910349
135 118.76922925593408 31.972701419409226
136 118.84518112679889 32.0356307063784
137 119.09870480463937 32.241809006823246
138 118.94405308469231 32.38141509919172
139 119.12923702993439 31.643890269848196
140 119.11103806550584 31.79620567579854
141 118.61840104187907 32.10121242306127
142 118.77539000503367 31.7653744124868
143 118.85001630071322 32.305384296487084
144 118.68911749199175 31.744275674076512
145 118.89606507110497 32.18796025179114
146 119.19165487977202 32.081617512849476
147 118.65805278214943 32.21834334246478
148 119.07424612718846 31.632701472995972
149 119.21755522942193 31.802107235617783
150 118.65879916731046 32.164649890449894
151 119.12479790022952 31.70019238757531
152 118.61590357209903 31.630656040285054
153 119.14133585260348 31.896915936339127
154 118.7067828420388 32.08949643775505
155 118.67283512903721 31.611836175142273
156 119.13879860997761 31.671601633942153
157 118.70005418631287 31.59440024554276
158 118.65752548589593 31.91143108016661
159 118.7181268938495 32.155021078627286
160 118.99716306875527 31.76156113540478
161 118.51804895510479 32.28004612881198
162 118.63483166388505 31.929294923323425
163 118.57683214101968 32.099288048909926
164 118.84532227513412 31.832428246376704
165 118.52576639767592 32.12371599061567
166 119.16105698267545 32.39942584410255
167 118.83868068235732 31.961229968968084
168 118.9213396436602 31.76303588006719
169 118.6426306282101 31.97182752280565
170 119.0113726301912 31.94908876109399
171 118.51345540784014 32.01496800759219
172 118.55089838909734 32.017213333338475
173 119.15822588085129 31.619549879756875
174 118.63048983829496 31.70133421219226
175 118.837925594327 31.97522536645959
176 118.89891456721108 32.17119288543419
177 118.62684950902258 32.26067607393546
178 118.91915647619751 32.17958981221908
179 118.71701773132466 32.020978190712334
180 118.979195215491 32.37631490399289
181 118.70186022448492 31.8613929407076
182 118.79558692830713 31.98137516871749
183 118.85393707069831 32.22629076348899
184 118.49700840728347 32.25515554853508
185 118.5935987809189 31.913550827822217
186 118.55691773519867 32.276693912022836
187 118.81001160178452 31.944660966159315
188 118.88076941286361 32.18763384753274
189 119.15818666631317 31.575388415890373
190 118.71216062956756 31.604830292105436
191 118.60383205367279 32.332017758829004
192 119.15728913298805 31.688275345045952
193 118.87905979641332 32.155643277406895
194 119.16168598355698 31.840136618464644
195 118.72227954941539 31.74987523087276
196 118.54523757008118 31.891665300974747
197 118.85427165871661 32.34240787814419
198 119.22249198877464 32.07205265346091
199 118.53423431017355 32.33355216208354
200 118.86489374634057 32.150707290597936
201 119.08493787217935 31.97048385886454
202 118.68330122542845 31.994639025466597
203 119.06419494448144 31.768521469351402
204 118.53913770641566 31.625682777014553
205 118.71293416542787 31.911750072915222
206 118.6283136544476 32.03632689547663
207 119.16448044315852 32.32341219489962
208 118.95685849211885 32.13298718574508
209 118.7152005998642 32.257106493052504
210 119.13699513045255 32.29836367969005
211 118.86185939208009 32.31826290617085
212 118.74071088249168 32.249559249277155
213 119.01357265381337 31.719726548187474
214 118.94291186142985 31.866219648213225
215 119.18640063265403 31.74806941954235
216 118.52355990108471 32.29545820685325
217 119.08353904630586 32.216386201105024
218 118.9680452676905 31.901512361833003
219 118.60321220390871 32.049421868410505
220 118.73956102956281 32.27427685163876
221 118.52141137083115 32.29434778794685
222 119.09086439009063 31.746140181237813
223 118.57432131074766 32.213249238913555
224 118.64562429218601 32.263353111702955
225 118.9577345845969 31.676913316929976
226 119.06230905653348 31.677288654073124
227 118.69553117279628 31.950240514722058
228 118.63250781535346 31.762983362048896
229 118.54052331038771 32.291599448387956
230 118.55194321106876 32.19136189606663
231 119.1286093319332 32.16953340870017
232 118.66447068549542 32.19502851949882
233 118.7657401436168 31.81989397309491
234 119.04001435755193 31.772180933502245
235 119.16697482359474 32.09190351543113
236 119.123126120631 31.910040479505014
237 119.09742393151194 32.34894662385389
238 119.08297448357428 32.15480200530035
239 118.75189829235761 31.89218392930686
240 118.9485001727491 32.26945246291418
241 118.99524169983434 31.928177536598852
242 118.79332091115307 31.722698707207975
243 118.95440269042727 32.22031054997232
244 119.17995001390808 31.99609838391989
245 118.71792961432769 31.79692916865805
246 119.15586361818616 32.141952555131255
247 119.16511462387058 32.3900898765044
248 118.91324521349941 31.801203952570777
249 119.17139353073244 32.23918578598928
250 119.00234947586974 32.19436957546136
251 118.98112634860496 31.696673731944575
252 118.5695444093578 32.29103679083517
253 119.0356676842357 31.967419358713364
254 118.59110623091539 31.67637919240591
255 119.0494913831356 32.026291132469645
256 118.52765686074576 31.888219507029373
257 119.12445697891977 31.710856678702207
258 118.61601967950473 31.639160226370453
259 119.08402435336546 31.787107403292765
260 119.13627572251049 31.948691957884904
261 118.5349439908395 32.118102246057035
262 118.58163731091751 31.67838978361878
263 119.16353134200052 32.155974041334794
264 119.18465076296657 31.68757385286171
265 118.55055305159976 31.72778110129877
266 118.9492461976608 32.17901649207029
267 118.76724081233468 32.27558155569618
268 118.51883985145784 32.340207403596985
269 119.09519301787026 32.106634605075115
270 118.96244460226423 31.972761560796272
271 118.58422199100225 31.690525480936508
272 118.81002284642561 32.08111678617001
273 118.79451442475182 31.728578102135497
274 119.18536582079038 31.997720737803
275 119.19613910435464 32.08813034117788
276 118.65903650689951 32.27001871287301
277 119.03562545468282 31.86862176883916
278 118.94110679616354 32.401655143788794
279 118.82550985351737 32.37598174200813
280 118.87430324410185 32.30144205393878
281 118.805902312681 32.1929863430556
282 118.51882193096888 32.152629392709144
283 119.02445789747976 32.310817031445396
284 119.03610781679293 32.35456841638566
285 119.12968729174602 32.25502101364356
286 118.83920310841553 32.137677241749344
287 118.55776142602733 31.71269921313005
288 119.1477644687669 32.08632579998778
289 118.69753887666987 31.864638435516586
290 118.56727247790398 31.70883620781921
291 118.59299835555554 32.29260861070437
292 118.93132460133647 32.258642399512944
293 118.7662629289646 32.011202726610215
294 118.98763012459963 31.97803620913427
295 118.52481085815852 32.016546044692255
296 118.51310860251628 31.809601296497544
297 119.18373772541156 31.913520214766567
298 118.52695877247426 31.950987799345597
299 118.7835503397988 31.623123633804298
300 118.53117112048596 32.30103780310875
301 119.15942944102328 31.638266407338563
302 119.10045575834931 31.93064230120541
303 118.90669153068853 31.701240765549137
304 118.58402038517616 31.78006729053925
305 119.07328689690985 32.36691346663027
306 118.55559897007556 31.90428130451148
307 118.79367904508123 32.175669101374574
308 118.73507016540374 31.69013788755534
309 119.21643444234411 31.78529602047171
310 119.1935987194623 32.289865078744214
311 119.07876443766095 32.32086615662904
312 118.82041026608766 31.801167307262013
313 118.8517853635451 32.378571691960076
314 118.88791511554555 32.146027058291125
315 118.87897125905391 32.01744585693006
316 118.6394470521789 31.884053820506836
317 118.6900543546686 31.853709629585847
318 118.98728491792318 32.37990576341048
319 119.10106671782688 32.1718518896707
320 119.16978642028195 32.00576701257967
321 119.04017855866483 31.62786572916474
322 118.91632515422086 31.799958300922036
323 118.53091130137501 32.35303202119736
324 118.55876152795481 32.022080008100815
325 118.63855199372732 31.86615581869106
326 118.98278635271483 31.62172185644614
327 118.68364672656719 31.828332730409077
328 118.79387662029984 31.800721655590863
329 118.60175985641358 31.735387466751877
330 118.64766032812268 31.882054675514638
331 118.75063669997778 31.750897693378356
332 118.9271565948005 31.64948487191385
333 119.20922051893098 31.694170052335334
334 118.61076618292421 31.982440540813634
335 118.71933542672556 31.642240724705243
336 119.19546949062591 32.352773236492496
337 119.11741523865959 31.756659889253804
338 119.17535751887318 31.998720459951393
339 118.86890141714186 31.936131436692353
340 118.64826219190076 31.850840237551125
341 118.64246073488098 31.858474361383866
342 119.05939759172564 31.808189083396307
343 119.16520348539336 31.836953886804874
344 118.90669677347071 31.704799767771263
345 118.9489749034975 32.14180721003191
346 119.16687619050705 32.09418824574761
347 118.66531298334053 31.82914093786375
348 118.88599985936928 32.320879168065545
349 118.8745292572187 31.92269746059944
350 119.13785380356941 32.098155926616606
351 118.72443566102201 32.01989421794841
352 118.58761639797369 31.857437237538594
353 118.6058505628127 32.311052545374054
354 118.67470293542415 32.290715707405376
355 118.56505022334693 32.26097371741601
356 118.70474338016041 32.36496808757626
357 118.87649023954118 31.63107518463811
358 118.81066705746953 31.99342769074929
359 118.93977438851694 32.35004343715427
360 118.88613233490697 31.701116767511678
361 119.03328524751679 31.77766094655184
362 118.80855406436855 32.019155237245485
363 119.04449674423188 32.11920578651141
364 118.8124801052514 31.87796630850313
365 119.02005944964894 31.834795683318784
366 119.01369071583845 32.22848327915874
367 119.10107104484264 31.60992432312147
368 118.62419366197524 32.230441678144956
369 119.00639439564175 31.952637428064254
370 118.48183102208372 32.12510200249381
371 118.76492328498946 32.161389332155295
372 118.92176871321014 31.675580044780123
373 118.4894524450651 32.34607615559456
374 118.51846943647882 32.252570768025315
375 118.6498928767132 31.873568327312803
376 118.79315810232879 31.752168507978993
377 118.97556884736073 31.65887549691525
378 118.64426969247607 31.87390030216559
379 118.78715487394823 32.174575131817456
380 119.15736432051106 32.28136397014805
381 118.72329764655356 31.856381695902027
382 119.02776051211207 31.79043342280932
383 118.92909755942108 31.85354303574702
384 118.5494606129668 32.396816001977115
385 119.1774029662455 31.660453559209028
386 118.6030648550323 31.732090265671832
387 118.76289833281243 32.15938275949373
388 119.18753157483911 31.68004760008197
389 118.67823301165797 31.776374411822303
390 119.13779421588961 32.27172789413129
391 118.9558088839549 31.858980842139434
392 118.60435539584722 32.08297479070648
393 118.60072500351346 32.04116019827781
394 119.17192884591059 31.825590202687458
395 118.80236722297349 31.79636230931925
396 119.05537086359531 31.805869377116487
397 118.5849585124289 32.322555649018746
398 118.85963581877756 31.611133629244243
399 118.57988463207964 31.69927112193948
400 118.83009994365604 31.8975579760956
401 118.51000628710653 31.763461712219932
402 118.50398863993763 32.03018896478984
403 119.13061077671789 32.028400068998586
404 119.12440980165272 32.0204362827535
405 119.0214730452658 31.838794697154956
406 118.84182861384521 32.014297314061785
407 118.63174369146907 32.213863563422564
408 118.98830389180296 32.23846016633017
409 118.64738505176577 32.039106066377364
410 118.52637204864222 32.27940158795479
411 118.72460232966259 31.666717759911105
412 118.89590513320186 31.72141907664873
413 118.90181468498122 32.19978770940226
414 119.07507636952992 31.896423530055507
415 118.76365860459903 31.89226866772559
416 118.5692418404855 32.068403373635405
417 118.52423534672472 31.9210781918328
418 118.64570426042462 32.32595108577453
419 119.17479722554816 31.89904860816628
420 118.49826975189961 32.26551094141947
421 118.94008624981825 32.10347938986176
422 118.81541073400703 32.330345029207955
423 118.65946782572796 31.98684966113748
424 119.00113389397758 32.365356927808996
425 118.91209238391522 32.041718305549075
426 118.55486977817655 31.610803469397368
427 118.98427161493002 32.198395306277995
428 118.51217545099261 32.278434015634694
429 118.66535725836411 31.656791084940192
430 118.8922767139016 32.36465833079722
431 119.00806450489029 32.05376325066077
432 118.88827501103256 32.188471837205135
433 119.09236564347746 31.787264547869178
434 118.9909517958657 32.34972581791642
435 119.17705959786518 32.12153887616679
436 118.69452882668419 32.06098446807149
437 119.17469430725893 32.34666120418105
438 118.65583960470886 32.051628254283756
439 118.63548135759378 32.024347629885305
440 118.6198505113374 31.62517629061892
441 118.58799009555885 32.021984045010385
442 118.95035228018703 32.188995058818115
443 118.51498352756363 31.895972898511886
444 119.065480175944 32.16444836979339
445 118.96554307896639 32.04896919503852
446 118.73591390372685 31.779846596158166
447 119.12732833975133 32.03852745594365
448 119.10716106882134 32.01193752220066
449 118.94570262052879 31.87938387291874
450 118.53111704738035 32.13877205540283
451 119.1936574510285 31.657866176856334
452 118.91723906720064 31.89517303334048
453 119.16069045064492 31.945290413388783
454 118.59718979438945 32.38586402501543
455 118.51103864548905 32.158502106974986
456 118.72565410613998 32.1144227779551
457 119.03555282170996 31.74210900727194
458 119.06196036796901 31.962285891856997
459 119.09787453817974 31.901099750624272
460 118.72878334814654 32.34841217472404
461 119.03507337391491 31.954581647261936
462 118.59747634408672 32.28689257571021
463 118.89882749304248 32.148850023606215
464 118.52286348677235 32.267957423501194
465 118.99289108590403 31.578653606533177
466 118.75542629149882 32.33430342446911
467 118.55825475008238 32.346282229530225
468 118.98482047478069 31.72636377416431
469 118.80113331178049 31.63718463493902
470 118.72763019713082 31.863151058127723
471 118.74816277604226 32.038011340066376
472 119.05140705706647 32.03962759740625
473 118.80929989267797 31.980281318420417
474 119.12337724224737 32.30846609631923
475 118.61535899129535 32.01679139887314
476 118.79325946839587 32.33715475041167
477 119.13911135728752 32.051210294531955
478 118.9052767113845 31.75817063243825
479 118.99506600099379 32.391520322666615
480 119.09594906908302 32.38553777825362
481 118.87099004370587 31.96044979350913
482 118.60615987057764 32.22662658740638
483 118.71853159977947 32.12627589847738
484 118.6776427923682 31.749869935315946
485 118.62059999916718 32.0561108608075
486 118.89313497950543 32.11089285226871
487 118.64634938161919 32.08428677301836
488 119.07950386141209 32.04503448060405
489 118.82738747357723 32.062607551067295
490 119.06903812848239 32.1711870766354
491 119.10320968649118 32.19682501840135
492 118.95889799122119 31.67151513101346
493 119.053852012531 32.35676779910944
494 119.06737215741092 32.00629605452981
495 118.91820428680273 32.16481400156868
496 118.67802036583834 31.916195720200097
497 118.77926319736439 31.65602645567755
498 118.72157627690487 32.12181075694924
499 118.81971107472866 31.920208276794504
500 118.74896074777978 32.01252540749411
501 118.75778956297617 31.790586048154637
502 118.5800545660291 31.769778523604273
503 118.78238376080054 31.83028043191734
504 118.58821606302563 32.31911763146833
505 118.77422447059905 32.34743250511089
506 118.56999585072221 32.353396102843384
507 118.78647440549128 31.947399312462476
508 118.89521363412125 32.2113816334832
509 118.5367713546978 31.726656248834768
510 118.67907125625808 32.19178530721696
511 118.78068361910012 31.950819077937332
512 118.72625939453532 32.248435685106195
513 118.88227076838326 31.76592395788306
514 119.0594612691662 32.255930062587424
515 119.02262286037973 31.680938938945573
516 118.67942449323513 32.29286258942454
517 118.64454543163203 31.94388036924002
518 118.91532005500028 31.741462850871514
519 118.79799673958763 31.833286403635885
520 118.56172376076869 32.16143056561842
521 118.63802300147155 31.9623627739804
522 119.16134705156509 31.78425517269581
523 119.14025312209705 31.81179383836181
524 118.73447250344874 32.151124937490806
525 118.50949438015704 32.11272122399654
526 119.023661887117 31.65396741249616
527 118.68033748234544 32.26592344829536
528 118.52516054246617 31.695724199295032
529 118.6708462263397 31.782720350221744
530 118.58764599034048 31.62479141013193
531 119.12599877469466 32.0274336740849
532 118.65606935393997 32.318124641316864
533 118.99613893099462 32.33592287633133
534 118.6081790861014 31.971751922191903
535 118.56650228701395 31.697972877671173
536 118.78634565045296 31.993127513306217
537 118.9339521127454 31.82900398984137
538 118.89945764113062 31.84278921947159
539 119.03408575961056 31.763049617970452
540 118.76921632816251 32.35114001419543
541 118.97221249037749 31.924254372681393
542 118.54279518307438 31.60366279285767
543 119.0407695948243 31.973627820297736
544 118.97387897372082 32.12245854048897
545 119.06167928317458 32.24390071730331
546 118.54530766426795 32.18610421422109
547 118.83450046378134 32.16148027837191
548 118.96381547052017 31.78961408235819
549 118.46384279953666 31.857967461284584
550 119.11309208162932 31.936195244090893
551 119.07167042352091 31.748754192298588
552 118.8523336908786 31.967555639159244
553 118.74601966070561 31.689253123414584
554 119.02326430718726 31.683312262221982
555 119.1285140015602 32.25651295239325
556 118.87939798939061 31.711056544172212
557 119.13617540314637 31.95946100792231
558 118.57588920917215 32.071133985859994
559 118.72961435771333 32.36262455964026
560 119.00123110646513 31.86445357815131
561 118.77242354208569 31.725456355348616
562 118.8680527811446 32.301308027942554
563 118.96034213188796 31.842688688633462
564 118.90640527476374 31.830961497931042
565 118.81826989568181 31.737999305359036
566 118.62242638565961 31.95297383221517
567 118.77558328615646 31.742545494197024
568 118.62600613142082 31.922087973558632
569 119.02051880180926 31.85985041895409
570 119.05336301100968 32.115196495774256
571 118.62842891345943 31.960590290275874
572 118.9261866206554 32.10088274030567
573 118.9802784097542 31.839979440351133
574 118.78477809245712 31.899109748210513
575 118.55186037176493 32.38963294990411
576 118.95745069034214 31.801544958175295
577 118.55146348738704 32.20487876240091
578 118.97474457176183 32.1695624926798
579 118.5694990551367 32.09764408122658
580 118.95138615371813 31.696186851283628
581 118.68038209045181 31.610930238388185
582 118.75117902587144 32.20185809322893
583 119.16260900118233 31.634162293728572
584 119.18813122352685 31.80395196031205
585 118.87251793693454 32.36710773629112
586 118.96799896281217 32.390066914147624
587 119.06930423263022 32.350996197176684
588 119.01461747241126 32.04921941685454
589 118.57765718953365 31.984493364656004
590 118.80629383078508 31.969964811551
591 119.09437076209504 31.886481536841945
592 119.0312818269618 32.38795431463639
593 118.61139842478873 32.23025271776011
594 119.07221158893589 32.41746666845406
595 118.94341605836227 31.82098541880462
596 118.68911266481416 32.086777989774916
597 118.52298762759837 32.12270132440736
598 119.01283152735047 31.920989304967772
599 118.83033292395135 32.0580073978759
600 119.18584342978616 31.729520383228518
601 118.66527624037711 31.835681578599598
602 118.5594942981906 31.724413672926552
603 118.6656191536327 32.070008121265914
604 118.79953829504733 31.876096568033585
605 118.53105223460769 31.950605192232484
606 118.73630409598555 31.88739276749308
607 118.65655656646942 31.6227790670264
608 119.16763595556641 32.33017556297426
609 118.62513512785328 32.16145190476831
610 119.11646262444668 31.85973419584226
611 118.5560510382411 32.32652025443846
612 118.90227072032725 32.14963290177555
613 118.93039907542523 32.41078628666416
614 118.9021764485051 31.989993604552318
615 119.15022479127191 31.676999091327684
616 118.79769264594869 31.6940051591665
617 118.92993000496229 32.17675076372853
618 119.12216015556456 32.057090394542165
619 118.66633800589744 31.770495799360216
620 118.8541071518025 32.00948742350111
621 119.17886316698933 32.02573331372696
622 119.02501038722775 32.30091846746551
623 119.00442398851405 31.60730646092409
624 118.80553283772299 31.69415287174246
625 119.10249408247728 31.915500863307578
626 119.06595492488583 31.687572066359277
627 118.78737816255348 32.37151502043684
628 118.89873812070716 31.76755340809215
629 118.98427196752534 32.077655710556414
630 119.01491109562409 31.935611304573932
631 118.84239187587768 32.225046093271196
632 118.74972587437281 31.631263074516202
633 118.61820370629266 31.86391788733708
634 119.0429102606756 31.972444853451726
635 119.01798548769602 31.682375717861383
636 118.62687280829915 32.09116799939161
637 119.10599215193717 32.01503656683642
638 118.6162379341361 32.270873543353
639 119.09234537065785 31.949284217894448
640 118.60230531760627 31.86922835436029
641 118.95363151773793 31.864504743231578
642 118.8682736806093 31.825963763789208
643 118.60460074992639 32.34927899537377
644 119.04404734676814 32.237621570007725
645 119.00493545775261 31.87301406080035
646 119.09920728385133 31.95832395103807
647 118.82939965854102 31.68803164016599
648 118.87733556750341 32.07392689064085
649 118.96608796496012 32.19316336199897
650 119.11506341470965 31.803387335671186
651 118.776708095062 31.955899008439097
652 118.9858814305133 32.14211450072404
653 118.91922152884949 31.984023266083632
654 118.64886182187932 32.03099800903938
655 118.97213621569782 31.759307046799297
656 119.07456016809655 32.21618299378984
657 118.81837744895225 31.685211385095958
658 119.18233008631027 31.973395231980707
659 118.86112927997884 31.8410876697302
660 119.13728737723173 31.699278187864554
661 119.02616291150589 32.28875355417072
662 118.79707769511899 31.78288616596645
663 118.70873084796902 31.989167147061075
664 118.7751625625012 32.08143823718054
665 118.73479688647681 31.840624820307042
666 118.50552778608807 32.002165973421555
667 118.54022202022765 32.01355897956004
668 118.7847485522363 31.934289212209094
669 118.60449778469415 31.884494617952825
670 119.08092061118921 31.795005577574155
671 119.17068151104498 32.33953335376867
672 118.73306007847962 31.976585021882137
673 119.01180494703708 32.13404069732464
674 118.74247166673663 32.0243975216169
675 119.10601215950824 31.85178829966701
676 118.81483804500932 32.01126716516991
677 119.13465635737164 32.23891946242184
678 118.9984489182884 32.29042691224281
679 118.58293704782092 32.35186086744624
680 118.60961722237218 31.81054061759336
681 118.82163773509657 31.89286092126564
682 118.90619232532734 31.67233234137681
683 118.85508599669375 32.42694783247075
684 119.1444586087903 32.120020810669246
685 118.49539231047606 32.159596771532655
686 118.58875478877756 31.960129138591345
687 118.70633741011862 31.803294059144886
688 119.14933412364223 31.929216508523343
689 118.50253407991896 31.83444509849754
690 118.87855698287234 32.01482307182716
691 118.49911618914929 32.26762757685069
692 118.87432810681518 32.25672503133579
693 118.83258070436607 31.852173149575282
694 118.58738300795387 31.729824924883097
695 118.94811418529814 32.18550443475516
696 118.92549563607638 31.93801604994349
697 118.82744217726929 31.73089208471472
698 119.0465018092295 32.107597477010515
699 118.54213420175769 31.67972869683984
700 118.72909493224522 31.672664282192915
701 118.82284090319163 31.591809232897138
702 118.70282797395609 31.75773946558045
703 118.57997453748384 31.969354162139137
704 118.58467564571104 31.756986050752598
705 119.04247590147516 31.64448783749772
706 118.69132559332512 31.993993500605352
707 118.97176011646467 32.3199388163959
708 119.1071487643216 31.63050696762361
709 118.71182727717726 31.787961136191857
710 118.63626773768462 32.35194691050372
711 118.90040974413229 32.11822401108078
712 119.0949469051692 32.23931627557733
713 118.77006396259337 32.30508386333831
714 119.06881487861683 31.764742906269824
715 119.20431998402258 32.208424519231315
716 118.97544163862699 31.81931071367578
717 119.12944953036501 32.32251363676241
718 118.55305555279418 32.34111231744609
719 118.76396905911307 31.723701018968907
720 119.10543276571816 32.29721312888709
721 119.0312598176076 31.62933799828212
722 118.58948320720069 32.07762649676375
723 118.66295677676723 31.98614011270327
724 118.72326505152559 32.08697437239309
725 118.95136331087681 32.19277220673542
726 119.01187743872782 32.299958806112
727 118.8624199109909 31.996914612971498
728 118.52535959262339 31.646551162877444
729 119.13808475477427 32.35086682390378
730 119.17841806936556 31.63794443997703
731 118.72622569275899 32.24187480024661
732 119.07433352274249 31.714174447540707
733 118.87367499268045 32.30429375867237
734 118.8239618637326 32.10073466999426
735 119.14564288199892 31.850659584886166
736 118.48680303607016 32.26640154110876
737 118.76320942244472 31.741771195511728
738 118.660116246489 31.781422879707918
739 118.82181331613063 31.821713221189167
740 118.81954592721816 31.910515499908527
741 118.63792266472078 31.801661854824726
742 118.90777416411471 32.32123948750222
743 118.74329006956134 31.9646378034578
744 119.12498130928591 32.379443854823776
745 119.15295806257922 31.839841822153723
746 118.74939736446619 31.972563131949595
747 119.02072039023821 32.27598416783014
748 118.95302918370149 32.39033846710727
749 118.76638385595545 31.96148246622875
750 118.7219371824457 31.974371605055595
751 119.17173917744574 32.35182355664115
752 118.65673161352039 31.9392366155195
753 119.08204694314256 31.95575335242405
754 119.03776783446914 32.38422275010212
755 118.63074393527057 32.003370571406286
756 118.77604818746403 31.682512746952
757 118.82026859423411 32.35989432132077
758 118.864142342893 31.949810814967332
759 118.9409772343462 31.88739481139789
760 118.7722311282481 32.30418728654039
761 118.94110896511609 31.61426765178512
762 118.79933429472321 32.376590850307096
763 119.17805011961062 31.654952269003765
764 118.9744610165977 31.628630944225492
765 118.811746568402 32.314711064062706
766 118.88378031895809 31.973699101087934
767 118.5892170307507 31.729382639642417
768 118.70080589158637 32.3834810703477
769 118.99514400809574 31.85214363071325
770 119.22705626491648 32.3477142404123
771 118.75722808615743 31.980510053921446
772 119.2088462351418 31.91687564214817
773 118.76788669330772 32.05649671353244
774 118.80046849539843 32.33664921267361
775 119.18728808689109 32.393655299247904
776 119.06070350418696 32.134553156956954
777 118.89476339096741 31.896429896462447
778 119.18645275833276 32.27255753828139
779 119.20541199876034 32.34928978712642
780 118.61554024451398 32.001293965369946
781 119.06448887563901 32.18862258894487
782 118.69565088533224 32.34594579270663
783 118.7119654872104 32.150580159927244
784 118.78701287399633 32.12097000597227
785 118.84677337980885 31.881847024501248
786 118.58758883412246 32.0912193295663
787 119.02310103476368 31.773034724261016
788 118.50447661917997 31.708970649146373
789 119.19637892416692 31.792456337684705
790 118.7111105263899 31.944125102870345
791 119.0156110678046 31.865514730479532
792 118.84409247277159 32.15377397372484
793 119.0888085104661 31.910992287602028
794 118.59593213427628 31.96523808868082
795 118.5242433423259 31.820179388988286
796 118.62124702455084 31.708394900496206
797 118.9730749005466 32.17952291775198
798 119.06180993714125 31.791695588741693
799 118.60524265214507 31.965726435838064
800 118.91533137549997 32.083642027601094
801 118.51849668215617 32.14160641917602
802 119.05691532659036 31.94505508435418
803 118.55962866311307 31.81239196474905
804 118.63840308074144 32.30382409649824
805 118.95816246556075 32.14951456692206
806 118.83602814657011 31.77398873342489
807 118.69342500739901 32.23864938943094
808 119.18592012527417 32.04696820356987
809 118.87173348042876 31.958730921132624
810 118.6110981824242 31.716248851590016
811 118.81334590306385 31.79611689206705
812 118.99841363654674 31.686219642864373
813 118.81326162085243 32.13213769277611
814 118.59606551489492 32.19727500669899
815 118.60320446558406 31.975990633945205
816 118.66841092047495 31.649582560700225
817 118.89952071065265 31.710641520478863
818 118.94111829239588 32.33610398459877
819 118.82116846817519 32.31529651078457
820 118.63220583054328 31.91726368650093
821 118.72932374592682 31.70078442224224
822 119.14203385173299 31.973512332265827
823 118.6831837245792 31.920847737930885
824 118.97849443916775 31.60454289162894
825 118.74526779719 32.19599704207416
826 119.19819085927837 32.09473247677498
827 118.51815103155455 32.03388389994389
828 118.71579141642815 32.2500145820938
829 119.04813302940555 32.30000012762888
830 118.53529038382649 31.776998364812467
831 118.75784907565418 31.664313473303913
832 119.17997545275362 31.90662925640195
833 118.9742860312118 32.277685722814255
834 118.59418711558106 32.205637576997766
835 118.56235292391113 31.802868773833524
836 119.17304590928474 32.21948514211004
837 119.146818052103 32.06452490150473
838 118.62031869660439 31.789755274052865
839 119.12498344887328 32.13562188425498
840 119.00560313391729 31.83249634098193
841 118.80000594332087 31.87648075202781
842 118.64293458626742 31.753497773912272
843 118.60265445717016 32.05657621932711
844 118.65517589871608 31.97153103492633
845 118.79852142148607 32.0865552728569
846 118.50939145588791 31.590191427817267
847 118.94139764839238 31.928093696494166
848 118.94753583408998 31.66628829346944
849 118.89078355490875 31.85204765466916
850 119.09499641421105 31.672391824231596
851 118.54790406889153 32.056345849144535
852 119.19064595336292 32.34321882470283
853 118.82191281986972 32.264942845357126
854 118.83941932198829 31.99680872048482
855 118.62052125273799 31.878543237820516
856 118.96903111319166 31.603789545538287
857 119.12294060572741 32.12860408865064
858 118.55236310779513 31.841113526644996
859 118.70016388035997 31.932827710322076
860 119.03933097202544 32.082156861038555
861 118.52712167121788 31.744406824274733
862 118.89747494178731 32.04341648174982
863 118.65877941300216 31.952908672556724
864 118.87727310374879 31.903687531407837
865 118.61835819719809 32.2917555815114
866 118.76045988210042 32.20101559325532
867 118.7319433976543 31.68457688932506
868 118.7728988526398 32.32325615510841
869 119.17215098218004 31.565570331611053
870 118.60469604021252 31.76517720428315
871 118.67706755623136 31.712023543498262
872 118.98655221914736 31.87236507506709
873 118.76842976043527 31.70623274066236
874 119.156147146781 31.821630649851357
875 118.7237104158275 31.91608226889126
876 119.16481010635773 31.96346312315367
877 118.60846973441926 31.8248418711025
878 118.83730759475986 31.648068906559924
879 118.86591038385806 32.015261609853624
880 118.94100745395959 32.067586065024614
881 118.76538374290656 32.12702611908204
882 118.87407693933329 31.59460164781579
883 118.62901538123921 31.67231006939469
884 118.66329979944886 32.13637055125478
885 118.57112981742738 31.728168977134146
886 118.88463335053605 31.687928691345746
887 118.8263505626381 31.93937949509099
888 119.1781832033147 31.91332174514855
889 119.05433775518337 32.120991895119154
890 118.99406197680912 31.628504012977793
891 118.71277706827449 31.794584561710636
892 118.66473072898948 31.80167413555447
893 118.97047774135311 31.849919596293446
894 118.67346517207683 31.585644964093273
895 118.50360267890281 32.02373599895139
896 118.72208262933614 31.57770530278019
897 118.86839257227236 31.822160068997082
898 118.63271172244633 32.31551224444463
899 118.57370643879808 31.700037986934152
900 119.14131863374664 32.135214077680786
901 118.81968496289548 31.969481140911807
902 118.4984435899844 32.326139329496044
903 118.68104867013152 31.961098321682947
904 118.54944117280112 31.764285419663793
905 118.70630806584705 32.40828931945799
906 118.77959968365215 32.1607478809828
907 118.5980363732146 31.716967592036916
908 119.13304726425268 32.03902081613066
909 118.83503850745025 31.844829796527275
910 119.08917964008764 32.31556995675419
911 119.05494430932418 31.72873942736515
912 118.58850581713017 32.08852090960539
913 118.52840094545506 32.34976506031158
914 118.91755464643482 32.33686760714787
915 118.52732375579029 32.30858960516837
916 119.07079862430705 32.0958697248291
917 118.72007036014328 31.862707774580493
918 119.04451595965895 31.65583808813557
919 118.62614909657343 31.74605808554277
920 118.72789089765212 32.30104476737573
921 118.93220325908993 32.16252418793572
922 118.65271234892448 31.65037219572022
923 118.6654929496539 32.36857439332562
924 118.74942624455068 31.99499304789567
925 118.54907041253689 31.75143801895005
926 118.98877876065615 31.958366174928706
927 118.58874764847725 31.95113617552099
928 118.68180914200016 31.77812246329661
929 118.52788397478902 32.10862217420517
930 118.81983639166822 32.04848181896663
931 118.72120254189451 31.824304559300355
932 118.86509160304372 32.200133894681684
933 118.9664192622919 32.028204593799394
934 118.65554080020112 31.87465085049866
935 118.7479130062285 31.70558515063831
936 118.87300879562747 31.989586591116055
937 118.6673050973425 31.71653950710487
938 119.13838677994273 32.32507168859265
939 118.537339423957 32.03007586171615
940 118.60640053094563 32.3424320106413
941 118.71307898417172 31.863511330279994
942 118.93502314397907 31.94935142149171
943 118.55268623777256 32.01984286404745
944 119.13440438921182 32.31238033598955
945 119.14251832961548 31.722578941605526
946 118.96546597089078 31.90583255334117
947 118.76127812191828 31.68272682265847
948 118.68357295471846 32.33173179855573
949 118.71426102959535 32.258448782031515
950 119.11550712252689 31.937894419615624
951 118.88702189239527 32.1116652834307
952 119.17327057959939 32.06531038116693
953 118.85526821270346 32.084349940972444
954 118.64573476971181 32.23720407653914
955 118.58214755357919 32.366222538438834
956 118.96341910773249 31.653712203038655
957 118.73470127169315 32.04327716583122
958 118.94966686791264 32.336085975645354
959 119.17599176996724 31.91256862296758
960 118.51766631824437 31.801552862694805
961 118.57699029667307 31.666739325235696
962 118.70027799021865 32.11769293275212
963 118.71048359360898 31.73547237312935
964 118.78152558809106 31.89293261417014
965 118.80734825603683 31.891371731526604
966 118.76555324145063 32.101082550931935
967 118.54071078010386 32.37681809793716
968 118.73345888987008 32.37678461062229
969 118.60786948570687 31.858750323637064
970 118.6161234580818 31.798922005664753
971 118.91996072691782 32.169554991684514
972 118.51993200595189 32.167203640684086
973 118.69173587158299 31.841935209797132
974 118.93970236263324 32.359005155419325
975 118.69140599528396 32.24637420341954
976 118.85334112788209 31.75268737991246
977 118.80931387478152 31.979490772412696
978 118.93230267108105 31.670647342401075
979 119.07886058886423 32.04296346320259
980 118.69748948133679 32.037308082288924
981 119.15543518333885 31.778755052280324
982 118.97409520987783 31.680722665955358
983 118.7851467927093 31.695312197711566
984 119.10286555227695 32.02949831673824
985 118.77801171487633 31.63147230125393
986 118.99378071496876 31.76256338215634
987 119.13013485891435 31.729900813249934
988 118.69846936328165 31.912998232957168
989 118.83281245121444 32.01263220123981
990 118.76163235416332 31.886969747862707
991 118.5659822967848 32.10355794862603
992 118.57545282099518 32.32792180680379
993 118.55994802054555 31.789236505866466
994 119.12283321984138 32.38300949299024
995 119.1174798506968 31.881688050911578
996 118.75161042574354 32.089485973312456
997 119.08499268070332 31.897187401155694
998 119.1703889047582 32.158214225065066
999 119.01248864253994 32.293077602604136
1000 118.65764109915025 32.241537713822126
