1 118.9413934248116 31.940336569625533
2 118.89171809979779 31.618412630416653
3 118.61737943487913 32.045390557817036
4 119.06868334181709 31.972892352289193
5 119.17375788815748 31.951262033504907
6 118.9504007493196 31.86965084230326
7 118.90014973758639 31.750364332781462
8 118.60269770367061 32.079920948221705
9 118.69220405573019 31.83072007103571
10 118.75303596938417 31.8044825712251
11 118.6287832796985 32.0982523056119
12 119.20156751171976 32.028089395420174
13 119.1388659040615 31.7261442767129
14 118.7589479311272 31.97730310243643
15 118.60835681202275 31.735840561494346
16 118.77725519813445 32.23010684580997
17 118.62357955098949 32.30184740733704
18 118.86737804695449 31.991508869118658
19 118.64657477051092 32.288000513229214
20 118.55223638370809 31.665311317018165
21 118.93560984227348 31.999162259863514
22 118.75539574146812 31.65571813186598
23 118.98523412468168 31.954691771453966
24 118.86343662325739 31.670212144466145
25 118.95249480223337 31.69456779897386
26 118.72405218329632 32.0873489882908
27 118.89840315475462 31.775028723983645
28 118.83360232252237 31.66895665670704
29 118.91089853657165 31.774587015646446
30 118.52828759714217 31.876329876362146
31 119.18534028551922 31.963636832430478
32 118.67369850065076 31.75958478650894
33 118.55942884580128 32.09608810907194
34 118.70214069027915 32.00623512499728
35 118.99196419522843 32.01069890498073
36 119.14869639790456 31.911554911702602
37 119.09501155242378 32.22498541297964
38 118.71181796703728 32.071509135816335
39 119.08981105475638 31.720473778042702
40 118.54788435622022 32.1623523110405
41 118.55238241100443 32.373040735812
42 118.6305520107492 32.00237890512174
43 119.05197511879442 32.30445825792284
44 119.00857491409967 31.86985976205454
45 118.58475466574905 32.05064685132434
46 118.99742802579172 31.94423258442007
47 119.0366197262568 31.938059685514837
48 118.6058821947199 32.24343117238966
49 118.95837667074771 32.01550094584668
50 118.79722439057646 32.36219514629587
51 118.54113686463428 32.02779016952656
52 118.86155756690145 31.671787930949826
53 118.83564912679051 31.901167609376795
54 119.11170708053206 32.26785682062446
55 118.92774285697593 31.93414813817927
56 119.10777513924319 31.620442321585553
57 118.84322929890457 31.807949136718943
58 119.00694798033837 31.642161439988666
59 119.16959372381456 32.37698698507247
60 118.50929351235487 32.388987757302615
61 118.79541248641787 32.232124809609054
62 118.81281389218633 32.08591400370971
63 119.04825400705434 32.219867173782404
64 118.50975921697922 31.728000995144257
65 118.8914680136651 31.827557406841574
66 118.6799513203369 32.00340995397724
67 118.81761887985334 31.88102442781602
68 118.97681963159586 31.647597098011456
69 118.93671928179985 32.37066844821079
70 118.66534550029914 31.976081000871098
71 118.63847977121247 32.014828736637924
72 119.0855544567845 31.870213261118245
73 118.85218819070973 31.81434341334584
74 119.17606388324401 31.896618142405796
75 118.95036111730467 32.26660279560743
76 118.6593613767412 32.220360743874174
77 118.60882654412472 31.877243799688593
78 118.72356245046547 31.602031818865278
79 119.03104821281397 32.22753509523507
80 118.82864150519839 31.79643105958771
81 118.88739989425481 32.06516935101115
82 118.91866647392443 31.607949142666328
83 118.63864331876357 32.11449633594188
84 118.7255224479943 31.924431362404963
85 118.69997538178559 31.990357250236425
86 119.14272120511859 31.931780827599706
87 118.51710717563735 31.878074169981492
88 119.1753320481401 32.03676824208484
89 118.62421278899396 32.38415811563816
90 118.8636219981508 31.70678514669917
91 118.69629043375019 31.862272613688052
92 118.70370829948351 31.63129215741616
93 119.03805945845289 32.19031909615807
94 118.99761300154773 32.12128638038269
95 119.03608420952484 31.76622954918436
96 118.62017651803532 31.91098806252704
97 118.64845729218287 32.139436640336925
98 119.02328316540796 32.13120141863567
99 118.58820884696729 31.747336937500442
100 119.10034852537137 32.30316596725123
101 119.12121065240247 32.22420150569945
102 118.85078978234559 31.681929517161144
103 118.98087585911871 32.297518620458725
104 118.73220167820723 32.19906086825011
105 118.9665314647009 32.249421203468096
106 118.52691497894283 32.03679291614533
107 118.67549410150563 31.778421780857094
108 118.79729053187661 32.34702823544205
109 118.8722445745941 32.06805203044929
110 119.19412272318401 31.872570650680384
111 119.20958311092005 31.83461041790322
112 118.59260930728392 32.304504939453885
113 118.69444305278898 31.946703844056724
114 118.55343065036324 32.03524398303819
115 118.72859596442937 32.09925392329842
116 119.1554084327283 32.27370656296222
117 118.90829281419997 32.09354663029354
118 118.5355041217687 31.74243364164552
119 118.86908710836394 32.07518254538749
120 119.16544405986679 31.995602047524326
121 119.18723569464443 32.049953643717004
122 119.14334422354403 32.17286806044174
123 119.03655049891388 31.792717916338024
124 118.66123758104837 31.7565550728628
125 119.13002159393199 31.694628010243843
126 118.72317556085518 31.830440764118965
127 119.12174890720769 31.601729934325153
128 118.51795210598844 32.08976842130438
129 118.54378650520927 31.839231376844698
130 119.066389839552 31.752265779141357
131 118.55298519420936 31.670489207884042
132 118.80429620490328 31.816973738741062
133 118.73434346220249 31.76776258329432
134 118.68470814386879 31.836557153237656
135 118.75364360170136 31.957097833313213
136 118.84318867509735 32.03353021708444
137 119.11341965662523 32.26196327768682
138 118.94244706533851 32.38865263094418
139 119.1298587032947 31.63710248849638
140 119.10054670519281 31.798271135144674
141 118.5983493713683 32.107482656958695
142 118.77714076962255 31.75207048110977
143 118.8594133097987 32.299298881492696
144 118.68033317352072 31.76750692178841
145 118.88606551485773 32.17671714317938
146 119.19172977086198 32.102924392125374
147 118.63624356329616 32.22851097592031
148 119.05634627720589 31.64873629647852
149 119.20471511757596 31.781796731846974
150 118.67844139584358 32.160299747592276
151 119.11332581904955 31.688214035959348
152 118.61946206434996 31.626486804773812
153 119.1534366695466 31.884823130529792
154 118.69370851882782 32.08278555536985
155 118.6870131037581 31.619093031564116
156 119.12888623776354 31.670738397914583
157 118.69239786834953 31.635182351749272
158 118.64198275345726 31.92371625034991
159 118.72866255906857 32.144147080465395
160 118.98644276969567 31.771209907278056
161 118.51421405204123 32.28988070263248
162 118.61779750604701 31.95445646001686
163 118.58181271140738 32.09144139640691
164 118.85813404872144 31.828090268276195
165 118.52662478100896 32.10557736058501
166 119.14608647506773 32.38306360960668
167 118.83437110235272 31.96870134433283
168 118.9209242440576 31.769964162777068
169 118.65780450791723 31.938646141721055
170 118.98199035574075 31.95045222938159
171 118.50361388161029 32.01139553974643
172 118.55998692141414 32.00821438255679
173 119.13996311177742 31.62954676148166
174 118.62590743658197 31.71775097039133
175 118.83497728500377 31.948849114800346
176 118.88273178520821 32.168197465791025
177 118.62415233993273 32.22718605966091
178 118.90929987900462 32.20756493569623
179 118.6838614821707 32.01809474278354
180 118.96065735322107 32.37228603282972
181 118.69598569796686 31.844740229585508
182 118.78261605039413 31.97511894482328
183 118.84293056953075 32.22722792746429
184 118.512850301661 32.26343223802127
185 118.58778890245678 31.912132062536394
186 118.5389596856893 32.29206849277068
187 118.80212329034785 31.972500495890152
188 118.88212817170515 32.182950913291506
189 119.19014431606871 31.606929096793635
190 118.75501192354412 31.61258374276215
191 118.62489620473968 32.33183459401819
192 119.17329808039682 31.695442098928137
193 118.87860659827344 32.151682418617504
194 119.15869676280029 31.82834975607004
195 118.73933808249406 31.76137639482815
196 118.55702004603742 31.901008805053877
197 118.83801748788215 32.34860224676166
198 119.20809334229172 32.06012392846567
199 118.54261544875722 32.33334308470667
200 118.85111421888281 32.164785398079054
201 119.08349983108299 31.973191209087044
202 118.65051863232001 31.993857371208946
203 119.05763913463352 31.782702171771593
204 118.53655320906309 31.61034972824522
205 118.71932140928126 31.93060544281439
206 118.62668563389698 32.029210353309885
207 119.16823310718272 32.30168166957679
208 118.93225898553302 32.12802627996349
209 118.70334585447972 32.26450847167178
210 119.14507939943837 32.326795473275716
211 118.89585904474393 32.345440092780244
212 118.76430774499502 32.24451989803061
213 118.9859352819171 31.7035772229126
214 118.9538492234258 31.881654974261277
215 119.1860730065678 31.74664639101742
216 118.52529055960929 32.29603629569138
217 119.10436262598667 32.22804286839785
218 118.96362525722688 31.88135892338361
219 118.60916728436061 32.04660609151204
220 118.77838628017105 32.25441869296186
221 118.5224552802781 32.28510425403145
222 119.10003001049617 31.758861422237153
223 118.57108422824126 32.18612034503218
224 118.6443148646781 32.24673569185985
225 118.9910144504127 31.65333804091323
226 119.03529644301308 31.687685692655112
227 118.69246840925297 31.93769033496134
228 118.61517942851619 31.775826966390277
229 118.5199657991085 32.29886854802447
230 118.54573222509042 32.17186209147379
231 119.11770356381763 32.17158504510242
232 118.63472788990548 32.22445574654219
233 118.78799688086673 31.861478325314028
234 119.04763504327369 31.78756638769503
235 119.17946060757943 32.09095174168923
236 119.11577420945656 31.92009288270385
237 119.11561804388683 32.32694522266141
238 119.07269687367058 32.124871983870015
239 118.74174571704984 31.907373354333412
240 118.95099950475473 32.26368615798987
241 119.0087837754134 31.91218710925235
242 118.80141635014952 31.739737307972078
243 118.93515024316206 32.218117873522765
244 119.18049725543368 31.98918502680076
245 118.72905266919057 31.803375962698677
246 119.14741604986854 32.15406575657847
247 119.20159668057924 32.38558056532941
248 118.90800149210622 31.798913975355827
249 119.14249060588503 32.23157687132197
250 119.0084197026053 32.2102587870471
251 118.99381133677694 31.684549559796114
252 118.58418990241046 32.27252539653631
253 119.02093037478822 31.982116650007796
254 118.61953330401505 31.689073477779804
255 119.02536704551066 32.032070218302856
256 118.52646493740444 31.864022995209
257 119.11875298862404 31.729983404668264
258 118.63104333448615 31.664985972513957
259 119.09296047146752 31.749055043850806
260 119.11915203520974 31.946160840626522
261 118.5741086133971 32.11311129197025
262 118.56288759024929 31.6763061522112
263 119.1603715890575 32.160956640482965
264 119.185821798009 31.669580744113475
265 118.55042066407609 31.741781091956373
266 118.92501669008074 32.18109455593506
267 118.76679261167259 32.29667894742549
268 118.53962521682587 32.368678896702114
269 119.09849974155448 32.14748126631897
270 118.9772732292247 31.971650504285762
271 118.55279229972781 31.68268933090049
272 118.81605665862712 32.05478500165658
273 118.78470636164842 31.71996034120804
274 119.1933322915846 32.00888761982753
275 119.19239403570423 32.08609500800868
276 118.66786020406296 32.27745950522766
277 119.03064243662773 31.859634267629513
278 118.95498603935296 32.380231572629846
279 118.8111028131756 32.373330733080806
280 118.89212067589149 32.27298734474982
281 118.7704154258548 32.16611828479804
282 118.54562452098448 32.1820168015105
283 119.03481324406091 32.310818412692235
284 119.05368371417367 32.35244326494386
285 119.14722670743895 32.275261344352984
286 118.8457639342094 32.11437012183725
287 118.54822049158754 31.685179754124754
288 119.16235106326205 32.10955101952166
289 118.68662464677739 31.8774232207015
290 118.58846941719987 31.713586450302213
291 118.58420732084673 32.306938279122306
292 118.92326271827787 32.26785433266258
293 118.76820279641058 31.997173691341203
294 118.96818457022054 31.974587790267876
295 118.54620265736949 31.994314439022833
296 118.5159231974492 31.81192667768777
297 119.17520243288878 31.911480460967237
298 118.55925935355188 31.95232504950033
299 118.73064580314791 31.606832617423034
300 118.51802798644309 32.31578021184627
301 119.12822712810615 31.631174848239457
302 119.10239615190939 31.90824023273236
303 118.89543808100102 31.689860377423095
304 118.59898027791101 31.767894598024625
305 119.07388248524705 32.35650919298269
306 118.54429931275851 31.898869969656666
307 118.82806368341963 32.16194172465256
308 118.71948252216129 31.68981391609469
309 119.1997937706984 31.782659630206417
310 119.17434086414013 32.29546792402257
311 119.07380212654995 32.30960738782206
312 118.81819228077097 31.796912824186066
313 118.85069934752534 32.368601722146245
314 118.89214652025413 32.14045088775107
315 118.89297278579114 32.01194289413708
316 118.61912636255526 31.881365536513986
317 118.67846672726529 31.881938707530335
318 119.00464450433968 32.36189490614345
319 119.09369450229846 32.168555677573266
320 119.16819679372732 32.01129048782425
321 119.03397850483483 31.63282766190656
322 118.90138761281207 31.79691201940364
323 118.55268617300325 32.343799245242586
324 118.55332950913636 32.02759914601981
325 118.6296635309887 31.882490311485764
326 118.99089374526028 31.637036594838687
327 118.70365830465545 31.809748674684474
328 118.78705074525902 31.80764492839651
329 118.61186419072 31.736315774556108
330 118.66289314064635 31.879534464757118
331 118.77232852968403 31.754952234016304
332 118.94540337956371 31.6600485755748
333 119.20057780688643 31.700641412052814
334 118.60120658583287 31.985988715977914
335 118.72265791955536 31.651453113204322
336 119.19032045942241 32.3452379904942
337 119.11951030171049 31.76460176283364
338 119.1784768603418 31.99485785207216
339 118.85905528731226 31.925380578649722
340 118.65492819095947 31.840864113477355
341 118.65188172748091 31.868829815379673
342 119.06873396255088 31.792152880289905
343 119.15780564701433 31.8173252558865
344 118.9356877628946 31.703941482135747
345 118.9727501342862 32.166523671897444
346 119.13780525232525 32.0875542696618
347 118.67977025719256 31.83880597175318
348 118.91276993326436 32.31998237694071
349 118.88842410974529 31.908297608677074
350 119.14058726966478 32.092522062615025
351 118.72835375468614 32.00239084550224
352 118.60126548602618 31.86343683211792
353 118.58309711814628 32.315543046481665
354 118.68198085450211 32.28265901798455
355 118.55988276635152 32.27575388723446
356 118.72985819115883 32.385093991123796
357 118.89089895795897 31.625781781054226
358 118.79771300986575 31.987966215247507
359 118.94262172985765 32.366880861842276
360 118.85693647306105 31.708290715920082
361 119.02386049755634 31.814521757763437
362 118.81713412102984 32.01002847318029
363 119.05533151729162 32.116763385420825
364 118.81243435017755 31.87542248240631
365 119.02106342361344 31.840182266637534
366 119.0143354347018 32.22493303487346
367 119.10328605900621 31.61277347394639
368 118.61475512011215 32.24235642713146
369 119.00980780119549 31.9288677711172
370 118.48381270628377 32.10500432681819
371 118.7789692185605 32.157583059002405
372 118.90829444768154 31.681979091624754
373 118.51222050403238 32.33530780494121
374 118.54145201021572 32.24475890868407
375 118.6503933494627 31.87932965164487
376 118.77976317003522 31.741568991967753
377 118.99498140149815 31.651296694115267
378 118.63569518717212 31.845662944402285
379 118.77882751541819 32.17944230451367
380 119.13215035787395 32.28450787131184
381 118.74319148120992 31.8404651783331
382 119.04490697927294 31.785250869632378
383 118.90360199977854 31.857575520994228
384 118.53980754828933 32.37230291734178
385 119.17590205675776 31.674770336574653
386 118.58291716060752 31.745941587016794
387 118.75111045757797 32.15050176998883
388 119.1895886910472 31.711084891210554
389 118.68597961600987 31.788165179689663
390 119.14533669360776 32.25977426371807
391 118.96230949395641 31.850091312406256
392 118.62770673777669 32.07839427446442
393 118.60017274334743 32.03935820505538
394 119.17407749438108 31.824321498284696
395 118.821904251155 31.80227783589985
396 119.03040836965548 31.802351137642976
397 118.60823712396625 32.300384688759266
398 118.85232180675199 31.6076360488356
399 118.5671675702837 31.69005977220271
400 118.82950199971111 31.875718947059273
401 118.50225113602076 31.76600375085247
402 118.51936083880564 32.041410283496475
403 119.13475711529391 32.02638971962906
404 119.11092966844633 31.99881426907692
405 119.02935456445368 31.843845695636706
406 118.85160310294573 32.01449684879108
407 118.63428297704122 32.22274354093957
408 118.99546364217179 32.24404913878554
409 118.65566163712195 32.03099088387445
410 118.53806147067681 32.23769614215798
411 118.7180567965876 31.664726635972386
412 118.90692245443424 31.735060491249374
413 118.90033177085964 32.20034270167325
414 119.07887336130632 31.910602056213722
415 118.76673628748617 31.84953963156077
416 118.61048656065316 32.05649410407042
417 118.54053552749653 31.91105953596431
418 118.6424179328079 32.32962316602581
419 119.15645910496148 31.90995958909291
420 118.51051817975411 32.26014990348785
421 118.93350817653426 32.08533402371775
422 118.81564720835256 32.32537401831267
423 118.6375654378323 31.989490451487477
424 119.00251425923202 32.37618671951876
425 118.90481334863972 32.05222574807589
426 118.56093681754477 31.63171438442822
427 118.97288537948819 32.180772887413475
428 118.54150178938973 32.299407600169665
429 118.65475294888947 31.662426390787004
430 118.89162613741912 32.36712054918234
431 119.01097766998757 32.06001753011655
432 118.88679473268041 32.20296160851191
433 119.11095883976007 31.776043470176667
434 118.98089481135486 32.3407584282433
435 119.1728519607219 32.118639776566624
436 118.6760275391602 32.03438928375072
437 119.18223067581653 32.37522128581717
438 118.65448562855359 32.0510222537787
439 118.64128258505964 32.01313365529184
440 118.6148822525335 31.63254866559824
441 118.57632139708517 32.04258076627645
442 118.94134145948922 32.20288601446589
443 118.49361029322073 31.897143251864456
444 119.07511438950817 32.141349672551804
445 118.93874676613943 32.036830648244255
446 118.71778628399903 31.767135689898257
447 119.11700459052126 32.030445298277826
448 119.09527609923981 31.985809748939577
449 118.92971286269373 31.85867248996552
450 118.54048421243873 32.129005318296166
451 119.19459324317114 31.663045268613633
452 118.91626773831112 31.8893798903955
453 119.13347930336946 31.958138841340652
454 118.60429934214017 32.390980210750875
455 118.51654142940723 32.16402004961781
456 118.71013524008009 32.09608521840976
457 119.05259116998265 31.731018983108203
458 119.07502729460816 31.956472060176417
459 119.12274048791336 31.896503098594447
460 118.72233312466949 32.352529311487416
461 119.05787009622672 31.95539159769675
462 118.59190165027601 32.27806572512776
463 118.87661389157932 32.137047764555575
464 118.5396327527687 32.2836093570991
465 119.00516927338884 31.593173953763966
466 118.7489614716947 32.35285121799575
467 118.57339406537166 32.367165929003214
468 118.96334408662865 31.71285273015003
469 118.77913571527014 31.644499189856955
470 118.71295742843796 31.869080416119644
471 118.74202545805281 32.047154074081476
472 119.04652003896491 32.020173479179384
473 118.78556715782483 31.959949881688548
474 119.12320412449579 32.32228184690999
475 118.612519775648 32.04327674434072
476 118.78685010956953 32.342823913614914
477 119.12282566156236 32.05198682697417
478 118.9155566507062 31.745724990912276
479 119.00382399074705 32.39604333167459
480 119.08169479816088 32.391550690356695
481 118.86018114379559 31.958458528105727
482 118.60278764657795 32.19701725459377
483 118.71452514317234 32.129861055349345
484 118.65784243050825 31.737321167963213
485 118.62237063821661 32.06909558892561
486 118.91947542748734 32.11071525480234
487 118.64399042444376 32.068391285098016
488 119.08118111401154 32.029524000618956
489 118.81035788696737 32.066110924345026
490 119.0742136105199 32.17238775207731
491 119.09389551083673 32.223213002480186
492 118.99055270014989 31.679223696306913
493 119.05063775371168 32.32859381474632
494 119.06798000227509 31.984194088844436
495 118.92288033927127 32.1466402165312
496 118.71716219938877 31.903391849745457
497 118.7914973599343 31.651995807767836
498 118.72123900671198 32.123091520510435
499 118.82348163090387 31.89495467051606
500 118.76718772070174 32.03410329821306
501 118.74017857966768 31.804503448283374
502 118.56366674307117 31.76700623576626
503 118.7866474795554 31.815730945949692
504 118.57867884037101 32.29480999473415
505 118.75062827306617 32.34573318163435
506 118.59192963084315 32.37125712376352
507 118.75463246762679 31.93715281759113
508 118.8857688067622 32.2340351579336
509 118.54182572522402 31.741208393515894
510 118.66237039560417 32.188648722472955
511 118.78496202812603 31.936964983174466
512 118.68582057994678 32.272949172059874
513 118.88517398524837 31.767932183795452
514 119.07950393333927 32.249732974152224
515 119.04809724859179 31.66080095468556
516 118.67857444995543 32.294596186081655
517 118.63964810425279 31.936410690631728
518 118.88461437412616 31.721865511958303
519 118.77740282842261 31.835561678104565
520 118.53471037437707 32.17390461371745
521 118.65161338209558 31.95241612238967
522 119.17078953289159 31.785825485054325
523 119.15756250895164 31.8119848103167
524 118.75646853897277 32.14635885076961
525 118.51730251942148 32.119482589202846
526 119.04788844422878 31.647903350501856
527 118.68505063420594 32.264642143727706
528 118.51877719210934 31.70025347062953
529 118.68785043366724 31.781163117891712
530 118.59006973175714 31.621366435025553
531 119.12057970100335 32.02769459023071
532 118.63378858808925 32.28649566318029
533 119.0185612097976 32.345832027092435
534 118.59406540006214 31.959213804145936
535 118.55410015970006 31.69299524019359
536 118.78034049959486 31.99519982238553
537 118.93708170699834 31.830755983367037
538 118.87728573650686 31.84534677264731
539 119.06858858928467 31.77620719579741
540 118.7934849372571 32.353088214315335
541 118.92543958435306 31.918858989537156
542 118.54178387981193 31.5958159585766
543 119.02245126120124 32.00119137316676
544 118.98604790990835 32.14656923805708
545 119.06061029190306 32.25246789779522
546 118.57313081512036 32.198808389133156
547 118.80976946836007 32.16049253399211
548 118.96104877716024 31.768257268023238
549 118.49652492604596 31.861998621809196
550 119.10339316531037 31.95287478422663
551 119.06645580564846 31.72454727456004
552 118.86216462032228 31.946986005353168
553 118.73838835496177 31.67853635814082
554 118.99793305976195 31.666518620801668
555 119.11938037948478 32.26532345722621
556 118.85001957838975 31.72158105438362
557 119.12984397212013 31.964507132462305
558 118.5960205269269 32.08458598471933
559 118.72767983348292 32.35806278168548
560 118.98680413462736 31.846429621791692
561 118.76136141903348 31.75317222133525
562 118.86282191836031 32.29546346935116
563 118.96142005432064 31.833994154324273
564 118.91094739265844 31.827181230695874
565 118.81774876347964 31.721604742398547
566 118.6179912424197 31.959095398979528
567 118.7794386460343 31.76727299753023
568 118.65225915280396 31.900791607020967
569 119.04535077045918 31.86390245818491
570 119.05477253673304 32.10800651651766
571 118.64841393013565 31.952294641711642
572 118.91329727711714 32.12842492218535
573 118.99125794565852 31.84076490154383
574 118.81815658762778 31.88849413970191
575 118.54412640929375 32.380502790926904
576 118.98045747476966 31.78910861961302
577 118.55134907418916 32.20506580743847
578 118.9679146627129 32.158231423453486
579 118.57738228958134 32.100221685967945
580 118.94022458521474 31.694453249618984
581 118.69070266286509 31.579088174410657
582 118.75963401758966 32.19303776434714
583 119.18623490462082 31.65550161483738
584 119.15736720842436 31.802753947968764
585 118.89673270739716 32.38082616933329
586 118.95655881312462 32.37183781440708
587 119.07004339299439 32.34706131474078
588 119.0012362379113 32.04741899448289
589 118.59192550270454 31.961997240271437
590 118.7933225374775 31.966441286975975
591 119.08167532382845 31.866109198072117
592 119.01094589020987 32.3890925566873
593 118.62328151046974 32.24591754895342
594 119.1023940545221 32.41173529625464
595 118.93235945584561 31.843247651005964
596 118.70400287025133 32.06747634072934
597 118.52796989499605 32.12954484022094
598 119.02830568753316 31.911962648125666
599 118.8103933444351 32.07195809360999
600 119.18377759370675 31.735968634318134
601 118.67626391369247 31.84490152955492
602 118.55458368850239 31.71864672608485
603 118.65381994689328 32.09421227791012
604 118.78942165935956 31.874105194973634
605 118.51490718346274 31.936389241320388
606 118.74337547679463 31.898487633263375
607 118.6634681049492 31.64883049298484
608 119.17442723513095 32.327897652414876
609 118.63089001023269 32.164598334514224
610 119.11447009914484 31.85275754747723
611 118.59290540651634 32.307306378996664
612 118.90299528224766 32.16001621893432
613 118.94272825639685 32.381460302411895
614 118.88608375830745 31.98842240670507
615 119.16888291773724 31.699274127358088
616 118.8048222074166 31.687520706010396
617 118.9413189897807 32.19642984936948
618 119.10986951733986 32.04973521035646
619 118.66490055285128 31.774082927117483
620 118.86248252778276 32.02049044148781
621 119.17947574817401 32.01779584649947
622 119.03671922900608 32.30153380965557
623 119.01345454870281 31.633621858989386
624 118.77997778686576 31.689983496193037
625 119.10570137607417 31.942097837436172
626 119.07138097128122 31.707060499543868
627 118.79774861226682 32.38018153609607
628 118.89442706606195 31.766059461248204
629 118.96496193548228 32.09675798714511
630 119.036998484526 31.951591162309867
631 118.81747395590833 32.22536306550114
632 118.74578954492905 31.628655044106885
633 118.60264068083573 31.8528376068933
634 119.0202247837071 31.991698930451214
635 119.0356621904712 31.694203391254682
636 118.61821979133508 32.087897871946275
637 119.1104873151234 32.0167064931224
638 118.60729564896711 32.2636384320808
639 119.07751557616895 31.962901868616672
640 118.60693747136149 31.846627795351964
641 118.94172864690252 31.835111692621666
642 118.86922461959846 31.80415642919147
643 118.59949567946951 32.341226346444905
644 119.0125646127035 32.23216691643674
645 119.02449434027959 31.8786303351455
646 119.12149947227 31.95236864977744
647 118.83426658134223 31.674699450818338
648 118.88140196351995 32.075139660399536
649 118.9511381866331 32.19265449496015
650 119.11381192879365 31.79599589112618
651 118.78983492031232 31.97605099167795
652 118.97167812922359 32.132141195424744
653 118.9168050008083 31.969723803555212
654 118.63856671178952 32.031417665122554
655 118.97813532339522 31.753268894581357
656 119.09441570254216 32.22654114408215
657 118.81896848963883 31.6874944218319
658 119.17535595913301 31.984117878993864
659 118.88238881410416 31.847249064457916
660 119.12752831728912 31.687725936519637
661 119.0271788852333 32.293715569197154
662 118.77549710897142 31.74988119349251
663 118.72464086197546 31.97379621074626
664 118.7568016142429 32.100260514045566
665 118.74488661954452 31.831386869487304
666 118.52520967293711 31.986231715905614
667 118.5039379017901 32.0150689445028
668 118.78720560847937 31.9437252449971
669 118.63872897663607 31.88546671932221
670 119.0976274811576 31.78986013099508
671 119.17604583542192 32.33113551475818
672 118.71259413887866 31.994625464091563
673 119.02857103823548 32.16193370449468
674 118.75352155527781 32.0113335356606
675 119.1076585084664 31.838874645548643
676 118.82445907612018 31.996327137081018
677 119.15405646229011 32.252206884382076
678 118.98278844655114 32.28986871171759
679 118.58220711027033 32.341269042482246
680 118.59687769128617 31.78465883642503
681 118.8021732313882 31.8700791612271
682 118.91325735122062 31.691782641399993
683 118.86799139575344 32.40282325308111
684 119.11811814472647 32.117846897159566
685 118.51775387053995 32.1665443372616
686 118.58003448316886 31.952246259773414
687 118.71071071376599 31.809904256775773
688 119.10040263720008 31.92936086591275
689 118.49741501286054 31.84566682526585
690 118.88141985344107 32.023573042773656
691 118.50528457347444 32.24625687284297
692 118.88398278568613 32.26551544933873
693 118.8386678397498 31.84611656915553
694 118.58251581878493 31.74174554698604
695 118.9183765738045 32.195276431750095
696 118.92709641257123 31.931806915320394
697 118.82066030030929 31.74452862909488
698 119.04518690995091 32.10864422170676
699 118.54929347523016 31.680802549485225
700 118.7360607418813 31.68229395831984
701 118.84442990415455 31.60628108216719
702 118.71898106514757 31.751650329230994
703 118.58173194437984 31.971238471910407
704 118.57905303082909 31.744529643898055
705 119.04142933394462 31.638237147840517
706 118.67954085744428 31.998036720573893
707 118.95475965369685 32.314632593133354
708 119.09737323888697 31.59439837257935
709 118.71053326552611 31.791738123955053
710 118.62699474301954 32.339839509830476
711 118.89663766601072 32.11465428514811
712 119.08200907649754 32.255923805738036
713 118.76281344457863 32.32245184127148
714 119.08651480410867 31.784633741266653
715 119.19483738218878 32.205340010241436
716 118.97446303347584 31.81727996971118
717 119.11920112333782 32.340941855553254
718 118.55938790876037 32.36151438346426
719 118.7817104141966 31.727686908126337
720 119.11411768233236 32.26907294137972
721 119.01364088390604 31.655545387347104
722 118.57460671939906 32.08669614496024
723 118.67262882694058 31.98486013655875
724 118.72149677084379 32.06235141116943
725 118.95620784016154 32.20031001501461
726 119.016348679547 32.30703875723724
727 118.83846393806661 31.995114778828402
728 118.51778998553225 31.653217618665625
729 119.13724876345182 32.34533257350758
730 119.15530809727765 31.64526991809506
731 118.7330289007013 32.24236318248779
732 119.06754392633762 31.720504147404977
733 118.86173554009086 32.33042129120562
734 118.83582353872038 32.09188947188725
735 119.16344131931785 31.84689933411299
736 118.50573315387933 32.28681109378459
737 118.79446960607147 31.7288495416753
738 118.6442493965649 31.7764090933302
739 118.82562297484925 31.843330682753184
740 118.80558512650875 31.920594314960194
741 118.62396762341133 31.78757020948971
742 118.90484185335788 32.325075538318515
743 118.77142240517861 31.96625306097519
744 119.13511173094776 32.35969736714648
745 119.14672851813273 31.825446011465356
746 118.76648886528504 31.97474229151408
747 119.03294518654387 32.264130336489565
748 118.93818359134688 32.38909675944213
749 118.76281972889792 31.965775790235334
750 118.685819297305 31.984788373866692
751 119.14483586395959 32.36287689427709
752 118.64342889688548 31.946020048810308
753 119.03613816714503 31.94887454952549
754 119.03878548120342 32.38133826008948
755 118.62762582912042 31.99695436867722
756 118.7624294761244 31.695667706461524
757 118.7992233344354 32.35502121997852
758 118.85711621174023 31.983801153283448
759 118.92412916349356 31.882217345049877
760 118.75577856945056 32.32338212800098
761 118.92655537866699 31.609183173496024
762 118.80132777104298 32.35540859780552
763 119.16531306692134 31.67182882911523
764 118.96789679055065 31.65687908381887
765 118.87184084035826 32.32838559721176
766 118.9010643233057 31.96801261779221
767 118.58139335821784 31.74036370463116
768 118.68724389789953 32.38471347896278
769 118.99176893215093 31.854912838213956
770 119.20776128203747 32.34571454746751
771 118.72472021300848 31.968215579911025
772 119.20716943397451 31.91687068481766
773 118.75005609110042 32.05793203717303
774 118.81687877150263 32.32507006984792
775 119.18058860936962 32.38386997652005
776 119.07355688354598 32.144943657541134
777 118.87992337985382 31.912093294085146
778 119.18141834599199 32.25721998659767
779 119.19767094993117 32.33693953703099
780 118.60799988586072 32.051410712925325
781 119.04234251349355 32.17433243444947
782 118.68744457872911 32.30488697164768
783 118.71453146667388 32.14976419818956
784 118.8055267344232 32.096703208846165
785 118.82890352496723 31.901563188122164
786 118.59772202344091 32.081664653607696
787 119.02758666902655 31.778003179244394
788 118.50917496113847 31.714362519356904
789 119.19184004901932 31.804353935579993
790 118.6745053506998 31.959151637972614
791 118.9869789084175 31.868514263493434
792 118.86831413957763 32.177081679374325
793 119.0880374691996 31.908608686069737
794 118.63718582150645 31.974296840817523
795 118.52143941195239 31.816632657096527
796 118.6286469461992 31.652883040907323
797 118.9730687467321 32.16857221681468
798 119.06100269751283 31.780339178202514
799 118.60635819256429 31.984043322220906
800 118.91610748290216 32.07804404382973
801 118.51495050531707 32.142055270226194
802 119.07119491645558 31.94154571494851
803 118.5751115846769 31.807991968446945
804 118.61924060399953 32.30983705291944
805 118.95074614997785 32.12718561249645
806 118.82839422265056 31.803997011073807
807 118.70535687016668 32.22729205415417
808 119.16233761840913 32.03427510431937
809 118.86860065921469 31.95070654945297
810 118.61882528210455 31.697077795103812
811 118.79075655466427 31.776987468338252
812 119.00590365760631 31.696784903081532
813 118.82891115563544 32.14617200918025
814 118.58353724556079 32.17625818111371
815 118.61080961421295 31.969319913094047
816 118.67242875335019 31.635548058183513
817 118.87788182696616 31.732816673790346
818 118.93578385373903 32.347070205878694
819 118.84175419813866 32.30845466220091
820 118.64550024892543 31.91540929493549
821 118.74503654039172 31.70414006319805
822 119.12269864628674 31.955235492206935
823 118.66916486352333 31.94121630666819
824 118.97320355738225 31.613576312853827
825 118.75737621845076 32.17780834669157
826 119.19554809254264 32.132208772293
827 118.49906713413756 32.04308960064724
828 118.71115555585813 32.242666997447
829 119.05001663508138 32.25981666377858
830 118.53156675022196 31.75837560809404
831 118.77662770395658 31.667734646743448
832 119.17388700682422 31.900278795948616
833 118.97499525732812 32.28685782914123
834 118.58903494214812 32.21211627356943
835 118.56658351093371 31.794307060956182
836 119.1650527358658 32.20713336784234
837 119.13221149695327 32.06567815266781
838 118.63591255976536 31.818260355315076
839 119.11513859365341 32.16797882101776
840 119.01067740141771 31.83972703482637
841 118.7802189051792 31.85791261370044
842 118.66203345689026 31.77330059944483
843 118.60103851339504 32.05755285171758
844 118.65170292727332 31.97454951195191
845 118.84130356597205 32.093706342828305
846 118.53332538785638 31.63040059663791
847 118.92862573959056 31.924311017748675
848 118.91926016726882 31.636813110400606
849 118.94292468976784 31.852768307510892
850 119.07620821372656 31.672213681656565
851 118.54896275218073 32.03970198799224
852 119.18011411615693 32.3393968979258
853 118.82429801258586 32.280947452401946
854 118.83613491037526 31.9916232450644
855 118.60587779763785 31.891232714113084
856 118.9606414261474 31.620226594723096
857 119.1239130765272 32.1268166049303
858 118.55202163778804 31.83778359860016
859 118.70934900057814 31.93743848409476
860 119.04971876406154 32.093874220989896
861 118.5192320639045 31.752104838408922
862 118.89987966133184 32.03799355933843
863 118.66669179700578 31.975143528775288
864 118.86538507460075 31.911795595302703
865 118.60887387167605 32.280835135203866
866 118.7390463134009 32.20250589382192
867 118.74018479724133 31.70830431244584
868 118.77352276208516 32.32295413714404
869 119.16822756147212 31.594469323804265
870 118.59804088013806 31.78456229923024
871 118.6758968172428 31.71030610830831
872 118.97399932610435 31.867059913150097
873 118.75070074674996 31.688383367001688
874 119.14973026493294 31.824812241566775
875 118.74886243382214 31.90594019660706
876 119.16526463388522 31.98220299127818
877 118.60474482606472 31.83206610771233
878 118.81636251933746 31.653980925748815
879 118.85937794713176 32.00742935934301
880 118.91628391191588 32.08802207506924
881 118.7733220316592 32.113475690797515
882 118.86230539430952 31.606371118362027
883 118.66251695207433 31.684587579948783
884 118.66180921019443 32.142684485675524
885 118.56864782553016 31.710156565045402
886 118.8724624687236 31.68050102197322
887 118.83918996589799 31.952207846042654
888 119.20315317707721 31.90087264446467
889 119.05874921573256 32.12315711157734
890 118.9890094204568 31.622972009417047
891 118.70682083194176 31.8027764958436
892 118.66729124709626 31.81242084094812
893 118.98091303740458 31.87069326252283
894 118.64719208033806 31.611270874136345
895 118.54074809958273 32.029586435275384
896 118.7077643932184 31.598935880068026
897 118.87688813670026 31.84345220015558
898 118.62975218011434 32.32535662628204
899 118.57599081367479 31.72375443112267
900 119.12004692645512 32.12849941718459
901 118.8384883771628 31.987603935584367
902 118.51170746876147 32.335173786996876
903 118.66738266821126 31.94714369943383
904 118.54544858484607 31.745815843625007
905 118.68037430687619 32.40120266517989
906 118.80316804944034 32.17789418392936
907 118.59097723035936 31.69809635160562
908 119.14189023145427 32.02912287221443
909 118.84746514434526 31.86109591739022
910 119.09452597014764 32.299864135651426
911 119.06903773741676 31.73752083996556
912 118.59152214772135 32.11301127300434
913 118.54904710797815 32.365292217953595
914 118.89970563802024 32.34563273206458
915 118.51665058147228 32.33067175902587
916 119.06052173440186 32.12482824677521
917 118.72013258526785 31.859767493925848
918 119.01154847362854 31.657180472112273
919 118.63026150387891 31.739265794566613
920 118.71098509589648 32.31435529479247
921 118.94125442095809 32.171807157637865
922 118.65959389253085 31.666153518853744
923 118.66011775189075 32.37813085955252
924 118.74765435303588 32.00176559468786
925 118.51911328527643 31.752794927329308
926 118.97966823539666 31.978541568394792
927 118.5762787717645 31.939055048940087
928 118.6524775617903 31.778702573620507
929 118.54882009553252 32.095743313964235
930 118.81418753863952 32.014327743936505
931 118.68559937604506 31.80936237360014
932 118.85664024227408 32.2185414482009
933 118.9594052869751 32.03210526194058
934 118.64908795343956 31.87915223860301
935 118.73298734324437 31.72654766121417
936 118.89299089937722 32.00657699530891
937 118.67880984181518 31.717256123171634
938 119.1254659544108 32.31661325654865
939 118.54037958546527 32.011877933407405
940 118.59874665156197 32.33461493077623
941 118.71390905517384 31.856463480835405
942 118.94912962689787 31.954744382975225
943 118.55587688725008 32.03196192436405
944 119.13826832619509 32.3094151193967
945 119.13564518692398 31.70100426411209
946 118.96579519626553 31.9132206793215
947 118.75452808921027 31.677412452354094
948 118.6814817383522 32.345844585260245
949 118.72974916962558 32.25988592244361
950 119.12608501336548 31.926376548794106
951 118.86274564307128 32.130282780835415
952 119.15839749298452 32.04942524091319
953 118.83705197157698 32.0789445054772
954 118.64798905107739 32.253044352769756
955 118.57718729919466 32.37609153305368
956 118.9768241766283 31.664016531572827
957 118.70904914840041 32.06238577713458
958 118.95598060193474 32.329447004551575
959 119.15924666221359 31.930530625022644
960 118.51723778037288 31.794651917612953
961 118.56727169695533 31.69271660151836
962 118.72609484420111 32.109088443047064
963 118.72122493346458 31.761923052327415
964 118.76696070089345 31.896079559248797
965 118.81729148031938 31.908008730859734
966 118.7953068396604 32.09337445509572
967 118.55938405334666 32.36301037409193
968 118.72395140255357 32.39510771347323
969 118.59697296753089 31.832954720743253
970 118.632810342362 31.81507318033116
971 118.9100745699279 32.18970412736188
972 118.52525848751172 32.16234046350724
973 118.6912349602423 31.824708106929926
974 118.92430040201924 32.35091727448761
975 118.69987966559717 32.240418972972186
976 118.8465388285984 31.752414324064535
977 118.8097816849329 32.004054155807566
978 118.9386528206064 31.666670845020434
979 119.0859199828561 32.035527801556164
980 118.6948531613628 32.04907428418995
981 119.13717719257224 31.75794568495502
982 118.96082558748236 31.663904449300556
983 118.78166347665348 31.733823218566805
984 119.07295521687409 32.01161385055187
985 118.7937877424714 31.640416677340436
986 118.97700054176349 31.75221797399586
987 119.12416916038711 31.741581574154882
988 118.69518839288567 31.926643273790127
989 118.83143469526914 32.02168856620523
990 118.77018597617722 31.878349884797334
991 118.5786985348064 32.09848060900121
992 118.57587297103908 32.32638960488182
993 118.560155722927 31.78575820173329
994 119.1127318243672 32.38639036282179
995 119.12695291239024 31.852543066281363
996 118.74466387462714 32.098773031686825
997 119.11391170250978 31.889693082239884
998 119.16309947778772 32.14290269317688
999 119.03298582694332 32.290056222930225
1000 118.65550044487033 32.243181677471824
