1 118.94405309403517 31.94616860169364
2 118.89271740791327 31.618125407048208
3 118.61604331538365 32.0415123360348
4 119.06838747131734 31.973661245316933
5 119.17483865518908 31.94726699134256
6 118.95193098414482 31.86353261938096
7 118.90092043399036 31.754692405111726
8 118.6043131493867 32.074623745152664
9 118.69210331213749 31.833180383876794
10 118.7607158547154 31.80432604617438
11 118.6303593067554 32.09826266240275
12 119.19966129666315 32.02251323227912
13 119.1396519462875 31.721138972321796
14 118.75907121662777 31.98555025595039
15 118.60749007993664 31.736564303240232
16 118.77783962412944 32.231093697024214
17 118.62538056457454 32.301841910119236
18 118.87010067781962 31.993307052528063
19 118.64429994040702 32.28262081081972
20 118.55360283724474 31.662401543633138
21 118.93528248431346 31.9957079558968
22 118.75337375691957 31.657851643004765
23 118.98632027384842 31.94643329381506
24 118.86750379087806 31.674125650456414
25 118.95174898549362 31.694135408522737
26 118.72433258478651 32.09277191825622
27 118.90010709487214 31.776030483952958
28 118.83136543806057 31.673667971248566
29 118.91683540604622 31.77893380051295
30 118.5252115436644 31.875292556587866
31 119.18280606068353 31.966928988669302
32 118.67275874929334 31.7610348212343
33 118.55975225683854 32.09649436547348
34 118.70482479850207 32.009318508667214
35 118.99455510792342 32.01003424075338
36 119.15173061827784 31.906404483800994
37 119.08869717291321 32.22604163980483
38 118.71640362047685 32.06621978961005
39 119.09549291770347 31.719549753441775
40 118.54589286444188 32.15956018112545
41 118.55298610695945 32.36791536188903
42 118.63318994214333 32.000950883479554
43 119.0542901806322 32.30181391076364
44 119.0110868317971 31.867230867707434
45 118.57788850760404 32.04844705871643
46 118.99584965838974 31.943678134920454
47 119.03788122475824 31.942088218515853
48 118.60373418790115 32.235325354953595
49 118.95788442762297 32.01648964129964
50 118.79433115172057 32.36200651301558
51 118.54478988885731 32.03555894627633
52 118.86459812549631 31.669710766398243
53 118.83288834830427 31.895808241780017
54 119.11543939535119 32.26964967166087
55 118.93138292094149 31.931892596187947
56 119.10966286612663 31.625454149764465
57 118.84241607955566 31.80882307651113
58 119.00877031152336 31.645721895605764
59 119.16977821817372 32.377571149439724
60 118.50538018399592 32.38244842700148
61 118.789449679236 32.22974842265931
62 118.81104534297421 32.0876528919289
63 119.05268570425484 32.21887649454423
64 118.5083988731594 31.732937899324885
65 118.89173968357943 31.827857520490188
66 118.67982310638031 32.003143263693566
67 118.81551216428151 31.883284045745487
68 118.97957141682568 31.645011485541577
69 118.93519319029986 32.37142294994904
70 118.66276772813659 31.97453762138092
71 118.63877968476935 32.016470747406835
72 119.08403137846213 31.8646043528312
73 118.8477601671627 31.81243501422929
74 119.17306640970041 31.896269699734372
75 118.94742166589734 32.27069874139335
76 118.65867413697936 32.21601692672537
77 118.61365200860303 31.880127136360915
78 118.72127545305793 31.602207124597307
79 119.02343623775404 32.23200235513817
80 118.82596568770538 31.793731621193235
81 118.89476789742345 32.06294587492402
82 118.92410225099817 31.60848431419789
83 118.63939593441867 32.12294864056094
84 118.72530592334748 31.922813489481182
85 118.70237119700636 31.99233651315784
86 119.14337723998325 31.930586839944645
87 118.5158297244834 31.877151896038004
88 119.17602695005013 32.033423126429696
89 118.62414027744539 32.38013091300524
90 118.86621823054448 31.69969337735637
91 118.69819846430637 31.869239555222272
92 118.7048562169615 31.631552357208673
93 119.03824280139706 32.19283844999229
94 118.99156901827602 32.12574815429408
95 119.037567817112 31.766772919646343
96 118.62477108311292 31.914742634097674
97 118.6423658165382 32.1345538769162
98 119.0293339850555 32.13040844846108
99 118.5898985819043 31.74842637852292
100 119.10078575920922 32.3053483386646
101 119.1269538400785 32.23021093843477
102 118.84844687208434 31.6863092091999
103 118.9809144553019 32.302668771511975
104 118.7317267878305 32.19782670751776
105 118.96518619919009 32.25181155220501
106 118.52941814432933 32.03641337317188
107 118.6727851812007 31.7803662810996
108 118.79819313139319 32.34161739409693
109 118.8729126646174 32.0735007287758
110 119.19469137686288 31.87193192827837
111 119.21097144322461 31.831861061414482
112 118.59373536491263 32.3102670599969
113 118.6933417363276 31.949439224482663
114 118.5522070161898 32.0346988490507
115 118.73072713834954 32.097961538880675
116 119.14986199094768 32.274728942601975
117 118.90665725411618 32.08844138527235
118 118.53551814076332 31.745272848803353
119 118.87179306629467 32.073055637240806
120 119.16424605902644 31.991506572439377
121 119.18750336178053 32.05004610073468
122 119.14514034271372 32.16882625104407
123 119.03846684317404 31.792293628633516
124 118.66597662372052 31.755493838318184
125 119.12579193986305 31.69638700204604
126 118.72377076068794 31.828624243299327
127 119.12231824681456 31.599666003701923
128 118.52319800872709 32.089898582534786
129 118.5425680906283 31.83775658667369
130 119.06834474179368 31.749176149912955
131 118.55224679473142 31.674404798926737
132 118.8023107531754 31.817526836551107
133 118.73385292257804 31.763799322185292
134 118.6843772508719 31.836425523171897
135 118.74996462083936 31.959232658240413
136 118.84638817757725 32.036589914678146
137 119.11823144147591 32.264228016679084
138 118.93831266966592 32.39518422900556
139 119.12772381941245 31.641734152891296
140 119.10182417231857 31.794373203322326
141 118.59430501136639 32.10451014297167
142 118.7717709978314 31.749362913236656
143 118.85709127009177 32.29770443668045
144 118.67727464654422 31.77012722200402
145 118.88792175909056 32.177034252851136
146 119.186607927437 32.10646024363992
147 118.64293403130168 32.22829048445955
148 119.06009040567709 31.640380154449087
149 119.20163847398248 31.77895786162701
150 118.6831421171755 32.16352725289917
151 119.11121378952213 31.681702967640245
152 118.61563559783141 31.62718110372685
153 119.15490098034655 31.887164472844926
154 118.69137870151816 32.08087480551555
155 118.69318454812156 31.61675398043496
156 119.13107793069496 31.667708702557473
157 118.69233297001689 31.63776109756067
158 118.63634409011787 31.925785073497245
159 118.72862617433013 32.14192404349875
160 118.98710445506767 31.768128695127277
161 118.50861395683525 32.28875006558303
162 118.61831699659294 31.95848931591701
163 118.58208947787944 32.09222693025414
164 118.85619729110246 31.823223424571946
165 118.53181696436371 32.10549335696567
166 119.14827636074523 32.37941326462
167 118.83353200619688 31.965258954930203
168 118.9195383871001 31.774588062546748
169 118.65749987862466 31.9395880432603
170 118.97897996648383 31.95045659397231
171 118.50064305367864 32.018905657929665
172 118.56065834213665 32.00495079089333
173 119.13690993784805 31.62582234149103
174 118.62611934803667 31.720273527830255
175 118.83560883552495 31.947504332913915
176 118.87964600484172 32.16625977296198
177 118.62323678510953 32.22680446376743
178 118.9094759575187 32.20736777653694
179 118.68153320530928 32.01931153485998
180 118.96369160589187 32.3692450286472
181 118.69301371507441 31.8487159480905
182 118.78941769730204 31.973248219777766
183 118.8375078021462 32.218805775804185
184 118.51795899515848 32.2645820588021
185 118.58526523167222 31.912889708949105
186 118.53835758379618 32.29186972924088
187 118.79811276309957 31.977309877870205
188 118.88096234654049 32.17598352555269
189 119.19260529846927 31.608379157706096
190 118.75062635415345 31.609999136363232
191 118.62720940452259 32.33648537427969
192 119.17069087340053 31.694740037120365
193 118.8753026699284 32.14822547219123
194 119.1633367282375 31.824617834803277
195 118.74176669175948 31.761165473232104
196 118.55972630186572 31.90285501050827
197 118.83521814937187 32.34560029893233
198 119.20902113535486 32.05876482737694
199 118.54424528912338 32.335956662681184
200 118.84205531374558 32.161214890371085
201 119.08512067793481 31.98183507776595
202 118.64847494153442 31.990160306249496
203 119.0572318957376 31.78654879822068
204 118.53731257941195 31.60900504856153
205 118.7218839929011 31.92826285985977
206 118.62754578936303 32.03104651981071
207 119.17033105556256 32.29865501197399
208 118.93385559914395 32.1289842508462
209 118.7048707572863 32.269738797067184
210 119.14672938724031 32.326454504026124
211 118.89573259844167 32.34569412514867
212 118.75985163248802 32.2489815657763
213 118.98994104042602 31.705548911807
214 118.95050544487128 31.879585852831145
215 119.18457210879178 31.7492794241722
216 118.52385471169879 32.29600421150893
217 119.10509273203583 32.22992383364096
218 118.96765292356929 31.88716948178718
219 118.61232542910547 32.044836053781125
220 118.77242130545655 32.25129636223506
221 118.52221521658304 32.28892142230056
222 119.10097375025353 31.760227664881455
223 118.572190325729 32.190077980738174
224 118.64613670227533 32.24399896718313
225 118.99164337668299 31.652826868476108
226 119.03279309719721 31.6860759312358
227 118.68690998771129 31.93750524019945
228 118.6134672013335 31.77288666959545
229 118.51210527430034 32.30300295852987
230 118.54056990168854 32.169887772717445
231 119.11594238100679 32.17011676836212
232 118.64250266608913 32.22541272892806
233 118.78515961229441 31.86062195149888
234 119.0474756880977 31.78836982450945
235 119.18120190964471 32.08909603714517
236 119.11379896963159 31.918880975205305
237 119.12269395449165 32.32574389469439
238 119.07622332266874 32.1302600323563
239 118.74119049601174 31.90569880915762
240 118.95510304042888 32.26682341918222
241 119.0090571264909 31.9114084744686
242 118.80004825112741 31.738517710561393
243 118.93514592347927 32.220079797332204
244 119.17567082959407 31.986122075177576
245 118.71982971716601 31.803982857917728
246 119.14235310539806 32.15631428934484
247 119.1983074701002 32.390739450434644
248 118.90722500680441 31.79830602818267
249 119.1391609251364 32.230273711099535
250 119.01004030794068 32.21456607999266
251 118.9943862146302 31.67726523277892
252 118.58429382784777 32.26708563283374
253 119.02006609980559 31.98365606810153
254 118.61738625502672 31.6928553086783
255 119.03358454807177 32.0368249662569
256 118.52821686138928 31.868332455774343
257 119.11823519752754 31.72856962707164
258 118.63264759998383 31.66827678367939
259 119.09728938615804 31.74671283382982
260 119.12194788149748 31.948520465756953
261 118.57352848321715 32.11254213052175
262 118.56067133728527 31.673756734411977
263 119.16476983286111 32.16482359935081
264 119.18067945595081 31.676682212718163
265 118.55105944157548 31.74340728449746
266 118.92460311030652 32.184796148492865
267 118.76794015083101 32.294938123663556
268 118.54126579897738 32.36528192646591
269 119.09800015247343 32.14268791791904
270 118.97720511521626 31.97382697870803
271 118.5521271748265 31.682248401935166
272 118.81866574180074 32.050889244887266
273 118.78723417754068 31.72645581523324
274 119.19056067963233 32.01219416086477
275 119.19330506129842 32.08956915958941
276 118.66794485662452 32.27805704093944
277 119.02598588316516 31.8544245889704
278 118.95927594056676 32.38472901348594
279 118.81174484720034 32.371427316858
280 118.89011061705692 32.27036121278924
281 118.77197039581453 32.164814478518245
282 118.54236402957021 32.18133098703659
283 119.03725155197705 32.3153029950901
284 119.05328229470233 32.355303882159085
285 119.15487219184969 32.27657297162818
286 118.85644193533506 32.11250850076981
287 118.5464391939204 31.685656385607174
288 119.16064540753213 32.1103649132032
289 118.6821867200451 31.881749844352534
290 118.58587400094987 31.710206109467794
291 118.5848738491514 32.30493563027387
292 118.92673623593012 32.268811567382365
293 118.76783708933756 31.99725677873036
294 118.9688177804124 31.976890209172172
295 118.54185860717392 31.99150251252716
296 118.51513658842163 31.810888517643576
297 119.17294240553015 31.91311430048893
298 118.55868041578647 31.94887520118732
299 118.73103175597255 31.606914296518095
300 118.51050467208673 32.312719371557186
301 119.12702167562286 31.631972400112556
302 119.10250196970463 31.91107923597594
303 118.89651594723449 31.69156429394683
304 118.59740521552419 31.77162905760295
305 119.0702056021505 32.35744419770238
306 118.54141322908863 31.895383391290085
307 118.82235790710021 32.15848144523386
308 118.71616170256212 31.68486336956037
309 119.20084356002485 31.782551016636788
310 119.17932832413457 32.300417794416
311 119.07611551545594 32.31373886370883
312 118.8171742719691 31.8004498804806
313 118.85361699622466 32.36421472820872
314 118.89129084805667 32.14198160456712
315 118.89177988516386 32.012799567444674
316 118.62054847279073 31.885278826316853
317 118.67261981034065 31.886324857346864
318 119.00441187996707 32.364649328288586
319 119.09594701202423 32.164261558359264
320 119.16858503791657 32.012752213521985
321 119.03013368923611 31.628224696156963
322 118.89934780433126 31.79869184659273
323 118.55843561617789 32.343112964475914
324 118.55619439738196 32.02678113880197
325 118.62787707353397 31.885071615129714
326 118.98688905334463 31.633903934018665
327 118.70299870507272 31.807290584767948
328 118.78496691019846 31.805184394124904
329 118.61164585130963 31.72990209839591
330 118.66273147948239 31.88677951454167
331 118.77524435107006 31.754158121460595
332 118.94534850035038 31.662364336787103
333 119.19935360982838 31.69728214710755
334 118.59758667018082 31.989875538273086
335 118.71844685378159 31.64850352779081
336 119.18750841200871 32.34040684672183
337 119.11912211586852 31.76588127763095
338 119.1772825448357 31.98778158918358
339 118.86249921902574 31.926379985998093
340 118.65863868992848 31.847087430042443
341 118.64823068828262 31.865481145306877
342 119.06735004341886 31.79205949858342
343 119.1623832453532 31.819004488189396
344 118.93284325969252 31.703156980206106
345 118.97042618302397 32.169099167566756
346 119.1337881157026 32.08787980016001
347 118.68263504476414 31.84138393860427
348 118.91046597410273 32.31886897362422
349 118.8944229688244 31.90466230489809
350 119.1446736013159 32.092997155654984
351 118.72962953919266 31.998134297807024
352 118.60089892771528 31.862807697033425
353 118.58421283340628 32.32018823526408
354 118.6846074286599 32.28165764496545
355 118.55628737412965 32.27686448615669
356 118.7288192792316 32.382219034706026
357 118.88776374650065 31.618792643014878
358 118.79856389474054 31.986279748306245
359 118.94369212793276 32.362651532795844
360 118.85705311657678 31.70703684921382
361 119.02556185550374 31.81307762410252
362 118.81861806443662 32.00343199957545
363 119.05053269174496 32.116349922312935
364 118.80859759687502 31.877703660024707
365 119.01666043378627 31.838760892085045
366 119.01997832982141 32.222813464975786
367 119.09994461560207 31.61137708123008
368 118.61843199281896 32.240944184644185
369 119.0075396210689 31.931900073101538
370 118.48314594372015 32.10655307870211
371 118.77876690436453 32.156926085108
372 118.90625891686084 31.684204285626812
373 118.509661942309 32.333384178677996
374 118.53704840646456 32.25142570038051
375 118.64627612875535 31.880116383970567
376 118.7723522273534 31.74649697291015
377 118.99597498514663 31.653724327749288
378 118.63333147494764 31.84722846541522
379 118.78631277784358 32.1759431291046
380 119.1291942661991 32.282874642807165
381 118.74538173569772 31.84621416874793
382 119.04053155944911 31.785049470417984
383 118.90547389934746 31.859464234920914
384 118.53933823682542 32.37074182716618
385 119.17774704926755 31.67930243113551
386 118.5793325699187 31.747264841792298
387 118.75322546187019 32.15408913001053
388 119.18814088473225 31.715605766894914
389 118.68290962378477 31.791010083155857
390 119.14197053790338 32.25784765145926
391 118.96669652864234 31.844883134737582
392 118.62916807073123 32.07489763143942
393 118.59685341955027 32.038741491194145
394 119.17999828412218 31.819953860620885
395 118.81956725384764 31.797174113749715
396 119.02154880613018 31.804230429066322
397 118.60118904650567 32.298998114333685
398 118.84666339828492 31.60709348936851
399 118.563437536301 31.686156628187387
400 118.8339572428304 31.873620902462136
401 118.50063020739675 31.77229724971949
402 118.52112848267777 32.04235056621038
403 119.13437481675034 32.022118912522984
404 119.1113435184473 31.994501752808777
405 119.03455064759156 31.845781731304452
406 118.8517885196896 32.01309501556702
407 118.63037686084068 32.220872546554155
408 118.99702112612565 32.239626913481345
409 118.6583436753944 32.034597429796975
410 118.53664156899856 32.23975533463182
411 118.71721214948752 31.661260852739062
412 118.9061127877365 31.73521921272064
413 118.90233032956021 32.19957770110951
414 119.07876386467954 31.91229647726538
415 118.76814964418702 31.8514485123957
416 118.6069597291894 32.05559975394883
417 118.53933905391553 31.912620402650298
418 118.64334588692294 32.32794087234401
419 119.15599911168063 31.91151099147297
420 118.51442876658004 32.26281464463948
421 118.93306885660249 32.082272954781594
422 118.81983786022427 32.32643404147035
423 118.64043953441083 31.989698069403648
424 119.00150330530643 32.37408090736794
425 118.90491858374602 32.05292280749648
426 118.5599164373607 31.632494176027162
427 118.9742172965036 32.17833787978033
428 118.54480598852864 32.30060996081018
429 118.65872459611725 31.66951861281393
430 118.88940316893962 32.364800999099884
431 119.00720136968155 32.059449311425915
432 118.89041832533114 32.19961167381841
433 119.11666277649798 31.77191880527641
434 118.98108449311886 32.33829853142244
435 119.1745173150978 32.123369581540224
436 118.68110190960026 32.03973683534066
437 119.18548799111556 32.37428497399058
438 118.65607039535288 32.0542305762148
439 118.63569091652109 32.009525369818356
440 118.62040219855255 31.640273708272865
441 118.57491348440867 32.04286507180648
442 118.94265301511886 32.196592528585896
443 118.49918685441736 31.89973238025382
444 119.0713815331842 32.143731351046966
445 118.93748611996286 32.03429747868519
446 118.70634737440702 31.772736557732415
447 119.11780544419241 32.032855984956385
448 119.09209173771782 31.989697683309355
449 118.92958415854443 31.863227541127394
450 118.53813069694124 32.13452788595806
451 119.19503347544055 31.661354003832262
452 118.91851080726691 31.88774681176445
453 119.13687827982419 31.948584483102845
454 118.60762935584609 32.389028553496246
455 118.51553493224704 32.16209921684835
456 118.71261584184045 32.1009543998044
457 119.05423971553678 31.7292729400696
458 119.0738165371028 31.95171474638197
459 119.11992300864398 31.895786227939823
460 118.72213873587377 32.3554153380078
461 119.05919887746096 31.95551972442162
462 118.59497919995586 32.27797417331569
463 118.87831031452201 32.14338818182066
464 118.53946819721429 32.2792565978619
465 119.00673234456576 31.595478083851486
466 118.74945509297507 32.353957825680865
467 118.57483438343071 32.366024765837174
468 118.96251131775999 31.71384625576712
469 118.77954889022524 31.64444942719292
470 118.7113792877338 31.865311671476935
471 118.73681280017011 32.05436920188311
472 119.04848399144355 32.01679457504696
473 118.78574617932605 31.957111734519255
474 119.12191448049396 32.3210930922619
475 118.61091663845141 32.047699910508946
476 118.78078456645314 32.34256785063409
477 119.11993036529849 32.04943799596702
478 118.91043375342515 31.748209658528754
479 119.00097011236872 32.39388901545597
480 119.08347620244979 32.387966360366995
481 118.85997705578576 31.95752225105837
482 118.60496078766005 32.19809552379968
483 118.71278570363103 32.12328704445834
484 118.66458992437217 31.74165458405723
485 118.62437847158132 32.066026240043826
486 118.91910381038056 32.11222944584565
487 118.63777005640549 32.06655551229016
488 119.08183853311331 32.02782528004607
489 118.81273550598597 32.06941960323337
490 119.06749451108907 32.17253520364075
491 119.08895342817515 32.22496442813165
492 118.98833197502584 31.685581811399086
493 119.05543296721787 32.32810840600021
494 119.06730294720526 31.980528464960216
495 118.91541930015505 32.154189168868875
496 118.7167692132543 31.90583057130271
497 118.79157707473297 31.65466441144594
498 118.7154531930968 32.12835629521146
499 118.82951873768765 31.894896097067377
500 118.7665568741813 32.03241487620222
501 118.73893390532422 31.80352691275627
502 118.56507379228661 31.76432223279266
503 118.78903396027049 31.814323915559168
504 118.57985804692473 32.29788168769424
505 118.75188702032249 32.35288928346944
506 118.58400804883028 32.36989652736878
507 118.75335387691243 31.942998500402844
508 118.88813423166245 32.23922390955755
509 118.54497805523009 31.738570630813108
510 118.66060550440831 32.1935225764167
511 118.78829216708395 31.94619395588937
512 118.68542919644703 32.2717841096184
513 118.88685024972878 31.763377578117254
514 119.08140961296019 32.24881957300791
515 119.04731875967731 31.66587690705896
516 118.6744764449584 32.28950335085694
517 118.64185408683765 31.9404662434795
518 118.88776299206322 31.7195879349156
519 118.77103587339279 31.83458054570728
520 118.53113553681125 32.17523237813937
521 118.6511941832058 31.950584349417795
522 119.1717040506792 31.788027979946264
523 119.1587080517219 31.80650514687906
524 118.75605347385695 32.1443188381964
525 118.52402719063193 32.120915127860435
526 119.05139827495955 31.651985885305344
527 118.68689897655142 32.2638875119499
528 118.51904779866292 31.701472477666893
529 118.68532986890474 31.787897901044015
530 118.59456044239991 31.61817199346322
531 119.12241568927446 32.02675056593728
532 118.63681220137975 32.28597991759508
533 119.0240483931215 32.34551770291328
534 118.59823080198673 31.960930832475743
535 118.55334820906491 31.69203426257966
536 118.7753984569639 31.99810301429701
537 118.93326111427851 31.82378274181334
538 118.87636421754247 31.85018275044688
539 119.07567056303068 31.78192388668462
540 118.78910901737311 32.35326341595172
541 118.9249068962608 31.921541220207587
542 118.54047886505178 31.595812371353926
543 119.02136941938637 32.00192676398928
544 118.98190194646425 32.14675574498295
545 119.06139299528515 32.24764750212761
546 118.5679809836881 32.19771235020229
547 118.80826030221809 32.16279270134944
548 118.96523584895414 31.77247270441355
549 118.4944303412623 31.866020663070824
550 119.10505347573788 31.953377102624202
551 119.07103802054289 31.72157242476989
552 118.86409572729046 31.949475115218714
553 118.73997756768385 31.685515481848494
554 118.99784542715868 31.67020856463346
555 119.12200636333051 32.26435487084202
556 118.84901075003329 31.72393614166726
557 119.12379670401029 31.96578058165632
558 118.59464247366522 32.088507066047214
559 118.72578984556444 32.35640233607894
560 118.98962043649728 31.84535424075458
561 118.7565353639446 31.757936564239632
562 118.85950793243072 32.300679266855845
563 118.95956488330637 31.83744470465431
564 118.91200679655422 31.825723507251244
565 118.81645772671884 31.72227445034613
566 118.6147826664923 31.961602140240984
567 118.77783327289838 31.770528281288186
568 118.65635853163604 31.898419353553944
569 119.0435371387973 31.86206102208783
570 119.0561362350625 32.102724873639886
571 118.64852685458465 31.951993897575864
572 118.91522648737566 32.12410530069956
573 118.9932473388177 31.843297905691816
574 118.82022895143949 31.888139320784152
575 118.54027717600422 32.38357624892482
576 118.98290358786593 31.7870851383171
577 118.54692312910915 32.205471260093056
578 118.96782046390521 32.15545706281394
579 118.57703949179755 32.10204811183651
580 118.9381222144429 31.69350074933188
581 118.69380136322495 31.58252789535754
582 118.76416372008208 32.19342515754167
583 119.19194112085879 31.655761394212746
584 119.16212219083187 31.801027197806583
585 118.90045782768311 32.384823613144995
586 118.9547860591463 32.3745303374021
587 119.07191009091879 32.348117862082944
588 119.01068300926998 32.04659437599442
589 118.59159260752978 31.96376349885339
590 118.79277505355896 31.964124376638406
591 119.08379579440096 31.867603876804147
592 119.01337410937418 32.38247287990722
593 118.62448522158995 32.242365768580605
594 119.10512889273997 32.41535572554262
595 118.930246582001 31.843002633193738
596 118.70861703002231 32.06825129269477
597 118.52802138540967 32.13561206476329
598 119.03005223921139 31.910088033839255
599 118.80813849490298 32.067921387520165
600 119.1839303817044 31.73634359409117
601 118.67769128209837 31.84319459045193
602 118.54883370339779 31.718564594156295
603 118.65536222137298 32.099883642997185
604 118.79370468398983 31.870828962613377
605 118.52037749594881 31.93598433968382
606 118.74831349432877 31.89672386223496
607 118.66552567311219 31.651022346617236
608 119.17445910138329 32.330645301653014
609 118.62981279342833 32.16947480035035
610 119.10605929338756 31.852733977060957
611 118.59427899586814 32.30651387007344
612 118.90403800795399 32.15691832960647
613 118.9483861325903 32.37978367907391
614 118.88270591106489 31.99198471737147
615 119.1707149940674 31.695894915307548
616 118.80597762788298 31.68503384837773
617 118.94590319644323 32.19750274862548
618 119.1088974541886 32.05277461589692
619 118.66372062707059 31.77075356771068
620 118.85867221657374 32.01815350663668
621 119.18020765686066 32.018744150664766
622 119.03622914271257 32.30249237855867
623 119.00847728151287 31.635722540423096
624 118.77850547831497 31.684126408399244
625 119.11076976926667 31.944438807044026
626 119.07340501076314 31.70384662861734
627 118.8030776750103 32.386677195206445
628 118.89801744172941 31.76458593391458
629 118.96775952024277 32.09565804478473
630 119.04514736529248 31.950253750314065
631 118.81691407578289 32.229064878582484
632 118.74067686815556 31.626201763062237
633 118.60047723616569 31.853871406884885
634 119.01922159631313 31.98352517982436
635 119.03299119209275 31.696414441671568
636 118.61813127113953 32.08652987216107
637 119.11174771696881 32.01504814762569
638 118.60667957504918 32.26225535348038
639 119.081913413773 31.962835806563156
640 118.60406644563142 31.850629129343574
641 118.94150863500393 31.836927087315726
642 118.86987367944599 31.803242516293242
643 118.6017992701327 32.34638077901822
644 119.01551944726829 32.23542308718982
645 119.02412376010794 31.875289104827804
646 119.12224883959767 31.950468412474294
647 118.83682632222839 31.677721844071737
648 118.88637058168229 32.07519513401507
649 118.95016866498672 32.186874679787564
650 119.11369163785264 31.79265957992611
651 118.78950973136931 31.96916235164957
652 118.9691957327437 32.13206332231018
653 118.91728077894739 31.966535813838274
654 118.63261404856307 32.02994228350463
655 118.98302452024443 31.74944141865867
656 119.09342605066887 32.22827884592065
657 118.81558899080454 31.688805069015803
658 119.17132871775794 31.982868592367634
659 118.88701449191878 31.8502157759431
660 119.12101108158411 31.689413416895494
661 119.02404451193371 32.292586776038355
662 118.77778102302896 31.746219428718213
663 118.72360765644274 31.976158450501035
664 118.7586763396556 32.09734533059392
665 118.74211001118199 31.8288517548188
666 118.52542728445269 31.98896565795297
667 118.50533644107082 32.013233861404395
668 118.78612120289249 31.942617254443068
669 118.63786945738288 31.889471246223827
670 119.09710465099803 31.789035114312767
671 119.18165495939037 32.339087015950625
672 118.70797608124123 31.993854446897565
673 119.02674514494909 32.159460130913665
674 118.75189257728326 32.018972033199084
675 119.10951634823759 31.840354742168525
676 118.8220809001097 31.99467868553527
677 119.1486738615263 32.25734946094454
678 118.97777378713012 32.28837938408449
679 118.58346962481951 32.33605563728474
680 118.59382968935404 31.778062882294922
681 118.80785126181155 31.86958609271952
682 118.9134782214006 31.68956100714164
683 118.86103008311446 32.39976942614827
684 119.11779776804279 32.11487553746349
685 118.51503077533478 32.1665875860907
686 118.58139093055887 31.96337444410647
687 118.7109338002236 31.81010108167433
688 119.0985029421583 31.92145195443646
689 118.49533290034066 31.843846897374863
690 118.88577224246572 32.0196765057265
691 118.50482940513481 32.24838648768974
692 118.8833416266173 32.26162423551842
693 118.83328750655608 31.84552708013092
694 118.57919469565661 31.73715329232665
695 118.9217372023066 32.19619750264049
696 118.92401034074041 31.928356719803393
697 118.81911636626168 31.748811961005238
698 119.05213229880857 32.11411504104157
699 118.55656946960995 31.688296443160425
700 118.73450715530599 31.68498826750709
701 118.84412219466937 31.604673466573225
702 118.71941797975354 31.747938264554758
703 118.58667398147155 31.97127572085412
704 118.57989299575915 31.741534476248784
705 119.04376201586753 31.639016253647828
706 118.67610903987084 31.997004536478208
707 118.95831944229347 32.314433789852174
708 119.09708789534996 31.598770001398872
709 118.70775141767139 31.785652177961108
710 118.62816336723742 32.34030053740435
711 118.898778040289 32.12056722134434
712 119.0833837610791 32.2600740960813
713 118.76183306278625 32.32119402679011
714 119.0879854296328 31.78557108763959
715 119.19577542713938 32.20022533205248
716 118.96976472225256 31.81296422897505
717 119.12087368446672 32.34131041754257
718 118.56112875462254 32.36461627521216
719 118.78000778073313 31.72624051521909
720 119.11399631401949 32.27073638450574
721 119.01207883822548 31.65690624296228
722 118.57358108059206 32.08387065054586
723 118.66984514710721 31.98038124077205
724 118.72024041930729 32.06602410256121
725 118.95743185190182 32.19800661919312
726 119.0158559608396 32.30418156626833
727 118.83849846172095 31.99244252454509
728 118.51918860601343 31.651050549089998
729 119.13389516888626 32.33936943714703
730 119.15427579389998 31.64366813659365
731 118.73218654552119 32.23865246670333
732 119.06481372913107 31.715204150243082
733 118.86194400021449 32.33526742681463
734 118.8342755585567 32.09180191004658
735 119.16064814039139 31.851913949478458
736 118.50510131216761 32.286703886159366
737 118.7936940538841 31.731319842620454
738 118.65102156389256 31.774802404745795
739 118.82533406764865 31.845466900002975
740 118.8081642138951 31.92654791836029
741 118.62339742505034 31.786933500773955
742 118.90453869400092 32.32139153956439
743 118.76995641887304 31.9652316097922
744 119.13685567140934 32.359862224978215
745 119.14208717751215 31.82295142100399
746 118.77324094634263 31.972046451631016
747 119.03388456177562 32.25691922492216
748 118.93614787093162 32.389295552145114
749 118.76249495358016 31.970541548108375
750 118.68380020809775 31.98744285941607
751 119.14638045026987 32.3621307084785
752 118.65001970147893 31.9436139503502
753 119.03944699827302 31.94990049835695
754 119.03878070928624 32.38181485216633
755 118.63486400214023 31.997657762633455
756 118.76536814686565 31.692102951857873
757 118.79577906740744 32.35800978293756
758 118.85407474165378 31.993510447091317
759 118.9229291470238 31.88021718883337
760 118.7560486970187 32.32478349287366
761 118.9290240771017 31.60745189720987
762 118.80504526235616 32.350927331641415
763 119.16895587462662 31.671432651461963
764 118.96466947249208 31.658304337419022
765 118.87254381969214 32.331343466813706
766 118.90626245066186 31.97072820395332
767 118.5824145470674 31.734611009387706
768 118.69239043486401 32.38674100205843
769 118.9851164741082 31.85866626391276
770 119.20825882390095 32.34662454838745
771 118.72385148342538 31.968092867197644
772 119.20200446939324 31.91372326828815
773 118.75031722726715 32.0566895340608
774 118.81404745479789 32.325742605051424
775 119.17791637822397 32.38295229978902
776 119.071080301551 32.14694636499788
777 118.8760414760365 31.90800985863748
778 119.18094384669833 32.260906667425594
779 119.20080507407916 32.33309293425982
780 118.60647848643775 32.04998259450821
781 119.03866566929632 32.17617226747587
782 118.68807001078228 32.30258582731686
783 118.71562640753667 32.15087851735801
784 118.80342416476337 32.10021920934374
785 118.82946008776287 31.9027292552045
786 118.59776056240703 32.082131761419326
787 119.02144800183 31.77600138402494
788 118.5049402085753 31.71276056278899
789 119.18656289349008 31.8059224926746
790 118.68101906124765 31.957813753528786
791 118.99023580540285 31.869666472569275
792 118.86974714829661 32.1689700930104
793 119.09482289960282 31.91007239670852
794 118.63726444677467 31.97833349598501
795 118.52942675460895 31.822587093715484
796 118.62333290524904 31.653305567491078
797 118.97423605165295 32.16662090656372
798 119.06648838609429 31.772959721390148
799 118.60833892616256 31.983850757465007
800 118.91147349039802 32.08269960247521
801 118.51972682079985 32.141723280801585
802 119.07089540968727 31.941826320093835
803 118.56810000604077 31.810692441891312
804 118.61847579127854 32.3120502515411
805 118.9482547914786 32.12296169281048
806 118.82455614727742 31.806819477522048
807 118.70526645185178 32.22505193299997
808 119.16189377342593 32.030352594956156
809 118.87129040933858 31.949735812982773
810 118.61832102704743 31.694970028306887
811 118.78864224038638 31.779371703617244
812 119.0066544851232 31.700226068377784
813 118.82808778597457 32.14328689534548
814 118.57855307363708 32.17625608737769
815 118.60852666517938 31.971183513869462
816 118.6733795710923 31.641263960300805
817 118.87736309497124 31.73517160921505
818 118.94150917889348 32.34834418728307
819 118.83818707690018 32.30811401779662
820 118.6440373830412 31.907315044033506
821 118.74595700222818 31.70120713210272
822 119.12159864405481 31.956643716451268
823 118.67257901670116 31.937546174317553
824 118.97005335974157 31.61544658764151
825 118.76491099114534 32.176731391420226
826 119.19305698407739 32.128388256843884
827 118.4978545012928 32.044656171775486
828 118.7048276557402 32.239183212448594
829 119.04327339973653 32.26018850561682
830 118.52708904360371 31.761776904651548
831 118.77407227635881 31.6663965376497
832 119.17295649273302 31.89988333365125
833 118.97348421756716 32.28895595083339
834 118.58807231933211 32.216270130598474
835 118.56673137453623 31.793599414583916
836 119.16649713864385 32.2101728525555
837 119.13389147777217 32.06041364030338
838 118.63948427719482 31.822946274595214
839 119.11588918170143 32.16522559938272
840 119.01320967443742 31.83942461382502
841 118.77785769222427 31.861096732856875
842 118.66321162011285 31.77458451436669
843 118.59819457457093 32.053503588563046
844 118.65148087807049 31.967077074795053
845 118.84400543203715 32.08808655621103
846 118.53411884457897 31.6291045651989
847 118.93114342312388 31.928299787656197
848 118.9162198037831 31.63229603991851
849 118.9456528870519 31.85765041048527
850 119.07685985403099 31.67377589434182
851 118.54620185720206 32.036671648681605
852 119.18326580635377 32.33820297734323
853 118.82437885647008 32.28192869149327
854 118.83914074487032 31.994741595962978
855 118.60743615911984 31.887241670057808
856 118.9615059584195 31.621759394888077
857 119.12152906450495 32.12637107623087
858 118.55653400574332 31.836138132268054
859 118.71659752193172 31.9334767506453
860 119.05142569526987 32.09626535255098
861 118.52069158751947 31.744536888165545
862 118.90479215882637 32.03235385352273
863 118.66723985060459 31.975918246121292
864 118.86700972496062 31.912117100058428
865 118.60428398752686 32.27680475542076
866 118.74392642361198 32.19874277025858
867 118.73973739752816 31.70819201761091
868 118.77008631960881 32.32299657514019
869 119.16349963266025 31.594066303856113
870 118.59305102184442 31.78953498943108
871 118.67765508546127 31.711564608088228
872 118.9711657321476 31.87407800145708
873 118.74600788285572 31.689503195037453
874 119.14898344700642 31.82913963007216
875 118.75244002408922 31.902310037071896
876 119.16390735730472 31.983416128512577
877 118.61620880455993 31.826318947369078
878 118.81721714352001 31.653220502258627
879 118.86385153384813 32.00735845076977
880 118.90918221216228 32.08516282409071
881 118.77545028439421 32.11409239571093
882 118.86560889108232 31.60619865597595
883 118.66438477926157 31.683486952018423
884 118.6668352157355 32.1377843852387
885 118.56644968303368 31.713395743373724
886 118.87173762904817 31.675500248855048
887 118.84257083620261 31.953884707471417
888 119.19886168331394 31.89996806767907
889 119.05589013481064 32.12820293077957
890 118.99044310556565 31.618132232446737
891 118.70567397531606 31.79626231209449
892 118.67052772809652 31.814139119013298
893 118.98725034218788 31.869947308817068
894 118.64688100837873 31.6056641385396
895 118.53806420376107 32.036296447211626
896 118.7117934060572 31.599407653919123
897 118.87804067026893 31.847151360580884
898 118.62960535777047 32.32596880709134
899 118.57825900127546 31.724756405144063
900 119.12382167315968 32.125437039584874
901 118.8406101989509 31.991160378475133
902 118.50973930374998 32.33621076786358
903 118.66892305690261 31.94819209430699
904 118.54608648425149 31.745722087238143
905 118.67474329800785 32.402507262338666
906 118.79693686219147 32.172403313976
907 118.59002647402282 31.698994614752923
908 119.14132690268495 32.02269950188006
909 118.8504894698198 31.858312764255857
910 119.09459089131983 32.30152384950539
911 119.07239340863408 31.734129464221727
912 118.59047911736634 32.11416343371263
913 118.5494999277901 32.35974889459571
914 118.89459336670642 32.3459467205251
915 118.5189937047545 32.32829291202877
916 119.05960048063511 32.13136772498974
917 118.71783133142152 31.85586926290047
918 119.01318368524531 31.654173914421722
919 118.6280314816637 31.739749428416747
920 118.7174900575272 32.31436758983226
921 118.94384262517431 32.17245738117248
922 118.65296567505952 31.671922196457857
923 118.65234512809435 32.380568898853454
924 118.74474396806347 32.00171923807957
925 118.51594753411182 31.749817971949216
926 118.98093403774462 31.97870509361169
927 118.58014045125074 31.925585725819943
928 118.65438471758867 31.78639510673627
929 118.54620790319947 32.094447068347264
930 118.8170937215651 32.015869907409
931 118.68378231878744 31.805385014495215
932 118.86056954873462 32.22064964976692
933 118.95691847198964 32.03372850355585
934 118.64826741362113 31.87575047231086
935 118.73853530548115 31.727438486060606
936 118.89160092839955 32.00440032277794
937 118.6790666384815 31.715171675668618
938 119.12503915199191 32.31665018239076
939 118.53155646162631 32.01138100572779
940 118.59594841832337 32.33577556059709
941 118.7080001379772 31.86278428829407
942 118.94946759507218 31.95541284290487
943 118.55779800348249 32.02599818452518
944 119.13685755252511 32.30537790194945
945 119.13038861726386 31.700442982949642
946 118.96583681632488 31.913176805614594
947 118.76304206871453 31.6724714182396
948 118.68395751279218 32.346270545358074
949 118.73399015685065 32.264765150054515
950 119.1279110505598 31.921034983438723
951 118.86442025809595 32.12815071442587
952 119.15254962885297 32.04829870649676
953 118.8325077276067 32.07952285165167
954 118.65123399846395 32.253527083387844
955 118.57441661904787 32.37493707524409
956 118.97859940383043 31.662957478204813
957 118.70291792836446 32.060038917779366
958 118.95222754850596 32.33004359144199
959 119.15659433127249 31.933508158217574
960 118.51779845398052 31.791708417557917
961 118.56518184690773 31.69703403112344
962 118.72454568248129 32.101674403607504
963 118.72153700354235 31.767568337981967
964 118.77100737186522 31.900674177074492
965 118.81420473843524 31.910321159456274
966 118.79523226154018 32.09192272825603
967 118.55797105121052 32.36055073304219
968 118.72225666336067 32.398515875563824
969 118.59421788530452 31.83665687291093
970 118.6327000447768 31.817806793331396
971 118.90802699726005 32.190544439698286
972 118.53071765899918 32.15998583004712
973 118.6900606344668 31.823943427532203
974 118.9270877902773 32.350427608227584
975 118.6953079025617 32.24155741065159
976 118.847248566859 31.758370754221513
977 118.81385332231847 32.00601888003936
978 118.9386352814715 31.665639093592766
979 119.08587761917074 32.033045680305904
980 118.6960116274299 32.050943380722394
981 119.13925318629464 31.758084828228917
982 118.9602763672072 31.667798846215852
983 118.78498312122045 31.730212207634835
984 119.07374649825314 32.007196096935274
985 118.79319310259046 31.651760935891158
986 118.97429077602173 31.749720176435893
987 119.1240557278778 31.73853365401973
988 118.70117687177553 31.93140259817532
989 118.8362131856319 32.020044586563294
990 118.76557086880882 31.873990208364532
991 118.5783193265675 32.10247344196051
992 118.572234928322 32.33139524919478
993 118.56389532351471 31.78680300113856
994 119.10887628018187 32.380884289577004
995 119.1290874581325 31.853918614336056
996 118.7410978834651 32.099290743859626
997 119.11955361967587 31.89723301236191
998 119.16357507169836 32.14768433344059
999 119.04241384467534 32.28750560108614
1000 118.65754866548248 32.24053554507693
