1 118.9438148193456 31.941731268099506
2 118.89947893013661 31.61479709800057
3 118.61457985741272 32.036453253382106
4 119.07767901955235 31.97101014928149
5 119.17420405823161 31.951899231890877
6 118.95748810328503 31.869177031053233
7 118.90496809518004 31.752108323459414
8 118.60130598799145 32.07712136729718
9 118.69146768537168 31.83325943430367
10 118.76008854520542 31.801380997166106
11 118.63073233783827 32.093444502888076
12 119.19580111583649 32.02158348165794
13 119.14191686695948 31.71536497703386
14 118.75648943816547 32.00120549738443
15 118.60242122282853 31.740791577115957
16 118.78114625252906 32.23410223092969
17 118.62290010002152 32.296927868725376
18 118.87875174548742 31.99062403346238
19 118.6475774062448 32.28635920683521
20 118.55158646273179 31.6565207856447
21 118.93044180296043 32.004255141516396
22 118.75268671322965 31.65063935282001
23 118.97581554772393 31.948855747054683
24 118.87021861909216 31.674134823323342
25 118.94505452580508 31.701741527406543
26 118.72032694504284 32.07624597886895
27 118.8990338541626 31.784142308504393
28 118.83631662501361 31.68244238366489
29 118.9168757692408 31.777433477604273
30 118.51067577745707 31.870312989529452
31 119.17718080151133 31.967760010523644
32 118.67479355824783 31.755451466004896
33 118.5586169797377 32.100668902748296
34 118.69781167117128 31.98772491240525
35 118.98883161906667 32.014670864450224
36 119.14590001233503 31.901051724202276
37 119.09623226748825 32.22933328837875
38 118.71303236403881 32.06796996537798
39 119.09283624229225 31.715857730025128
40 118.54395044927669 32.16088220610965
41 118.55819691573613 32.3738152267534
42 118.62783092295336 32.00306595604372
43 119.05442246597853 32.30218605819001
44 119.01612062662025 31.870622556117944
45 118.57848673032811 32.05106402491428
46 118.99686624493776 31.942485915863365
47 119.03289419434655 31.95119860612501
48 118.60524922914118 32.22921700080694
49 118.95201164699219 32.01750632305059
50 118.77462716580034 32.35619789401208
51 118.54161189363143 32.038482614001644
52 118.8654794969577 31.67182880657518
53 118.8396637933763 31.88887669488237
54 119.11267933650832 32.27166523656575
55 118.91650004730275 31.925326312885844
56 119.1003179648783 31.623842742647636
57 118.82836680007118 31.80904470610789
58 119.00273543892597 31.642030122970958
59 119.176332528195 32.37524945924149
60 118.5138286266433 32.37792396962026
61 118.79438532638666 32.239083572113536
62 118.80429530176592 32.09571407546507
63 119.04355431182996 32.21075477289053
64 118.50806932796546 31.73413050991472
65 118.88980072270049 31.827557765805416
66 118.68293431290755 32.006180935622616
67 118.82227297258272 31.88257623579877
68 118.98784708706498 31.643433207456805
69 118.9338064792978 32.37090921861035
70 118.6618415760734 31.970120946266718
71 118.64305610002714 32.01477588427965
72 119.08985896734345 31.86648091425769
73 118.85051069468645 31.816284392920515
74 119.17755473318836 31.89485409607203
75 118.95726879950072 32.26732138438081
76 118.658789815222 32.20793948834353
77 118.60797606333152 31.8939337752301
78 118.72639447936126 31.610857029433447
79 119.0297536127769 32.238198085940674
80 118.82796641327943 31.807780067691493
81 118.90400829979744 32.06142346423586
82 118.9134634924604 31.606112812784215
83 118.63579443789392 32.12146693990373
84 118.73201216553989 31.915774292852966
85 118.70692496330136 31.985341295755983
86 119.14987067701873 31.930049255758814
87 118.52018193507556 31.870412075725014
88 119.17263247870429 32.04093959558534
89 118.61145600414658 32.38174191557063
90 118.87019398322965 31.70453680029595
91 118.69316169913594 31.873845988674073
92 118.70849991175994 31.623152028050782
93 119.04183459905575 32.19536758535847
94 118.99598042626764 32.128668232318795
95 119.04612613896747 31.780370853020248
96 118.62699115391389 31.924077068062083
97 118.63855392278657 32.13939212129976
98 119.033460956912 32.13337625286063
99 118.58529657546518 31.746788633683654
100 119.11135150372235 32.307136566337135
101 119.13353000375494 32.234081043794866
102 118.84228420973167 31.69184073409532
103 118.98489707314279 32.30344075594754
104 118.72856700169793 32.19346138737392
105 118.96462853813236 32.236417645351644
106 118.53093695836664 32.027351665440726
107 118.67351404932595 31.78380138886319
108 118.80273662373558 32.34075560543032
109 118.86004832769082 32.07557713869143
110 119.195319180456 31.870204273675505
111 119.20430408084732 31.822456234151396
112 118.58766014166098 32.31627670714311
113 118.6970829607617 31.955279260270075
114 118.55519559784088 32.037727200298235
115 118.72876559585332 32.094638914380475
116 119.14836348556588 32.266626179552475
117 118.90126680925295 32.08977698599369
118 118.53260398723924 31.743989964495377
119 118.8668438336308 32.07585948319399
120 119.1568460433049 32.00041564864003
121 119.18994224490943 32.05391706457787
122 119.14446850557385 32.16186427014829
123 119.04042109536374 31.791744971979032
124 118.66962443479426 31.760427433726957
125 119.11741902331875 31.68993713624455
126 118.71366985875113 31.825881174254235
127 119.12359008093985 31.610224849108235
128 118.52168941812609 32.09223749749816
129 118.54058888039671 31.84432766049564
130 119.06343681789751 31.75934579832342
131 118.55668639247381 31.670843925621142
132 118.79717466530599 31.825073541901617
133 118.7401650395889 31.76602063401704
134 118.68258481825819 31.83197025607323
135 118.74967455867628 31.96347775836409
136 118.838318308076 32.04214473933626
137 119.09656834793329 32.280085093588696
138 118.9373584988807 32.391889328405085
139 119.12861038073363 31.62737149560728
140 119.0949510594858 31.791965454080348
141 118.59209108533533 32.1126042849962
142 118.77403050261877 31.746124047752563
143 118.87138682225721 32.29769013346185
144 118.68603400695373 31.76889353501686
145 118.89283444462274 32.18182467765443
146 119.18499152426331 32.11788770646808
147 118.64089703278317 32.22277767924984
148 119.04705540907463 31.631112947246393
149 119.20402553235347 31.78494802702615
150 118.68050182863722 32.16745362815845
151 119.10714376263581 31.677065899968017
152 118.62011376808047 31.620206737453913
153 119.14812395638093 31.876968498305438
154 118.70000916103845 32.08090921527158
155 118.69228911627353 31.62526249584773
156 119.13988602676183 31.662035435781572
157 118.69458079480356 31.631481719910806
158 118.64470398097075 31.92190934125017
159 118.71360887619217 32.147802651395956
160 118.98224719163834 31.769433320704948
161 118.51209735313154 32.28921477480411
162 118.61181898237814 31.962814667900535
163 118.57949770365563 32.09669290376066
164 118.85909791853254 31.828762522303258
165 118.52878807666708 32.09530116483584
166 119.15259410385113 32.37713632904523
167 118.83194637650107 31.956206684621208
168 118.92414931251488 31.779004734102624
169 118.66457812662749 31.938909592417225
170 118.98119537702495 31.949579594842653
171 118.50776445346193 32.018202019707296
172 118.5681203419089 32.01423577251086
173 119.13125722035441 31.634736563164235
174 118.63221253500102 31.72523285784185
175 118.83958809085891 31.95993592458735
176 118.87994167853151 32.16732887973389
177 118.62213824059076 32.23075354737576
178 118.90178180100536 32.21145886469308
179 118.68156628072443 32.02032136998111
180 118.96439702561132 32.360498415955284
181 118.69174477415427 31.8584578710537
182 118.79872292417672 31.974927013787504
183 118.84081958973552 32.211796355396544
184 118.51080851103914 32.273334348224296
185 118.5762887337463 31.919841646700352
186 118.54081223591898 32.29436486345074
187 118.80444567174095 31.96992383561324
188 118.8739609218091 32.17783638240652
189 119.18062448161541 31.61560098144986
190 118.75293200298182 31.605621005227555
191 118.62853632500479 32.33410363572269
192 119.16912512621266 31.686342250984556
193 118.87551977331847 32.137049593710444
194 119.17340062562612 31.828264605397383
195 118.74199532687096 31.765225379026855
196 118.55075223076784 31.906176257788694
197 118.81682442386231 32.34543826700844
198 119.19491848062432 32.059634448745
199 118.54480589458073 32.33260335216268
200 118.83900632631186 32.16313534565199
201 119.08454132608887 31.990205940075093
202 118.6398634154387 31.993838724138897
203 119.05431077350765 31.773888222961663
204 118.54684745797518 31.603239087784353
205 118.72777528831483 31.935802966442267
206 118.62425791216607 32.03232744880463
207 119.17680988623731 32.301642119446136
208 118.93020299910505 32.132444806186804
209 118.69709153251036 32.269455761883826
210 119.14808949941563 32.33917558201306
211 118.89707093038304 32.34632925868639
212 118.76861715839753 32.261004742281216
213 118.98890306854709 31.71086823573736
214 118.96321529104793 31.88151201619354
215 119.18746502275324 31.75062347905328
216 118.53094172592465 32.29147461631729
217 119.11687535985041 32.22837777613542
218 118.96766735769629 31.881050759538525
219 118.60587143505074 32.047766391645446
220 118.7636011654333 32.24923911780034
221 118.52620145183586 32.28513384866341
222 119.09227970534474 31.76650765030272
223 118.58525504131633 32.18413674679365
224 118.65344680211335 32.24048854303438
225 118.99452561557177 31.63752461495133
226 119.03113660201058 31.679184975547077
227 118.67946416075516 31.935097857300963
228 118.61738956312556 31.766457291100373
229 118.51908904921727 32.30572113152671
230 118.54329005355696 32.17619436931164
231 119.12470376202039 32.173668958078004
232 118.63908027789545 32.234785187568505
233 118.78008637650066 31.85995245797941
234 119.04957760560912 31.790033628942417
235 119.17815898902242 32.085152446471014
236 119.1211334616844 31.924844997395837
237 119.13289919569755 32.33650138603718
238 119.07922646068147 32.12894346087911
239 118.74295233691414 31.901244551876477
240 118.95558077025366 32.27853757219899
241 119.0007989515896 31.919814698711384
242 118.79692918286143 31.7365229014052
243 118.93490901092586 32.21970152696316
244 119.17082707714744 31.98051430506435
245 118.71723716253877 31.8056255110828
246 119.14716328913275 32.1592854798412
247 119.19399277691137 32.39047495904253
248 118.90454213547478 31.797652934513362
249 119.13392978047544 32.2311713081405
250 119.00890456237177 32.20938832778812
251 118.99047589021794 31.684880925769466
252 118.57625480202668 32.262295365319765
253 119.00869775857069 31.9681738201985
254 118.61976728564736 31.693452087503758
255 119.02894806646958 32.03552530882927
256 118.52591765146686 31.853995993797398
257 119.11539425574624 31.724397079401864
258 118.6320707711693 31.664781755177888
259 119.09405365456055 31.752580960337358
260 119.1178867242375 31.947362192007702
261 118.5741913580356 32.1103055820591
262 118.57175593369094 31.673586853234543
263 119.16652113237492 32.16865236061173
264 119.18756389499153 31.67824972406759
265 118.55149573991056 31.74405337392377
266 118.93033108695747 32.17469296552691
267 118.7550867814645 32.289618755088625
268 118.53581430155019 32.36781124495558
269 119.0917108174413 32.128678024396535
270 118.97323684953456 31.979184416724596
271 118.547956206884 31.68733205668024
272 118.81690938056549 32.049755557351176
273 118.7845248735408 31.736705281096537
274 119.19337754182574 32.016554750779484
275 119.19026380090713 32.08306735347071
276 118.66522020137835 32.27702285708511
277 119.03095008382232 31.852026926058027
278 118.9516308861999 32.38971911659153
279 118.80941783740636 32.37400075893779
280 118.89201768710919 32.273368958367
281 118.7766193922837 32.16479977978765
282 118.54394524371241 32.18103290914386
283 119.03096122632009 32.31722996084059
284 119.06441910078033 32.358622488412955
285 119.15823835620688 32.27918979863687
286 118.86450606002143 32.10823971284523
287 118.54241626105829 31.67102568421111
288 119.16102674785687 32.104919453981175
289 118.68539664018816 31.877376491223103
290 118.5892547483375 31.711105779012208
291 118.59078959364805 32.31755377803935
292 118.91403503805688 32.263550613533766
293 118.75775687262025 32.0169203901597
294 118.97723432927077 31.976833584345393
295 118.54339466551288 31.99577203976462
296 118.5181411705029 31.80117213719638
297 119.17363872265847 31.9190151557614
298 118.55366706541307 31.94045150726614
299 118.73200349452628 31.606565887411286
300 118.50942035648032 32.314679606708374
301 119.13345442930695 31.635223329351728
302 119.09408036468795 31.907209135523726
303 118.90633167770712 31.68785856639529
304 118.60892046836652 31.763857347379208
305 119.05776977622611 32.35442171923784
306 118.53955246337158 31.89280115318429
307 118.81792947852236 32.16744152039819
308 118.72431987159283 31.694080912366413
309 119.2031322797247 31.78748605473641
310 119.18051687447566 32.30280932724339
311 119.08259148531349 32.31589072556824
312 118.81219906754454 31.809488298364133
313 118.84883397814014 32.37215472422228
314 118.8823495591596 32.135638131085926
315 118.8864658293524 32.00422683228819
316 118.61600264355482 31.883288566259658
317 118.65496411948477 31.887349702887914
318 119.00267599084918 32.36384311143263
319 119.08608244550074 32.15859532207005
320 119.16838665300428 32.01423418115587
321 119.02682546727254 31.625408828716864
322 118.89705436481172 31.798413419413958
323 118.56534085504939 32.34843369144131
324 118.55673743335396 32.03333144302883
325 118.62174209522348 31.88697231918845
326 118.98822064707231 31.623419861713188
327 118.69686795209321 31.80787929981964
328 118.78836485958905 31.799008375424602
329 118.61102303841469 31.739500755149656
330 118.65470710507056 31.882316851317057
331 118.77340674336436 31.754878831986954
332 118.95052589257075 31.66163510536163
333 119.20171288488525 31.685065952844415
334 118.5895933461463 31.993725319643357
335 118.71536090397422 31.647547479141714
336 119.18945527802505 32.33898244903359
337 119.10661384736876 31.76123769480556
338 119.1657516013796 31.988310921886907
339 118.85865891746941 31.929386239404256
340 118.66428567110071 31.843093408557387
341 118.65409471746436 31.853170790192927
342 119.07364528122864 31.78361825576253
343 119.16767362118325 31.821494502728168
344 118.9321227569726 31.69161519586798
345 118.97084491864314 32.14947392646883
346 119.12815335086127 32.100641585873845
347 118.68083732994617 31.8537945388394
348 118.91782602409165 32.31415197946567
349 118.89344844017754 31.908565793879372
350 119.14768244365031 32.09370522807518
351 118.73463081983155 31.996792377489932
352 118.59802190260102 31.866295619963186
353 118.5707282942792 32.33325780971779
354 118.69644470037451 32.27722117262035
355 118.55555723166759 32.27084216687062
356 118.72692400896052 32.37004251461763
357 118.89623685150488 31.60742071914969
358 118.80152041076289 31.9871224143148
359 118.94364858282925 32.34717828654392
360 118.86514639797282 31.703295163296755
361 119.02792320217534 31.805903750445783
362 118.82317290836927 31.994705113380416
363 119.04495310048918 32.12117747339473
364 118.81653531047797 31.86641492166512
365 119.00508530478943 31.837719654319
366 119.03045778216924 32.231948956399066
367 119.09211747062254 31.610896377770633
368 118.61488738643749 32.231573313993174
369 119.00833694943563 31.934555931300366
370 118.49613693502423 32.10304481310799
371 118.77910775733322 32.16021132148353
372 118.90055156548456 31.68679020466502
373 118.5238944169034 32.32586134679634
374 118.52484827037712 32.25366223545716
375 118.65358597627119 31.89471374478738
376 118.7622288307908 31.739877665530987
377 118.99192392848337 31.65346499464322
378 118.63235050907717 31.841827590362453
379 118.779533194986 32.180863397162454
380 119.12901485792092 32.27599043750652
381 118.73952405262821 31.861957518541942
382 119.03206665599706 31.781035948052356
383 118.92015818151569 31.8593096519602
384 118.53982525992453 32.37326579756034
385 119.17170521879359 31.68050831902431
386 118.57664147897572 31.733500178493568
387 118.74847482391523 32.15346763114055
388 119.18504412779633 31.713788599368335
389 118.67253466003704 31.798191512850323
390 119.15494950926694 32.24495155674944
391 118.96783768244259 31.84465946359695
392 118.6276386308092 32.07672453423144
393 118.6020491503703 32.04246136483531
394 119.17453008500583 31.82492118217432
395 118.81986857153446 31.802795412967303
396 119.02631686846965 31.81557298594102
397 118.6007661734411 32.29833175420833
398 118.85335447326766 31.608907465683927
399 118.56166698743742 31.6881223394929
400 118.83708935459717 31.877399754253275
401 118.49548925042052 31.778534671258274
402 118.51870590033492 32.05106188978103
403 119.13279388739119 32.02607659956814
404 119.1086358831876 31.996085986421594
405 119.02995658932078 31.840328671876158
406 118.85109836471366 32.01776600457358
407 118.62698536869583 32.220515609148514
408 118.99260030382729 32.241419432274405
409 118.65841903682819 32.03719914481155
410 118.52879312511358 32.247466276184596
411 118.71469129821268 31.65418535259768
412 118.90334872818018 31.739277497579216
413 118.90661415259996 32.18971247933135
414 119.08102936671345 31.909090728792396
415 118.77039659586806 31.850633595797078
416 118.60478534630457 32.06688664910151
417 118.52952240587076 31.905956372120553
418 118.63816785469363 32.33005617843965
419 119.15700687789572 31.914618932154617
420 118.5145824009854 32.26179784054077
421 118.9366028194913 32.08208028407991
422 118.80996655968835 32.326497356980866
423 118.63725913837736 31.984198270113236
424 119.00195646904386 32.3696159915289
425 118.9055399398981 32.05292476599126
426 118.54481892382908 31.63688418586338
427 118.97061765605774 32.18959327490525
428 118.5443037859119 32.30524153469334
429 118.64448697047976 31.678571387994324
430 118.89549249978212 32.35938977217146
431 119.01880981373786 32.05872865239144
432 118.88390454782554 32.19338703350845
433 119.1289029845445 31.76644980333065
434 118.98734498266813 32.337687172186406
435 119.17475495849106 32.117031164743985
436 118.6929544179237 32.03282568145474
437 119.18794091362294 32.372095926100684
438 118.65266164045389 32.05202408241335
439 118.62020271432957 32.014750111373566
440 118.62488207198246 31.642481075109572
441 118.58398746411406 32.04356233458422
442 118.94249392516483 32.19318274501551
443 118.49703453416127 31.888825138689363
444 119.07694924922723 32.139485269224174
445 118.94190569030803 32.04404677759607
446 118.70436478958482 31.772402961188803
447 119.1248664143304 32.03494813762691
448 119.09374143700931 31.98957284286094
449 118.939959028768 31.870647955998486
450 118.55003492973876 32.132209808374384
451 119.18280137682534 31.66562271764402
452 118.92628330147477 31.884153642622305
453 119.13013583593413 31.942220068639518
454 118.60223516521233 32.386989609208506
455 118.51756734680795 32.164205782090136
456 118.7147141384348 32.10358296446829
457 119.0574930943805 31.72128189366103
458 119.063121036073 31.962806178581783
459 119.12033312940527 31.900915157601368
460 118.73436809289046 32.35566127584498
461 119.06374732465878 31.95946883339362
462 118.60095486863855 32.28398522979907
463 118.87744937057488 32.12106108288149
464 118.53918236147241 32.28953717458865
465 118.99812117150985 31.59865764977449
466 118.74782630674733 32.34888488011593
467 118.57828293417471 32.367331898769365
468 118.95322415830351 31.724739713419652
469 118.77981466755197 31.646458568176232
470 118.71364564012933 31.86535889776562
471 118.74595663412258 32.056945764307656
472 119.03888182873011 32.01867579114613
473 118.78662153939071 31.952028560500832
474 119.11700998792519 32.329160669621146
475 118.60194217802125 32.05341694002123
476 118.7774079830893 32.33818236416471
477 119.11252711070331 32.04266556131058
478 118.9156586717303 31.738078586248026
479 119.00373148359928 32.382379136140045
480 119.08514224543168 32.38960469107168
481 118.8548844262355 31.954961706720407
482 118.60662197091258 32.200363591005384
483 118.71578057516376 32.12011568324675
484 118.65913122195103 31.73910584184007
485 118.61819349379856 32.062166767575064
486 118.91454526175211 32.11264846511369
487 118.64409991795507 32.07305921838872
488 119.08182592482939 32.02439599096674
489 118.82006381459229 32.06568835980309
490 119.0680529647205 32.16624381717212
491 119.08315073180036 32.214680673419736
492 118.98420584939745 31.682524591022442
493 119.06713165447678 32.328404296554176
494 119.06806163365327 31.96620245855692
495 118.90752523533348 32.1579801206182
496 118.72893291852576 31.914129058540436
497 118.7961647005527 31.64880114691989
498 118.71535792644463 32.12311311726602
499 118.82843642980872 31.897095723534708
500 118.77255316795473 32.034994572165786
501 118.72922428751865 31.808191558417576
502 118.57646478753578 31.762225484901396
503 118.7799186132096 31.81490346048663
504 118.58650782510455 32.29222154355738
505 118.75270495033986 32.3458236628768
506 118.5734303580832 32.3660242242823
507 118.75496361461919 31.94189222740355
508 118.87539772527715 32.231619627540155
509 118.54283923447501 31.73626337497404
510 118.66613603036959 32.18598954377485
511 118.79656030803841 31.941268582185952
512 118.68259117913884 32.27130183669966
513 118.8931083926169 31.75718094263383
514 119.07639370862786 32.25199859500072
515 119.05239596941759 31.654113300423244
516 118.67537105481006 32.294502164783275
517 118.63903096145505 31.94100013107633
518 118.89318326270613 31.710337886080403
519 118.76804806703126 31.82684922884346
520 118.52776640673966 32.18324835941426
521 118.65891813972534 31.949560698543337
522 119.17435318553643 31.787316139363988
523 119.16381196405757 31.80093955462732
524 118.75059426779156 32.139793873193554
525 118.53605562595048 32.11390247811483
526 119.06584209085845 31.651281229949454
527 118.6850520179387 32.25321388423003
528 118.53279981289536 31.70414138197094
529 118.67975498923923 31.790324117403678
530 118.59356187791415 31.613265006981436
531 119.12250124410323 32.022610119317626
532 118.6278804629906 32.27553102447449
533 119.03030538272715 32.33783891213665
534 118.59971707590697 31.96521368303528
535 118.55289497184995 31.68871824240139
536 118.7678078542706 31.99504291556875
537 118.93205282787362 31.824496527397727
538 118.87499802406688 31.852674490725814
539 119.07278157207041 31.776314612099963
540 118.79128444990535 32.35274639195566
541 118.93133477658921 31.92472822533341
542 118.53363059260573 31.593837955135935
543 119.026972549436 32.0026812767484
544 118.98080777620314 32.15658207364876
545 119.06560020396604 32.25084429087656
546 118.57249216073461 32.19813473249197
547 118.82011731845573 32.164744035590225
548 118.96375571169234 31.757816953089325
549 118.50061746793206 31.86732496711479
550 119.0987289645288 31.961056663054823
551 119.06577726559095 31.72756693017417
552 118.86596215660919 31.93850977843822
553 118.74129842989232 31.68244145028639
554 119.00573953470423 31.669912324959576
555 119.12288346189236 32.2631663659029
556 118.8471831102352 31.731841237611974
557 119.11614911194413 31.969411976098645
558 118.61495827443802 32.09516449824703
559 118.71985242894172 32.356582735155094
560 118.99620218475093 31.853072774918424
561 118.76144398057899 31.75869509638283
562 118.85770031092162 32.306415491957175
563 118.95375118247041 31.84716032114772
564 118.91191761079313 31.818468427274144
565 118.81369353914168 31.715605202599352
566 118.60344605841487 31.961203312619645
567 118.78523625065806 31.777856064777012
568 118.65579759441614 31.89059160843652
569 119.05401430217464 31.860729936436528
570 119.05840753318701 32.094046767377364
571 118.6496087492159 31.95343879124276
572 118.9098737421474 32.12799262500708
573 118.97617178291385 31.84386308459644
574 118.81497273221613 31.87229355563251
575 118.5536495037779 32.389630003774705
576 119.00206164449823 31.792083938001255
577 118.54599745375238 32.21075780007969
578 118.97148942532932 32.16358445139937
579 118.56866358842072 32.110089154039784
580 118.92426268444389 31.69067713511407
581 118.69029728356398 31.59097758038525
582 118.77108580748222 32.19755661405075
583 119.18712043302916 31.665105693433567
584 119.15890306069866 31.794413563527478
585 118.90218740624141 32.38341837332569
586 118.96708439099196 32.37334909054594
587 119.06034526082534 32.34345169769536
588 119.01080505475495 32.05722453652792
589 118.59362348650777 31.97812802588737
590 118.80082355484485 31.95705922534154
591 119.08305575033144 31.86471204796891
592 119.01326302503965 32.37065155987077
593 118.63315000436343 32.247786211713866
594 119.09874794180095 32.40790998369255
595 118.92296413293491 31.84177637398915
596 118.7033217842722 32.06185066937465
597 118.5280659042226 32.13776591699871
598 119.02809028490827 31.905237922489288
599 118.80141566091385 32.06425719563895
600 119.18189540583391 31.739486314324616
601 118.67066481960175 31.856277376470498
602 118.55741836656972 31.72131880626795
603 118.66992319038275 32.105084385263055
604 118.79008994200149 31.876746140160595
605 118.5241413431571 31.93295416205561
606 118.75780733041024 31.892731361194848
607 118.66664019256378 31.653728423026024
608 119.18715241791882 32.321235495128555
609 118.62693105294481 32.17524709216822
610 119.1046954748205 31.858288094812114
611 118.6051310878656 32.30780734441913
612 118.90055936319182 32.14738991214849
613 118.96187701511175 32.39170303921737
614 118.88517205223529 31.984000885079713
615 119.16398416403868 31.69109530956648
616 118.80223979126725 31.687646422450353
617 118.94623564216568 32.19391497856786
618 119.1088012768267 32.05243937850777
619 118.67173626751078 31.76914868111493
620 118.86328685289892 32.0305553951303
621 119.1734511983832 32.02605374782439
622 119.02925515778367 32.29485199102201
623 118.99783859937847 31.63646664147593
624 118.76931292283604 31.681518859420255
625 119.10005266357626 31.95186544749469
626 119.07355474740714 31.70143824176146
627 118.80687698668727 32.391829422351734
628 118.89801000181448 31.763702903761853
629 118.96777307207404 32.09653247740958
630 119.03754606235407 31.956436199678784
631 118.81776805740252 32.2322791666326
632 118.74022145082127 31.63214788605009
633 118.60036958999788 31.85289341511286
634 119.01069175494976 31.985996233724148
635 119.03518117371382 31.69654374906856
636 118.6282049564251 32.10683030867698
637 119.10598953506727 32.02550501762651
638 118.6089611644174 32.261717910459744
639 119.07656665579029 31.960336134068108
640 118.59737889408736 31.845440093305715
641 118.95199023876987 31.841712926535997
642 118.87886248271657 31.79358852864212
643 118.59581467190532 32.349027478398824
644 119.01420609523723 32.23941745910389
645 119.03064332770106 31.87870401481192
646 119.1247774721364 31.95085403407986
647 118.84881918943148 31.689226990128446
648 118.87981440753754 32.07424240905804
649 118.95173313974838 32.18816387684411
650 119.12848161638836 31.792370999946137
651 118.7739109903862 31.960968820142053
652 118.96531477227069 32.132720869884665
653 118.92018934254682 31.968216162159127
654 118.63077146839488 32.02946960281941
655 118.98324054510951 31.754211213221122
656 119.08967761616034 32.22415397059441
657 118.83090718596289 31.678299451481735
658 119.17711236544103 31.976602860541764
659 118.8875930357133 31.84010801151957
660 119.10887394416125 31.681254157072026
661 119.03293760744783 32.28506783222648
662 118.78173532721031 31.739585198814467
663 118.72839850838987 31.972048925168746
664 118.7657907799009 32.093481984415995
665 118.74478562524642 31.8283883809039
666 118.52651768977418 31.98509223521657
667 118.51078544266376 32.02075046477034
668 118.78506687046591 31.94259953873334
669 118.63193250423664 31.887776938287356
670 119.09333792564763 31.79458160407272
671 119.17006072603864 32.345037408392464
672 118.7065644623521 32.00116901674658
673 119.01530549485499 32.16248522233733
674 118.75732012112486 32.01588370092888
675 119.10066157418566 31.844493912777313
676 118.81581693162518 31.988527583601286
677 119.15177406361558 32.25772464799044
678 118.9672440310539 32.29121649428341
679 118.58571890945028 32.34262441177747
680 118.59844736665538 31.776861848534985
681 118.7897111772958 31.879676338113075
682 118.910272226655 31.690781147629316
683 118.86096184644256 32.39651734701892
684 119.11680729456305 32.10861132367097
685 118.50624066293724 32.16681021967105
686 118.58141397974748 31.95718355654527
687 118.7152397264858 31.806247119277696
688 119.10109548098282 31.923771800349144
689 118.50516880903616 31.838436411393765
690 118.88839673010483 32.01724439166077
691 118.50228162143095 32.248067419054685
692 118.88479508573398 32.26564737211929
693 118.83448487273529 31.843114055161028
694 118.58199786149878 31.734759335814275
695 118.91606819976424 32.19438753820626
696 118.93552387489967 31.939215244500375
697 118.82067697564504 31.74994699179495
698 119.04907009482021 32.102273505915804
699 118.5496856954266 31.694705196972986
700 118.72761589970683 31.685335355150865
701 118.84699055183378 31.603808237488384
702 118.72890217741559 31.740444207730135
703 118.58734664978302 31.98446845213352
704 118.57327461035548 31.735063307850407
705 119.04873770865892 31.642640562987026
706 118.68310026913692 31.988765328640596
707 118.96154856735625 32.31916232491914
708 119.09827234420197 31.60476748845105
709 118.70929280917146 31.78488745879271
710 118.62971493936661 32.328168166236686
711 118.89936383143579 32.119604514883626
712 119.07444426327146 32.25858236761423
713 118.75912796174559 32.32383767696548
714 119.08448900359976 31.785740302073496
715 119.20051426709936 32.20276809050215
716 118.97027842235048 31.80338548930562
717 119.12857698574433 32.35448956227642
718 118.57309021023579 32.37021871290016
719 118.77740076768207 31.727828959795744
720 119.11045704292555 32.25870938738958
721 119.01247847136183 31.648518738726732
722 118.57353581578614 32.08320020996096
723 118.66424797662792 31.982642176661237
724 118.73424085765794 32.0671319715349
725 118.95694007253655 32.19847845061784
726 119.0224502345574 32.300397336157545
727 118.84107384818961 31.99661222498596
728 118.52350298424977 31.652784155639903
729 119.12609555628184 32.32680616732055
730 119.15023965044753 31.64614284170861
731 118.74332241381336 32.24181271921813
732 119.06103591989593 31.709165318355964
733 118.86264562228072 32.33187685250152
734 118.82581576366955 32.09693558109277
735 119.15594004959368 31.847379600975422
736 118.50761147408717 32.28641124354256
737 118.7923958113538 31.730189928219243
738 118.65649681000271 31.77814608516241
739 118.82940441518197 31.849776634326638
740 118.81797126214654 31.92732105518657
741 118.62583910849425 31.781527460182605
742 118.89713985215016 32.328956503125944
743 118.77743680923301 31.957620254023247
744 119.14560819857954 32.35726329680733
745 119.14753066372509 31.813516716176437
746 118.76858639077778 31.965467866965703
747 119.03784751058912 32.255064241255866
748 118.93849756647396 32.395523991759525
749 118.76498764069467 31.969336727314783
750 118.68340452227449 31.986419674595055
751 119.14448320984664 32.36663502955062
752 118.64859737806172 31.93476915913305
753 119.04437720393794 31.946243547999707
754 119.03392789790449 32.37549714012073
755 118.6426053416378 31.992817979076808
756 118.7584446225178 31.70098546403436
757 118.80104462449493 32.36308668083717
758 118.8450886182164 31.99971739480901
759 118.91083801078102 31.881938508217317
760 118.7556795853997 32.33256311729312
761 118.92424075640616 31.611074951192123
762 118.79687079731099 32.3591467543737
763 119.17006606174421 31.67914192947869
764 118.96918584075405 31.659473689355732
765 118.87803720119996 32.340422385288264
766 118.89919838300159 31.971776465615413
767 118.58676402572543 31.732552467618557
768 118.68579332514261 32.39013179181212
769 118.99345502848433 31.85151118627103
770 119.20394942413175 32.34522312136308
771 118.71962762018002 31.970839474485256
772 119.20284620276188 31.897290504929465
773 118.74818420644733 32.05365442170491
774 118.8144922270184 32.32663918026004
775 119.18370145334274 32.38542678975351
776 119.06845583746296 32.14904561611723
777 118.87004345895886 31.903073912688715
778 119.18604021082959 32.26971905892802
779 119.19136822835792 32.335167115440605
780 118.60657709542028 32.04240245449708
781 119.04508665963107 32.17410103512796
782 118.68663257331069 32.306242604466185
783 118.71397716505595 32.15384465669355
784 118.81592069307214 32.111978988497164
785 118.83633478828254 31.90665572217474
786 118.60291061194502 32.07520076348186
787 119.02008958800747 31.776217197189307
788 118.50620653770774 31.70680574621511
789 119.18139803165943 31.7949288933818
790 118.67305803831961 31.949619914927194
791 118.98433577944607 31.865040643139103
792 118.87553143610315 32.16841505287583
793 119.08192261980258 31.910459741853362
794 118.64449244398648 31.98674186015447
795 118.51747275027708 31.817140695975475
796 118.61705739895777 31.6629639350438
797 118.98318730725319 32.16677711936743
798 119.06913740988283 31.767245445534318
799 118.60161920722771 31.979368179534266
800 118.90006390785258 32.08112890078518
801 118.52915960168066 32.142367002184564
802 119.07882827347821 31.945502580534722
803 118.57328273757733 31.81120279377229
804 118.62066384250784 32.31454796796474
805 118.95203295689699 32.12128911553783
806 118.8237285722428 31.80575218034332
807 118.69565446637164 32.22275521455576
808 119.15703934483086 32.0214230708349
809 118.87394782881405 31.94013927912168
810 118.61301612577134 31.684269607567607
811 118.79203411320339 31.784304189252325
812 119.0042195195959 31.693416702291657
813 118.82504829232566 32.145324954234276
814 118.57189836455912 32.17696228374082
815 118.6110413188402 31.959102972971788
816 118.67414500622961 31.641379515917386
817 118.86970954448711 31.737744187130023
818 118.95170805761887 32.34435187793174
819 118.82997258459459 32.30611576808874
820 118.64090834795712 31.913251555232385
821 118.74417678194558 31.700760418159867
822 119.11292281188865 31.963725191209033
823 118.67729965528551 31.943302717276897
824 118.965186704508 31.61518843659447
825 118.75410874051198 32.17813519754496
826 119.18088318013699 32.11798290724665
827 118.49701731514322 32.05272774823099
828 118.70476197538295 32.244841281174146
829 119.04183486912237 32.25564193504519
830 118.52792488718065 31.761306589386486
831 118.77632087106356 31.666780453268785
832 119.16600506782034 31.902610185579764
833 118.96516338786908 32.29830602360895
834 118.58654669881423 32.21466166724705
835 118.56439666061263 31.79407471533247
836 119.1589607531856 32.21456177454035
837 119.14223569236262 32.05764065226234
838 118.63210476488065 31.81760251994096
839 119.10937285393003 32.16750737129419
840 119.02237755959946 31.84271094432168
841 118.7806619796884 31.862919649534554
842 118.66012133679406 31.767260064878226
843 118.5948170005113 32.05875785320132
844 118.63892793795637 31.969697335764288
845 118.86236652135078 32.0951041023497
846 118.53086263989418 31.617112589959298
847 118.9338288400842 31.926443587157777
848 118.91111675506758 31.637236735039938
849 118.9488888321415 31.857197191841838
850 119.08083057627937 31.669342307960335
851 118.54206583905913 32.02777641454006
852 119.19151360768224 32.32822089188197
853 118.83614493847543 32.283715451480724
854 118.83848692816744 31.99590259405299
855 118.60867266460201 31.881392431309433
856 118.95981951651854 31.62251857158417
857 119.10831816975328 32.11837557534932
858 118.54776349671079 31.83967560894976
859 118.71319327888966 31.92307171897029
860 119.04643861585335 32.10214025250109
861 118.51741811923887 31.74770291833797
862 118.90496260710792 32.03826226404663
863 118.6700097013667 31.974936414441633
864 118.86307019783368 31.911758980443942
865 118.60063264570282 32.272532451577945
866 118.745014199955 32.19663530619937
867 118.75625923777281 31.71312432056691
868 118.78145191440943 32.31290140785702
869 119.16920701962533 31.606524363894284
870 118.59655431512934 31.7896988869798
871 118.68222836588241 31.71257653925218
872 118.9761618839792 31.868847113610762
873 118.75773386334697 31.699882730609772
874 119.14648102851504 31.827940919916728
875 118.75988718697356 31.911747708544393
876 119.16969817596808 31.983396247737197
877 118.61595846529666 31.81857286633298
878 118.81989967062864 31.656754826658844
879 118.86377032476128 32.0116298799632
880 118.90469039747533 32.0862713992932
881 118.77745022253208 32.125186259087876
882 118.86684671609575 31.60878140382538
883 118.6650693793963 31.688099888373227
884 118.66860363800436 32.12895277870471
885 118.55839665740208 31.70321205128176
886 118.87618931864588 31.671487746154035
887 118.84406583461573 31.94999530762904
888 119.19930010782537 31.893873322986643
889 119.0527940705025 32.12775649461143
890 118.98908827813955 31.6179797662124
891 118.70227751629169 31.794277193838237
892 118.67758095510995 31.82792868069673
893 118.97769456878338 31.863826879177303
894 118.64680964531557 31.607414044382423
895 118.54332027034825 32.04231842750379
896 118.72259870628334 31.60480057797356
897 118.87783966242222 31.848848941703384
898 118.62719264812651 32.32784431848392
899 118.58633744448524 31.726094357963508
900 119.12071396881001 32.124514670853394
901 118.83457643540048 31.980107009775967
902 118.5100606562761 32.33700463213358
903 118.6670298849084 31.94728703596795
904 118.54433844070633 31.757534617535594
905 118.68106211474444 32.39043733750594
906 118.79999931942308 32.172859042826104
907 118.59244758352963 31.70443808154794
908 119.14059799292387 32.02007989717789
909 118.84117576601912 31.85302375939555
910 119.09953785480083 32.30086031296515
911 119.08791676870739 31.739862795356903
912 118.58763506403076 32.116578841897145
913 118.54607300133152 32.362064247622996
914 118.90296290102192 32.34210777499408
915 118.51152365589572 32.32952723395179
916 119.05461161865372 32.127379987216656
917 118.71741490237993 31.84546752798987
918 119.00396881993451 31.656755486280968
919 118.63449386740675 31.733821015903807
920 118.72612563864521 32.31945654292693
921 118.94645879690852 32.162743897518475
922 118.6478093684143 31.669926853686245
923 118.65106006009029 32.38245001961038
924 118.75184153990072 32.00405183318869
925 118.50216874233553 31.741788742276967
926 118.97711991686569 31.983508564635976
927 118.58232266923196 31.924121577510462
928 118.66311051210958 31.774452342039762
929 118.55028023486472 32.094210164888054
930 118.81790469859934 32.01925026798491
931 118.67687374851597 31.815316328113045
932 118.86898586434559 32.22482056602994
933 118.97058908415273 32.02487305862526
934 118.651403228447 31.87862802998511
935 118.74137060406798 31.72786717472475
936 118.88750075080382 32.007348356527196
937 118.67419150538856 31.715576627812414
938 119.13298985640633 32.319404689462424
939 118.53230709163148 32.00911787816586
940 118.59883431060621 32.34663732421587
941 118.71120233725867 31.85954441343034
942 118.96071060129313 31.959265134897713
943 118.56236214169391 32.02641948333609
944 119.12314928221204 32.31185866929748
945 119.1327926824023 31.695472669161802
946 118.96056456350789 31.91313398282373
947 118.7640168604643 31.669137599215286
948 118.69714604651692 32.345884370932254
949 118.7320360171194 32.269058601420966
950 119.12086277039263 31.91242328460526
951 118.8682471076674 32.12787385393074
952 119.145061332779 32.05046201442405
953 118.83122636254164 32.0868493192843
954 118.64851202772022 32.26083356498788
955 118.56434324314314 32.37350297696544
956 118.97100855749369 31.658062278229103
957 118.7075457576082 32.05072094151285
958 118.94854345943854 32.323784643322256
959 119.15027411856997 31.91607180061702
960 118.51149385978768 31.805767181823516
961 118.55950773358708 31.6949010121953
962 118.72899177550165 32.10099928571779
963 118.71961682665251 31.774418757189363
964 118.77175136538406 31.906518127599483
965 118.81495062552588 31.907240672160068
966 118.7903233768097 32.09015100530459
967 118.56823747718279 32.36440261694566
968 118.72832057869992 32.402360494420876
969 118.58798624694026 31.836408150967625
970 118.63590859759913 31.8173420394707
971 118.90923450335563 32.190861387511546
972 118.53246271623004 32.163153707770356
973 118.69782221199772 31.82521987164581
974 118.9188212185868 32.36572558276149
975 118.69461412368588 32.24670253562627
976 118.85922293334774 31.76311517561315
977 118.79600896016964 31.999685998851582
978 118.93235659838209 31.665759879498403
979 119.09035279810665 32.01968781370669
980 118.69988000641678 32.04521030453206
981 119.13337394800084 31.760794042446612
982 118.96102828655444 31.670136080387227
983 118.78825660551723 31.73990983472736
984 119.06347675590986 32.00724111652889
985 118.78898677367762 31.64897665968296
986 118.97073583509375 31.75092365678783
987 119.12051319705697 31.7383781430405
988 118.71228143007392 31.936436252696307
989 118.83834608599714 32.023236017780334
990 118.77138789986324 31.880408411671088
991 118.57722491231762 32.11211128443753
992 118.56740618243343 32.33507724780837
993 118.57546658782209 31.786758161636026
994 119.1041051494503 32.393201017733276
995 119.13588588574099 31.86150141138405
996 118.73676660110175 32.09217768305479
997 119.13110563584578 31.887546935456488
998 119.16653120923384 32.146442680021245
999 119.03505006566523 32.29395479283003
1000 118.6605498231682 32.23935545499545
