1 118.94219030713 31.940044140657587
2 118.89468201462127 31.6185847275815
3 118.61561030121204 32.0445871518383
4 119.06530762349567 31.97356472458112
5 119.17284254921874 31.949139264794738
6 118.95097534430091 31.865870161400572
7 118.90108370773798 31.751804442401795
8 118.60625694639187 32.0787070860339
9 118.68966989023448 31.834604022442363
10 118.7589962231101 31.803347933650713
11 118.62936603773602 32.09939762984665
12 119.20156412417701 32.027253360231434
13 119.13984134442053 31.727781204663657
14 118.76366750038731 31.979851070151536
15 118.61118258851909 31.73616134950514
16 118.77602869316667 32.230540489691926
17 118.62490677760748 32.30174799899919
18 118.86912074946872 31.994125338170786
19 118.64615502068114 32.286225379636996
20 118.55291413109897 31.666884287255897
21 118.93724103104725 31.997444156532172
22 118.75515101494929 31.65869948098389
23 118.98547736271217 31.953420250700805
24 118.86528649540935 31.675490897407492
25 118.95262506358081 31.69268941839805
26 118.72320655989552 32.08549303015191
27 118.897345379822 31.775600076482146
28 118.83234568831341 31.673534001626972
29 118.91300951000783 31.777156488441012
30 118.5301270799843 31.878031220321077
31 119.18329675679479 31.96588630845262
32 118.67275296911308 31.761996454895947
33 118.56035099497933 32.09819434903182
34 118.70089542353568 32.00853781727807
35 118.9941646883633 32.009815045055355
36 119.14974694101046 31.909573369228845
37 119.09127540065468 32.22829375572982
38 118.71233839017904 32.07230301539995
39 119.09354526833326 31.719664411388173
40 118.5457502017629 32.15901644235121
41 118.55157274707081 32.37508482676819
42 118.63139196694726 32.0021540587755
43 119.05060150135031 32.304224289648836
44 119.00944397249562 31.86845867007462
45 118.58295949838569 32.048662914547805
46 118.99877465196442 31.940458638955395
47 119.0384395699048 31.938252056683368
48 118.60243969304092 32.23780339410868
49 118.95850439551572 32.019439703328615
50 118.79684566365087 32.36047451760969
51 118.54542177775909 32.0335502747701
52 118.860342983504 31.672099268156803
53 118.83595188766898 31.899110235433017
54 119.1130207002395 32.26690089295745
55 118.92623221442227 31.934640467212223
56 119.10491678647608 31.620478207540412
57 118.84341038974819 31.80966038098654
58 119.0066051129089 31.64701589520297
59 119.17124148687394 32.37682746090596
60 118.5066149509747 32.38424999261506
61 118.7929390981594 32.231309498217264
62 118.81365134958708 32.08873195029814
63 119.05028383249363 32.218652776911654
64 118.51195785009456 31.729727313948167
65 118.89011072173145 31.82375578027239
66 118.68117084161223 32.00680220880564
67 118.81872161715233 31.879316104250655
68 118.97677187028432 31.64434252205501
69 118.93522911595703 32.37085197165413
70 118.66297983181313 31.975388707598857
71 118.63874960622366 32.016032627257005
72 119.08509252155967 31.869204362410517
73 118.85286455891845 31.8109238464488
74 119.17315074908652 31.897532957487275
75 118.94868108039941 32.26989882759879
76 118.66251675294063 32.2181003446302
77 118.61015437203703 31.88014346785435
78 118.72499490218587 31.6043776771251
79 119.02648437202512 32.227878752830435
80 118.82557852255601 31.79390549929604
81 118.88881835824922 32.06282663284001
82 118.9192874422543 31.609802421062067
83 118.63913277927732 32.11763741633462
84 118.72515948368745 31.923913006772956
85 118.70054337767202 31.99023864632198
86 119.14254510163647 31.931587911135583
87 118.51852798970259 31.879409592275415
88 119.177000496214 32.03169957498417
89 118.62221889911571 32.38208573470244
90 118.8638000404669 31.702844840181676
91 118.69484956124461 31.86319761226759
92 118.7061725262458 31.632111433507344
93 119.03791947529817 32.191417502819014
94 118.99705596044689 32.122505382606185
95 119.03688869046846 31.76653472256177
96 118.62320061107505 31.912086365687163
97 118.64613073316808 32.13579276471173
98 119.02615502468217 32.13277688099265
99 118.58957924923743 31.7461125026903
100 119.10188991328414 32.3029912444813
101 119.12395542725498 32.22717398775217
102 118.85064628342681 31.68404084235906
103 118.98157148714687 32.299185485427905
104 118.73080107052762 32.197233698115745
105 118.96881803998919 32.24855425708895
106 118.5289234476576 32.03440825129379
107 118.67621309790184 31.77851197210889
108 118.79668248489507 32.34432366440037
109 118.8692043785309 32.07158467158511
110 119.19242072592505 31.870818926181656
111 119.21006899703096 31.83513082936479
112 118.59414934569418 32.30757823668165
113 118.6930682267198 31.94768474514284
114 118.55410251908731 32.033322352361985
115 118.72834974747784 32.09964013994663
116 119.15200610540226 32.274551643770316
117 118.90781715722748 32.08996051320407
118 118.53573039233392 31.744332691287
119 118.8690249052153 32.07459980148025
120 119.16270531083237 31.994175383544665
121 119.184728465656 32.049245030198925
122 119.14473443363879 32.17083569618935
123 119.03754497287308 31.794539303552128
124 118.66140422958925 31.7559818872868
125 119.12706931273165 31.69458496299626
126 118.7246996793747 31.831588070469135
127 119.12192175967164 31.599136077694293
128 118.51882527177222 32.088340244937946
129 118.54496886142101 31.838117667558077
130 119.06708341096088 31.747724219135286
131 118.55563485463364 31.67298330735113
132 118.80558202233563 31.815825586835103
133 118.73454612431377 31.7657743804758
134 118.68657989026151 31.83893380896348
135 118.75375920224714 31.956735816138558
136 118.8418775068169 32.03680744812456
137 119.11402839215724 32.26351201822281
138 118.93721371482977 32.39052551202111
139 119.12948696813602 31.636784327730496
140 119.10026080696126 31.795898862010745
141 118.59765875514016 32.10639364382992
142 118.77487871871494 31.751144030480617
143 118.85701376248278 32.30189083266048
144 118.67906109766237 31.768116641744246
145 118.88858849066193 32.177288384944084
146 119.18713157080074 32.10628908743762
147 118.63753529980924 32.228293022210785
148 119.05806179265215 31.64362471470637
149 119.20506393895927 31.781058219179364
150 118.67807439943509 32.163237809547184
151 119.11348975665526 31.685150666814096
152 118.61600601884092 31.6270902570958
153 119.15328070814763 31.88399535645893
154 118.69442066250454 32.083588054027814
155 118.69001777796497 31.620461456917166
156 119.12919231429491 31.671420757946965
157 118.69252005169554 31.632668716411867
158 118.63726733242815 31.925463390814013
159 118.72815472695844 32.14526996892735
160 118.98504029008028 31.77262086726955
161 118.51335510728146 32.28979853329834
162 118.61889051215223 31.956438028044403
163 118.58171254323032 32.09408156121671
164 118.85998974862133 31.825367772245922
165 118.52769071230287 32.10300021341101
166 119.14493633618451 32.38483385766827
167 118.83510791928744 31.967343903879996
168 118.91810636823193 31.770941625189504
169 118.65962082215712 31.93861396476099
170 118.98022712304528 31.950261592299604
171 118.5042912235513 32.01233580316639
172 118.56045948592664 32.007031092191596
173 119.1377375044161 31.632929940487912
174 118.62510042490929 31.718172953595996
175 118.8352269399666 31.947768293750055
176 118.88519898951107 32.165574367080566
177 118.62591380319208 32.22938452699342
178 118.90944519619877 32.208712584950554
179 118.68318775213184 32.017472183915665
180 118.95977058016739 32.37168097818613
181 118.69540254329628 31.84533435761675
182 118.78462165293779 31.97485998524758
183 118.84093707167389 32.223660366630014
184 118.51576174512597 32.26217738789756
185 118.5869349023357 31.91093563962884
186 118.53928722997594 32.295153603522294
187 118.80089285322832 31.972740543234437
188 118.88227796187 32.17915447364516
189 119.190495562886 31.607617282695017
190 118.75330144458805 31.612376875154208
191 118.62699340714373 32.33020303621572
192 119.17257373396208 31.69687971439333
193 118.87839112934907 32.15088578307714
194 119.15837123352519 31.825080160309405
195 118.73992846600676 31.757486464155658
196 118.5543626151086 31.903527755676002
197 118.83666930015228 32.348761477243386
198 119.20738630983799 32.06039071501329
199 118.54185818755718 32.33021197980037
200 118.84643204289658 32.160825595952936
201 119.08381350237632 31.975926523399817
202 118.65047347168482 31.991418713783244
203 119.05998575548993 31.78639911497179
204 118.53292390081332 31.610147164568687
205 118.71672845063307 31.930052252633192
206 118.62571677861311 32.026866209823226
207 119.16952316627545 32.300057999207155
208 118.93120558245823 32.13024991787103
209 118.70541788264893 32.26472880947574
210 119.14747647161826 32.32296106947671
211 118.89541545749736 32.34532765052474
212 118.76011568236967 32.246487682419136
213 118.98820071778087 31.70249578944998
214 118.9507202146967 31.881671331685563
215 119.18722523710781 31.747933926405487
216 118.5247591238251 32.296156475766686
217 119.1047957089029 32.23209874897731
218 118.96449745223471 31.88583533209261
219 118.60979834082424 32.04497321475001
220 118.77596704253035 32.25224725853002
221 118.52046211142273 32.28699509464164
222 119.09991579428429 31.75839326187283
223 118.56972155269032 32.18967214543379
224 118.64484350971074 32.2499160532089
225 118.99232666348384 31.65250433636748
226 119.03394989706582 31.684396126116756
227 118.69001637868942 31.936259783921653
228 118.61435578130235 31.77814637131736
229 118.5181182509461 32.29816165340655
230 118.5421170501966 32.17027258210647
231 119.11691998389595 32.17054355774173
232 118.6397962788848 32.22785002347987
233 118.78823320342416 31.863716079821803
234 119.04841281953611 31.788384609810336
235 119.17846460829895 32.09088838182964
236 119.11635857177369 31.917878182751775
237 119.11911755133923 32.3281253509381
238 119.0734320280203 32.12915465928271
239 118.73851562727144 31.904548873444934
240 118.95252252235818 32.263749994167476
241 119.0071124092848 31.910049579579553
242 118.80058694025878 31.73890984249969
243 118.9344252242558 32.217661456285285
244 119.17651336550317 31.98619167940217
245 118.72700180630386 31.801538365822687
246 119.14449112403715 32.15486370229419
247 119.19926325485717 32.38466260596914
248 118.90559579561109 31.799096447529728
249 119.14099289721808 32.23207041346804
250 119.00595255507216 32.21187143078642
251 118.99258652431416 31.682171812582258
252 118.58736267660234 32.26762520588522
253 119.0203720526986 31.984129552675594
254 118.6162919908057 31.689370051036573
255 119.02735821770428 32.03228873996201
256 118.52790591857612 31.864169910448474
257 119.11991441930456 31.728728323613993
258 118.63263134426919 31.667792960868844
259 119.09485035436111 31.746439408611604
260 119.1204391264205 31.947625257153113
261 118.57677434076153 32.11275599428993
262 118.5624170821293 31.673106086444758
263 119.16001528272758 32.16268416752046
264 119.18299668007184 31.669941841798263
265 118.54906467270064 31.74113112020477
266 118.92496161458025 32.18411456557258
267 118.76928797725938 32.29686631308053
268 118.53979233150316 32.368965110579246
269 119.09597428878207 32.14791117281158
270 118.97710036700373 31.970666008258085
271 118.55432039761682 31.683557804546457
272 118.81928348927367 32.0558937580043
273 118.78946630426074 31.721339565896358
274 119.19051601265195 32.00832047560043
275 119.19091804880404 32.087549193849846
276 118.66785749939599 32.276647286122326
277 119.02966067067803 31.855656508680582
278 118.954601685243 32.38075465616986
279 118.81132370038354 32.37337426368876
280 118.8904893559364 32.27087473616506
281 118.76931698699708 32.16464233466384
282 118.54232068480081 32.18425918763324
283 119.03374232096479 32.31272009753985
284 119.05236500771139 32.353397419432106
285 119.15062041931594 32.27183891806494
286 118.85260541126608 32.11202898393055
287 118.54735618609867 31.68178430607084
288 119.16052080306703 32.10966650323668
289 118.6853463571925 31.87636513367904
290 118.58598189919584 31.717002299585367
291 118.58244289868601 32.30532945761566
292 118.92417696195932 32.26838786545028
293 118.76913444393261 31.99610707615188
294 118.96666414653409 31.976118903742687
295 118.54452909187064 31.99128365976053
296 118.51324217159106 31.810739603889463
297 119.17344380599681 31.91131046745147
298 118.55849315825078 31.948992467599385
299 118.73044301790398 31.61153405752042
300 118.51336871977495 32.31700886830401
301 119.12976596305661 31.63301334609897
302 119.10347953574426 31.90842720846194
303 118.89591051006924 31.68985628415957
304 118.59637434312684 31.770263725330388
305 119.0724242586561 32.359379477793134
306 118.54689144589656 31.89449308510426
307 118.82285961263183 32.16091336726595
308 118.7182022759511 31.686534493480032
309 119.19989811944343 31.780836289349796
310 119.17358994303027 32.29893578971412
311 119.07259287999871 32.3090516976833
312 118.81816897467802 31.798544318020085
313 118.8514510628217 32.36687699609081
314 118.8897039553507 32.144376329824944
315 118.89218442785464 32.01091665485128
316 118.61756155671179 31.885257513537596
317 118.67493857277275 31.883478296782876
318 119.00554307059836 32.361126395692935
319 119.09527344997879 32.16647211091495
320 119.16901658446864 32.01281124249806
321 119.03329771417592 31.632249394663603
322 118.89965920196386 31.79979350186979
323 118.55429996699232 32.3452456445888
324 118.55356528941128 32.02846778993861
325 118.6273599632251 31.88293578621308
326 118.98925178652969 31.63542003824018
327 118.70315994944053 31.807170261737838
328 118.79101247196797 31.807942751721217
329 118.61311273293938 31.733952815191333
330 118.6648884887171 31.883143188786626
331 118.77150923825732 31.75341757313808
332 118.94578374232839 31.661734197388533
333 119.19960846554521 31.700401117368305
334 118.5972004662666 31.988010265558593
335 118.72064864789674 31.65167137623656
336 119.19010127429004 32.34356017722267
337 119.11917956446801 31.764117315378982
338 119.17560500672877 31.992218360157324
339 118.86118791428763 31.927301272500426
340 118.65611592222015 31.84160064212484
341 118.65073968636361 31.865633098479112
342 119.06791303453485 31.793233756888895
343 119.1584450256593 31.81665655702622
344 118.93489084554453 31.704701962098284
345 118.97080535147833 32.167712278331265
346 119.14004465767455 32.086955141439724
347 118.68048251072872 31.839809668636168
348 118.91332219496144 32.31970774004825
349 118.89210241810781 31.907778237726763
350 119.14229395073968 32.092854098595836
351 118.73164734243994 31.999289475743222
352 118.60015143812572 31.86087779916549
353 118.5828269382728 32.31574085222635
354 118.68118789780378 32.2824844665544
355 118.55910157868323 32.27426187418729
356 118.72987589963854 32.383943602869344
357 118.88967064982438 31.623508081337008
358 118.7955607294679 31.98479802007099
359 118.94718772455748 32.36506163240535
360 118.85797225783755 31.705750322693945
361 119.02605635615159 31.812887758517856
362 118.81847035514646 32.008454272049775
363 119.05439041890192 32.11400487107527
364 118.80968246309565 31.87629551525016
365 119.02116068155034 31.83824540799864
366 119.01867790607128 32.22343494277489
367 119.10164767155527 31.613519092021217
368 118.61511214213718 32.2434516134761
369 119.01100293990231 31.928294086460845
370 118.48225489807203 32.107071897574876
371 118.77894434880763 32.157374507005045
372 118.9100994441039 31.682844229697185
373 118.51097876169173 32.33378981688684
374 118.54076681528295 32.249490513115816
375 118.6491356259918 31.880212011133008
376 118.77951393038028 31.74190695144922
377 118.99511211952486 31.65506059116762
378 118.63504776173399 31.84423328229091
379 118.78142184271248 32.1751534948553
380 119.13300389274433 32.28605202689106
381 118.7443737932676 31.8419719157802
382 119.04468678105744 31.783532532284564
383 118.90519268639724 31.85865581936126
384 118.53851545892479 32.37480884252192
385 119.17492079617882 31.67356745923166
386 118.58160371670897 31.747797088244948
387 118.75467284200798 32.15011373185056
388 119.18791085578911 31.714444183161966
389 118.68330305079294 31.791023205468125
390 119.14295833687838 32.25806039126824
391 118.9643335559679 31.849552800945585
392 118.62926243627072 32.07638943994868
393 118.59672316353695 32.03660760921566
394 119.17542448299335 31.824842314337875
395 118.81591548257163 31.801214390644944
396 119.02702924776382 31.801676883758685
397 118.60757227563597 32.30104307414971
398 118.85204604108579 31.60638191706893
399 118.56560367823721 31.68954215661838
400 118.83226864079525 31.874119319195866
401 118.50011656428198 31.76366906216707
402 118.5214708576671 32.04012376000049
403 119.13237658167235 32.026233675249905
404 119.111373686448 31.99825368897078
405 119.0314326728148 31.845201987605126
406 118.85430669980657 32.01275048070386
407 118.63185558722434 32.22262719967732
408 118.9974043311882 32.241973751552756
409 118.65451481924775 32.0314705966329
410 118.53905168730138 32.23835119063627
411 118.71597268671779 31.66284904944409
412 118.90846243164788 31.738437505405066
413 118.90109569751387 32.19988856970504
414 119.0778620446099 31.915291758660267
415 118.76711335932244 31.85230118918751
416 118.61061464988602 32.05902963619669
417 118.53862419302789 31.913671513935736
418 118.64457651882269 32.32955517136755
419 119.15553103055728 31.91064527437875
420 118.51050755842782 32.25864777509189
421 118.9327373607813 32.08262332009171
422 118.81728943665335 32.327422281019054
423 118.64084546930559 31.991845293051465
424 119.00152397906639 32.373933408018296
425 118.90370898688131 32.05294689132384
426 118.56306571955369 31.628384933446462
427 118.97295021222449 32.17579505397342
428 118.54152605282052 32.301366515036264
429 118.65639498044376 31.667092748840545
430 118.8907565413655 32.36547425109886
431 119.00641324045606 32.057306785854614
432 118.88804455083196 32.20250358620354
433 119.11272602563385 31.776027565231335
434 118.98049356068948 32.34111544725804
435 119.17189688396007 32.119942809318694
436 118.67511439485949 32.03806664125927
437 119.18301597221117 32.37305573480609
438 118.65700734195337 32.0549959338307
439 118.64060006982037 32.01141815273996
440 118.61590730480404 31.636845804498346
441 118.575983287004 32.042776139675894
442 118.94084364261691 32.19922939500095
443 118.49752678940457 31.8962020392581
444 119.07466168264719 32.14166059806494
445 118.93613821166733 32.03440303447822
446 118.71441273112013 31.768490790536216
447 119.1178024773246 32.03146039676763
448 119.09268514563989 31.986603208551358
449 118.93052101757283 31.862135679117923
450 118.53844148564094 32.12849843450924
451 119.19336375126935 31.660516129315656
452 118.91466491812542 31.89046745083032
453 119.1351409472193 31.953753206041533
454 118.60431096454683 32.38936506618763
455 118.51534067001717 32.161293996154015
456 118.70893119563016 32.0998205597471
457 119.05219386984244 31.732184461554862
458 119.07420697880994 31.95684108555757
459 119.12442503475069 31.894598617710546
460 118.72170127278487 32.35222363464674
461 119.05743048156552 31.95572909791985
462 118.59110439563192 32.2770141113722
463 118.87956158143916 32.13959269579553
464 118.53964070214944 32.28078614996517
465 119.0067175699119 31.59368166318008
466 118.7488906410464 32.35230225766839
467 118.57266039082246 32.370267574823174
468 118.96322579516898 31.71358091609873
469 118.77971857569692 31.645029520802304
470 118.71117511357234 31.86707005509808
471 118.74158351263412 32.051317532430545
472 119.04786379228293 32.019923911806785
473 118.7878935626371 31.960035200072397
474 119.11944741351004 32.320389194095725
475 118.61216856139104 32.044434240444
476 118.78414770937944 32.34204736654038
477 119.12092885617214 32.04787676680503
478 118.91426890091591 31.745233988457343
479 119.00158475472782 32.39620152087446
480 119.08306150881224 32.390266573943634
481 118.85815491864521 31.95875278849142
482 118.60345822145545 32.19780540701207
483 118.71221850403747 32.12837904678463
484 118.66031901898694 31.738825445598653
485 118.62441887454345 32.06922658990045
486 118.9197018786527 32.11123324111158
487 118.64315135798653 32.066345726968365
488 119.08170393278931 32.028745229347656
489 118.81205603839268 32.06708193308483
490 119.07040474757761 32.171525489262095
491 119.09440526877498 32.22637723759833
492 118.98764195419933 31.67938244387226
493 119.05101740076961 32.326621879387126
494 119.0698308072241 31.983535882844816
495 118.92034668208008 32.14773925508379
496 118.71842920925742 31.90355284736575
497 118.79108985230336 31.649392369110725
498 118.71860604131332 32.123329372469065
499 118.82700277744094 31.893289300472553
500 118.76649079173907 32.03312017111678
501 118.74028517150938 31.806265447970915
502 118.5624023542514 31.765275499246396
503 118.78734384062771 31.81324953608667
504 118.57787838606198 32.29775241351932
505 118.75054212487429 32.34927599099134
506 118.5908860959565 32.37048645816328
507 118.75543629514112 31.94229143563728
508 118.88649482936853 32.234540593428555
509 118.53958246193771 31.742518137212528
510 118.6620279744143 32.1912162378808
511 118.78693652414012 31.938720963697808
512 118.68537898617083 32.272438239820886
513 118.88678559507635 31.7642620213199
514 119.07993707073632 32.25221516552721
515 119.04680013892765 31.661141455435374
516 118.67450345341587 32.29408644318953
517 118.63969026830695 31.939552754557692
518 118.88397735483184 31.719194142786485
519 118.774091078063 31.835972107303533
520 118.53177062807205 32.17223922009907
521 118.65175183428825 31.951730497317612
522 119.1721653628458 31.786265126616605
523 119.15841862168939 31.809603150267602
524 118.75708382927358 32.14774656436569
525 118.5215555513757 32.1196978782336
526 119.04833961164897 31.648217461935225
527 118.68439938219011 32.26300145928412
528 118.52230940083936 31.70139219124136
529 118.68578030509849 31.783981278452874
530 118.59192785722183 31.62068625681995
531 119.12115363856599 32.02735899287234
532 118.63256020666597 32.286126138660904
533 119.02079699169123 32.34648984002918
534 118.59512927769394 31.959459089237765
535 118.55525815729469 31.690143819222705
536 118.78122715688109 31.99568855554449
537 118.9356388217759 31.8278694323908
538 118.87973126475205 31.847118064517485
539 119.07278558528687 31.775904078002547
540 118.79059006537253 32.35071370242484
541 118.92459070025345 31.922889738456938
542 118.54157318710048 31.592873578500964
543 119.02279627777543 32.00165919313727
544 118.9854414190414 32.144579544023564
545 119.05975242304233 32.25242619972879
546 118.57158905398285 32.19651597106487
547 118.81082782733476 32.16091192525853
548 118.96496382748063 31.77029654379
549 118.4954565016709 31.86372897257818
550 119.1020256251282 31.952799877450055
551 119.07048291561138 31.724220976491754
552 118.86534815258075 31.950098524286936
553 118.74035671813616 31.680694238175295
554 118.99579420977004 31.66716894925595
555 119.12021126319182 32.26395137352394
556 118.8514841624149 31.72176258990168
557 119.13004747254112 31.96459039088142
558 118.59647923009744 32.08716454577448
559 118.72641472993209 32.359712955514034
560 118.9899389931608 31.849218091343502
561 118.76073922909028 31.75306173853684
562 118.86417766807743 32.29459188904977
563 118.96048675254971 31.83443540052674
564 118.91105845893641 31.828251086456323
565 118.81669105474221 31.72229647115683
566 118.61662182150988 31.959913343115574
567 118.77951847931416 31.76704853698824
568 118.65499961355471 31.899138331847446
569 119.04394637996188 31.865035277580866
570 119.05652702106751 32.10385633482607
571 118.65139957005324 31.9512151549633
572 118.91250557451305 32.128119436887985
573 118.99270250605899 31.842088285288124
574 118.82009306488786 31.888163535499658
575 118.54089971147111 32.38239633775858
576 118.97944127254088 31.78688129622841
577 118.5501574620751 32.20660575950014
578 118.96797707033882 32.15451800764106
579 118.57649483947704 32.10171792698214
580 118.94151245826319 31.694709367663773
581 118.69315897585022 31.580024801920416
582 118.76101270907377 32.191799539785926
583 119.1893366540994 31.654376112895005
584 119.1600912697484 31.80403083917121
585 118.89571944330355 32.380433862071264
586 118.95814768089006 32.37317806493064
587 119.0754382472656 32.348500206966946
588 119.00383761956421 32.04884371237007
589 118.59055092446027 31.96283416463016
590 118.79342903657333 31.96619781635387
591 119.08315610241975 31.867593102089955
592 119.00804779281644 32.38472083864189
593 118.62591367998331 32.24148794354459
594 119.10291485209714 32.411821332288056
595 118.92861610360612 31.84476861257254
596 118.7058196290547 32.06914114379198
597 118.52723023848982 32.13004213096391
598 119.02722930468751 31.909935327005506
599 118.80873852125023 32.07370261089346
600 119.18238124585663 31.734196696273024
601 118.6760103732858 31.84177754824838
602 118.54966288634813 31.718979355527168
603 118.65368349608961 32.0976762749492
604 118.78931361912524 31.87284741456859
605 118.51368045006494 31.936222653021357
606 118.74246995445588 31.899021238660104
607 118.66541100466421 31.65129994540979
608 119.17629482291346 32.327161362775435
609 118.62970219675165 32.16555152347712
610 119.1129751873962 31.85375184924302
611 118.5946492767177 32.30946722915484
612 118.90296226699758 32.15881841584144
613 118.94316655781148 32.37876584819628
614 118.88469395142302 31.99010645952959
615 119.17109401385213 31.69767537836331
616 118.80616164291914 31.686086691528132
617 118.94570082153517 32.19562375163849
618 119.11104238976341 32.04836645928493
619 118.66555941700095 31.776435654296723
620 118.86168215497116 32.02170173115519
621 119.18107095171099 32.01567287046775
622 119.03423865836153 32.30648533503162
623 119.01064084000133 31.633749747302232
624 118.78121215080878 31.689102705883727
625 119.10362963333641 31.938525835236725
626 119.07292534202139 31.707820610334192
627 118.79733243260068 32.38460173488419
628 118.89524199187782 31.76782258715428
629 118.96644392816505 32.099102066971895
630 119.04073453630681 31.95056030174151
631 118.81902972211958 32.228731763707955
632 118.74505842421522 31.628579406063146
633 118.60020788344166 31.855419171553567
634 119.02105781379143 31.987135735515253
635 119.03244879176243 31.69685884913936
636 118.6171116123689 32.083972685833686
637 119.11103332866546 32.016795357192386
638 118.60526188498274 32.26312239530543
639 119.07915386395325 31.961646926587072
640 118.60478298939472 31.849732622698646
641 118.94019502763183 31.83482193976641
642 118.87135102437396 31.806844212105396
643 118.60091255187602 32.34450621482428
644 119.01347102267427 32.23419434844208
645 119.02601874152285 31.87762260527658
646 119.12053770307541 31.95116704694198
647 118.83421578477397 31.676521052545
648 118.88235571306562 32.07325925801805
649 118.94853671822713 32.188823314898364
650 119.11528803631852 31.79497308007153
651 118.78887090142725 31.97278571927016
652 118.97312544130577 32.133428917495095
653 118.91899348438415 31.96542585058705
654 118.63699844847908 32.03089500436689
655 118.98055879817836 31.75249699487857
656 119.09381077860002 32.22925052064746
657 118.81770311585518 31.685244322863902
658 119.17360856039477 31.98113050210388
659 118.88162810841466 31.846905118596986
660 119.12491094041069 31.688997995881653
661 119.0236869210452 32.29229650045336
662 118.7749077559052 31.747594461775662
663 118.72463875841146 31.973561978052835
664 118.75652829925431 32.097516295339425
665 118.74499655755908 31.829913039371004
666 118.5260729627401 31.986929607046743
667 118.50472813427365 32.01287556711716
668 118.7871861727414 31.944047473873198
669 118.63856975565959 31.886489913929637
670 119.09864404354406 31.787883808963368
671 119.17791249936 32.3320028816659
672 118.71086627566834 31.997394388728015
673 119.02589140552415 32.16004418813895
674 118.75449754170495 32.01421545029018
675 119.10823484631706 31.837907891538606
676 118.82533951823532 31.99302670171769
677 119.15155696071562 32.25607974696472
678 118.98284046813754 32.2899762113652
679 118.5824376843616 32.34177362673979
680 118.59439073339938 31.780604581065933
681 118.80400544102126 31.870869159023613
682 118.91430560785129 31.690559418885247
683 118.86355052501884 32.40158720868323
684 119.11613316625207 32.11481629859435
685 118.51596521409445 32.16838161014642
686 118.58271679876322 31.954040708674263
687 118.71105068023975 31.81138213279983
688 119.0999010721167 31.926285560315694
689 118.49833134464782 31.84294117017904
690 118.8853326527508 32.019423480444935
691 118.50752222021475 32.24820629057725
692 118.880505605028 32.26446508678626
693 118.83882840627236 31.84613984730003
694 118.58151125825714 31.74003210948926
695 118.92061530649366 32.195303168860676
696 118.9254296471167 31.931970032631824
697 118.81679471108951 31.743118155622817
698 119.0480631875096 32.11063013282585
699 118.55115871821025 31.681446886069367
700 118.73522934707023 31.68089380263578
701 118.84203428724685 31.603898454593608
702 118.71966901228896 31.74827823377673
703 118.58288164749588 31.972410403901534
704 118.57853188695395 31.74293209515763
705 119.04077315797419 31.635611102882383
706 118.68051764490023 31.997451148306727
707 118.95384900369707 32.312755051703185
708 119.09840632826243 31.59556236369442
709 118.70928538808032 31.787471298468905
710 118.62674559010705 32.339341567899204
711 118.90060011656679 32.11540507075345
712 119.08260364987059 32.259623555377814
713 118.76138371271264 32.32117633365006
714 119.08599013072572 31.7860103122976
715 119.19521954040655 32.20335010890511
716 118.97245226853387 31.81452950181608
717 119.11983653415605 32.339428527515956
718 118.56145112425465 32.362475924370735
719 118.78296775032467 31.724285597591216
720 119.1185455506452 32.27072567006352
721 119.01469622816478 31.65725076963525
722 118.5732110341197 32.085672584950856
723 118.67306645999344 31.981632987133327
724 118.72461702737313 32.061692215397755
725 118.95976387310728 32.1989958515428
726 119.0173573571341 32.305200284165146
727 118.83484481211298 31.99222237792253
728 118.51591948363226 31.64995612869058
729 119.13644025995912 32.3428615188207
730 119.15635887290155 31.6441348356537
731 118.73170304676096 32.24176501702683
732 119.06807238949288 31.71926387667591
733 118.86180414015489 32.3319467211499
734 118.83324946895128 32.0893046140044
735 119.16222183046996 31.844778506184483
736 118.50745149584259 32.288613862228964
737 118.79314087569836 31.73156365680224
738 118.64564396418207 31.774544223546332
739 118.82572504605179 31.844913372976098
740 118.80454882530807 31.918052714540963
741 118.62640524503585 31.78923329599533
742 118.90492458645696 32.323974631759484
743 118.772661575208 31.967442235820503
744 119.13645259380199 32.35830961278723
745 119.1441423816032 31.823662290618515
746 118.77126740547735 31.974904242429652
747 119.03425005952978 32.26006361267079
748 118.9378555313849 32.38764529410274
749 118.76394148882041 31.96690424705197
750 118.68584697375587 31.98129873719964
751 119.14688329562335 32.360562907578085
752 118.64521767015486 31.94490151000023
753 119.03805555125861 31.947059111985702
754 119.04214424389379 32.38350467193724
755 118.63099194713791 31.996519734043723
756 118.76172314431729 31.694098006411917
757 118.79755559462504 32.35393951044597
758 118.8553740769404 31.988999397186916
759 118.9215457789533 31.8798633816457
760 118.75810822136368 32.32091230576028
761 118.93146051265053 31.608929213513317
762 118.80121384030525 32.351784127904
763 119.16926433027427 31.66956524802063
764 118.96446524394729 31.654567140242285
765 118.86894691641325 32.33146251380814
766 118.90216369067073 31.97079026255107
767 118.58324583751356 31.73739236282648
768 118.68935743783652 32.38354646773305
769 118.98912231335426 31.85625159486549
770 119.21125624148416 32.34337445602802
771 118.72247510023857 31.968446587228602
772 119.20600605119527 31.917020025793573
773 118.75247265014953 32.05824539758182
774 118.81526951240194 32.32641994658656
775 119.17979667691526 32.383075579669146
776 119.07312170826206 32.1451315791438
777 118.87970811395768 31.91200181429289
778 119.18099236279797 32.26194467958564
779 119.20144093591851 32.33829008188356
780 118.605441918176 32.051765274074846
781 119.04102856201696 32.17615926221757
782 118.68768370315544 32.3031898996592
783 118.71635012871981 32.14958779164749
784 118.80284498095506 32.09602705007756
785 118.8286693049171 31.901120368085326
786 118.59598677511207 32.083993361177995
787 119.02276808501243 31.779824533458807
788 118.50799627143844 31.711916552438478
789 119.18929301328177 31.806657109411567
790 118.67759518990808 31.95807381041602
791 118.9879366533485 31.870071179495238
792 118.8715610733918 32.173656507099565
793 119.09240352972566 31.91114849052912
794 118.63801689175813 31.977527633807412
795 118.52453689297788 31.81609730291947
796 118.62540199277097 31.65171287843259
797 118.97371730846496 32.165985389225504
798 119.05999956411041 31.777763231861655
799 118.6070223997827 31.98227666958399
800 118.91601905455242 32.08350893842853
801 118.51704583031271 32.140804339837956
802 119.07155155642593 31.94254007385629
803 118.5753676678657 31.80793914037695
804 118.61804160744538 32.31160240365967
805 118.95020624647447 32.12273065076649
806 118.82933719412358 31.805527220078424
807 118.7034837309371 32.22321977445994
808 119.16501646157553 32.033652227788366
809 118.87192987617179 31.94946025933036
810 118.61995351971117 31.69481254448094
811 118.7899382416913 31.777517055564008
812 119.00642322025958 31.698804987688007
813 118.82910701033157 32.14508783113709
814 118.58310136141391 32.17609567669021
815 118.60763979093475 31.969943483350807
816 118.67082036398075 31.639006064906855
817 118.87808067606032 31.736136654273547
818 118.9391869659715 32.3483387762891
819 118.8395313325728 32.30881773636905
820 118.64547396522475 31.911701408208206
821 118.74711275747792 31.702757689816266
822 119.12353807875442 31.95447321969043
823 118.66981635292291 31.941020435484454
824 118.97217676835238 31.614297986280746
825 118.76185232916045 32.17987771877761
826 119.1945136343198 32.13212713955739
827 118.49940279125892 32.04355525307581
828 118.70998623112308 32.23907688940009
829 119.04574267843624 32.260393526666945
830 118.52825404540272 31.757312983537496
831 118.77451898020229 31.668033241420876
832 119.17453443153974 31.90323874665754
833 118.97528887987211 32.28755546118511
834 118.58610269963144 32.2110349127073
835 118.56513308970639 31.797012847710768
836 119.16825708187912 32.20891972428069
837 119.13247945151093 32.06221161791293
838 118.63750706412716 31.821314869180416
839 119.11635151100901 32.166611308669744
840 119.01508980084465 31.838130252227547
841 118.78144326645501 31.858059939390813
842 118.6628728891191 31.774767777130698
843 118.60029465877237 32.05879711137029
844 118.65301849336446 31.972239276767684
845 118.84264718393891 32.091579203967264
846 118.53440676727992 31.62946176534445
847 118.93024500644692 31.923663444465777
848 118.91731510587394 31.63669173207409
849 118.942989411299 31.854769918884518
850 119.07703303637408 31.671630667118144
851 118.5485630826813 32.04031288181991
852 119.18188887385297 32.340665917604404
853 118.82415426810597 32.281898088660526
854 118.83718473677489 31.994210898828506
855 118.60591323007286 31.89088262577138
856 118.96215778823408 31.62098548357794
857 119.12327577982543 32.12616972016069
858 118.55323690030899 31.836409454916055
859 118.71105169090477 31.934378373496415
860 119.04997991474625 32.097879441011635
861 118.52098269344728 31.74472590072197
862 118.90207051612882 32.034729086049616
863 118.66636003189899 31.978390986502262
864 118.86747550817925 31.91404239442818
865 118.6052096627728 32.277755772455286
866 118.74182691903779 32.201794836219115
867 118.73728417294218 31.706286115172116
868 118.77438493781084 32.32484936431304
869 119.16811343797698 31.594558495955457
870 118.59724111773819 31.78621983239669
871 118.67655057344354 31.711616322429162
872 118.9737971308869 31.87144099863538
873 118.75030843189792 31.690631663475287
874 119.14910154559871 31.825167797596112
875 118.74875052401931 31.90349003708898
876 119.16461127895455 31.981631717412945
877 118.61016867573572 31.829623644511923
878 118.81424534925075 31.654764542077153
879 118.86010804073129 32.00980166728776
880 118.91341794057456 32.0883582811076
881 118.77313751214015 32.11447413078338
882 118.86319539382407 31.60734129124804
883 118.66559241721812 31.68550802756558
884 118.6657834014473 32.14243916370456
885 118.56890748621373 31.71254012595343
886 118.87303530759914 31.679560581088708
887 118.84202098168038 31.95281332162077
888 119.20029911782473 31.901421497113887
889 119.05552871052946 32.12545465420297
890 118.99136511295563 31.621252188811056
891 118.70761341205473 31.799324570409997
892 118.6695855721985 31.812003487366084
893 118.9813628439632 31.869318350811415
894 118.64533353167353 31.61000022034648
895 118.53741068477095 32.027808359817584
896 118.70888447770095 31.59721898656496
897 118.87834043204207 31.839476652473717
898 118.63076652199634 32.32601103383905
899 118.57563755050299 31.723617184801636
900 119.12208857672687 32.12664806049468
901 118.83909098054555 31.987304230600607
902 118.50944632984667 32.337973988324585
903 118.66695184817645 31.94855415198445
904 118.5459377973832 31.744428672448535
905 118.68007143733233 32.40240150665971
906 118.80180366942687 32.17462526013421
907 118.59045702879932 31.698364154507125
908 119.14200608271727 32.023106746628976
909 118.84612413074125 31.860341550389048
910 119.09356447592668 32.30069366581162
911 119.07120714197312 31.737898643511755
912 118.58906475602504 32.11520836241832
913 118.54848429008409 32.3628010842352
914 118.89687413198735 32.34731700576937
915 118.51630020801987 32.33088746070524
916 119.06151729999182 32.12714231737187
917 118.71954074288195 31.85978094081957
918 119.01509893227181 31.65799925868494
919 118.6265043052449 31.740485462191057
920 118.71361225678481 32.31520188286858
921 118.94210286389043 32.172414688548606
922 118.65693232040064 31.66657327139332
923 118.65704946047919 32.380546811612184
924 118.7468992410654 31.999864855415787
925 118.5186682792087 31.752223934369244
926 118.97769687135634 31.980571897978045
927 118.57893608310034 31.93327064865905
928 118.6549894161467 31.78225656054118
929 118.54906216027126 32.094221488881665
930 118.81347322923891 32.016207459645486
931 118.68703906222426 31.807935374100303
932 118.85859441657352 32.22021536062371
933 118.95555203815978 32.03494748588466
934 118.64890218677387 31.87643568914586
935 118.7360931071635 31.727352799844766
936 118.89439801816044 32.00590514940923
937 118.68055566701479 31.716113523394228
938 119.12538419641471 32.31442034690519
939 118.53791170593806 32.01523656856964
940 118.59626134092106 32.337805815129705
941 118.7097302198688 31.857593191701167
942 118.94918271852669 31.956281264852134
943 118.55610405681247 32.028623172519424
944 119.1368547246189 32.30549549731411
945 119.13433850647817 31.698515521734876
946 118.96584533940693 31.913957573979264
947 118.75660890930017 31.67141918097696
948 118.68596538635016 32.34783070326669
949 118.72909234012577 32.26175103615841
950 119.12731370820849 31.926951944876855
951 118.86308674713312 32.12921849158047
952 119.15730173609495 32.048416915957375
953 118.83811347539248 32.07945269568257
954 118.65193986057139 32.25179204623353
955 118.57719116342338 32.376406846645025
956 118.9794293702457 31.66240791500518
957 118.70557937807763 32.06297921823309
958 118.95566634211336 32.32842281934558
959 119.15767076449359 31.931696033710534
960 118.52102762898312 31.79283421639302
961 118.56862002448908 31.69613157469088
962 118.72510300488605 32.106775969081
963 118.72324591661697 31.76242078389045
964 118.76944967780982 31.89643314084602
965 118.818553206199 31.90904677197532
966 118.79800394860654 32.09336786864855
967 118.56002071950843 32.361706389487416
968 118.7241543596717 32.39468335802155
969 118.59647589699556 31.833079414997957
970 118.63135218746177 31.814665260216422
971 118.91014792718595 32.191320909340654
972 118.52733721657332 32.15985036632179
973 118.69101581577584 31.82560320672396
974 118.92894480048747 32.3502104570319
975 118.69647322812514 32.24101933604289
976 118.84737901316406 31.7542885510265
977 118.81122616236335 32.005073275346575
978 118.93695895942086 31.66813051504079
979 119.08562596346594 32.03334278970856
980 118.69200093455417 32.04644049225411
981 119.13823012273365 31.758826780233637
982 118.957295592991 31.666823486279732
983 118.78319017277104 31.731725766328843
984 119.07302959415162 32.0094504547149
985 118.79026592966532 31.64662213152355
986 118.97720076991712 31.752830800599483
987 119.12324493888818 31.73867549094003
988 118.6979213168299 31.930340822886638
989 118.83468794769553 32.021459489261446
990 118.77003979061631 31.87653427378031
991 118.579110660576 32.10024054961765
992 118.57473830415218 32.327411663138655
993 118.56021817020988 31.785540465970094
994 119.11243047693858 32.38724817283985
995 119.12700384811944 31.8535057480334
996 118.74133163537788 32.10105417336411
997 119.11712528791001 31.89393843984546
998 119.16361024372975 32.144421605019005
999 119.03601136152919 32.28933316311527
1000 118.65531846873823 32.240708521714936
