1 118.9385929095065 31.94343775114221
2 118.89263888162957 31.613327810378674
3 118.61579999871105 32.04758138516383
4 119.05796329763776 31.971958644032075
5 119.17599850285815 31.937089209859508
6 118.96148383542148 31.871468468426876
7 118.89528152678068 31.758397681951816
8 118.60076392037371 32.07619062422929
9 118.70316442702233 31.83566941000779
10 118.74750319916195 31.81183703864942
11 118.62211701634101 32.099120254696096
12 119.19639241247337 32.0205424045181
13 119.13729073579846 31.719996160409966
14 118.76205445290836 31.987921397608552
15 118.60404146877093 31.733414814034365
16 118.78339300462216 32.228637998120014
17 118.633894929974 32.30362212780407
18 118.87112113495932 31.997091101334913
19 118.65100419274229 32.284687485536864
20 118.54058365472386 31.672641275261086
21 118.92983600229735 31.994229549346564
22 118.75531621888067 31.650139189698237
23 118.97891884546083 31.94101098879339
24 118.85930060096375 31.67669034858401
25 118.96469307788674 31.692010195205718
26 118.72130463680823 32.08626385946417
27 118.90061351461974 31.77465361191502
28 118.8333073816653 31.668874299651957
29 118.92325102452067 31.775749403365367
30 118.51436168216304 31.873633503550177
31 119.18490850435015 31.973571903176012
32 118.67681674385528 31.766653227733773
33 118.55817680792374 32.10321132244372
34 118.71276629763884 32.016779654335835
35 118.98925625029665 32.01921169648263
36 119.13880554231837 31.916148583937016
37 119.09516569508763 32.216532715150066
38 118.70545863091715 32.05501987824224
39 119.09468555302884 31.714491409417494
40 118.55761058649978 32.15026482349247
41 118.55509168721656 32.373196635176164
42 118.62632642372994 32.00847568980994
43 119.04101567716032 32.30909899000373
44 118.9950761179499 31.86768935370435
45 118.5861966474273 32.05946270078626
46 118.99936422296443 31.949867187729225
47 119.03484073728772 31.922534546252855
48 118.60673148648061 32.243962807450956
49 118.96065965244634 32.03311222537865
50 118.79285843455894 32.3525139886209
51 118.53792821595111 32.02305935629818
52 118.86875635907171 31.67605855388189
53 118.8462216979211 31.901335840965206
54 119.10491740379119 32.26950195557091
55 118.93943381295985 31.945649908768544
56 119.10551714157718 31.619660839423315
57 118.8565785421641 31.81822124064314
58 119.00642372338258 31.644292595584748
59 119.17290547014797 32.37613159630047
60 118.5177438389787 32.3763253637256
61 118.79594052776677 32.246333850725065
62 118.80506665602194 32.080690951129874
63 119.03928316395474 32.213746654350004
64 118.52307647183305 31.749583046589347
65 118.90493194260364 31.82547625341807
66 118.68268315531498 31.998160315690438
67 118.80155390033272 31.88617129983478
68 118.9711056322646 31.649110210884924
69 118.93728664710186 32.35632718272213
70 118.66488091079863 31.963678803125187
71 118.6377490603152 32.00685355870376
72 119.07546134676248 31.871091037927563
73 118.84944588460807 31.822117803248016
74 119.17422520193959 31.888024254298237
75 118.96025017852718 32.269685473546886
76 118.65113564918971 32.22040719283429
77 118.61741751414488 31.873704820306994
78 118.72950792337721 31.616680387350524
79 119.03736397714202 32.223083032148324
80 118.82865752455152 31.80084553594792
81 118.89074910395424 32.06820004887745
82 118.92383832059005 31.61335099763954
83 118.65177853665719 32.10871573579518
84 118.72520858958802 31.931872467839444
85 118.7087443856686 31.982942861626487
86 119.13673381013248 31.940339829257585
87 118.51610904704235 31.885728851691475
88 119.1735913146881 32.02136174406832
89 118.61369442124709 32.39026587860234
90 118.85439075247061 31.706173676144306
91 118.69337207388122 31.868950004548598
92 118.70069839416082 31.635546701917768
93 119.03087023165185 32.21000708701645
94 119.00263811687292 32.12931473544525
95 119.0288887667451 31.76966857362232
96 118.60628050612164 31.905537024529238
97 118.64960995158113 32.13228686762077
98 119.02937818472344 32.144748404832605
99 118.57280992910313 31.731462513146255
100 119.0994004822812 32.319397570515825
101 119.10562450552396 32.22264866368687
102 118.85436699033687 31.677238130726742
103 118.98199644166597 32.29023188393606
104 118.72709296245112 32.205294733527765
105 118.95780219762413 32.25270129667362
106 118.52926724490054 32.03531933542581
107 118.67908143189666 31.783185998450342
108 118.78590014783958 32.35648072857171
109 118.86520089681444 32.08162257722336
110 119.20448954022163 31.871394371600186
111 119.20730356093077 31.833994530486276
112 118.59111277959992 32.31460164108862
113 118.7008122451522 31.96223235134077
114 118.55802113403364 32.04030221493621
115 118.73319056694886 32.09965247134368
116 119.15937317622307 32.276704935959714
117 118.91320588633441 32.08031240559674
118 118.53325501281283 31.73467466466409
119 118.870391603366 32.06978963200107
120 119.16530000721473 32.00236332842571
121 119.18463379070636 32.03803185753833
122 119.13740813702256 32.163764310984206
123 119.02750963075931 31.790225742842736
124 118.66403872420189 31.74844365984064
125 119.13646960596463 31.682479458832148
126 118.72389949504742 31.830785655959968
127 119.11507965622607 31.609287384048454
128 118.52354918180619 32.09117208802153
129 118.54986155003137 31.838046507900554
130 119.05387386578504 31.741342561843357
131 118.55517813691742 31.6777457982715
132 118.81108090416582 31.812025271929386
133 118.7446314144561 31.78660094894661
134 118.67339147363006 31.81871387413509
135 118.74856167482018 31.956599156661667
136 118.83430740084863 32.01628237109062
137 119.11838931193172 32.26154676586039
138 118.93652562772722 32.37913820755282
139 119.13951816941503 31.644038893016724
140 119.10773816005567 31.799743681825067
141 118.58602520792944 32.10418047043521
142 118.77489420771447 31.76159554709779
143 118.85967265146007 32.30497348112479
144 118.6850110816007 31.75323317572044
145 118.88333849206091 32.173951902998915
146 119.19754575284418 32.101024847472665
147 118.6503400117883 32.22694801664726
148 119.05211986755633 31.632126485058507
149 119.19975038905318 31.780044428333422
150 118.66047717635867 32.17547433401621
151 119.10661747714381 31.70880156200915
152 118.62335997453005 31.635658818880394
153 119.15078379505233 31.88560588453859
154 118.69319277002703 32.08842094065812
155 118.69444601542703 31.608831221537564
156 119.12034879884672 31.67659749791625
157 118.70058191788107 31.62250168190027
158 118.65279871820614 31.919767918268484
159 118.72544225244653 32.14787651620533
160 118.9886506751362 31.761096140991395
161 118.51068318266034 32.283361634144235
162 118.6242911280441 31.951939882878772
163 118.57106004515899 32.10065620835641
164 118.84303369282762 31.830367527951736
165 118.52544057083826 32.101503824149056
166 119.1499959299082 32.38289119813026
167 118.82535206294405 31.97234270326445
168 118.91670753905767 31.768685234212445
169 118.66011689549939 31.960056144109853
170 118.99220940816726 31.934528325802287
171 118.49394676890634 32.015702246088054
172 118.55383020255921 32.01990179610089
173 119.14884098642926 31.645298251288665
174 118.61612634205835 31.726487202428324
175 118.84258322493066 31.966178540614877
176 118.90066385051198 32.16557213678637
177 118.61889812964428 32.236342107509365
178 118.91860388560708 32.207389562547036
179 118.68057442031161 32.01707885951008
180 118.95555872852371 32.37331590340615
181 118.70207230669757 31.848967028088612
182 118.78114244195939 31.976203098214988
183 118.84302358224042 32.236419979797155
184 118.51448745376555 32.25081926131634
185 118.58253595737459 31.910841636630355
186 118.54917673449641 32.27954756565377
187 118.79897374186285 31.96973371911105
188 118.87912823526328 32.18021689811571
189 119.17752239370323 31.59217528576087
190 118.73265599320443 31.607019430711667
191 118.61782270215241 32.32641763545857
192 119.17630955317429 31.698487234685125
193 118.88149855153691 32.15475827303615
194 119.15921901444304 31.83047343698688
195 118.7338333826904 31.759807468649946
196 118.55038197826056 31.884574170027868
197 118.83638360884126 32.345933476827
198 119.2176949920303 32.05528143190665
199 118.5464076000485 32.3221289775249
200 118.86856427666672 32.1702092967192
201 119.09397144752005 31.98414977118567
202 118.65540643875607 31.995466269393127
203 119.0623294373217 31.790727571566812
204 118.54137385235929 31.620350932706916
205 118.71078451261636 31.914050750271855
206 118.62494486768011 32.04192467009276
207 119.16532996155956 32.299814267915714
208 118.93412388660498 32.12813415932515
209 118.69856873064957 32.25830524411081
210 119.14161742460766 32.32075990785655
211 118.89512252993646 32.33858922481328
212 118.76591652518303 32.23894702150949
213 118.98707886348771 31.70898957132134
214 118.95698948965965 31.87938806793602
215 119.19014739524326 31.745482598191497
216 118.51571563332867 32.29539115432394
217 119.09489475958242 32.21199132735205
218 118.97691817306014 31.88536497506549
219 118.6051244736799 32.04942271045476
220 118.757083771938 32.26266120516848
221 118.51968726829404 32.27370879862795
222 119.10005353154416 31.755066533700138
223 118.55758698928386 32.212310000486546
224 118.63767017475088 32.25566689165739
225 118.98372388736685 31.659719339521445
226 119.03509697095195 31.6763673709809
227 118.68050036045587 31.93700202523705
228 118.626347740774 31.772449097740687
229 118.52003439091203 32.30794543525338
230 118.53597905439636 32.18376773683087
231 119.12663446508297 32.171114289949436
232 118.64397166206012 32.21013212622449
233 118.78538296332874 31.840588783529526
234 119.04667661288545 31.787740508037196
235 119.1699175981824 32.080566849327994
236 119.12732108376458 31.91865970003377
237 119.10648709074123 32.332632215217146
238 119.06941479810614 32.12419410729825
239 118.74203986818965 31.90124174495119
240 118.94637047490889 32.259196778286956
241 119.001462180623 31.90301971760174
242 118.7996283999517 31.734159334969274
243 118.94227178006041 32.21054139525795
244 119.1866075867659 31.99301875345075
245 118.71491850052374 31.79729729732449
246 119.15983089852021 32.1467537753601
247 119.1883669333305 32.3882674034303
248 118.89178225149868 31.802857213566057
249 119.14635552336884 32.226003025790625
250 119.01312457938438 32.194680392399164
251 118.98319363681419 31.70084165544928
252 118.57105649486897 32.27346329728016
253 119.02029789027267 31.97487000319502
254 118.61458124530675 31.680381849063902
255 119.02744493179 32.030025656834866
256 118.53057615253113 31.861807885676825
257 119.12221504845303 31.71418361713665
258 118.61959359172529 31.658313348170356
259 119.08950507683377 31.763486167740286
260 119.11531730544385 31.951806213780312
261 118.56612703326024 32.119991988718205
262 118.56208092013671 31.673505053133717
263 119.15700002238682 32.16430254993383
264 119.17785231639765 31.682906171584985
265 118.54598055469314 31.741830690186564
266 118.93858083708207 32.18732605041423
267 118.77549002779237 32.286174167673636
268 118.54039142526825 32.35529580630412
269 119.09311064280656 32.12085182176321
270 118.97194433753799 31.97090782918873
271 118.55456206494914 31.687971365423543
272 118.82223217024095 32.06236534180567
273 118.79187633419028 31.719573258110028
274 119.18313804611842 32.00234699390769
275 119.19225948650816 32.07996853803696
276 118.66012529493253 32.26388821017572
277 119.03018784753375 31.854497928596807
278 118.95441127382541 32.378887261260566
279 118.82239140011765 32.365258161092825
280 118.8912988872511 32.27064733125168
281 118.77295854143968 32.17329842990021
282 118.52384041913334 32.175803688443786
283 119.03354175021093 32.30457957758964
284 119.04491276192378 32.35933361848253
285 119.13946515530911 32.26458183613645
286 118.8457839731526 32.12302848400169
287 118.55474506109114 31.694741360832264
288 119.16165015330827 32.104552452831165
289 118.68512079702093 31.88296159915797
290 118.58351485535698 31.71064245815587
291 118.59589522653303 32.31076909168253
292 118.92076356967374 32.26022196529979
293 118.75895438030639 32.00887950741432
294 118.9711315515604 31.973841808625824
295 118.53714338825047 31.99433722632099
296 118.5022088421781 31.820899909305982
297 119.17940721588882 31.899767935489596
298 118.5492948704617 31.959551158853344
299 118.7334576507901 31.621786771930257
300 118.51585680687046 32.31508233412728
301 119.1380761850264 31.64094692348862
302 119.10842213156548 31.91118485956688
303 118.89689556850195 31.69256587795677
304 118.59188085571881 31.78129617079589
305 119.08491912766468 32.35897055645746
306 118.55123372484734 31.90509388267711
307 118.81787875552432 32.15996242591643
308 118.71624867610377 31.68860780571121
309 119.20620356230502 31.77689698565091
310 119.17936300886674 32.30694834197513
311 119.07152545330118 32.30546731516113
312 118.81674275852447 31.79703744655761
313 118.85503381997154 32.37888092288359
314 118.89598600638773 32.15010995896679
315 118.8880733133356 32.01710813414915
316 118.62553304394395 31.881336038849106
317 118.67934632221431 31.875676948178192
318 118.99101087627092 32.37879284969575
319 119.09596145038313 32.16427609263313
320 119.1697379535547 32.01158381086562
321 119.04601603561782 31.628123211377495
322 118.91426085906481 31.798361056492634
323 118.5422756688704 32.3415256986063
324 118.55660467208838 32.03350921266322
325 118.62944694230396 31.869099921607898
326 118.99198525702744 31.632229320398164
327 118.70529109353812 31.810775062180216
328 118.77552057334347 31.79064915040279
329 118.6009670168341 31.730778661667518
330 118.65702506634365 31.87522673716414
331 118.75718113628145 31.744724984418095
332 118.94058530303137 31.665162128414412
333 119.205079854783 31.70649317815068
334 118.59522863715304 31.986771073795257
335 118.722601111184 31.654095246921248
336 119.19576579637098 32.34542606802054
337 119.10111933753402 31.760715543248608
338 119.18006209644534 31.986633708224822
339 118.86533123557476 31.92570428843173
340 118.66778986712086 31.84108373692459
341 118.6468528513018 31.872427559392595
342 119.0561736333927 31.793315508552396
343 119.16302398998101 31.813900813977106
344 118.93234349707969 31.70455771432067
345 118.97057457794982 32.145375947777595
346 119.12553292336261 32.092593941269214
347 118.67605654001095 31.847440032750665
348 118.91597133489651 32.32460622091086
349 118.88806217154665 31.916990631740905
350 119.14026312390851 32.09053415293307
351 118.73194588131274 31.99655974253046
352 118.5892021665417 31.861431272556885
353 118.59620502781783 32.305211064209246
354 118.69393294170752 32.28758995585889
355 118.5496351435302 32.27442366011575
356 118.73097260921357 32.39238020654988
357 118.88334984116014 31.63321648291512
358 118.80284107961494 31.982149002370196
359 118.95079591788931 32.36686914407816
360 118.85874749549166 31.69871944064737
361 119.0112847413288 31.801526940785358
362 118.82246245644376 32.005757570263725
363 119.05066593142475 32.112533256571474
364 118.80554676891926 31.884632174081116
365 119.0232665799819 31.84391017563316
366 119.01176537128978 32.23339967738555
367 119.09192883982642 31.619760566796618
368 118.62205168078253 32.24126815686852
369 119.0023503733766 31.931041465240824
370 118.50299391502176 32.10549794713406
371 118.77516733862517 32.173221337809736
372 118.91016036559395 31.684456276268648
373 118.50110141648462 32.34660159079316
374 118.54082722113012 32.25922239922361
375 118.66028458880807 31.887182184404796
376 118.78828014266959 31.753123858549348
377 118.99019039684138 31.662770965128725
378 118.6484975212673 31.839933954147277
379 118.77784450909363 32.17887797518657
380 119.13590785537626 32.28435033624563
381 118.7318430358854 31.841293276106967
382 119.0429113339142 31.794323675084385
383 118.91337146155867 31.854593773875415
384 118.54951620599309 32.37697731271951
385 119.17562836217361 31.67429201589462
386 118.58503422033994 31.736749582589873
387 118.74272073139659 32.15697739898995
388 119.18874997486571 31.709228271226365
389 118.67928341750259 31.788562242481987
390 119.15453316945703 32.26331659871577
391 118.96327620503398 31.84548939684407
392 118.62271999898199 32.08223103048842
393 118.59422528542405 32.03189572072521
394 119.1765177967921 31.831652097785074
395 118.81047794647178 31.80495532646246
396 119.03899117005582 31.79240377689692
397 118.5936608501655 32.29742755343167
398 118.85970601471077 31.609691708002675
399 118.5790645944723 31.690810395637076
400 118.81981817315581 31.873679481628166
401 118.50025618343304 31.765303795891807
402 118.51337646875218 32.04729609892486
403 119.13730442527694 32.02306599874827
404 119.14073750389758 31.99892292552263
405 119.03253112692155 31.84093695900198
406 118.85092200595892 32.015668062497554
407 118.65015078207257 32.22229021304547
408 118.99915426169963 32.23526347946119
409 118.64454501407968 32.034748816553865
410 118.54861368414348 32.241214529491046
411 118.70826258820458 31.666946141512124
412 118.90889247479362 31.73657052145292
413 118.89796324848172 32.1977152794757
414 119.06701032282085 31.918361769503793
415 118.75814144831473 31.85298912551505
416 118.59199750512707 32.06253800955974
417 118.54447142944112 31.912706026950193
418 118.65278398090449 32.33135427310884
419 119.15394653594466 31.900083751496283
420 118.51464370675907 32.25902569750144
421 118.93734119201388 32.08716943358232
422 118.82218819200871 32.33643962253988
423 118.63668928541216 31.99390764602519
424 119.00244003880226 32.37505604288609
425 118.89723140311435 32.04256588930436
426 118.57220651875726 31.63009462479922
427 118.96681215252843 32.17965310689293
428 118.53334082653073 32.30476555085425
429 118.66211395086951 31.65804530734063
430 118.88670210225006 32.38271550511061
431 119.01514270779424 32.06955687670006
432 118.87330355781583 32.201436112563016
433 119.11105950147285 31.781156832508827
434 118.98603544753028 32.3468291841247
435 119.18456641841526 32.11552337078715
436 118.68707782599006 32.03905507308241
437 119.18377047190391 32.37805328880357
438 118.65744454076327 32.042247522688065
439 118.63520260630423 32.0091337733608
440 118.61790104839136 31.63022070678865
441 118.58469968948302 32.053582112250695
442 118.94077481724325 32.18633908743348
443 118.5075303922258 31.900114489591708
444 119.06784729102777 32.1501053126865
445 118.94157848102014 32.038021738736035
446 118.72231706117638 31.763724643880753
447 119.11849715521441 32.029982135934645
448 119.0909038011867 31.975927308350062
449 118.93101770030015 31.85893623962485
450 118.53265378477256 32.129400064189575
451 119.19250508302433 31.65408307854729
452 118.92033664489713 31.883558625264737
453 119.14930734936334 31.953668541663603
454 118.59756551343186 32.38099861768556
455 118.52290934932913 32.16235499765837
456 118.71685502971177 32.10170666968395
457 119.04386564126541 31.72863315584146
458 119.07421747473921 31.960339910181307
459 119.11167322641694 31.90389894634675
460 118.71997678458762 32.358307821281116
461 119.05761619759585 31.961010583476828
462 118.59323038917658 32.27593635180862
463 118.89449840599053 32.14384056511487
464 118.52854449658703 32.27584465754845
465 118.9983676280734 31.589146143852094
466 118.75131693563229 32.35311255907893
467 118.57476596967534 32.36605069054077
468 118.97298804353888 31.715394336531727
469 118.77911129487823 31.643181168951266
470 118.69790592149559 31.86461698936482
471 118.74827124940143 32.03256416773832
472 119.04682341206427 32.01575679715563
473 118.79319707309162 31.960335901376357
474 119.11792752821454 32.32064109896619
475 118.60942797998118 32.05139652535164
476 118.78521127037715 32.33459042680671
477 119.11726407419593 32.05982571702697
478 118.91083978773709 31.75695680278474
479 119.00605926842265 32.39749969618343
480 119.0821913646203 32.39593425792193
481 118.86907867496532 31.947718202167028
482 118.6052551211394 32.19423794286059
483 118.72201458670808 32.124303801891635
484 118.65361501791187 31.74098243469581
485 118.63133498407906 32.06217293592103
486 118.9154740393591 32.11899817464814
487 118.63979958283042 32.07927075158695
488 119.07297617175496 32.02736657350562
489 118.81212146943763 32.066864667090485
490 119.07551131379785 32.17482305381774
491 119.09454166205462 32.213458172236294
492 118.9789127163273 31.678973011649283
493 119.04454011769158 32.33858399439332
494 119.05732005240411 31.98899410272207
495 118.91459642574334 32.147200471824604
496 118.72044020801896 31.91056578852832
497 118.79596549737369 31.649816206216144
498 118.71066414696165 32.11542926396518
499 118.82334902273465 31.900593581801314
500 118.7533609001291 32.023170849554596
501 118.75492040748523 31.807384021305612
502 118.55927505853253 31.764098059782512
503 118.77746180967377 31.827662023772177
504 118.58745790292248 32.30213889751766
505 118.75151219003581 32.35131512504343
506 118.58901520969384 32.36989668067959
507 118.76125743359545 31.936537993115802
508 118.8780379368879 32.23126207964732
509 118.5534338285084 31.753003258412097
510 118.66429913083586 32.194852664048234
511 118.78018354906904 31.928082988241407
512 118.68899699477954 32.2629614502743
513 118.88328735590578 31.775423023492984
514 119.08178607745069 32.24530442853824
515 119.05128175423391 31.67878058518522
516 118.68120618366811 32.30131710164114
517 118.64019746476048 31.953120345925054
518 118.91029492307162 31.738794772959864
519 118.77592827426534 31.843961096518587
520 118.5437790819472 32.17894887025648
521 118.65536769695196 31.94918284888389
522 119.16667849800409 31.778339523870653
523 119.15059391718219 31.81516263983084
524 118.7486450005031 32.14496798472376
525 118.52268124380238 32.12401932209241
526 119.0474645662167 31.647144746633266
527 118.67858912764595 32.264138785874934
528 118.51426293609265 31.690665494480065
529 118.69355565560348 31.776573122090134
530 118.5938107323033 31.618758131144727
531 119.12181245116113 32.02296547825485
532 118.63495324954393 32.29089282893459
533 119.01240190477239 32.33681589941128
534 118.61318642454701 31.97769889579025
535 118.56508182132819 31.704722208850136
536 118.77792217865544 32.003231170248974
537 118.94019382471743 31.829392874891962
538 118.88549100201787 31.84203145699103
539 119.05646125345179 31.775126822771874
540 118.78498417141765 32.34914280224443
541 118.92697343509779 31.91214556900158
542 118.54152882030104 31.58631671191635
543 119.01726965991618 31.992891317126922
544 118.9782950839767 32.132219673985425
545 119.05966888384194 32.23886830632621
546 118.55942805433384 32.19909012782458
547 118.82012420772647 32.152958636618294
548 118.96355080018633 31.78056686470377
549 118.50004751189046 31.87123107393651
550 119.11934776066755 31.941385021661972
551 119.06648919993582 31.726525298320755
552 118.86495185986429 31.959329205321087
553 118.73957982429106 31.681552498305976
554 118.99998079156785 31.666549735405063
555 119.11804797921756 32.25236026185759
556 118.86188928219492 31.71964984503515
557 119.1234184648415 31.965416332724548
558 118.58845563657906 32.085438331558045
559 118.72914003075427 32.35812967784146
560 118.97820454909224 31.85830337047558
561 118.75638329612084 31.739024436957646
562 118.86500608730634 32.29189841647633
563 118.95411980202887 31.833338588674035
564 118.90759017191536 31.82799818772173
565 118.80783669008099 31.732527476741815
566 118.6198936571201 31.95957130084877
567 118.77488891689114 31.757465816348038
568 118.65780660766812 31.903441541587053
569 119.03136206483279 31.857623953056006
570 119.0471865786473 32.11758667427758
571 118.65038351743777 31.95367368734683
572 118.90972423918438 32.125259188871624
573 118.9935291920943 31.84546067732527
574 118.82182587987138 31.896144404064373
575 118.55006063573954 32.38006312968934
576 118.97507113507432 31.799344143320813
577 118.54915752512254 32.202989826907555
578 118.97307170709098 32.15548464357173
579 118.57353397997593 32.10369775436242
580 118.95871402429734 31.69476355565017
581 118.6849599056121 31.59818563273931
582 118.75990797476246 32.18842659716246
583 119.181169847522 31.653622349883673
584 119.15457090247034 31.800819242651748
585 118.8871636428891 32.372316245097295
586 118.95022419725834 32.37417039885258
587 119.06125297690893 32.34222253924106
588 119.00821337669758 32.05030077508456
589 118.58590303771099 31.955442716905065
590 118.79432338185482 31.975244047028195
591 119.07836148122085 31.875549228097093
592 119.01233340877192 32.38857783767405
593 118.6197317738839 32.249655713339294
594 119.08852221904064 32.42348429508907
595 118.93115784292961 31.83984505563877
596 118.70726698116144 32.07300426888705
597 118.52938565909177 32.124990108672655
598 119.02507042432532 31.916828688356645
599 118.82195723629917 32.074074433406324
600 119.18716292315739 31.731753826592374
601 118.67258941975415 31.85023358087011
602 118.5609653252907 31.707583538556456
603 118.66136487111983 32.07667336493433
604 118.7950932951468 31.87776984403235
605 118.52938013921614 31.93167040372703
606 118.73823801382343 31.908277253615175
607 118.65447737009573 31.642187592059535
608 119.17178639715368 32.32646495609025
609 118.63602564070914 32.16321518953125
610 119.11584883264878 31.847504982787868
611 118.5766663109812 32.300377831187
612 118.90270871867091 32.164074567259405
613 118.94116973825214 32.38867746690939
614 118.89015434748319 31.994601410374944
615 119.1662398270237 31.692678819567124
616 118.80384489734936 31.695248447927067
617 118.94217172819629 32.18326326685845
618 119.11013860934662 32.05172879554937
619 118.66229271491665 31.771455397821626
620 118.85451185051697 32.015402595208734
621 119.18168158431698 32.02027996523202
622 119.04670614215128 32.30640187634727
623 119.00596361550546 31.60902899672718
624 118.79275917521346 31.695203674662245
625 119.10743827123933 31.92433559655963
626 119.07147762666564 31.706897188302726
627 118.8089389259665 32.36921049976968
628 118.89001400489477 31.767307920795133
629 118.96329562356395 32.09467084924541
630 119.03395096629411 31.95402534318134
631 118.81737094873638 32.21831391707154
632 118.7383994755714 31.62893121270611
633 118.60737739634571 31.854652211673073
634 119.02284551046772 31.98077748854161
635 119.02751177633368 31.68174799690083
636 118.62399613335924 32.082883166948335
637 119.10367636957209 32.00874477018009
638 118.6042145555814 32.266631386281155
639 119.07612201054334 31.973563845445803
640 118.61044530583312 31.857281520545243
641 118.94791953954986 31.83397925013166
642 118.86727768669694 31.822052316517283
643 118.6050638939863 32.34616061657514
644 119.01320154011295 32.23361066608307
645 119.0153192320619 31.872985407878154
646 119.12839807357201 31.95635448225282
647 118.8181913074872 31.68238683588063
648 118.87795012447229 32.07374395652556
649 118.95687584997798 32.18771623729017
650 119.10589693733755 31.804747914633044
651 118.77829575811498 31.97667209713158
652 118.9673179795125 32.129573038675446
653 118.90901157826045 31.97785288484162
654 118.64267917050199 32.02922909095595
655 118.98218071386454 31.75167426298481
656 119.08087131815788 32.22356432316774
657 118.82228670158514 31.68428593290432
658 119.1848809238408 31.974211351314707
659 118.87967436072175 31.8449827155474
660 119.127258510357 31.699093673566253
661 119.01866639219958 32.29070897070157
662 118.76862192658557 31.757908561890282
663 118.73543297949571 31.976855975719566
664 118.75730202041125 32.101025753874644
665 118.74242646309585 31.844750661388876
666 118.5268569902247 31.995174240912046
667 118.50906857528581 32.00140604932421
668 118.7897194347584 31.942373960612887
669 118.630632575367 31.88647731244073
670 119.08741659336752 31.787294810681686
671 119.1683765109255 32.31844073620731
672 118.70550615496737 31.99033857989176
673 119.02981334788632 32.15600237687104
674 118.75084663181339 32.01153839919328
675 119.10680374042204 31.84393346271152
676 118.82666177465212 31.99204990646931
677 119.14759063936535 32.2479606676997
678 118.98621923890018 32.290238791056346
679 118.5827957653376 32.35394829666685
680 118.59524388364271 31.800464942580998
681 118.80223434554999 31.872602439492727
682 118.90604416520262 31.68643609705571
683 118.8585931301398 32.411688092730614
684 119.11783657955687 32.123162617815545
685 118.51488815946962 32.15588665737655
686 118.59121956163636 31.963350426615754
687 118.69392440175386 31.81932065575775
688 119.11193424232782 31.92299693005853
689 118.5008952768311 31.856847802200985
690 118.87621990159039 32.03560339399726
691 118.5047700685316 32.24447494217288
692 118.89055106789927 32.273451562300856
693 118.83860184323656 31.843917297837397
694 118.58917779832305 31.740293555195002
695 118.91878552045651 32.18739992213557
696 118.93157879475255 31.934061053922694
697 118.81086456835986 31.74745820086804
698 119.04385414665111 32.11245763777671
699 118.54503174957388 31.68305032903379
700 118.73369538293962 31.67623035807255
701 118.84200930264859 31.595729550594594
702 118.70638465645372 31.74636701816935
703 118.58588974354257 31.975482705290922
704 118.57991391615636 31.742673664240776
705 119.04651087285058 31.64145108544262
706 118.68615143365327 31.993329516418573
707 118.96059535031672 32.31537858543081
708 119.08724877810693 31.618532654965854
709 118.7141006838365 31.791183409144413
710 118.61888321453168 32.33569672016384
711 118.89205120690934 32.11702526466629
712 119.07480027234152 32.245744028391584
713 118.76311363795992 32.31739078872995
714 119.08893402689553 31.77205186903237
715 119.1921834852203 32.201738126382075
716 118.98243543125679 31.814836810553633
717 119.1141328548415 32.33374971367738
718 118.5528170386718 32.35476999645039
719 118.76660784930675 31.73143496392469
720 119.11349922140215 32.287609539598634
721 119.01815855425036 31.656060239895105
722 118.58088257039806 32.0771341665382
723 118.67285391057318 31.969654530833896
724 118.71795622590739 32.070059746310875
725 118.94985336506303 32.20794315506888
726 119.01679353410053 32.30440367137368
727 118.842993604778 31.994257563400847
728 118.52861557269102 31.644746993262775
729 119.13257385226163 32.346672405992805
730 119.16536729681857 31.637911921018105
731 118.7331892786001 32.241022257755745
732 119.0803283049406 31.720757236403017
733 118.85785079539009 32.33564213776724
734 118.82488902546831 32.09323424069423
735 119.17374557122471 31.838958491028922
736 118.48720679922577 32.270417621033715
737 118.79055219160136 31.726388311086403
738 118.64644470318969 31.772382846163772
739 118.82097472500057 31.835507422457134
740 118.8123496980874 31.9120393566915
741 118.62560722769793 31.794064085184285
742 118.91616514025037 32.33116775691438
743 118.76029716707319 31.960479521146446
744 119.12493878208412 32.36318419888244
745 119.15775654925746 31.83444106921824
746 118.76013853302409 31.97129306413263
747 119.02618070899734 32.27613078198711
748 118.94289211206221 32.38707135576203
749 118.76204450508531 31.974172965638555
750 118.70350554244958 31.973194882547865
751 119.1488145107532 32.35304687053813
752 118.64934022144274 31.94745590662294
753 119.05016271024131 31.950255369023942
754 119.04743822166438 32.37634962765838
755 118.62597904419883 31.983610287290137
756 118.76299779979722 31.683042415159935
757 118.8051574055498 32.36342385911174
758 118.86640726488713 31.95838124199088
759 118.92668087127831 31.88006340629489
760 118.76397329494019 32.31619488272098
761 118.92627711604474 31.601646317987232
762 118.8009122544177 32.37510955108962
763 119.16692613833442 31.6641577927771
764 118.95999688140738 31.65186277830535
765 118.86638860692537 32.326909388472835
766 118.88783742782535 31.96122944060574
767 118.5845969953878 31.727823457839598
768 118.67819609841362 32.379638016252166
769 118.9966724895324 31.84542188663035
770 119.2141733481709 32.345809865353495
771 118.72965842874602 31.97938995152224
772 119.20672715434085 31.919608870271205
773 118.74762576495006 32.04893822614484
774 118.81158483258346 32.32331734710792
775 119.17722621924061 32.390895454388314
776 119.07088246326869 32.14286668013701
777 118.8865731592935 31.90758391322364
778 119.17836066037458 32.260152320013866
779 119.19988087098868 32.338808654141374
780 118.61808026341559 32.04531453724887
781 119.05086438487294 32.18566824245454
782 118.678998281525 32.31185813328511
783 118.70994887117388 32.1624270083082
784 118.81130342909218 32.107862201168594
785 118.830637946313 31.88957703410365
786 118.59725335262694 32.08023173087775
787 119.02665582103205 31.777599007883843
788 118.51010164736846 31.71497328854265
789 119.20068980834911 31.79915213819341
790 118.67026916455158 31.944073606040543
791 118.99256222137345 31.877960651019627
792 118.85862747147797 32.167922898964015
793 119.08861614185673 31.908776487468373
794 118.61597952901529 31.974549848456924
795 118.5184801047449 31.81190477442339
796 118.62703740820491 31.669030963839763
797 118.98044426966727 32.17124195670279
798 119.07930464175953 31.774217861633737
799 118.61223784181416 31.974535356822734
800 118.91579066136792 32.07458517527935
801 118.51358116083206 32.137365838594945
802 119.07101439299436 31.938800810350518
803 118.5868310985935 31.80391642441545
804 118.62104352173962 32.31549004968544
805 118.94458056794882 32.140175061050144
806 118.81140673434292 31.79794732113436
807 118.68976919315064 32.2417687904523
808 119.16941993393198 32.04606905537807
809 118.87070276110789 31.955778868741554
810 118.61492801205584 31.694615162868967
811 118.79337989039381 31.781007931550494
812 118.99038180073812 31.697870397118002
813 118.81573676430428 32.13983740771764
814 118.58945733371556 32.175283984841606
815 118.61273491283954 31.969928216158397
816 118.65658081391798 31.644597266995838
817 118.88089145355455 31.719811944271257
818 118.93512151399402 32.34368971026543
819 118.83274894690285 32.31134760856953
820 118.62912277539294 31.922807095402515
821 118.73858267909891 31.711717917641145
822 119.11687235380319 31.962737401855676
823 118.67802628508046 31.943417053585392
824 118.97301356351544 31.615025511198642
825 118.76067314176679 32.18725661546115
826 119.1994309806417 32.10447408464352
827 118.49772897144607 32.04489229911287
828 118.70344805770523 32.24879674268003
829 119.0456872977301 32.28041173232455
830 118.53521658158373 31.769387397323666
831 118.76581605885615 31.660294170486033
832 119.17289118058173 31.902648698982286
833 118.98916090610876 32.276472938959294
834 118.59428817705552 32.2168005975602
835 118.56314760852864 31.806824688021763
836 119.17932561368058 32.21891164345743
837 119.14323718848138 32.066502319543645
838 118.6193638640152 31.81497907947844
839 119.11592255012559 32.15304101147968
840 119.01956850998026 31.847648554648956
841 118.7873233216503 31.8571471433097
842 118.66452491965218 31.768113737875577
843 118.59276722099398 32.054783859092524
844 118.65847084032244 31.98674794635341
845 118.83557895850565 32.09276095482153
846 118.53164796201808 31.60558701497463
847 118.93885987279988 31.918007283719593
848 118.92658835232214 31.623593446276697
849 118.9228004342772 31.8487195391565
850 119.08323917588343 31.679114244682232
851 118.55563489629014 32.053035961740164
852 119.19550150591213 32.34733480304603
853 118.83043474481451 32.27487465614072
854 118.85500445471662 31.991083493633433
855 118.60405693379482 31.887268511949387
856 118.95159999866813 31.61404456650034
857 119.12754101425524 32.12914700853762
858 118.55427273330304 31.850049637191404
859 118.7114520403439 31.94255130779079
860 119.04923564765971 32.089080239566336
861 118.50791477430256 31.7495184670889
862 118.90727407181703 32.03731462399567
863 118.65606316203628 31.95588621958595
864 118.86076099426896 31.917937479138278
865 118.60484659090577 32.27317822752991
866 118.74301505428978 32.19904080787904
867 118.7372350927826 31.696091449081013
868 118.78287673759031 32.31522424345189
869 119.1666821157627 31.592871323186834
870 118.58410606180551 31.779803865412532
871 118.6933514345258 31.700153133867875
872 118.97636481729448 31.862948702194636
873 118.75324626961925 31.687315552398374
874 119.14682955981894 31.827526692483605
875 118.73285440500027 31.915885762870857
876 119.15763105412042 31.98590661982839
877 118.59589927852988 31.83615452949973
878 118.81998676808135 31.65520978540096
879 118.85107000554203 32.01329240069589
880 118.92052203950395 32.07453330376521
881 118.78150789923 32.116894184700335
882 118.86585935266044 31.596000804534818
883 118.64767102001973 31.681118841603723
884 118.66449737277172 32.13134077792696
885 118.57771375546584 31.72250410951948
886 118.88051163872596 31.683728612730064
887 118.8460085293416 31.947960182973958
888 119.19806579196306 31.893294158938
889 119.04967283891636 32.1205370707465
890 118.99643716897474 31.617753320791206
891 118.72607522448504 31.799547595643215
892 118.67433792389997 31.8182429699461
893 118.97291124248564 31.851233976230574
894 118.65861874200166 31.612060457907333
895 118.53790946772132 32.03672944768935
896 118.70905069871337 31.604906437116547
897 118.8604305311634 31.83203060340439
898 118.62482016302705 32.32301690037087
899 118.57865120242425 31.72749237924678
900 119.11696552416667 32.14987230625444
901 118.8300549915663 31.98859606997439
902 118.52336209185273 32.324732247400625
903 118.66595398531243 31.950522049218936
904 118.5450637759386 31.75153205889536
905 118.6880912961441 32.400594491541426
906 118.79756222766439 32.16230057989678
907 118.58608227307113 31.699161520757265
908 119.14189484625622 32.0282668226911
909 118.83546765517046 31.865025366101126
910 119.09244201499222 32.30847594626334
911 119.07422965798182 31.73195253217642
912 118.58737062561688 32.11095160469471
913 118.54690882636201 32.35816175372418
914 118.90770206850003 32.34026933193171
915 118.5138094496322 32.32008562168249
916 119.05566812127232 32.119102819055804
917 118.71566926480735 31.844556971298505
918 119.01858585293658 31.64848270683961
919 118.62523686003028 31.74972772687507
920 118.72457011698998 32.312612409466496
921 118.9464276700858 32.162568339134104
922 118.6646600539086 31.661906532239076
923 118.65584683352573 32.37810263432845
924 118.7496944352297 32.00023565706592
925 118.53103562407246 31.754256271377635
926 118.98854976526447 31.97599753721218
927 118.57817914474236 31.932769230852376
928 118.6562856589995 31.781640521545196
929 118.55659830214847 32.1013331121237
930 118.81720847807263 32.03092824956918
931 118.69926736736765 31.81184074168424
932 118.85234424740182 32.22011072618222
933 118.95336064666814 32.03372307824303
934 118.64419227505267 31.8843284492133
935 118.7399301475682 31.723181760526742
936 118.88725953200787 32.00281264113953
937 118.6691552745099 31.714680486254768
938 119.12690869266652 32.32230885196378
939 118.55344214879314 32.021830589776016
940 118.59826725435215 32.325494890420096
941 118.71605016629029 31.859755974588357
942 118.95285862515647 31.951221299426198
943 118.54256512809137 32.02561892193812
944 119.14605299530928 32.296360259314554
945 119.12708202283522 31.700919249550196
946 118.95630218738599 31.914572221235954
947 118.75662485370721 31.677161196510536
948 118.68763741769465 32.36070280370573
949 118.7285443868906 32.25176055481131
950 119.1200997067322 31.929989750657544
951 118.85915625071367 32.13168172758683
952 119.16095578762803 32.047458052130565
953 118.84838464701721 32.07801413593637
954 118.64782170984742 32.26238313457124
955 118.57888522467928 32.377372461468546
956 118.97398321786737 31.660541277016765
957 118.71842875707937 32.04711774212365
958 118.9492793493608 32.323655795663704
959 119.16092941322074 31.926626770797906
960 118.51145807505299 31.7933060093383
961 118.56698049763882 31.693959675461244
962 118.73908497503761 32.1100855215683
963 118.71184386126514 31.75536327069044
964 118.76586058245933 31.89387757882579
965 118.81633399723573 31.89292234321416
966 118.78247388699891 32.09382894274742
967 118.5647234192723 32.365546245218205
968 118.72411097328994 32.39872583660559
969 118.61160926050216 31.838189585861112
970 118.61722101388229 31.8197435609236
971 118.91078784447137 32.17988206545248
972 118.5222698462547 32.151474236263404
973 118.68089053459285 31.832426595725064
974 118.92215312145437 32.35863755067013
975 118.68790796626703 32.2486164246529
976 118.85233873784725 31.74108127729505
977 118.8203011408392 32.00295915091643
978 118.93805943545394 31.65930386197531
979 119.08667808651754 32.03562856210487
980 118.68547575822556 32.04422030151318
981 119.13222533100203 31.759675968817614
982 118.97855799402515 31.655358351294357
983 118.78671665865748 31.725891777700106
984 119.08198718665292 32.020476378727885
985 118.78334415622432 31.647383757482835
986 118.97840864829391 31.75392726848186
987 119.12719527191149 31.74428615853583
988 118.68882350692013 31.91383024963752
989 118.84228614314296 32.025770346068
990 118.77295529367129 31.877141628537668
991 118.57408468566679 32.104248816924766
992 118.57652695077347 32.324651871797315
993 118.56353043602157 31.797915982442454
994 119.12107949638525 32.386606483103456
995 119.12697852645536 31.857172612503675
996 118.73211770487043 32.09423981121323
997 119.10862761828288 31.887478063127812
998 119.17268490364508 32.15196142419778
999 119.02632408798561 32.28430638195274
1000 118.66395091808185 32.23780440412021
