1 118.94407661692851 31.959275937059687
2 118.89870104469564 31.63525401036889
3 118.62880883376697 32.05493383471733
4 119.05927401568304 31.965141962936666
5 119.16423706287364 31.966716505264266
6 118.94867228618828 31.8689267014245
7 118.90786262450523 31.75386862048929
8 118.62107890829171 32.06093745955425
9 118.69476809469013 31.837438143814914
10 118.75024838150367 31.83418206037163
11 118.62097515616723 32.106516363609835
12 119.21007726142042 32.033946084858684
13 119.14575858016981 31.720726415218476
14 118.76118158773389 31.990811939910266
15 118.61681612408661 31.736544658318035
16 118.76325200475974 32.2350748173018
17 118.62867056734116 32.31113864811087
18 118.87434468784647 31.98699521039174
19 118.64065754636057 32.278279542263924
20 118.53849543110498 31.68808045209856
21 118.93435190895106 32.00877831592789
22 118.74846312814077 31.62000958054149
23 119.0084825765198 31.9267434067298
24 118.84136212068697 31.70211485320114
25 118.9781472242356 31.69577346335447
26 118.73880987261163 32.09406512609105
27 118.89255060608753 31.79851009737436
28 118.85793465370374 31.66959388487045
29 118.91408289853467 31.781761801548047
30 118.52219762439037 31.87115951573793
31 119.18404461077867 31.99495017740879
32 118.66114750306254 31.749616019258564
33 118.54792768550692 32.12408244491562
34 118.70181840974615 32.00113965865001
35 118.99157117008984 32.032790311262886
36 119.1683744589691 31.921201627261567
37 119.09896186629912 32.203963217103386
38 118.6998492681176 32.07207530280173
39 119.1036292368722 31.711634225428575
40 118.5407297027388 32.16934981199299
41 118.56669411544728 32.374100742867725
42 118.63331967870658 32.02323698823897
43 119.04861468026105 32.3035558412484
44 118.9719157471861 31.877729855830847
45 118.58167030242198 32.07702857262364
46 119.02269302202326 31.93454362653314
47 119.0303363105993 31.922351604271178
48 118.6070587594314 32.23480344751154
49 118.96924572389892 32.02620245814169
50 118.79284135812311 32.353191744236014
51 118.54511158023958 32.044091937190956
52 118.87708737228384 31.67115044323873
53 118.84535163837683 31.878885476997592
54 119.13564675673096 32.28526805822517
55 118.94125018567975 31.966861748133148
56 119.10752303293752 31.597054605029413
57 118.86593295581177 31.804181323659442
58 118.98118946400288 31.656958810844632
59 119.16044461361733 32.37955947732394
60 118.49927394441734 32.3819945849516
61 118.78983754781737 32.24690739812565
62 118.8066287945784 32.07734335826483
63 119.03988254335201 32.232359177153306
64 118.52135832209036 31.748580120258023
65 118.90167756972144 31.846935378522076
66 118.6883584342734 32.00471625944426
67 118.78297114000776 31.8791916508523
68 118.97030152741446 31.67027378197448
69 118.92598547621019 32.341613869509
70 118.65945737513837 31.97401407681153
71 118.60375538658488 32.01150215529258
72 119.07894369137192 31.875862156002157
73 118.86187864450628 31.817059347905772
74 119.16727071922175 31.896435749781077
75 118.97078162374933 32.270225045900794
76 118.63447768386965 32.21920848232069
77 118.61842140068381 31.869758129853977
78 118.73111479201185 31.634025405141482
79 119.04188046468806 32.22523421981857
80 118.83916822548768 31.80741726011355
81 118.90063204798629 32.07072945976472
82 118.91266841123921 31.615147575285082
83 118.66430746416428 32.11692473343115
84 118.73384331829065 31.93567846444663
85 118.68976062381965 31.97993614177656
86 119.14379552950399 31.94019597691376
87 118.51371117268654 31.880425945802653
88 119.18356692480222 31.999860481741415
89 118.61061251943181 32.393024363209875
90 118.83472445340674 31.723376497119375
91 118.69372713036795 31.863101057373722
92 118.69594572831205 31.61106654241638
93 119.0243058722732 32.20044463260302
94 118.98555443644918 32.1402228014087
95 119.03877157065597 31.770642152052503
96 118.61676969418401 31.917241933882888
97 118.66015773833985 32.12486676400134
98 119.0236007509227 32.149632602826244
99 118.56989024060124 31.708551912037937
100 119.09990774142778 32.334005347097275
101 119.11770035642702 32.242921253391955
102 118.84667624599318 31.67651963304992
103 118.97403427994709 32.28498452002872
104 118.73901139551211 32.225469870403174
105 118.93664975516273 32.25758660079434
106 118.52236593694958 32.0235589320559
107 118.68067461053832 31.792809748610537
108 118.79597255881353 32.36815426919739
109 118.87372809209835 32.09185825070113
110 119.20023917107119 31.879886434022936
111 119.19660838763036 31.83518451128613
112 118.58100865304324 32.31307049986283
113 118.71564040610457 31.963702386969533
114 118.55860682738856 32.03638133566232
115 118.72919206236838 32.12101433582657
116 119.13464685117545 32.29119381854
117 118.91663844579944 32.07773363295183
118 118.5265111564719 31.76241632647733
119 118.902131292947 32.0613070723887
120 119.17550976724199 32.011407029411366
121 119.20136818646924 32.02532415802757
122 119.1348488328809 32.14714808174352
123 119.02974153625746 31.78974163686575
124 118.65957986964128 31.753278216911827
125 119.12050518785337 31.675220657867147
126 118.73298173393488 31.845615476525822
127 119.12912190334195 31.60024811908863
128 118.52178569962436 32.07373677064609
129 118.56409108423064 31.836817379130967
130 119.05657204256292 31.75426574867865
131 118.5470083025804 31.690854773776284
132 118.79423953761982 31.804834284452163
133 118.75592379712761 31.77384123314513
134 118.64583043831445 31.82151666354608
135 118.76726670897921 31.96931244177368
136 118.85018805915132 32.04019952020195
137 119.1048887027716 32.24290486789534
138 118.93716113087032 32.37859536045752
139 119.13823727189656 31.637280648944408
140 119.10861229323392 31.798450732050554
141 118.61549800367105 32.09513337278959
142 118.77663581634935 31.76840074427387
143 118.85310822857433 32.302604393208924
144 118.6884204859056 31.74836397449775
145 118.89125017832399 32.192335760125204
146 119.19093030864236 32.082396945493734
147 118.65974927403477 32.21433241576089
148 119.07367516130293 31.632926964704392
149 119.20718362289749 31.796766410968917
150 118.65413180710405 32.169933134267865
151 119.12167627523156 31.706096500787815
152 118.61871895154172 31.629453231520053
153 119.15211896278304 31.899199835031236
154 118.70125556624875 32.09062384524422
155 118.67444876513893 31.612530508843584
156 119.13924234288527 31.674932943290028
157 118.69887495550631 31.60375664042677
158 118.65819859593594 31.906430254950116
159 118.71542118124701 32.15117567591141
160 119.00117321694344 31.76307868145829
161 118.52276005089422 32.277008244365796
162 118.631584696523 31.943688673822937
163 118.57892792523823 32.095610263551706
164 118.84732618157165 31.828033806699136
165 118.52095812644987 32.12568840832757
166 119.15938122597646 32.39886129329947
167 118.83112279620931 31.959305463624872
168 118.92205699931213 31.762158956431296
169 118.64263516836562 31.96455924580863
170 119.01096380976672 31.947325328776877
171 118.50862914336045 32.01715172735335
172 118.55330330459427 32.01756082315007
173 119.16062336033939 31.62401988138046
174 118.63117606550568 31.70252808224623
175 118.83717292138675 31.9775958839742
176 118.89313339211085 32.169312309309916
177 118.61919316838069 32.257286060274104
178 118.92028264932169 32.17720079935877
179 118.7160529754036 32.020174173649814
180 118.97547044597803 32.3756149960087
181 118.70621532575097 31.859358020375254
182 118.7909511310171 31.988169920315325
183 118.84786988066398 32.227032316569776
184 118.50015410606271 32.25186942516141
185 118.5905045693107 31.920040572508285
186 118.55442962837716 32.28003352556427
187 118.80897570549435 31.940609387086447
188 118.87899100578593 32.183710938274764
189 119.16024148429625 31.573962536429416
190 118.71234726146689 31.603527875360605
191 118.61242332266974 32.33446106271284
192 119.15911245530727 31.698953692677133
193 118.88506932637183 32.16707158405609
194 119.15651754828431 31.842085671656143
195 118.72581044844603 31.747780594929267
196 118.54504424004449 31.899742660703083
197 118.85105710524932 32.34254771635288
198 119.2212254795353 32.067208078302336
199 118.54174414041847 32.33213671301218
200 118.85806178814214 32.151143908006325
201 119.0791623736827 31.97471081134154
202 118.68118908880969 31.998159397232037
203 119.0636732499639 31.762082562306148
204 118.54361187698824 31.625345551377862
205 118.71556276091927 31.913585236123794
206 118.62584541838888 32.038926483313254
207 119.15887410015415 32.32491593317643
208 118.95483426638148 32.13129823834354
209 118.71851779866184 32.2655715083532
210 119.13767691731108 32.299992441977736
211 118.87229123922174 32.32344586240007
212 118.73760988402442 32.25138853472878
213 119.00357557722936 31.71551778759801
214 118.94683025661116 31.863855127731114
215 119.18279018388823 31.748295695128974
216 118.52479412864818 32.303942076060814
217 119.08565560410814 32.213573823869346
218 118.97701813283342 31.904780401545835
219 118.60108515279228 32.04462799704137
220 118.74809701155787 32.26993494278406
221 118.52482450787814 32.29288583412491
222 119.08393244934493 31.74856565409351
223 118.57985116033186 32.21652210538833
224 118.64884174777146 32.26365283945265
225 118.96341308530108 31.682926957917687
226 119.05767042864053 31.678851603786708
227 118.7008812604732 31.945940074646547
228 118.63419279298438 31.765803503672533
229 118.53349144610543 32.293600429968954
230 118.55550677733991 32.188692451077166
231 119.12807591810876 32.16554012278443
232 118.67204468337167 32.18968703575783
233 118.76417903887476 31.82316288204205
234 119.03894759400887 31.77411412062485
235 119.16378197007006 32.097270630137416
236 119.11692843132263 31.91026581282911
237 119.09767936111533 32.34712058265188
238 119.07997137829382 32.15046186268326
239 118.75803877018225 31.898146869427904
240 118.95317738409213 32.2719761450404
241 119.00134607406213 31.924591311533113
242 118.80081880160307 31.72056065924988
243 118.95763713717388 32.216218088563956
244 119.18138703559902 31.995170816622352
245 118.71066316387876 31.794957221796604
246 119.15848405589671 32.13611368049021
247 119.17666084293786 32.3934023909521
248 118.91205365684391 31.7933189035277
249 119.16637399191127 32.2415186982501
250 119.00243015364629 32.198943967628864
251 118.9861853172127 31.693693805009428
252 118.57140116108673 32.28641810289993
253 119.0405627031984 31.967750929842673
254 118.59608304177388 31.671433224996974
255 119.04967248267765 32.02699202463439
256 118.520967418008 31.880554690672504
257 119.129238848697 31.717584414636352
258 118.62129547679326 31.642919499079476
259 119.08486604563122 31.780998016991614
260 119.13417535077234 31.949559533182217
261 118.53714633040867 32.11868389751691
262 118.57782563683983 31.678719484194023
263 119.15274141528859 32.15544451422626
264 119.18998849556789 31.695203776634813
265 118.55897491772264 31.727753143242943
266 118.94907579594266 32.18633460868993
267 118.76299941726879 32.27678260353192
268 118.52096744430399 32.34361334735133
269 119.10053201405758 32.106514061205374
270 118.95915775315999 31.970915477970358
271 118.5873064922692 31.68869687429122
272 118.81464042645354 32.077267141675655
273 118.79143595093801 31.723158516709322
274 119.1789450264153 32.00364584177589
275 119.19657171852283 32.089401562204955
276 118.65383904491486 32.27453864954699
277 119.02984417273986 31.863497348197235
278 118.94290647387503 32.39931010166005
279 118.82774416165432 32.37844071375319
280 118.87882917092365 32.30256185496097
281 118.80318698199765 32.18815599313534
282 118.51734574304291 32.1504449652774
283 119.02712281495508 32.31499392708371
284 119.04709050404414 32.356861737868115
285 119.13046329332515 32.251650644502796
286 118.83785666945516 32.13693481126657
287 118.56120404559807 31.71202300403933
288 119.1595468497355 32.08216677393593
289 118.69837467126435 31.863606601583147
290 118.57155046930708 31.717104702619146
291 118.60213631865578 32.3008933647082
292 118.93899341473298 32.25883524686503
293 118.76440217584097 32.01546138578136
294 118.98175058170818 31.978830560505735
295 118.52454373502513 32.01515962552438
296 118.51333363507433 31.813639441681154
297 119.18905932981617 31.91609279230633
298 118.53564254389954 31.951847109728845
299 118.77367159062943 31.62570443987123
300 118.53351779162348 32.303530211788875
301 119.1544121315 31.6352338877382
302 119.10190837584976 31.92840038385978
303 118.90358796193924 31.703979755996095
304 118.58036812403138 31.782171330860823
305 119.07871813458732 32.364441968443906
306 118.5581804093109 31.90322143747529
307 118.79042943440477 32.17456418618052
308 118.73559032261012 31.686420065281407
309 119.21590379976936 31.777823127509702
310 119.1930580547394 32.293057270361174
311 119.07897464284848 32.31732903159275
312 118.81734470201536 31.799112490710343
313 118.85009094179058 32.37757750871101
314 118.88417804264044 32.14824013204933
315 118.88467110804227 32.01954399806704
316 118.63557272341072 31.89100356258748
317 118.68670740142399 31.856083291112522
318 118.9960971923122 32.390696137622534
319 119.09858790302485 32.16777816092314
320 119.16813926545163 32.003605743627915
321 119.03885357763777 31.627466564711543
322 118.91767444488376 31.802601742212733
323 118.53608489788841 32.35453774093569
324 118.55911440061837 32.029141247900085
325 118.62965647726053 31.868056192992665
326 118.97751145906169 31.62896739714589
327 118.6952166392543 31.829334588678144
328 118.79490451695617 31.790496691440655
329 118.59595140057611 31.73417954994171
330 118.64914828188414 31.884181718623722
331 118.75046401898838 31.750696477527654
332 118.92856977041116 31.6458445687617
333 119.20481899102388 31.700838879951764
334 118.61352343432836 31.98198226343349
335 118.71384457365014 31.642801714018496
336 119.20369654150066 32.351024114308686
337 119.11339989545415 31.76301572581997
338 119.17315820646724 31.998961528653048
339 118.8702524520013 31.933651338633613
340 118.65176082746808 31.846086954090087
341 118.63777178947069 31.861444327106472
342 119.06646556240445 31.807252237409735
343 119.16596258480573 31.838224394518218
344 118.91094377228609 31.701654450492743
345 118.95339522445663 32.13774647846788
346 119.15612259199573 32.097291727838964
347 118.67106082850547 31.836230537422093
348 118.88606925578506 32.320204556694364
349 118.88090167062404 31.91622305510416
350 119.1374234081659 32.10641155144579
351 118.72251163956565 32.01359230120616
352 118.59324141241224 31.860371681714362
353 118.60238576151781 32.31235418445183
354 118.679390722311 32.298932087386014
355 118.56361081939939 32.262416652829444
356 118.7013235201886 32.36112376845447
357 118.87970379899784 31.631182106116018
358 118.81242997812146 31.98821029656162
359 118.93964470049674 32.35122383596395
360 118.87143330696217 31.70344755062273
361 119.03208947509923 31.78143185900668
362 118.81000570146853 32.01347736122059
363 119.05147511822707 32.11705248202526
364 118.81396936159275 31.877786786795305
365 119.02204740547862 31.837840404697353
366 119.00815812951662 32.22559083187545
367 119.09781548886197 31.610789782303783
368 118.62652169085342 32.23959753990456
369 119.00278784105218 31.952853715353527
370 118.481589903972 32.12143083518348
371 118.76778532340644 32.166987481130484
372 118.9135279827181 31.673958161119938
373 118.48251478877418 32.34409508328096
374 118.52304559765551 32.2511604175271
375 118.64765747738338 31.878500540672214
376 118.79113263262728 31.760731030162326
377 118.97336291520675 31.66317621821953
378 118.64809757200044 31.8777292927439
379 118.78241215751828 32.17902571488078
380 119.15744726749513 32.280195987186914
381 118.71990991627717 31.855307724304897
382 119.0236151850107 31.78729017032758
383 118.92999265817409 31.857882575752154
384 118.54733366731324 32.392811423126105
385 119.18260646241976 31.65916709977709
386 118.60000461640354 31.727689959879264
387 118.76863832830195 32.1627161352942
388 119.18220197870609 31.689941462891255
389 118.67837339353491 31.774032668485766
390 119.1445126087671 32.27530976655287
391 118.94959631300644 31.854058946432822
392 118.60656706787884 32.08120140253589
393 118.59376239604501 32.04007126494406
394 119.18053136742556 31.829677562930947
395 118.80682136230463 31.799117577690488
396 119.05856017302472 31.802513107518404
397 118.58909069250902 32.32463836474672
398 118.86414095800149 31.608101641700095
399 118.5797873936994 31.69430618673715
400 118.84058988715923 31.90142494171733
401 118.51660852799581 31.75994911445579
402 118.50143591090084 32.02661538127537
403 119.13210394579026 32.02418213654406
404 119.12909828760966 32.01651286661156
405 119.02203187449805 31.840782611969022
406 118.8385941294252 32.01578336359736
407 118.62965714039082 32.2185446605165
408 118.99325160716847 32.23559921438407
409 118.64949001740139 32.04104147019089
410 118.52530010403419 32.266817295751125
411 118.72059239028808 31.666219967567482
412 118.89928263773176 31.711726220831782
413 118.9051530131155 32.19970891032303
414 119.07390866792254 31.895351472485803
415 118.75780965635617 31.886342702611884
416 118.57120985150321 32.069758966134756
417 118.53553164967272 31.92185905470393
418 118.64494203230275 32.3294934133345
419 119.18229089504457 31.90332981750844
420 118.49670402841066 32.265961384552575
421 118.94457376461716 32.1080878564223
422 118.81024474501501 32.33565170942622
423 118.64922523415206 31.990765884321767
424 119.00120761682973 32.36055429048918
425 118.90377914044032 32.04190428544876
426 118.55950405930518 31.618903471783014
427 118.98365527538789 32.19009395112769
428 118.51688435512699 32.27492979391256
429 118.66415515115197 31.657778761805375
430 118.88778853222652 32.367660997500664
431 119.00763603590994 32.047841155365504
432 118.88232694796588 32.18363021588274
433 119.09914133220721 31.786678960783675
434 118.98913231254701 32.35690942454569
435 119.1784369519257 32.12367887718394
436 118.69149709336226 32.061811387389746
437 119.18594535647225 32.349844837262985
438 118.65686581226169 32.04475659663396
439 118.64520370291977 32.024631835290954
440 118.62215844884916 31.614424282927107
441 118.58753649025992 32.022603532533466
442 118.9543501157378 32.184014863986356
443 118.51157314034776 31.8973818641189
444 119.06977142381977 32.16317625628573
445 118.96274356923686 32.04310518886435
446 118.73835676874067 31.77827735350077
447 119.12513976551548 32.04061938860962
448 119.11015169640241 32.01261527541173
449 118.93935938809533 31.87250783751194
450 118.53122858657638 32.14239346202558
451 119.19294532310109 31.658976037590666
452 118.91795104069284 31.892881016607177
453 119.15226598663989 31.943680556456552
454 118.60510218444686 32.39489005546517
455 118.50853861442666 32.16405388273201
456 118.72588640918896 32.11381965983648
457 119.03686053475312 31.742471216430662
458 119.06625851818058 31.96262949988148
459 119.09502892412686 31.89488096709741
460 118.7326122914246 32.349385630547474
461 119.03552452069869 31.954022093259084
462 118.59290086464944 32.28613522763602
463 118.89163300175906 32.14602736513866
464 118.51857469674546 32.27027182797988
465 118.98969115191142 31.577802495876384
466 118.75460718153116 32.337679381066636
467 118.56181742966442 32.357727777631794
468 118.99064768059276 31.72361924173451
469 118.79755731687156 31.633092471175413
470 118.72038126721219 31.866793249277567
471 118.7531221948589 32.03104983391337
472 119.05117228203117 32.04243937888756
473 118.80032052297744 31.982588695559425
474 119.11933113497463 32.317872149126075
475 118.61191855479238 32.01510258196958
476 118.79398518371978 32.34017178222745
477 119.1421033937594 32.061719641733596
478 118.90347373926971 31.763999475677394
479 118.99882733228154 32.39315193634866
480 119.09995056185552 32.38221527672046
481 118.87085610075862 31.96152708832959
482 118.60941478562285 32.22618014096122
483 118.73061386492368 32.13026455865406
484 118.67845589635881 31.751683690370648
485 118.62478611386211 32.06044454484501
486 118.89679529552174 32.11207264684504
487 118.63767409296135 32.0905574355923
488 119.08047128846319 32.04922647507186
489 118.83136638396029 32.06127735576504
490 119.07458699307429 32.171547323956005
491 119.09593017248 32.19135475463526
492 118.96154676665222 31.662300200992362
493 119.04941385730028 32.3504507051321
494 119.06657651757502 32.00359200807864
495 118.92491534563774 32.16690834782371
496 118.68296527631492 31.909237935688953
497 118.78685333663303 31.66362255345725
498 118.72064436034742 32.12657556655325
499 118.81932232585255 31.91157865328359
500 118.75099756716027 32.016243058521084
501 118.75586367473562 31.798015192436072
502 118.57545906199825 31.77315587493745
503 118.78735203480093 31.834155742680675
504 118.59293994950382 32.31607159967007
505 118.76255275326179 32.35528115438446
506 118.56516934607184 32.35322036397214
507 118.77352784459893 31.952804418937536
508 118.89058932626135 32.214438533723516
509 118.54213315636531 31.73238718300317
510 118.6701947876143 32.19139856371593
511 118.78010796696232 31.946135959868492
512 118.72382119050829 32.2523531044168
513 118.88283573362794 31.76675920516175
514 119.05769508532062 32.24748455291898
515 119.02870811621752 31.681808465962828
516 118.68087261414027 32.296625198955226
517 118.63783778698186 31.94862399362746
518 118.91700745582081 31.748358945202767
519 118.80000797689893 31.829187829172984
520 118.5666690671301 32.15913267988039
521 118.63824206735984 31.960612612345027
522 119.16282152286144 31.783583113874695
523 119.13704237470135 31.810860385023968
524 118.734455459648 32.148685856573465
525 118.51359385550816 32.117480176438264
526 119.02899209562628 31.654489110826283
527 118.6776506445631 32.27298685442229
528 118.52556918362252 31.69672632928098
529 118.68099124931281 31.783412023743512
530 118.58281192716044 31.619945658588055
531 119.12591310531384 32.02701534415171
532 118.64803659449666 32.31375832457563
533 119.00098940485091 32.33140709809873
534 118.60751418691953 31.965395503360348
535 118.57179332990914 31.692761241151388
536 118.79019538871269 31.99349484891922
537 118.94302203699935 31.819473173931737
538 118.89493080759136 31.846249922677803
539 119.03694183684827 31.759122541249447
540 118.77072529159753 32.35450641602025
541 118.96484320900595 31.926201296509074
542 118.54254857605443 31.60054961972549
543 119.0363792356441 31.97948044580613
544 118.97251632251168 32.116901772620395
545 119.06496867332942 32.2400433951157
546 118.54748293088258 32.183709672734125
547 118.83530467120318 32.14983065581612
548 118.96416710669263 31.789953352117653
549 118.46329496261868 31.85772942428334
550 119.11704210030938 31.932555643237365
551 119.06935701824204 31.7452898654329
552 118.8545056870639 31.977733611096735
553 118.74187084469166 31.683655562006052
554 119.0209120277354 31.685121487544485
555 119.12926295657508 32.254443181412164
556 118.88237370214429 31.71528321824835
557 119.13313121993262 31.957154234104518
558 118.57967563771957 32.070113929351464
559 118.72133765406949 32.358941345408134
560 118.997564407971 31.864946167758063
561 118.77616977349842 31.718523462784322
562 118.86307770753382 32.30202611155793
563 118.9555905669232 31.832822314942792
564 118.90219916041879 31.82744025800041
565 118.81269422419336 31.738258575086714
566 118.63133273770565 31.950741493733556
567 118.77582546370945 31.743176255609356
568 118.6273021342674 31.926389306598036
569 119.0258992169992 31.859737073041963
570 119.05762624338851 32.12255714129959
571 118.6318726831912 31.95632274517398
572 118.9196319658395 32.10322516454512
573 118.98297299587342 31.840932500173086
574 118.77860820594492 31.90191566200587
575 118.55400311598423 32.38936708525414
576 118.95137104354583 31.79664814377608
577 118.55980243665256 32.203636673214476
578 118.97883892284923 32.16980886842471
579 118.56509805705916 32.094839834728916
580 118.95377082732459 31.685824798859034
581 118.68251822235102 31.609286493964603
582 118.74882946583972 32.19795155906507
583 119.1645003851058 31.63696806064716
584 119.18623113001726 31.806736336453927
585 118.87381575307235 32.36276421785386
586 118.96078640541683 32.39445725883157
587 119.0623444895385 32.359322649405996
588 119.01396714684653 32.046337609779734
589 118.58141173265831 31.981944560057904
590 118.80402218993329 31.977030702379682
591 119.08313733644002 31.886705432139323
592 119.03099591709503 32.386490422163035
593 118.61495211528727 32.23102910685081
594 119.07941539887518 32.41946847225338
595 118.93652710953506 31.82767705114423
596 118.69772972783224 32.08516832065718
597 118.52494694013792 32.119135291539024
598 119.01318685907071 31.91937654586118
599 118.82762923220605 32.06520964251394
600 119.19189878679437 31.733692444273313
601 118.67094294110234 31.835651833064933
602 118.56196181993356 31.724692864198644
603 118.66257007307958 32.07133859417905
604 118.80107155629955 31.871824123689816
605 118.539980022066 31.951627135943323
606 118.7283985970015 31.884715849378964
607 118.661605037494 31.62130646855512
608 119.17174287472636 32.324958052115385
609 118.6349536840006 32.16035271968105
610 119.12154102226049 31.850796000005253
611 118.56015102875855 32.32773795388787
612 118.8962966373728 32.13964434798177
613 118.9220858161525 32.41432274706641
614 118.89569171767985 31.986525584136743
615 119.15435052466258 31.681653212919755
616 118.78947317962252 31.685005292185878
617 118.93160173366368 32.179356132361136
618 119.11820003236994 32.0549083816911
619 118.65877071570111 31.7688038182976
620 118.85602759312741 32.007749247680934
621 119.18303881460974 32.0306760463661
622 119.03054251301002 32.29438483851858
623 119.00215979528 31.611140305945618
624 118.80291043387844 31.698489940440318
625 119.10079369183343 31.90891852719761
626 119.07289175469916 31.686386796757102
627 118.79171138143658 32.37078782231348
628 118.88918992421665 31.764480841477464
629 118.98354257501985 32.08269886317008
630 119.01529768520747 31.944394714223105
631 118.84162237316127 32.223952966543564
632 118.74865229520297 31.632183175521284
633 118.61633206897918 31.863932757749765
634 119.03987534480873 31.971166029559527
635 119.02215347289322 31.681978289709335
636 118.62577835319607 32.092199488800816
637 119.10544039294605 32.01148267230643
638 118.61244171443927 32.2800692689861
639 119.08925480982288 31.951854814752746
640 118.60439553518307 31.870346192274514
641 118.95126352058587 31.8638185313614
642 118.86698973321369 31.825527883251
643 118.6100931367419 32.34348489605317
644 119.04142742598783 32.230342665186285
645 119.00594385776742 31.873981959250138
646 119.10522382355998 31.947774353598614
647 118.83046447595778 31.690566240480486
648 118.87514687910637 32.07096079602366
649 118.96872433953203 32.18799850749516
650 119.10957833184578 31.801767652354265
651 118.76846035063686 31.959701030788025
652 118.98074331307643 32.14259345640553
653 118.9230738500508 31.982266118060455
654 118.64858053724285 32.039754234102844
655 118.97846290870042 31.768203929865738
656 119.07344888449387 32.22201456594667
657 118.8189398921538 31.688705189022034
658 119.17634400423175 31.969277146569265
659 118.86031621838714 31.84239289315372
660 119.13155718328174 31.693576737801024
661 119.020617480261 32.29040321596266
662 118.79302696444071 31.77284642316889
663 118.71435926000719 31.993779515594436
664 118.78216101676776 32.09122646833594
665 118.73396371823966 31.833701911190726
666 118.51028511946859 32.00023858166639
667 118.53823480362287 32.01531129126939
668 118.78726307276423 31.935052740479406
669 118.60888144030558 31.885075389174375
670 119.08072669269754 31.803483251246394
671 119.16875238627419 32.335721206042344
672 118.73171531219457 31.979776129786096
673 119.01639645681874 32.13664491658546
674 118.74642100786126 32.016611014588044
675 119.10964540306134 31.853973765354123
676 118.81642772016976 32.020477910789815
677 119.13783429496085 32.24706877561478
678 118.9972905611201 32.28787454407808
679 118.57971653047495 32.35220887991035
680 118.60825156028271 31.808548579167972
681 118.81916911707174 31.88581310617089
682 118.89805192442638 31.677191816496023
683 118.8551004429644 32.419381651062984
684 119.14462456404394 32.11619322229486
685 118.50064319544036 32.155773374179525
686 118.59085524864356 31.96369597878627
687 118.69919246449591 31.80694437540797
688 119.14675753077577 31.920760004137325
689 118.49862914536159 31.831962199615397
690 118.87749814540915 32.017121824464716
691 118.49863814369931 32.26621296882132
692 118.87490257350665 32.25217310669306
693 118.83129916822666 31.850863986141732
694 118.58291708134058 31.730743198481047
695 118.94960862006285 32.18558535189554
696 118.92532845495857 31.934968058719043
697 118.8291972066727 31.72802650648219
698 119.0513416230013 32.104304075081494
699 118.54359614402797 31.681064236519553
700 118.72070590867149 31.672333235148308
701 118.82677414195376 31.59004336043324
702 118.70930415798027 31.757159800009852
703 118.58302763656664 31.971027974362237
704 118.582940021284 31.753038602659736
705 119.0456921606174 31.63614657204598
706 118.68957111522343 31.994525801998282
707 118.96988153271924 32.320388147870176
708 119.10282817928393 31.615843027416968
709 118.71373350237974 31.793930812158656
710 118.6400978620109 32.35026043678642
711 118.89846631715058 32.11596029655078
712 119.09016254430075 32.23664984942679
713 118.77017755483281 32.30582559170253
714 119.07053666025345 31.766649731520243
715 119.20360450577324 32.20362451347091
716 118.97952289060812 31.826051109525693
717 119.12866352769944 32.320032404816814
718 118.54768909713137 32.34444676054767
719 118.77004487716756 31.726492287926455
720 119.10211580495785 32.296708664718935
721 119.02624765943274 31.627446621838484
722 118.58488627810803 32.07439622655453
723 118.66474623740638 31.976105850611507
724 118.7210229456549 32.090859537215756
725 118.94523467591397 32.19007868791647
726 119.01966617038863 32.2935322878967
727 118.85758459582243 31.997090610784205
728 118.5193055225215 31.637867807525616
729 119.14679377545698 32.35358309042571
730 119.1779568446041 31.644876639799854
731 118.72824677832375 32.23827277682171
732 119.07278848290785 31.71461607485895
733 118.87646496730021 32.30185065232913
734 118.8273583348401 32.093982909401646
735 119.14949840482255 31.85161131334502
736 118.49112804236314 32.258865749491775
737 118.7690607474714 31.739290105472957
738 118.65447081590911 31.776840919468782
739 118.8288183054107 31.8281385626158
740 118.82131130917273 31.911813148444732
741 118.63873430528908 31.791411300709502
742 118.90393295198639 32.32023774054098
743 118.74917253132854 31.962912992943266
744 119.12001841433671 32.38100512332056
745 119.15859421634283 31.838745960051973
746 118.75008171839518 31.97020257693306
747 119.02175201919079 32.27725719649096
748 118.94743696132815 32.3926030246131
749 118.76869618577682 31.963227174117712
750 118.72773439252795 31.971726184893342
751 119.16554582079844 32.34867069133365
752 118.66069854790977 31.939807945157803
753 119.07296722443681 31.959243012258245
754 119.03724837399093 32.39022023256998
755 118.63084543490194 32.0067266862983
756 118.77514587220138 31.677450245015855
757 118.82038656202195 32.36486651276259
758 118.85627432853427 31.954962896484776
759 118.93690784708387 31.885932018748164
760 118.76676472834205 32.299078141685314
761 118.94361483145178 31.615432751514888
762 118.79641997180605 32.378408610190824
763 119.1737799976685 31.66156578816962
764 118.96347798587563 31.633013055050753
765 118.81448689914261 32.3178708840057
766 118.89171133450215 31.963446530408472
767 118.5844440939809 31.728118606700487
768 118.69044659099842 32.38846539806978
769 118.99940904177573 31.84397680500424
770 119.22450527903666 32.34471150590137
771 118.75487379913191 31.98230202698962
772 119.21108526620968 31.917727591293424
773 118.75913980184839 32.053585342682034
774 118.80111675097538 32.33250655950494
775 119.18339729906896 32.389270970127086
776 119.05462726498314 32.13474960327342
777 118.89890891912007 31.89673318236988
778 119.1857678165559 32.26682481591846
779 119.20611812258943 32.34840422520163
780 118.61151530363661 31.99696680995582
781 119.06442317621416 32.188125279181726
782 118.68851964588245 32.3468751335059
783 118.71286539943455 32.15630428301232
784 118.78915667837299 32.11837502516458
785 118.84967215142382 31.87799594932827
786 118.58569413796697 32.09923537349256
787 119.02430251881806 31.774425641612392
788 118.49834183442653 31.712245312940578
789 119.19331606777648 31.791413656882465
790 118.71026445400673 31.941781010168274
791 119.01625964024254 31.871623032142665
792 118.85004561976315 32.16081929993009
793 119.0847318597045 31.91060903392288
794 118.60122017497282 31.9651093786045
795 118.5235243923757 31.82263055959541
796 118.62035655987205 31.705751215133944
797 118.97164627537964 32.17265810545269
798 119.06143310496257 31.79396626090666
799 118.60699302380536 31.963415934498418
800 118.91517910368277 32.08578712757888
801 118.51462478262603 32.13819752363446
802 119.06096915499938 31.94533967758371
803 118.55840401664256 31.808019707948876
804 118.63604352932146 32.30915161464708
805 118.9567037879936 32.14418458465031
806 118.82998373479121 31.77822978624266
807 118.69180545498165 32.23468088916775
808 119.18135722444799 32.05149622281856
809 118.87544253050537 31.96397832900415
810 118.60384792246154 31.71105303122628
811 118.80524925243533 31.78119885937836
812 119.00288296493181 31.688623998556746
813 118.81180287390119 32.13409754179851
814 118.59147285676309 32.19173040428067
815 118.60999537125214 31.97825194197192
816 118.67414418038564 31.65435155197684
817 118.8921859625645 31.712265464035514
818 118.93915394044606 32.33438937062838
819 118.82994514753888 32.31627957443216
820 118.62461581314504 31.91664820051475
821 118.73190233525473 31.69983233819044
822 119.13476180224283 31.971800982520605
823 118.67680217343711 31.926182873474097
824 118.98671703063488 31.605223547131356
825 118.74414957352019 32.19204954552257
826 119.19845389203799 32.097471470505184
827 118.5124050787644 32.03233085256481
828 118.70962872653772 32.243679033778044
829 119.04147386233731 32.286392219719886
830 118.52654369244667 31.782032075541874
831 118.76220331546911 31.65678747270315
832 119.17174469937927 31.907980490336744
833 118.97926218775056 32.28152455551053
834 118.59720527212092 32.202381236149556
835 118.55313082263514 31.808888844323654
836 119.1670175863417 32.21687625542271
837 119.14832288016595 32.06958546379942
838 118.61528687174372 31.789158861433265
839 119.12344618585446 32.13426027566599
840 119.01243453619132 31.833747738306226
841 118.80062394116315 31.874472445275035
842 118.64284454509529 31.75448804228582
843 118.60265211290469 32.05781629900823
844 118.64986122027167 31.97792038498377
845 118.8063997561394 32.09273876233017
846 118.51160615524896 31.597057697467147
847 118.9334819011109 31.928992039898937
848 118.94538529195988 31.65639310079872
849 118.8956782607175 31.85337961740726
850 119.09043096919187 31.676389601008985
851 118.5546111255421 32.05452493353358
852 119.18618007731668 32.34579236439566
853 118.82236843418391 32.26468932083482
854 118.83529553591593 32.003426701982804
855 118.62006718340929 31.87673438853621
856 118.9667555971335 31.60412527078816
857 119.12606910781344 32.13011447050975
858 118.54794473022454 31.841046090121928
859 118.70247212632204 31.931899372544958
860 119.05151660371214 32.07982662322416
861 118.51982380920732 31.731897414668914
862 118.89816026055087 32.043721720134606
863 118.65386464518886 31.955745141815587
864 118.87151158994999 31.897833961179334
865 118.6138487253837 32.280204169104046
866 118.75844365870469 32.2069738182913
867 118.72869048251093 31.686252192631212
868 118.77291579576342 32.325269789256275
869 119.16853404839001 31.562869511585248
870 118.59787844155353 31.770669052495613
871 118.67916717099634 31.704561979609874
872 118.97357986116442 31.8658228813751
873 118.77218057691496 31.705546321495923
874 119.15374079142654 31.81787458773423
875 118.7250273559789 31.922587831443163
876 119.17004021865719 31.958637274149574
877 118.60576428108033 31.82720156185871
878 118.83567752669919 31.65177141745538
879 118.86816115259516 32.02396312016269
880 118.93372903935747 32.067443515186795
881 118.77161035144275 32.13031945826073
882 118.87452662008168 31.59028182235269
883 118.63489452898037 31.675603534817085
884 118.65993199857218 32.136479613017464
885 118.57415658810238 31.73495175168848
886 118.88060366063438 31.695612465232482
887 118.82616595278556 31.94148140195959
888 119.18265578991404 31.90677162154861
889 119.05976173479752 32.12451294490198
890 118.99689888111861 31.629556884328565
891 118.71165535027882 31.79410702169235
892 118.66344347768 31.804898393877437
893 118.97204796810652 31.853547842867652
894 118.66717898492071 31.57753900836118
895 118.50368279777341 32.02371860709888
896 118.72528325676572 31.583039358055995
897 118.86566905419444 31.829230201717927
898 118.6271924751601 32.311399259750004
899 118.5708812046928 31.701747633453316
900 119.13710414408773 32.137949890308356
901 118.81820314697913 31.96390238519585
902 118.50169816750076 32.319450126682646
903 118.67460090422088 31.960702477820252
904 118.54774542288487 31.764931044972634
905 118.7027552894691 32.409522972167075
906 118.77814934777587 32.16425603205316
907 118.59877365703983 31.71665667649152
908 119.13229821766828 32.03723954200029
909 118.83439649844647 31.85329200832987
910 119.08956135120422 32.31170880079842
911 119.05308871102558 31.72799793164026
912 118.58503873402243 32.088578007570156
913 118.53378447578717 32.35107815172787
914 118.91451180384375 32.33207564060991
915 118.52706221470996 32.31415539608615
916 119.06715455227155 32.09283561182498
917 118.722800573042 31.85834637994098
918 119.04112314210107 31.649233567344787
919 118.62315841495719 31.74796823471275
920 118.72415807101916 32.29909324460626
921 118.94082771772447 32.16188525451756
922 118.64960202564231 31.65908564598406
923 118.66806120583719 32.372428507945656
924 118.75801458399091 31.997029996468456
925 118.54397113545957 31.7495080075551
926 118.98967494206532 31.96502430183484
927 118.58679324248563 31.951137734659767
928 118.68570594324339 31.777685232047293
929 118.51988251567938 32.108112729115284
930 118.81462606405786 32.045580321129776
931 118.71772364258761 31.826189720483775
932 118.86458562102972 32.20046617426881
933 118.96687553949542 32.03049838227863
934 118.6561726284221 31.882819667079993
935 118.74256223021278 31.71229174829109
936 118.87170324365543 31.988177786598744
937 118.66830419029328 31.72505686332149
938 119.13850871908026 32.32532943997352
939 118.5381952653574 32.02427934375973
940 118.61220747325504 32.34492410985838
941 118.71497636949844 31.866793991527857
942 118.93593036111018 31.950670789388294
943 118.54737182507216 32.0278234280479
944 119.13990284522689 32.31431394777112
945 119.13237936001556 31.71301171475854
946 118.96388426049626 31.907857872424206
947 118.76334488298934 31.679718912911415
948 118.68147733252746 32.33483977933207
949 118.71001161561448 32.249818808377725
950 119.11033119963649 31.9361872072234
951 118.89428289864775 32.112844793518924
952 119.16846156818545 32.06287204406074
953 118.86318608253039 32.08103826639195
954 118.6489379302095 32.24607876139394
955 118.58056847674425 32.36186632624628
956 118.96458228654818 31.65248348227357
957 118.73131427137723 32.03945858438217
958 118.95547891774878 32.3342782774954
959 119.17447420635933 31.91477641699036
960 118.51888595551839 31.795988181870374
961 118.57317166498119 31.667840652143948
962 118.69629855843665 32.12038030834819
963 118.71421839587242 31.736769539311965
964 118.77809510117552 31.894072489864577
965 118.80536107437892 31.905452939758526
966 118.77207101730492 32.10511856785453
967 118.5430512200335 32.37962965722934
968 118.73422953154012 32.38619412103863
969 118.60659119032908 31.859754487986685
970 118.623253093147 31.804457401217054
971 118.916878169636 32.17496900073073
972 118.52800595029375 32.16637773272707
973 118.6924305614477 31.840477757605647
974 118.94095080527582 32.36187878960913
975 118.69008586471267 32.24998384717154
976 118.85323771413745 31.752034938374546
977 118.81673480409326 31.97805677676754
978 118.92751780140695 31.664929414497617
979 119.08315776282302 32.03581961748439
980 118.70261737029325 32.03603139107969
981 119.14877753442337 31.78238897449518
982 118.97213678578687 31.674129115114173
983 118.77595883534407 31.68827743365139
984 119.09910741628939 32.02473228621188
985 118.77922169386298 31.625486075449718
986 119.0016819207258 31.759237767015545
987 119.12418630663977 31.732879138172216
988 118.69826817745815 31.92179211092361
989 118.8310307867975 32.0131681471124
990 118.76116599793737 31.88070609645444
991 118.56446467440091 32.10768034507005
992 118.57620558535302 32.32887537017711
993 118.56092380139793 31.793039447486766
994 119.12477869790341 32.383884940632626
995 119.11793474187903 31.884053347707923
996 118.75204251672692 32.086379681337725
997 119.08556511649391 31.89281949304468
998 119.168083152139 32.151187108219176
999 119.01543488173922 32.29306454587199
1000 118.65706648672463 32.24447441075829
