1 118.94096514896192 31.951404899364462
2 118.89418982275004 31.62160022035558
3 118.60948959792104 32.04254447712775
4 119.07076341332278 31.95447272155323
5 119.18890523700905 31.93729287268731
6 118.94592304628134 31.868007383771417
7 118.90037749971009 31.764112826108402
8 118.60584899020398 32.09056696016224
9 118.69397787819629 31.840151374627773
10 118.75719772849513 31.815530275311975
11 118.63357029411894 32.095662402724216
12 119.19630193234758 32.024576244526344
13 119.14771586643019 31.704340933648925
14 118.76207952550351 32.010466939010314
15 118.60107818040872 31.747078586205483
16 118.77529500807132 32.2312060294855
17 118.6109790481376 32.28854689816326
18 118.87823637617097 31.99458060091267
19 118.62605855928896 32.27370460788108
20 118.53097917263902 31.659073057928964
21 118.92554836413557 32.00237741262261
22 118.76905937820446 31.64714282986793
23 118.98080332871277 31.945919048492357
24 118.86553625275059 31.6763383817187
25 118.93896519989472 31.706637353831358
26 118.71811642417009 32.07332239005704
27 118.90627561746895 31.785685896345665
28 118.84193792128231 31.680386443221007
29 118.9161260172666 31.77412769718598
30 118.51030714399042 31.879980415886713
31 119.17586429545118 31.967880582588105
32 118.66699281212026 31.75902510856578
33 118.55645894552852 32.11466431674276
34 118.70708714207309 31.98413773959338
35 118.98273117946273 32.00420133696589
36 119.15492934058904 31.910016624768314
37 119.09265296786793 32.23208024676933
38 118.72498555428189 32.06390832203906
39 119.08278720841851 31.727977365543747
40 118.53806936497176 32.1574531207027
41 118.56223783296798 32.370655869936684
42 118.62715731206958 32.00454727987245
43 119.05016572829501 32.31325318921258
44 119.01159806489534 31.875272697934122
45 118.59476712463668 32.055986259124346
46 118.99395560084653 31.942529457553263
47 119.03375335508679 31.95063986927205
48 118.62982682713752 32.22488205611824
49 118.96860290834096 32.02534298495166
50 118.78503938284284 32.36539863957377
51 118.55192173038212 32.042653251149964
52 118.86091642016268 31.669858764484033
53 118.84826395174834 31.8930636604678
54 119.1156046695551 32.277590075107966
55 118.89038393051294 31.926995935412506
56 119.08935268898368 31.622329234606703
57 118.82210017232714 31.799807179922684
58 119.00418097834937 31.648326445575837
59 119.17465697251005 32.39445293947037
60 118.51492289045729 32.37843936871906
61 118.81397466325313 32.24755695442669
62 118.7990169560503 32.084911421554686
63 119.0401830471446 32.205498468469905
64 118.51101921622183 31.73935931181254
65 118.90427299741312 31.836119736983306
66 118.69276723222016 32.017132588233764
67 118.83113493673807 31.886742984879778
68 118.99654381977132 31.637226461460106
69 118.9435729598594 32.38601924068485
70 118.66993173953345 31.955541312293533
71 118.64319503844142 32.00522626553388
72 119.09551080118463 31.86215352375204
73 118.85523341337736 31.808021756590314
74 119.18404122214113 31.906541905639582
75 118.96015920267445 32.26781662039396
76 118.6587958942536 32.18875795547909
77 118.6207280515597 31.89807623789163
78 118.72405525938589 31.609396974160905
79 119.03809110168895 32.23395850385625
80 118.82652879250628 31.8196544066251
81 118.90349388466302 32.06628496718905
82 118.91660200721516 31.61648825712768
83 118.62016111676667 32.12892276426984
84 118.73916560917375 31.904426136406713
85 118.70262305275186 31.995776770379155
86 119.14888666381869 31.930326582182676
87 118.50987264006211 31.88046669126112
88 119.17531765452001 32.04110250543218
89 118.60073156664592 32.380366901635476
90 118.88045667019045 31.689251568442696
91 118.68774488828126 31.858202361072763
92 118.71438421500035 31.631699173405778
93 119.03719658418525 32.195973864065124
94 118.98589484162916 32.1266594015119
95 119.03841151317664 31.773861810223934
96 118.6329895024403 31.93387813700274
97 118.6435423611861 32.11293884828445
98 119.0288479494977 32.12537682396914
99 118.58681835518522 31.73129962687396
100 119.12997328723243 32.302188335318
101 119.14243780084693 32.22586076473356
102 118.85558294542237 31.708586422048604
103 118.99325452806201 32.2911359718222
104 118.73141169503812 32.204601501713924
105 118.94983859948526 32.237927875640686
106 118.5201934371 32.03586820599559
107 118.6528886588115 31.776979331671075
108 118.81768630463947 32.3345332074851
109 118.84167787759463 32.071095511914116
110 119.18909163132454 31.876288106661892
111 119.20461886233589 31.81321427671965
112 118.57937010259973 32.33346091811631
113 118.69140187924914 31.936159904421395
114 118.55551962969118 32.0302803414949
115 118.7368592256317 32.08691118154374
116 119.16640221052842 32.26054832435892
117 118.89981042760941 32.093778283697866
118 118.52459970048494 31.741410050593167
119 118.86547850076025 32.06791159594347
120 119.15274632779123 31.994330409324643
121 119.184211080085 32.04334039633617
122 119.1392181746028 32.159100970387236
123 119.0359795686261 31.797847275085957
124 118.67407049087434 31.75363648194813
125 119.12776348681462 31.690894948527333
126 118.7105185529687 31.82259006289655
127 119.1085112098929 31.608913112138108
128 118.52684757992039 32.1021355165741
129 118.5383467151027 31.832414182054833
130 119.06350625582755 31.754426791889077
131 118.5750399793511 31.675524637521733
132 118.8053949966223 31.828723350729828
133 118.73906508067459 31.76886618457707
134 118.69395648404992 31.830531547982044
135 118.7583687827441 31.97673173693133
136 118.8375855795711 32.04315828324041
137 119.09094496277726 32.276313230099014
138 118.93147075684855 32.38922330913909
139 119.13726420696231 31.638676185398435
140 119.08461031277456 31.78710984918699
141 118.60153011719954 32.11416203234464
142 118.7945016395196 31.731512442708272
143 118.87300412750126 32.296996695832945
144 118.67974808847687 31.775199928053922
145 118.89570682274906 32.189495152628425
146 119.18320765004445 32.11789886983119
147 118.65318095703833 32.240561246804084
148 119.04803490652127 31.622542508047868
149 119.19662695065385 31.79209910444122
150 118.67973935203963 32.165687068980006
151 119.09824209967476 31.673001521761005
152 118.61613253253293 31.62127234542571
153 119.14748710886661 31.88492717948906
154 118.71355693901609 32.069876081372605
155 118.69669766288477 31.64098732220069
156 119.13561604336202 31.65186333449606
157 118.70530975220849 31.629212915389388
158 118.65921643317367 31.919623864414284
159 118.71846145698869 32.138691628528846
160 118.97583334483788 31.760958127427223
161 118.51537084423548 32.29902255952807
162 118.6096789599049 31.95160836988834
163 118.57868864335074 32.099747757561865
164 118.86761616265512 31.834638448967826
165 118.5357484460457 32.09104101390094
166 119.14200069379336 32.36602679016374
167 118.83176931267651 31.95834609451832
168 118.93217093668723 31.766770288200814
169 118.63921509326799 31.941798274501632
170 118.98815049445798 31.957135375297725
171 118.51423903741383 32.00879761775347
172 118.55808491792102 32.019620098179374
173 119.1379859555758 31.6328814111825
174 118.64874302939576 31.726623065633436
175 118.84654328430017 31.959520932054897
176 118.86896395011293 32.166079279870644
177 118.6292840732601 32.22343413106975
178 118.91171908939782 32.221318706326535
179 118.68255851097888 32.00382421946778
180 118.9615058956789 32.368346167707145
181 118.68223867333622 31.867522905816365
182 118.79908111249726 31.987133698370624
183 118.8497488536224 32.19910135093799
184 118.51196689305662 32.28598219067585
185 118.56912504877363 31.931389737996472
186 118.56618262166577 32.281083334150544
187 118.81127419132818 31.955613431388482
188 118.87859668712309 32.17401213799925
189 119.17967509678184 31.610463659534016
190 118.73879992160371 31.61645364528368
191 118.62597240464578 32.34959885060614
192 119.17869490412767 31.68792775774762
193 118.87467135247869 32.12726947199946
194 119.17022648186 31.819523410256913
195 118.74611886986247 31.763587657967136
196 118.55310974201988 31.91199649142591
197 118.81840852618026 32.34240661500988
198 119.19153161223419 32.06007259139923
199 118.54890266773579 32.33056416095438
200 118.83092125537868 32.16533624093597
201 119.09747097376928 31.998567889106667
202 118.64767242749834 32.00223539721455
203 119.0509609723379 31.773679686911944
204 118.54661747308384 31.60193385800114
205 118.71899971428341 31.93524629810902
206 118.62146509897592 32.04990226274317
207 119.1831234612203 32.30046987690107
208 118.92228014953733 32.13726755379136
209 118.69943720138093 32.274616528608476
210 119.14546911149473 32.340495483941254
211 118.89147599088369 32.35008199984496
212 118.75146393232177 32.24978466921936
213 118.9931375270323 31.704821013832763
214 118.97279469044553 31.876204407764707
215 119.18055828356917 31.765557486028186
216 118.54761189177799 32.292842309046094
217 119.11141053184112 32.23448268480287
218 118.95845079050923 31.88290560701985
219 118.60822127787345 32.05751261994417
220 118.77869389373282 32.24590383105705
221 118.53941395578632 32.26842800782971
222 119.10580029323602 31.76767715090945
223 118.57235830909708 32.18512337190323
224 118.65215328531653 32.239473626167225
225 118.99622305227368 31.634842495313887
226 119.03642453158068 31.68792401270236
227 118.65654534098762 31.950345956413134
228 118.60654593881618 31.771641367123316
229 118.51717993745629 32.300228848336424
230 118.5514644319453 32.17851493710758
231 119.11957709075628 32.173186464195055
232 118.62932611788585 32.21548704947248
233 118.78544430584304 31.86478520846411
234 119.0407170516008 31.790054062964796
235 119.18875602040768 32.104292942685795
236 119.11016207834273 31.929666618839875
237 119.1480679508451 32.34508912222097
238 119.08083696891293 32.11289297964413
239 118.74206829084874 31.910845055847354
240 118.9506811202568 32.283851500175466
241 118.9977057181378 31.905964096610248
242 118.7886234816899 31.737159289228245
243 118.9238653193957 32.22657031069437
244 119.17823551661397 31.98261176796204
245 118.73249896129857 31.81051941442842
246 119.14547934727398 32.151926451776454
247 119.19178419420622 32.38865790103564
248 118.91329424818903 31.801663898668878
249 119.13922222991323 32.23042683615539
250 119.02348592756609 32.20868646054852
251 118.9974157517508 31.699341214811618
252 118.5786268275755 32.27285256639921
253 119.02333187413531 31.969258984365307
254 118.62488797685619 31.699854400650842
255 119.02789692590211 32.02884315310293
256 118.53989166894189 31.843836676437814
257 119.11774062368697 31.73768309707287
258 118.62887980581188 31.661937981212375
259 119.09771584872028 31.759425300591428
260 119.12307866274209 31.94364423950698
261 118.56992499589079 32.111956003132015
262 118.5825746528841 31.66538317422969
263 119.18168545459184 32.17433021747274
264 119.19370402318533 31.68028690618138
265 118.56571764348465 31.734838813780716
266 118.94518186775089 32.176423754459826
267 118.75955636086857 32.30273155511817
268 118.54094422661686 32.384908041689144
269 119.09547354384304 32.124755845293855
270 118.9651418283218 31.980595479840044
271 118.54680308065417 31.670987649613647
272 118.81554247247195 32.047528158084134
273 118.78839727405752 31.74651614812161
274 119.1901219029954 32.01272932537535
275 119.19422034818304 32.08972150797681
276 118.65820301398455 32.26365248885696
277 119.02888297038392 31.85750560453382
278 118.96151571361007 32.393462006757325
279 118.8058003490985 32.39223306734759
280 118.90628871769154 32.25996471275138
281 118.78405289326449 32.15548083610383
282 118.52906122300432 32.18868398524306
283 119.02560680235771 32.30222964135093
284 119.05491026230453 32.357043616062484
285 119.15310737984638 32.28360665477558
286 118.86520102857745 32.11135608606029
287 118.54445081176392 31.65741823737229
288 119.15621118958421 32.101403006757586
289 118.67894534931513 31.88576518456317
290 118.59407864529838 31.72809335099223
291 118.60774695736347 32.313595759568216
292 118.91396856471941 32.2588311184077
293 118.77393648595809 32.01299178107012
294 118.99123948264726 31.96700003284235
295 118.55656386103493 31.994208174234316
296 118.5097594968945 31.804780948047885
297 119.17229298994671 31.924790961496228
298 118.55924571065056 31.9491161872556
299 118.74055474489158 31.612340463308424
300 118.51548065339597 32.31690951552822
301 119.11448813631783 31.621946421450517
302 119.09191073066268 31.90166842501344
303 118.90900772301659 31.679577759492158
304 118.61163208674819 31.75963726216318
305 119.06234348644249 32.35633238682159
306 118.54458502415444 31.897930372483227
307 118.8184284077362 32.182384333696646
308 118.72009287543479 31.700480900891698
309 119.20187565687314 31.803869858633796
310 119.18253252737247 32.2997193354901
311 119.08342278238048 32.322884701279825
312 118.81603409254117 31.83237867758981
313 118.85531775226646 32.37626299946776
314 118.88724990542494 32.13915551552786
315 118.88647637495366 32.00269928090425
316 118.62835753260886 31.900553986571595
317 118.6461190849834 31.871400161925944
318 118.99507915098766 32.36409314803946
319 119.0892413053196 32.152912048509734
320 119.16943347415116 32.023963283106355
321 119.03137253455813 31.6344230848271
322 118.88958978520233 31.796487147067193
323 118.55928891431465 32.34969648634455
324 118.55947735482982 32.046966218073514
325 118.60989571238007 31.883571941211102
326 118.99467185587635 31.608312277624623
327 118.69374167499394 31.800734645445424
328 118.79818098320581 31.804126003248392
329 118.61053348259917 31.738810661320894
330 118.66017086989844 31.876378648222378
331 118.76009864478921 31.76049568270797
332 118.92794631992817 31.655694944741274
333 119.18914161318494 31.67805034608463
334 118.58918892080179 32.00281812102565
335 118.70243678484579 31.657261812476168
336 119.19659841745663 32.34540001452374
337 119.11649150129868 31.762665922147352
338 119.16868182791345 31.980112731779872
339 118.86742940635115 31.932241576519605
340 118.66751043180624 31.835995453044053
341 118.64608064014209 31.858725803045058
342 119.06030611347917 31.77248029350524
343 119.15069047732156 31.82341515464306
344 118.93077407839147 31.690599121410575
345 118.9866687284437 32.15212517769774
346 119.12261949502505 32.11396867860931
347 118.68145719441604 31.852238602219998
348 118.90796420064792 32.30781768501795
349 118.89477955951331 31.906450792293114
350 119.14615734308967 32.09315182905447
351 118.72777843254451 32.01238506638596
352 118.59817958838367 31.858428785936784
353 118.56789378925343 32.34531232680978
354 118.70037392910041 32.27579737557923
355 118.54460048003429 32.2706985403694
356 118.7218795996726 32.36127397192599
357 118.90266746808369 31.606387699886422
358 118.80768196802494 31.99209182574667
359 118.95050770637332 32.35165708327299
360 118.8668880897268 31.70674439665836
361 119.0320305929864 31.79878386479176
362 118.8159911765029 32.001204246350845
363 119.04212745375567 32.137600671461534
364 118.83378947060648 31.86507610082242
365 119.00952324504865 31.845005208684476
366 119.04172021527381 32.22054534244555
367 119.09653981159386 31.623599307828517
368 118.61600469078277 32.22852827855553
369 119.00598481101245 31.945841390475636
370 118.51159842819415 32.10245240391996
371 118.78096436273003 32.16661987006129
372 118.89942956007161 31.681093924378047
373 118.52170869188544 32.32050157638541
374 118.52909692992401 32.25397815301294
375 118.66301057296089 31.904610765493597
376 118.75553816133105 31.755060671535542
377 118.99355991661807 31.648909677434453
378 118.63522543880566 31.84910043735978
379 118.77765857632261 32.17397094921245
380 119.1357374106288 32.25264237125448
381 118.7277994400465 31.860580656000888
382 119.03289531593731 31.771754890775252
383 118.91110094415816 31.865021383072772
384 118.54028504547739 32.372470415517746
385 119.18048917242534 31.676339914281677
386 118.57751510934801 31.735334484690515
387 118.74240211096101 32.15518612341413
388 119.16418752832669 31.716428821080232
389 118.67106161676408 31.815382673076662
390 119.16406911281935 32.245542226038175
391 118.96255088917107 31.840517680138
392 118.62964943358942 32.07576188407563
393 118.59510197080485 32.0569875264475
394 119.18652693607122 31.81184405108498
395 118.8130952375548 31.798067104539914
396 119.01705383610178 31.83687811946488
397 118.59267895315622 32.30281226436397
398 118.85125767620607 31.617455511119807
399 118.57066144114663 31.674459152124264
400 118.84885284071613 31.86596445221766
401 118.50719721049217 31.777842959637926
402 118.52728104233984 32.047668142970345
403 119.13571914003175 32.030655509172924
404 119.11702827825219 31.99486976910243
405 119.0400758767549 31.839308209847054
406 118.8681154472089 32.00574026019406
407 118.61774536636062 32.23320683246325
408 119.00859722721768 32.25128429540356
409 118.64767757273626 32.02207164347702
410 118.54086395644678 32.24818868163067
411 118.72041390483616 31.63475897685405
412 118.90837959598929 31.728597781983098
413 118.91121641817341 32.196082774726335
414 119.08064125877051 31.909819424579254
415 118.77152683454207 31.854202086386348
416 118.60583967630667 32.06008810043405
417 118.52574451393758 31.897007799496247
418 118.63230262396432 32.32876380956493
419 119.15368822365947 31.913857000785246
420 118.52918132605453 32.26931511049949
421 118.94874320265697 32.08820252738822
422 118.81081597720755 32.32629781414887
423 118.63564365902091 31.983404832192665
424 118.97892188988818 32.36807421915353
425 118.91702021977353 32.06011363051392
426 118.54886162192471 31.62324751012453
427 118.96681634981809 32.187271335392964
428 118.55091881578572 32.284556801007085
429 118.6624508200929 31.67848826589281
430 118.89441024859836 32.366280096892325
431 119.00492619080498 32.052508808024164
432 118.90249539957442 32.190883465198596
433 119.1272009073913 31.779901247925924
434 118.99334436504655 32.35089001655705
435 119.17680497378142 32.11434982980512
436 118.69099511173206 32.03379373183033
437 119.18568617814533 32.36775649161416
438 118.6444501993111 32.0458884007785
439 118.63456075603682 32.02168867994788
440 118.62705943336613 31.637687433751186
441 118.58313196421787 32.037250206192674
442 118.93587281301114 32.19217891181492
443 118.50510432250742 31.892237861133207
444 119.0682474839904 32.13961407579221
445 118.9191962695223 32.05227789756714
446 118.70716719633356 31.76538656571624
447 119.12603944679829 32.03524931926733
448 119.08963415372632 31.98362480211453
449 118.9413375938183 31.87362271283417
450 118.55611642644331 32.13214784629804
451 119.17950668243044 31.65048809870033
452 118.92988230600288 31.90047944364218
453 119.12244687254905 31.943623629602545
454 118.61342590460717 32.38369024984451
455 118.52194110114213 32.16122754380171
456 118.70843512240992 32.09811260231304
457 119.0405001940609 31.72404186836331
458 119.08035134042234 31.95131462432121
459 119.11733912093642 31.900234825747308
460 118.7414928730868 32.35341589406638
461 119.07159322852242 31.961326383193335
462 118.60834876545975 32.2850143997617
463 118.88139529097404 32.122354299306636
464 118.53589507512284 32.30472255110975
465 119.00124105937196 31.602881905477783
466 118.74662853456972 32.34106036855399
467 118.57313707337417 32.35679836825639
468 118.96104817846746 31.726343447613555
469 118.79421211139986 31.652253082350935
470 118.72455316906745 31.855539630630137
471 118.75350063865054 32.07540617286507
472 119.03426615429304 32.02017583515377
473 118.79114077303988 31.947498674101716
474 119.11546131213181 32.3385698280067
475 118.60632404275565 32.05747358771903
476 118.7729813771999 32.35012747909969
477 119.10676480046055 32.05797189551837
478 118.91025418649711 31.74741659773002
479 119.00742475288042 32.387958351740984
480 119.08324132676483 32.39438962968054
481 118.87407698251965 31.96018572461381
482 118.58569840359046 32.20869886093528
483 118.72588050490421 32.1113048035595
484 118.68073904929298 31.75335484492798
485 118.60487302748419 32.062114675527695
486 118.92517446051646 32.12058987462104
487 118.65015378063705 32.074295331781336
488 119.10345788693326 32.0273145565843
489 118.81950173919772 32.07072955167227
490 119.0648802630431 32.16275631891624
491 119.09162176764316 32.21800768536956
492 118.96510560396533 31.67049296692322
493 119.07137882476272 32.32727620618484
494 119.05743503297187 31.96092860909675
495 118.90605480254094 32.15712359479591
496 118.72658356259848 31.905717407889806
497 118.78786374590274 31.64090893768377
498 118.71661672423855 32.133022662638666
499 118.83908298365085 31.893226828994226
500 118.77786978142329 32.04585813509867
501 118.73566897199147 31.81444969446232
502 118.57843862706129 31.763723035320176
503 118.78611417582567 31.83285579445316
504 118.59654125261729 32.273523021947334
505 118.75515104504396 32.33640254791525
506 118.57691143963682 32.382203465799506
507 118.77186181385774 31.931886055738502
508 118.87588689218217 32.221799411233256
509 118.54738405698679 31.7289823418075
510 118.67809488748726 32.19031555356381
511 118.79808855623328 31.94157966934257
512 118.68831055066906 32.2793365881225
513 118.89606426955581 31.756963127466037
514 119.06806218260971 32.25541906226431
515 119.05313548793158 31.66036421570682
516 118.65374565215365 32.279576755498866
517 118.63811637561963 31.939115414814914
518 118.887898619964 31.710307554199044
519 118.75838448857685 31.8432404198342
520 118.52893270897552 32.16857633605032
521 118.66070232603634 31.957524079267163
522 119.17475519382934 31.788162716424814
523 119.17386558364119 31.792754924219793
524 118.74879897013685 32.15191694073166
525 118.53149025397698 32.11485339620886
526 119.06240265910259 31.653120325389693
527 118.69351027513397 32.25170670478334
528 118.53369050631318 31.71322623684552
529 118.66942300882583 31.791597784430675
530 118.60209672012948 31.609513077479683
531 119.13531037455323 32.00966291594251
532 118.63181262309337 32.286980501871554
533 119.02388277848634 32.33766736824397
534 118.59751893385622 31.96809925689279
535 118.55396611028448 31.681639561577445
536 118.75964084609527 31.982941105539247
537 118.93033477100447 31.83623581664725
538 118.87267539013446 31.849582498562167
539 119.08506853076425 31.795315607143046
540 118.80172441228665 32.354459088094345
541 118.93346768002543 31.919381628572665
542 118.53813900643921 31.603480963713622
543 119.01777117848131 31.998025880225974
544 118.98112929551237 32.15773741672409
545 119.06435558703896 32.25279689028151
546 118.57412480229634 32.198945211631525
547 118.82815431146248 32.16394245060816
548 118.96154001669665 31.762267507157052
549 118.50110845260939 31.882176496879378
550 119.10130808485141 31.972060276958146
551 119.07239249905939 31.715702471139213
552 118.86011959678069 31.944370892483597
553 118.74060600606954 31.681352337705487
554 119.00524186875754 31.67194896460989
555 119.12204672187374 32.267758599464734
556 118.84230187629343 31.73796998734234
557 119.11536979605226 31.975622811778564
558 118.60292966322046 32.09704632412444
559 118.72986701629503 32.35210099966704
560 119.00063517816324 31.845458695501147
561 118.7565274213489 31.750515783103115
562 118.86302089027123 32.30586881947249
563 118.95640158444583 31.845141523784683
564 118.9188715253552 31.817687961129003
565 118.79857586186314 31.720076634202226
566 118.60073103313336 31.956022403042372
567 118.78906889236713 31.78539702017864
568 118.66023241077232 31.88890592681726
569 119.06681298959396 31.86933408451333
570 119.05596044937947 32.100304061111935
571 118.65346738112846 31.951284671980268
572 118.90931502372739 32.135820800408844
573 118.96273554259638 31.8372665793443
574 118.80502476067653 31.86262157026934
575 118.56016745824162 32.402157191182404
576 119.00766950116713 31.787215934621198
577 118.55752430569052 32.212108056514325
578 118.97423977618152 32.153063995066056
579 118.55986168987972 32.116634545528775
580 118.91621213728352 31.698645966892457
581 118.69424482034277 31.60378906209989
582 118.78127189118922 32.197718509661925
583 119.1913790816973 31.673019093154107
584 119.16153604828575 31.795197681428736
585 118.90330319219245 32.39037688314346
586 118.98448106943802 32.369131665192334
587 119.06779904370285 32.33583596285267
588 119.00249980202241 32.065246736272194
589 118.59059891369432 31.97220371358939
590 118.81938886370301 31.969710918647355
591 119.0861952451622 31.873007432411704
592 119.02157166571183 32.3770994837819
593 118.65817230968239 32.24921477786774
594 119.10023879246184 32.39384550336145
595 118.93243967409617 31.835116249762205
596 118.70400469915755 32.06545536368039
597 118.53957071829917 32.14271576005011
598 119.01731279012094 31.907889859465083
599 118.80382356267059 32.06436823130909
600 119.18382151701243 31.75811087940178
601 118.68142489910271 31.854918108560696
602 118.54892022891626 31.70970574943221
603 118.67003763600187 32.114975150963154
604 118.78638149753712 31.865107147689173
605 118.52412638952993 31.938668972684717
606 118.76862005837624 31.90226046013774
607 118.6712464385192 31.64330390608406
608 119.19293056707438 32.31726401124888
609 118.61989860722922 32.181016124103465
610 119.09790419251985 31.85925548994058
611 118.61629793691293 32.32152796442929
612 118.90681453738989 32.14437438824487
613 118.96109687637828 32.3925751229374
614 118.87715766520064 31.971777994442334
615 119.16288102699899 31.689587335903393
616 118.80425639316034 31.69823092752963
617 118.95503339923121 32.19974435827281
618 119.10876583696123 32.06465482842397
619 118.6650244208795 31.778030694183787
620 118.87752323244257 32.03581540614782
621 119.18607045373808 32.02246435521152
622 119.03065020045923 32.29042848417275
623 118.99651721354826 31.64145425350242
624 118.7728663345539 31.692421688999787
625 119.09827917257728 31.951064999718106
626 119.0875902476319 31.70828342045777
627 118.81061696531906 32.39211812971433
628 118.89537476229464 31.75906186050752
629 118.97821805661549 32.094023032838216
630 119.05019141994677 31.95564091464017
631 118.81527714331723 32.22588163871121
632 118.73662440519954 31.63906666020787
633 118.59551483491185 31.853757597416713
634 119.0059453663292 31.97516035110622
635 119.0268043250231 31.68610851481565
636 118.63400403334751 32.10968344918459
637 119.10401094702773 32.02759004724478
638 118.61091459708848 32.260297194232784
639 119.07501949850084 31.954291693014234
640 118.59033598334281 31.839892945024587
641 118.95304061095882 31.847997905399883
642 118.86384337839687 31.7889267045247
643 118.5987695273702 32.3469661183541
644 119.00106713175818 32.23711130248283
645 119.03927956349855 31.87639989077643
646 119.12366356916304 31.95799343147575
647 118.84216772037581 31.67775428862629
648 118.86518885425124 32.07201212821455
649 118.9571240503746 32.18379781378672
650 119.12889738906212 31.782478854534677
651 118.7679080575021 31.956062979432744
652 118.97879849377155 32.13947399339826
653 118.91839692408114 31.958104506073198
654 118.62558963906314 32.0430614226013
655 118.9747831265161 31.757506242158613
656 119.09146347482246 32.24012513039874
657 118.82768938918413 31.682181972775748
658 119.16963592914344 31.973576844913804
659 118.88537095313679 31.828963605923118
660 119.11696365736785 31.68142401904166
661 119.03227291924762 32.28763554500183
662 118.79189330372289 31.761247021927176
663 118.71780913343714 31.97427479034198
664 118.77333709097896 32.08792966458727
665 118.7457432686264 31.816051241732165
666 118.53523752211086 31.988793297007938
667 118.51378448268575 32.02751281264031
668 118.78243133502843 31.959669117855697
669 118.62894677223187 31.888814485839728
670 119.08759019923723 31.801405816816832
671 119.1770207857082 32.32936622122053
672 118.7002491241814 32.008779420440405
673 119.00226852637677 32.15559564480754
674 118.75887077831769 32.027338519350685
675 119.10548183887657 31.83603958180152
676 118.81226956356969 31.982566989100203
677 119.16057255849292 32.25783322486926
678 118.95988774915998 32.3009359135922
679 118.58207704644836 32.35978210991782
680 118.58850487572498 31.771974472258893
681 118.78691436637996 31.88154614649629
682 118.89988970127064 31.69063898325305
683 118.86807118548656 32.39362541586193
684 119.10764652992495 32.10390516539707
685 118.50140489807004 32.16384182467763
686 118.5808140756555 31.949364547859208
687 118.72144977400202 31.791382829012537
688 119.09932367323722 31.913325784243728
689 118.50734602808845 31.83412654897362
690 118.87766435327757 32.023541785703856
691 118.49746859137542 32.2507079675245
692 118.87886398220991 32.26655312286803
693 118.83584464804694 31.828699572742927
694 118.59457228114566 31.741740991901924
695 118.90873111252155 32.18347375564721
696 118.93446468181531 31.93968873129824
697 118.81352137403914 31.746484489067512
698 119.05375636063494 32.08192909038357
699 118.54011092190932 31.685579086726374
700 118.72320584960133 31.677549639184093
701 118.83620040227295 31.61075893149909
702 118.72900178784346 31.762029148161925
703 118.5862804408404 31.98513406804149
704 118.58514079376393 31.73340439674882
705 119.04255911363938 31.654679080543474
706 118.68552797345161 31.995779051107252
707 118.9656658411316 32.32713734240718
708 119.08932732620272 31.610044606934142
709 118.70364291009678 31.781960894589673
710 118.62769612082421 32.321104904095165
711 118.90068162801943 32.10912332819219
712 119.06408028148816 32.26527560679306
713 118.7512574700007 32.32932407728426
714 119.0854351051494 31.775682423821664
715 119.1889652729387 32.192970020137295
716 118.95495359159321 31.804624894447144
717 119.12313485034386 32.35254605678274
718 118.5676562164583 32.366604497232416
719 118.7680146861834 31.729440578460142
720 119.10338019839656 32.25353555168956
721 119.0109743893935 31.64294242544888
722 118.57302629070783 32.08125621686517
723 118.66704056895888 31.981494461551296
724 118.73123180386011 32.08040171084509
725 118.93871300109329 32.206631085573605
726 119.02270837340481 32.294892176612116
727 118.84100294930388 32.003200241683665
728 118.51954242116308 31.65809255145252
729 119.10858885238825 32.32701890487335
730 119.15110524667634 31.649256958308634
731 118.75173522751341 32.23551272479452
732 119.06277038913167 31.702459981262404
733 118.86533306304501 32.31841784973364
734 118.83213712627563 32.10845273164192
735 119.15451341552583 31.844706976328165
736 118.50510699140868 32.29214877054476
737 118.79304202474339 31.745120750867507
738 118.66163025581959 31.771143220143255
739 118.8297475153717 31.858703502614738
740 118.82538606070491 31.927453528474945
741 118.63508130101303 31.77812780043742
742 118.90185203914038 32.3305345648498
743 118.77425704878424 31.95175840919998
744 119.1570451526406 32.35665013274756
745 119.1533535740501 31.805995704752302
746 118.7633132792896 31.974760897207073
747 119.02717354452587 32.24045918322361
748 118.9348768219486 32.39320278269863
749 118.7670017461248 31.961836957285865
750 118.6790650103104 31.97504103110488
751 119.1441563260119 32.35332527661763
752 118.6369980732536 31.94622788523588
753 119.05089833531052 31.948552916440473
754 119.02965145439036 32.36489578308233
755 118.6455029772042 31.993142851933513
756 118.76039019870525 31.706655756624187
757 118.8106601997483 32.35539079395116
758 118.8482766491709 31.99850884488299
759 118.91763380880509 31.886899470201293
760 118.74560137713841 32.31951348238372
761 118.91673264518927 31.611950794625187
762 118.80579977693279 32.36199490642075
763 119.16589232477959 31.664904878924837
764 118.9840932522718 31.661507485159845
765 118.86510065434919 32.34640276810005
766 118.89810299630791 31.978752682991697
767 118.57946795041028 31.745460435849377
768 118.69134761511721 32.38250379257958
769 118.99265495487661 31.866051552018305
770 119.19135038407107 32.34908626200061
771 118.72026073941173 31.968560717488185
772 119.20002645765953 31.896145915595486
773 118.7496550139925 32.05930699095236
774 118.8113123446221 32.330484578367866
775 119.1826499230526 32.38090253898
776 119.08040810078036 32.150977633528896
777 118.87192726980447 31.891756061813826
778 119.18650834983688 32.290432131495066
779 119.19280594346488 32.33931891432378
780 118.60872232190715 32.03138988896349
781 119.04806373590914 32.171605321236335
782 118.69188934139073 32.29730917726991
783 118.70970968523706 32.14808975657083
784 118.80466434218884 32.115497033298
785 118.83231525852268 31.91267357589399
786 118.598099743711 32.08156992424089
787 119.03634021771013 31.79314067095174
788 118.51872399678639 31.703671039366988
789 119.17225660452175 31.806085126995555
790 118.68144802598401 31.958760281978194
791 118.99713931568097 31.8737909763172
792 118.87677999614478 32.16093135400467
793 119.08048373784192 31.902394305385865
794 118.63893250669202 32.00370305695391
795 118.51660978734218 31.83148457877508
796 118.62036160799497 31.67005777045786
797 118.98017626861605 32.17170408913252
798 119.06922281213083 31.77674702968155
799 118.61121231760858 31.972818057651253
800 118.9058521140434 32.07415693910064
801 118.53935938362865 32.137150778460494
802 119.07700311333654 31.93557102517822
803 118.56201172421918 31.82302217518845
804 118.625731210497 32.313582351392355
805 118.9515409280719 32.120044681009475
806 118.82234743519119 31.80221411007591
807 118.69272021539545 32.21873115575312
808 119.16270884108161 32.0275105900221
809 118.88671454743034 31.934000638148287
810 118.6136409325147 31.679266896688418
811 118.79056520391302 31.77962189189573
812 118.99485193283282 31.68586926880423
813 118.8185441295613 32.15227350283094
814 118.5749737483667 32.19788676807785
815 118.61745964007827 31.952600432111723
816 118.67434442835525 31.644158851634003
817 118.88219948732927 31.734291589867208
818 118.9474690781087 32.35644750607785
819 118.83549543800896 32.314953944105426
820 118.64612888145139 31.918872327127836
821 118.74049742953 31.7075304153279
822 119.10853968009722 31.958855601226166
823 118.67001566431405 31.94878699826092
824 118.96090968212337 31.61609667259153
825 118.76463278049307 32.17384711721261
826 119.17295069804892 32.12476967749457
827 118.50236768167565 32.06735774799177
828 118.71927778285924 32.24735177666005
829 119.03051302355207 32.25573971188704
830 118.52225809172701 31.768546322196954
831 118.77164571393055 31.654840117129396
832 119.16301482855891 31.89375016540024
833 118.96644845245626 32.304069079759174
834 118.58109987137077 32.22127927603518
835 118.56357725743538 31.80167553547234
836 119.16489942573996 32.18937311955009
837 119.15036789700886 32.054693286871334
838 118.61821358300064 31.821284220458182
839 119.10675565915756 32.17678933167036
840 119.02755620109681 31.827656856344174
841 118.77724967814892 31.873803521348975
842 118.66685972499099 31.76136508581126
843 118.59166456858391 32.04714536544655
844 118.63751665454716 31.96377124700002
845 118.86350960682509 32.106662687000075
846 118.51892350467779 31.61051764800121
847 118.94482303410851 31.921603448128188
848 118.92521083125067 31.632508731884712
849 118.94441674040348 31.845403364786574
850 119.07686333525591 31.66863352056457
851 118.53977964541042 32.03380257633877
852 119.18115410112125 32.33795488799517
853 118.84926322142661 32.282312564734525
854 118.83362331652367 31.994183609987765
855 118.61408180911612 31.87479405378158
856 118.9599813455553 31.610650163586374
857 119.1063797344751 32.12131417647227
858 118.55259668875479 31.85612956959816
859 118.71974186332298 31.912054779546054
860 119.04169773023366 32.098254078708635
861 118.52479828511342 31.74956352392114
862 118.90470648770246 32.04326939025943
863 118.65973082114206 31.962304554698857
864 118.8705330307307 31.901629848084422
865 118.59861307347246 32.26650546794585
866 118.75002236363308 32.185006486518866
867 118.75072753219618 31.725060820647638
868 118.77924918154838 32.33172715265434
869 119.18038813787372 31.59909238329453
870 118.5954718924571 31.795437271908714
871 118.68892118999852 31.71204944501661
872 118.9765712024893 31.872182746401727
873 118.74779782964822 31.71775646343781
874 119.14070952058752 31.82468595398961
875 118.76082237121764 31.91655564816833
876 119.17337360667925 31.97713992479233
877 118.62959351052193 31.81632250828155
878 118.82314684592544 31.65734801552394
879 118.87088952197473 32.031378611022454
880 118.90379060138461 32.10215952041973
881 118.77784094084053 32.12378783245917
882 118.87315673428755 31.622447563934365
883 118.66497865412869 31.687910536063374
884 118.67571853564466 32.12920406347067
885 118.5527917098818 31.683516699328564
886 118.87722745826875 31.65663710875805
887 118.83898614368198 31.95842219967936
888 119.18269510752454 31.898780955428432
889 119.04842742451964 32.140426008217936
890 118.98622841738552 31.63495254991519
891 118.69882223880649 31.782795739041717
892 118.65469044526175 31.830105404887227
893 118.98274818328596 31.863947197625254
894 118.65334017941136 31.60764687863754
895 118.54858273349095 32.0439522933029
896 118.73041300473426 31.612377849002726
897 118.88375426779017 31.836949788927562
898 118.63557334652886 32.331547576428314
899 118.5830167175806 31.7272075424753
900 119.1059995748139 32.106665139231964
901 118.82020886864092 31.96559506520521
902 118.50481045542584 32.33806652967577
903 118.67220539197754 31.946524940305284
904 118.5308739132721 31.761465718450513
905 118.6770927536638 32.39253847788379
906 118.79732397273433 32.17948418833452
907 118.60399441633929 31.708007825610125
908 119.15483246505471 32.02199051358175
909 118.82793335362231 31.842721035276853
910 119.10478398095792 32.30069432962783
911 119.07698172688848 31.727254008458782
912 118.58512659978143 32.11745801670522
913 118.5632962505594 32.36394229983412
914 118.89753989847993 32.328811848569856
915 118.5182365200318 32.3225493772962
916 119.05027297255955 32.12895583940434
917 118.72980117357905 31.843807439428648
918 119.00216882771952 31.660621828268248
919 118.63588496480673 31.737833891287522
920 118.72099884117264 32.31129086865631
921 118.95085538808195 32.16551814396525
922 118.65642703544744 31.68251119655215
923 118.64318632266375 32.37638055272399
924 118.74562644881122 32.00362554993189
925 118.50893194825728 31.738836211690913
926 118.99060676233344 31.98050979751285
927 118.58172476537406 31.922025595522964
928 118.66551456208 31.76850439206536
929 118.53741730455329 32.107350478212744
930 118.80961036389112 32.02319794242877
931 118.68484486182328 31.813356896891943
932 118.86371251022324 32.23504544306871
933 118.97320294600283 32.03475480915476
934 118.63891220386849 31.871987365981425
935 118.7309631483503 31.726307918751274
936 118.88905576169537 32.001121711213244
937 118.66737973506059 31.720534779115354
938 119.14213464781687 32.33200165906968
939 118.52856096104107 31.999872466195857
940 118.60199445569353 32.32659784703036
941 118.71340663171686 31.85737359553588
942 118.97641232246907 31.96636964372644
943 118.564641344939 32.014383475341766
944 119.12592262554244 32.31675227947829
945 119.12967033624959 31.703066231861214
946 118.95534074651034 31.919459939533546
947 118.76267146670429 31.66700799366696
948 118.69545218912167 32.328805867115854
949 118.74480770563596 32.25387225066007
950 119.11478970445945 31.920593234783034
951 118.8735677584297 32.13332714483674
952 119.1534406014924 32.03693252007303
953 118.84821718996395 32.08856568860816
954 118.64613141019447 32.27832166577774
955 118.5668372571415 32.38895235014352
956 118.97192369380538 31.665270205954865
957 118.70625801493944 32.05445880230308
958 118.94472245429773 32.321327953151155
959 119.1504222619651 31.91247425607255
960 118.50940285393344 31.801749904687593
961 118.53821865589492 31.700843681157348
962 118.73791799078737 32.10268034813662
963 118.71670432556817 31.774923672073328
964 118.7704580079349 31.905848933134173
965 118.80559589291431 31.917882310131358
966 118.79004363451887 32.102468153483876
967 118.56586343688112 32.364791907904674
968 118.72995726538782 32.38992587583026
969 118.58133099049638 31.841074225846764
970 118.64193484812061 31.81319842114876
971 118.91190187733132 32.17485019143393
972 118.53782695170948 32.15273938410305
973 118.70151917838724 31.818281887406222
974 118.9195855557787 32.35931624702004
975 118.68673734392824 32.24509038241103
976 118.86493997598438 31.757102267122104
977 118.80835681807788 32.00180706930733
978 118.93141164813525 31.674379499898787
979 119.09174448170572 32.01214994032983
980 118.69937880691334 32.05307276965025
981 119.12150991699117 31.74490715978012
982 118.95521421385897 31.667776162621777
983 118.7880520441402 31.746156067229915
984 119.05800212498673 31.990334716324494
985 118.80029928690385 31.64651960079483
986 118.96478289743575 31.740799443768143
987 119.1136160840477 31.753714113052368
988 118.71996420657409 31.942928050053347
989 118.82768552503265 32.02999473724013
990 118.7808513374266 31.88921065092685
991 118.58074363724664 32.119647440864405
992 118.57901226256247 32.34226028085051
993 118.5731991369688 31.78847949168575
994 119.11277068244749 32.39266153005614
995 119.1233817319275 31.868689056608922
996 118.73764915452665 32.08083398005593
997 119.11848914300288 31.878594215607126
998 119.15926546427515 32.14262425173432
999 119.03509403223843 32.28123851070571
1000 118.66215548071126 32.23868406994035
