1 118.94374902238033 31.9508999612154
2 118.9006970332021 31.618231026765738
3 118.61086094451417 32.033498678076164
4 119.07524845334692 31.963760482300263
5 119.18139710006047 31.943396531040342
6 118.95801567076927 31.866415217648886
7 118.90086860614345 31.75725810440569
8 118.60530932413026 32.08011911891173
9 118.6871410318362 31.839001295659685
10 118.76655699851565 31.809037669379595
11 118.63651795167367 32.09311857631397
12 119.19939561693515 32.02771856995918
13 119.142745084984 31.711554771678365
14 118.75444813711971 32.01273203369555
15 118.60652901791792 31.74478566771314
16 118.77711503188846 32.22741968613248
17 118.61755134167431 32.29303467356457
18 118.8779155933717 31.99594443145245
19 118.64371799760755 32.289336850973896
20 118.54747323111143 31.651250000239813
21 118.93004671969264 32.00270704468263
22 118.75958541393005 31.649468894030438
23 118.9753160479318 31.94626838292654
24 118.87013630493462 31.668161900647796
25 118.93996351159714 31.69749538309981
26 118.72245757486412 32.07704033933475
27 118.89540958422309 31.783667253164698
28 118.83645134562899 31.677437691751205
29 118.90960603329523 31.773302268290944
30 118.5089659173639 31.872023098134118
31 119.17522328966794 31.958161532655375
32 118.6733249435727 31.755540921802854
33 118.5588788801867 32.10577579354535
34 118.70372266377997 31.985905994517847
35 118.98670616062559 32.010849307249806
36 119.14601620653822 31.89868769087891
37 119.09475010456148 32.23854106043154
38 118.71788121193514 32.060164333926906
39 119.09058273730322 31.723970081835986
40 118.54527655981406 32.16278039795615
41 118.55967031853865 32.37237999012984
42 118.62599147842617 32.01000026806459
43 119.04850567596219 32.30591880124428
44 119.01503624806303 31.87780359113173
45 118.58896825560171 32.05330123929901
46 118.99280607627352 31.94154205964793
47 119.03264754868209 31.94954964702247
48 118.61081190530729 32.23570575744542
49 118.9598108604072 32.02791711266502
50 118.774277704833 32.36620411360991
51 118.54667774518687 32.04667816249473
52 118.86639485428546 31.674141396188716
53 118.83402124806366 31.89315566216753
54 119.10078021462873 32.27111235027443
55 118.9093616800979 31.92964793409387
56 119.09560193021545 31.627267669635636
57 118.82983438159322 31.8065270706003
58 119.00018175879275 31.641080761100056
59 119.17916555143596 32.377013858287086
60 118.51086806469209 32.383167109915746
61 118.80501136067409 32.24232809035661
62 118.80254591919999 32.090550303003766
63 119.03858336373005 32.205187712808836
64 118.51538621904993 31.7391664959337
65 118.89258775444387 31.831613211779917
66 118.68215882835565 32.01629455601844
67 118.8291478415531 31.89169561062477
68 118.99251767070557 31.643049444551828
69 118.93542274654286 32.37474803857551
70 118.66155405535872 31.968204751881977
71 118.64036433906034 32.00573508880815
72 119.0878127090113 31.866896739733235
73 118.8473372275857 31.815680985443027
74 119.16985679895355 31.897073924411384
75 118.95840925549469 32.265706549593375
76 118.6621232776935 32.2023510628854
77 118.60955428020601 31.895333110261614
78 118.72367333038252 31.61526234041607
79 119.02671881854192 32.24049391788902
80 118.82487989720185 31.810142230744795
81 118.90019952832381 32.07067011129502
82 118.91178617980691 31.607702444903424
83 118.63101151161231 32.12443916130771
84 118.73655760220866 31.90937694044833
85 118.70747099381028 31.99432794892492
86 119.14384843611028 31.930609796781624
87 118.5197667381572 31.878246909946117
88 119.1728593246522 32.037699054660564
89 118.59777210370423 32.37847674612369
90 118.86998851060693 31.69668996501048
91 118.6970068025167 31.860004486231897
92 118.7153791778671 31.624121661138002
93 119.03282933382775 32.19932579829134
94 118.99179329070552 32.12783478974514
95 119.0392239320886 31.782737464812858
96 118.63010492786152 31.922491269091772
97 118.64189612999716 32.12949626244578
98 119.02331390851043 32.1301496693531
99 118.5853746140801 31.739455812527172
100 119.11457055367096 32.29796708662133
101 119.13351988517543 32.22501194578607
102 118.85159875069454 31.70296464408756
103 118.98171049819452 32.299398689091596
104 118.72819696995461 32.19369422484531
105 118.95080057974697 32.23522224796806
106 118.52387305850348 32.02675445032699
107 118.67067130698499 31.779570188358825
108 118.80538536908892 32.3257279735614
109 118.85150811893693 32.07679736802273
110 119.18925482688911 31.866540789334948
111 119.20642742360941 31.815527382067206
112 118.58679977846889 32.31746248087764
113 118.6940822537321 31.94825520270937
114 118.55365881059295 32.03883931316384
115 118.73045078228716 32.09510029418693
116 119.1654716074036 32.26412204875563
117 118.90651826565046 32.09076684690555
118 118.52847817150486 31.745872388438208
119 118.86590133209792 32.07227136743363
120 119.16248054640332 31.998103599997737
121 119.18861224715619 32.05174360048724
122 119.14261138911556 32.161749796488955
123 119.03492121258586 31.795146043470023
124 118.67082503606164 31.760752312512526
125 119.12144289195626 31.690344986042668
126 118.72295850437652 31.825077914278758
127 119.11387251779404 31.60669182176737
128 118.52601892004043 32.093320066074966
129 118.53740299054078 31.83019490931859
130 119.05975378282676 31.756416174444663
131 118.56899130777272 31.67244207609059
132 118.79476081566203 31.824272588504673
133 118.73693520430976 31.76578212908959
134 118.68582104370817 31.838240043450686
135 118.75559590127976 31.97021156448525
136 118.83292459127584 32.04910718793889
137 119.10199340217049 32.27317137540876
138 118.93707059300348 32.38752147265257
139 119.13882797456998 31.630984348575193
140 119.0901171361418 31.794151732893255
141 118.59741966655166 32.11490995753211
142 118.79010974829127 31.73933795922982
143 118.87400780677342 32.296879394761646
144 118.67748799174403 31.765769823737173
145 118.88824589645094 32.1853963771571
146 119.18023799474504 32.119060123954455
147 118.64769136101205 32.22996755467658
148 119.03994074093757 31.632566441811186
149 119.20240740041554 31.791486711079916
150 118.68037487567517 32.16762675905115
151 119.103087966327 31.681092592883747
152 118.6252128603368 31.625345581065048
153 119.15375776507642 31.88478425785472
154 118.71021401555825 32.07564262388799
155 118.68911350925059 31.638552809357524
156 119.13348578878148 31.65149316757832
157 118.69696255022674 31.636704709949313
158 118.65483443275313 31.930165593778373
159 118.71791251299696 32.14346501163789
160 118.97638531846226 31.763022116487267
161 118.51569591307397 32.293680376927256
162 118.61117088845047 31.952029959429016
163 118.58171272113452 32.102512681333195
164 118.86282501523903 31.837680886631716
165 118.53147995770541 32.09043698953554
166 119.14712483551835 32.373536551540845
167 118.83169959307655 31.961166702792777
168 118.92762642052602 31.778987604860546
169 118.65254409918478 31.937583580768386
170 118.98376221996132 31.95068264353844
171 118.51825502402006 32.017819415559295
172 118.56601151267942 32.01412057700669
173 119.12457309866143 31.62585702732011
174 118.64225094010882 31.727300445416855
175 118.83835018203779 31.956759857410383
176 118.86904270898732 32.17404681396292
177 118.62613618966199 32.235364815236984
178 118.90290773730437 32.21589358721604
179 118.69006777631 32.01845370228814
180 118.965395359128 32.36901133840671
181 118.68834104841163 31.861483691444633
182 118.79803520981476 31.980462647784734
183 118.84623840033666 32.19314611729127
184 118.51059152941802 32.278422874027875
185 118.56782334448972 31.91997268138312
186 118.54462121324 32.28268706902737
187 118.81145829876405 31.955133956073055
188 118.88114943528696 32.17346056494723
189 119.1807832435152 31.61557577358136
190 118.74601242613423 31.60900451549335
191 118.62698544308245 32.342990157879115
192 119.17352851974994 31.681104491053652
193 118.8754288218283 32.13245859159101
194 119.16861084380339 31.82633914093725
195 118.74260161766604 31.767581866115748
196 118.5548343050989 31.90954834611547
197 118.81131877603963 32.34317836737124
198 119.19344339875477 32.05226579879394
199 118.54916319258695 32.333574349363424
200 118.84022933412665 32.16738203344945
201 119.09032756888391 31.98688570074146
202 118.64174318584028 32.00336115676868
203 119.05503876076158 31.773562718833478
204 118.55149830578056 31.600903035108473
205 118.72762403157094 31.933685144444702
206 118.63295468045284 32.039170683621585
207 119.17864616854713 32.300931923812215
208 118.93504035087994 32.12752028641673
209 118.69954805836647 32.27197748523309
210 119.14232010527354 32.33496491281567
211 118.89383979567798 32.34864885044621
212 118.75791308242272 32.25522697535238
213 118.98904824799197 31.713014618728035
214 118.96917635022254 31.878535635378835
215 119.18028289208132 31.752130502595364
216 118.53769878485433 32.293386717015
217 119.11139883123163 32.22588973379127
218 118.95933474078953 31.883808611477733
219 118.60378440069509 32.0550707462731
220 118.7695950162473 32.243604146937585
221 118.52896895817547 32.28116776384828
222 119.0958162116944 31.774883129960134
223 118.5863439902622 32.18879956663699
224 118.65194307314924 32.246057549647695
225 119.00290105665613 31.63108230602101
226 119.03409771993466 31.681277926543817
227 118.6769379339328 31.939332328619766
228 118.61499882952079 31.76126455632653
229 118.51914661453509 32.303313009679805
230 118.54115091540287 32.1782096249971
231 119.12059491191212 32.17504136680039
232 118.63920745721862 32.22743410191923
233 118.77992745834041 31.861104552597627
234 119.04422191217466 31.79606008121694
235 119.18427834966636 32.08271539306125
236 119.11536303238636 31.929389237393003
237 119.13085057909242 32.33861791288587
238 119.08301239361099 32.118584261347515
239 118.74227852850453 31.902359796171897
240 118.94864603662508 32.28333421756058
241 119.00469253082375 31.917632938280242
242 118.79327883222321 31.73904571883816
243 118.92959322224436 32.228247599772146
244 119.17420862001629 31.979052742510884
245 118.71869594791976 31.80759747687116
246 119.14711327101756 32.15640690503174
247 119.18915107940502 32.39687778178806
248 118.90470703953052 31.797857321784974
249 119.13552279807911 32.23531443223367
250 119.01946164486326 32.20450522317087
251 118.99833438506354 31.685571657906472
252 118.57613342935 32.270657464132135
253 119.01517383905097 31.965160641387968
254 118.61719604716356 31.693972309886636
255 119.02406999655804 32.040740960562964
256 118.52871500996305 31.845349743440106
257 119.11578775335119 31.721018272155547
258 118.62804726142491 31.655980300335088
259 119.09102827620485 31.748493204677825
260 119.11844449195026 31.945306740249062
261 118.57618165622304 32.11436287842402
262 118.57340347279573 31.670064376755874
263 119.17294700530532 32.16984493457706
264 119.18778250357953 31.6792998499305
265 118.54850703369246 31.741283969114075
266 118.92693963416514 32.179261510717716
267 118.76235191549212 32.295104144470805
268 118.536702904247 32.373725013871656
269 119.09677688783822 32.13088155570955
270 118.9681701541885 31.980074104389217
271 118.54316423208311 31.681209920065864
272 118.82187677097977 32.04332737300095
273 118.78163022022376 31.746005155594002
274 119.19460978974168 32.012857680039964
275 119.18500913855567 32.08501975495476
276 118.66346705912748 32.273316849472764
277 119.03364388826694 31.850249224643242
278 118.96114867897451 32.38431073103508
279 118.8061538334387 32.377835893534474
280 118.89635341574143 32.2676852240306
281 118.77495002291317 32.16078237510498
282 118.53740802429326 32.17760852657491
283 119.03559849099499 32.313224781460264
284 119.06349926519621 32.35956011361827
285 119.16092956667853 32.26950706228105
286 118.86598534198278 32.11130382110204
287 118.55319900249214 31.666120085292892
288 119.156794568474 32.104760374728706
289 118.68948533036375 31.88886480323182
290 118.5888128867823 31.715003174687773
291 118.6029082386267 32.317799172945556
292 118.90819966347388 32.26360218668407
293 118.75850818959233 32.00808139509826
294 118.97939989804384 31.96910565774824
295 118.54574708852402 31.99551276377782
296 118.51225410934249 31.80374654347724
297 119.17271154886649 31.916501623354833
298 118.55913075316276 31.943108053488757
299 118.73246255156484 31.609611209923703
300 118.51409031161725 32.315058180846684
301 119.12656716272943 31.629814541770237
302 119.09100007957657 31.903351190473728
303 118.90286800945105 31.68492047763295
304 118.61218000427533 31.7618979345278
305 119.0538671132622 32.35797198814058
306 118.54080763733461 31.890912735715368
307 118.81836570414596 32.18807486654665
308 118.72977312605985 31.69528156969275
309 119.20624213511981 31.792262110977294
310 119.1822532451574 32.30195102499137
311 119.08563160349453 32.31802348423341
312 118.81396986193364 31.821713205486613
313 118.85121077099917 32.37215473372302
314 118.88461110041295 32.1336542174147
315 118.8902845736182 32.00264605739843
316 118.61514757488577 31.888686098911055
317 118.66039590269325 31.880398251910478
318 119.00136140176319 32.359885026880875
319 119.0838352197894 32.15615775129912
320 119.1684279204045 32.01586255568899
321 119.02137067885145 31.631894532694538
322 118.89964859249469 31.800459380005815
323 118.56282381180121 32.34821120588792
324 118.56119288389831 32.03537474995502
325 118.61062804687181 31.889718302018903
326 118.98686510002351 31.618620969015335
327 118.69296503750184 31.80339814455629
328 118.78565887216357 31.801855811403133
329 118.60976016040792 31.748610929659602
330 118.65469970755149 31.882471270272713
331 118.77216004100008 31.75226858848137
332 118.94783455108735 31.656558074107902
333 119.2013404740522 31.68239292624313
334 118.58474066003922 31.995893601175975
335 118.71376772767698 31.65216397309219
336 119.19015663742871 32.34696231851161
337 119.10688170129023 31.76018264871878
338 119.17430218827229 31.982070582444273
339 118.86094106617814 31.92561366369734
340 118.65923840261402 31.840946733283445
341 118.65635092370754 31.8569593202085
342 119.0682031352572 31.78034895285219
343 119.16286628386852 31.825197586831774
344 118.9353784776291 31.683514802499452
345 118.96738632513456 32.148670590881814
346 119.12119605770853 32.10621647134774
347 118.67974617066652 31.857395230422494
348 118.91229791855727 32.31571329230529
349 118.89367640262356 31.901888977835675
350 119.14508115791632 32.092495830059285
351 118.72801673047309 31.998870325779386
352 118.59750626881804 31.86659462754726
353 118.57182609053135 32.33924311688554
354 118.69391949931705 32.27604169035725
355 118.55511040229847 32.274937401287474
356 118.72629232826348 32.3662021251254
357 118.90297587465858 31.610648970083513
358 118.81189984816778 31.98283964896041
359 118.94658010525282 32.35861742901936
360 118.86490075536452 31.70146950430551
361 119.03330518578998 31.79908875675838
362 118.81996553739782 31.999860521626953
363 119.0385921615328 32.12816458616661
364 118.82448756819858 31.864194961547724
365 119.01100500658522 31.834113115933942
366 119.0315111030171 32.22663444486255
367 119.08963349302863 31.61009001057639
368 118.61762199843403 32.23138781670272
369 119.00825672924884 31.94125768878978
370 118.50136310337017 32.10203629577922
371 118.78482784386372 32.16546224854982
372 118.90496134073821 31.6908523019626
373 118.52761928400895 32.323706017246295
374 118.52540843431004 32.254264982969296
375 118.65101401040137 31.894380252870516
376 118.76673394883211 31.742138718846284
377 118.99148308254736 31.656403435421492
378 118.631836149139 31.83393591219114
379 118.7786409229304 32.17808285948148
380 119.13311010571985 32.263916785135244
381 118.73966053180055 31.859496325669397
382 119.03605630901929 31.77626665856285
383 118.91665053876692 31.857428556064093
384 118.53870045552961 32.376204272216846
385 119.18036109785899 31.681820814479504
386 118.57868190225557 31.74006688478826
387 118.74968364567522 32.1532031607055
388 119.17555092595532 31.714957175577943
389 118.67292530629781 31.806700410530553
390 119.15946328266762 32.245441910410364
391 118.97081976369624 31.84043438318836
392 118.6239262066024 32.07190699778
393 118.59258119453162 32.04497918482542
394 119.18186364082304 31.816399470527266
395 118.8201224994787 31.799915499834253
396 119.01887068218491 31.819655937387378
397 118.59280464122686 32.297666572754416
398 118.85814217923961 31.618366404764117
399 118.5621613363484 31.687232768219836
400 118.83496496879053 31.877418405671644
401 118.49886356389645 31.777850734267492
402 118.51772927205506 32.048735701131534
403 119.14130346899707 32.03159624757604
404 119.10893314427527 31.993273186222726
405 119.02949228943756 31.839904515126012
406 118.85666341104591 32.01182639818269
407 118.62901428334064 32.21696667813792
408 118.99881172543492 32.23926007130056
409 118.6600448797467 32.038303042474794
410 118.52773362145207 32.248427649484576
411 118.72862483066206 31.650185798808536
412 118.90897239819962 31.734826035242147
413 118.91750736798208 32.19332492624253
414 119.07695228438428 31.907727036137693
415 118.77590880575733 31.85620533340597
416 118.5999395796291 32.06686295955089
417 118.53002813938407 31.90850358874032
418 118.63843819933341 32.33407603396627
419 119.15116489357358 31.916373540748598
420 118.5165884433283 32.26342628701071
421 118.9483805105037 32.07977844559164
422 118.81226673276132 32.319245938916495
423 118.63258096333831 31.985206167282797
424 118.9917618727198 32.37320605107506
425 118.9135659073464 32.052971268687244
426 118.54698479928786 31.633647911757283
427 118.97520222545737 32.183721368640214
428 118.54081337368183 32.29264480583362
429 118.65029614577318 31.683681766068833
430 118.89766354448227 32.35394288606523
431 119.01495440028893 32.05566180758376
432 118.89581832709042 32.190651249608756
433 119.12779513932232 31.767989954730535
434 118.99162364723672 32.34050716544344
435 119.16962316164509 32.11770969610993
436 118.68764076501242 32.032429362646724
437 119.18707667156411 32.37460773732909
438 118.6472479625498 32.05382790253084
439 118.61836174690522 32.01394959375015
440 118.62277293942248 31.645755846699032
441 118.58203135077034 32.045590204393775
442 118.93753759559009 32.19337933598928
443 118.50320277983857 31.884122352306033
444 119.07754297729547 32.143262485155795
445 118.93252836299801 32.04943077683312
446 118.70111864953803 31.77122903898576
447 119.12834614661102 32.040730447906746
448 119.09875481673534 31.984636555489605
449 118.94210458237917 31.870344307685585
450 118.55466974657236 32.13167112594402
451 119.18412086838137 31.656286319688878
452 118.9198937419836 31.888088302943814
453 119.12621775726157 31.94206273779895
454 118.60561132263526 32.388404754956234
455 118.52904205449803 32.16702642493081
456 118.71381272680615 32.09559024515418
457 119.05575056611775 31.717944889272413
458 119.06476977987019 31.95569828523724
459 119.11838894624803 31.899358596187756
460 118.73659689955157 32.35481130068876
461 119.06476287325539 31.961324912287807
462 118.60250309993403 32.29064369356752
463 118.87960257785501 32.117635706082226
464 118.53519294826327 32.292896886148725
465 118.98992766772588 31.607153250817294
466 118.74267971589215 32.34705068159241
467 118.57601587573443 32.36350013766627
468 118.9506756774577 31.71977769264851
469 118.78330826232188 31.650314142124024
470 118.71292056860271 31.857933564016342
471 118.74627585609902 32.06475312770837
472 119.04153386107735 32.022391878258105
473 118.79183461013464 31.953300450009017
474 119.12232895349693 32.328677458443146
475 118.6019834201645 32.058210953949434
476 118.77385325520446 32.34087225255605
477 119.10984660217076 32.05209808946738
478 118.9160527691393 31.742104274801136
479 119.00479342948381 32.38380312395178
480 119.08860969859289 32.387296938219116
481 118.86250477745553 31.957417123084074
482 118.59764234961018 32.204057003155285
483 118.71744442817518 32.1140481259023
484 118.66447532818775 31.74557048631695
485 118.61144820976803 32.05912164968945
486 118.91698900449553 32.119293600346325
487 118.65146738787581 32.07865283263209
488 119.08723441063326 32.03235404602006
489 118.82086997366119 32.0685685433284
490 119.06366596300575 32.168272898777616
491 119.08244239516038 32.215861745967544
492 118.97617139006218 31.68272233188682
493 119.0631758285824 32.32667581045098
494 119.06423014250544 31.964658381471303
495 118.90605293667153 32.160040714665044
496 118.74136939158618 31.912239063863968
497 118.7942300654076 31.64318885464211
498 118.71414976252022 32.12899031936249
499 118.82661918739964 31.898524512962307
500 118.77624300191115 32.044912324711696
501 118.73088265910643 31.80668973041114
502 118.5742060331542 31.766171429144364
503 118.77805452376438 31.82158615743002
504 118.59196899887725 32.284104687315384
505 118.75004358416898 32.333510235286305
506 118.57712344307795 32.374033173122335
507 118.76186556072417 31.9423873448762
508 118.87947507854402 32.22556149106344
509 118.54398144715225 31.73488670028648
510 118.67358636148643 32.19023285436046
511 118.79988542159472 31.94332564238521
512 118.68619258492367 32.2727974268589
513 118.89572279674863 31.754232801194703
514 119.07121334198071 32.247032492063255
515 119.0518776537115 31.66392067274954
516 118.6683912418675 32.29132590320241
517 118.638449235082 31.936006951424282
518 118.89331545482364 31.70734476345577
519 118.76339063578237 31.831136279611428
520 118.53384914105527 32.17756672767289
521 118.66089493925455 31.95469664202579
522 119.17323301225741 31.78763129317473
523 119.16444780574173 31.794575036726037
524 118.74965650457818 32.15153650555106
525 118.53609329562549 32.11104857911952
526 119.07094167551493 31.64984312686338
527 118.69282823997159 32.25818735353147
528 118.53916836241156 31.70803934044438
529 118.66864496242557 31.790000588475138
530 118.59694347897366 31.6158306986798
531 119.12232249118772 32.017169789890175
532 118.63005839549079 32.27594899933283
533 119.03730173646902 32.33233980646554
534 118.59928590677889 31.96336195348784
535 118.55444921611408 31.67686247562788
536 118.76529975926677 31.991641010388538
537 118.93070774937381 31.832975060386737
538 118.86818536569515 31.848149162547923
539 119.0746302969465 31.78715723598383
540 118.79653135705422 32.358575320485265
541 118.93413848649759 31.914083058661234
542 118.53232280002038 31.60178852453452
543 119.02122136064328 31.998771963685027
544 118.97998058963145 32.15393108166538
545 119.06065975995166 32.2505730449379
546 118.57104850405437 32.20102477985988
547 118.81773223450627 32.1562612118344
548 118.9609340320912 31.75815338577127
549 118.49819953901056 31.875049598658258
550 119.10166566470743 31.967512242567267
551 119.06630749947892 31.730741962368658
552 118.86318196003693 31.936479556419563
553 118.74582733310798 31.68123852541341
554 118.99911240577845 31.661831000001705
555 119.11730671863415 32.2597713907747
556 118.84712070801848 31.73426288248463
557 119.11431563808597 31.973908005988385
558 118.61531955251776 32.09937158948287
559 118.72290848158234 32.359320124272855
560 118.99425543041691 31.851230220717927
561 118.75499681869658 31.75724899026533
562 118.85493720841045 32.30383950631422
563 118.96071999146798 31.84941994831116
564 118.91415828078412 31.811640905301367
565 118.80989153923193 31.71649488067138
566 118.60132867048144 31.962941107482916
567 118.78555200870966 31.779610099102612
568 118.65596043032585 31.887317396547314
569 119.0521405402714 31.866336232947752
570 119.05708674650836 32.09818319551446
571 118.65049668751954 31.951129940026746
572 118.90690540998524 32.13914583264226
573 118.97214274838957 31.840925374376315
574 118.81026315904143 31.868177338902413
575 118.56149059162566 32.39630361593384
576 119.00564019399778 31.796226467585985
577 118.54564605066982 32.21258721594582
578 118.96673359841911 32.159941772942204
579 118.56402832497542 32.11163492918667
580 118.92629707359318 31.692542361304458
581 118.69129711635696 31.600579377895485
582 118.78370351893307 32.20155182876263
583 119.18627933466621 31.673640308686956
584 119.15669016576716 31.79638709153521
585 118.9002696299196 32.39012972206353
586 118.97760505895286 32.37180364256612
587 119.05865713467655 32.34086772679255
588 119.00034016233256 32.06368058275113
589 118.58623180404616 31.981184118338614
590 118.80839932654783 31.962237863293485
591 119.0828892032818 31.86643558563591
592 119.02790917300948 32.36188270965293
593 118.64211188449819 32.25315936397994
594 119.09444536134549 32.40524207598664
595 118.92759400358888 31.839416636957253
596 118.70253388563027 32.07052974360825
597 118.5297613400698 32.14283187687076
598 119.02290995215878 31.902428917132987
599 118.803275754374 32.05827092712228
600 119.1823703605061 31.74743200992279
601 118.67494799210259 31.85691206912523
602 118.55317767652838 31.71904234754208
603 118.66724570141307 32.113024952115545
604 118.78681342240897 31.86924972988646
605 118.52057758697914 31.93394131457865
606 118.76304689140869 31.893693074014877
607 118.67199980487266 31.649922836972504
608 119.19909386192253 32.31626646043976
609 118.6225985596763 32.178136782607325
610 119.09871931935494 31.85177553723848
611 118.60516543111683 32.30986084575097
612 118.91052659247157 32.143703648637505
613 118.95926680228226 32.39485013619701
614 118.8827819987977 31.985593381491693
615 119.16644275486603 31.68922504020303
616 118.80304771257215 31.696275310924936
617 118.94823913790525 32.20018889024493
618 119.10670624251155 32.05700404167745
619 118.66863063795279 31.772111368100653
620 118.87306536583614 32.03694973050952
621 119.18036436045408 32.01664002485921
622 119.0331381136519 32.297257884125536
623 119.00071462585284 31.641387829698147
624 118.77980943267191 31.686978472954767
625 119.09588354106357 31.94334972468183
626 119.07835914002257 31.70920415822114
627 118.80820632077983 32.392686043595674
628 118.89299960837053 31.75778692300103
629 118.97047913980188 32.08528479778422
630 119.04461623982752 31.95495976398478
631 118.8186908520601 32.23189360216258
632 118.74214373261132 31.636675243621593
633 118.60129541816713 31.853892068672945
634 119.01045023945511 31.981875044967158
635 119.03158662001601 31.687689717193958
636 118.63387013547114 32.10742227347242
637 119.10688473346546 32.02627037324304
638 118.60172074191298 32.26304833763834
639 119.07656552729576 31.956109942647814
640 118.59613870927312 31.838247812549657
641 118.94949476525808 31.84762970637888
642 118.87657101398379 31.789919752755214
643 118.6013752519756 32.34971457780103
644 119.01617852893352 32.239408845580314
645 119.0336280114144 31.876897627657133
646 119.1201929653742 31.9544958483432
647 118.84380502700886 31.681146924121016
648 118.87196768962083 32.074386925127115
649 118.9475873985211 32.18837422867451
650 119.13248277602852 31.793680323760995
651 118.77252350274674 31.965081971695994
652 118.97274904133009 32.13434015129292
653 118.9213650308328 31.974435137020045
654 118.6255082605308 32.03730836435504
655 118.97321333461241 31.759289626643497
656 119.09954832946042 32.232018047218865
657 118.8306712500084 31.67954881230877
658 119.17513187703423 31.97922137153908
659 118.89401661993197 31.838251890536178
660 119.11960995726155 31.680706865631038
661 119.03908982355611 32.28144417754383
662 118.78390767247274 31.748957172615587
663 118.72064109268472 31.97623367958803
664 118.77643789571222 32.09435924936393
665 118.74126339275207 31.827752478532986
666 118.53357264067245 31.984389989345193
667 118.5182608078906 32.02880772645017
668 118.77973212426215 31.941940612187544
669 118.63378697362128 31.882750281770683
670 119.09712659239746 31.799464740772674
671 119.16617692654626 32.34119573934995
672 118.69914701303087 32.012125551818684
673 119.01283484824371 32.158955134579614
674 118.75787360443601 32.01829495230172
675 119.1048093372377 31.84279742915789
676 118.8145803750308 31.986292154401657
677 119.15925417591698 32.258691876890424
678 118.96758335803247 32.29492430463231
679 118.58645679443319 32.35121280940037
680 118.60186452378196 31.778875187221182
681 118.78338219864044 31.89104827984139
682 118.90547415641484 31.690502926374077
683 118.85648891908248 32.390239079112746
684 119.11257492570145 32.101106011538384
685 118.5023883008957 32.17110246728349
686 118.57895982863742 31.954665097428283
687 118.71694030953401 31.80019083948068
688 119.09946294374647 31.925611164340918
689 118.50875721716842 31.83585191184963
690 118.88343601038736 32.01856915516915
691 118.49185247114792 32.24961246561648
692 118.8841186236502 32.262800772188164
693 118.83424896338606 31.840693895554363
694 118.59168366049636 31.741791448693245
695 118.91338431777753 32.1855015440922
696 118.93624268145733 31.93998798526104
697 118.82021304970887 31.751010641312348
698 119.04972750219949 32.09332228318015
699 118.54563969532681 31.685911711860047
700 118.72550601519963 31.685294328022096
701 118.84464560265825 31.60466602336656
702 118.72428131633853 31.742435432423434
703 118.58800370606691 31.981590866981012
704 118.57775363995567 31.73554460183075
705 119.03581619088999 31.652836046465954
706 118.69001517114168 31.992478622443844
707 118.96029952689064 32.32929282198574
708 119.09956426410619 31.602149128198636
709 118.71361853952526 31.784085926630095
710 118.6277208253754 32.323974229936276
711 118.89734799686141 32.11326677294124
712 119.06394503325532 32.26331868946923
713 118.75517315961037 32.32328348082285
714 119.08765693700846 31.778460359038096
715 119.18872083420881 32.204535009856876
716 118.96995523158286 31.805151111182436
717 119.13112063114977 32.356776687097444
718 118.56969601847968 32.373078644959264
719 118.77292360090476 31.73170755487669
720 119.10558955036988 32.25845667518772
721 119.0053660835491 31.644120185236645
722 118.57418024330748 32.08098626893463
723 118.6608140191123 31.982220197216023
724 118.73458546896705 32.07516958787674
725 118.9533992071171 32.20373396622922
726 119.02000099722284 32.29679454618017
727 118.83545617239731 32.008772242651794
728 118.51987587236184 31.65330933514383
729 119.11700444932653 32.33401353869098
730 119.15281767413397 31.645184860765173
731 118.74385179984375 32.245910372211505
732 119.06614225419281 31.70199221462839
733 118.86472787963496 32.33237081492643
734 118.81688212987376 32.107271822147176
735 119.14776099466059 31.846272298589408
736 118.51085684988539 32.290310894203486
737 118.79247454682495 31.733904411607025
738 118.65766200735925 31.774042189372746
739 118.83746419147509 31.849815548621216
740 118.82774205998807 31.926591452884615
741 118.63078894994084 31.779469834415472
742 118.8992002547008 32.33314679192923
743 118.77572858298588 31.952038646275017
744 119.14987822107169 32.360824024346044
745 119.15430908390016 31.81011531518232
746 118.76540603574229 31.967647027924748
747 119.0331538233644 32.26020300568645
748 118.93946072416179 32.40346706110976
749 118.76404598841795 31.96746098400506
750 118.6769373944474 31.9785160703791
751 119.14590046838885 32.366758226146636
752 118.63908275274589 31.939655460597525
753 119.04869806167449 31.947803543693603
754 119.03920420578439 32.366481244587526
755 118.64597983252654 32.003445088124344
756 118.75565841500384 31.69807839798511
757 118.79918941705904 32.369328540068935
758 118.8458794734804 32.00396593421831
759 118.91710410642493 31.88060197040313
760 118.74572872651825 32.32428120769856
761 118.92281090300591 31.616583443763172
762 118.79487095051739 32.36614994326823
763 119.17370533359812 31.668870194939736
764 118.97158220833835 31.668287704765582
765 118.87388571930383 32.34234008014061
766 118.90686567460327 31.97422238508194
767 118.58491164093489 31.73831096457824
768 118.6910979554653 32.38872475284299
769 118.99471918706716 31.85484003806043
770 119.20059851113065 32.34756494155093
771 118.72047072748629 31.96804136650604
772 119.2041859936147 31.894363618388024
773 118.74579377410501 32.05452655714291
774 118.81480660562103 32.32913928240387
775 119.18502740453384 32.38773749395137
776 119.07573653827265 32.14861280531067
777 118.86944278775415 31.89201180152045
778 119.18432353592569 32.27698979036656
779 119.18664545550563 32.33979827422071
780 118.60762773545409 32.042069522700764
781 119.04788521411638 32.16931209559064
782 118.68307464833416 32.301627276319564
783 118.71168862434071 32.152966893958634
784 118.8129311491589 32.10859927019119
785 118.8350612316695 31.914276374434714
786 118.60645659049013 32.08484935029276
787 119.02814675388646 31.785586699580314
788 118.50365901396636 31.702672369772483
789 119.17784646160968 31.799398195342917
790 118.67835513596523 31.954784173717673
791 118.99314676891292 31.86776960128776
792 118.87237784283361 32.16930271143685
793 119.08202615458458 31.9040326520835
794 118.64016146505077 31.995486496438243
795 118.52379426951252 31.82256135597472
796 118.62423884726738 31.666803403521318
797 118.9831451790542 32.17494353924797
798 119.06817884700197 31.765488898079823
799 118.6083277264633 31.976040900688016
800 118.90327381330532 32.07169913227558
801 118.53384723755792 32.1446186636995
802 119.09109765235334 31.947027653761893
803 118.56634983579171 31.81306096576517
804 118.62241202621615 32.31555921403974
805 118.94878832778278 32.1176596198821
806 118.82236112839885 31.810113256588025
807 118.68417670267401 32.21892723309331
808 119.15979588720039 32.020627282310905
809 118.88089889441 31.934343481445186
810 118.61233254814191 31.680039332716873
811 118.79339997484685 31.778106349870264
812 118.99467470424771 31.683481114968036
813 118.8252020576095 32.14805318065564
814 118.56836887448358 32.18670886169761
815 118.61111856420354 31.961339225427775
816 118.66723288702366 31.646500139437567
817 118.87330674890404 31.735416702165573
818 118.94920125096287 32.34691156862407
819 118.8318661683581 32.308737475874324
820 118.64400370318451 31.919834686451303
821 118.737914115147 31.699703157657833
822 119.11061411773458 31.956317518935954
823 118.66583358778492 31.948595502131635
824 118.95777940028728 31.61113419931177
825 118.75416076269994 32.173002210254936
826 119.17779284997988 32.11600820708455
827 118.4970289961393 32.06026529947671
828 118.71714734310133 32.24163491703467
829 119.04208795444315 32.252271852083254
830 118.52517309315694 31.75914963626407
831 118.77070641824213 31.654830812260354
832 119.16622908082371 31.904047984601046
833 118.96070809470503 32.296718370429694
834 118.58838314877305 32.21682117186108
835 118.5620301825778 31.79072255715705
836 119.16689510818105 32.207724891470605
837 119.15048396638467 32.0593606708117
838 118.6264363494995 31.818582061197116
839 119.10678100242949 32.17093815612383
840 119.02524439757302 31.83723059968305
841 118.77686700106405 31.867807208468612
842 118.65893753497451 31.763500872511383
843 118.59413691681428 32.052431721839696
844 118.6312731917554 31.966927314721648
845 118.86591653532513 32.09247853435733
846 118.52422058575789 31.614367174015623
847 118.93109014420382 31.92310705274217
848 118.91726487442565 31.637061819925172
849 118.94728313906766 31.8563638986113
850 119.07428679508382 31.67066106613593
851 118.5383048158518 32.024578949241956
852 119.18903752810812 32.33318950944076
853 118.8365348189717 32.286226122984814
854 118.83681950955065 31.99672075991167
855 118.61081677439047 31.880971919341523
856 118.95717075227321 31.617386720156485
857 119.11002394978442 32.119538407200245
858 118.54828343891498 31.838222515974607
859 118.71650274577719 31.922239252610964
860 119.04134076926735 32.10122386559443
861 118.51624907504413 31.747759190758195
862 118.90094911632909 32.03560939980782
863 118.66247544390461 31.970409592559665
864 118.86336622097112 31.90862575307536
865 118.60072018471264 32.26879579755619
866 118.73931165839326 32.19134776799058
867 118.75155652538257 31.71632814112587
868 118.7798135780157 32.32089006494306
869 119.17822079699123 31.60150475881275
870 118.60302415664833 31.79140223084101
871 118.68045248585433 31.716814576947083
872 118.97952578585287 31.864936593872997
873 118.7535316164568 31.708127868282237
874 119.15092940950088 31.818137055908387
875 118.76108676995885 31.909784389385685
876 119.17391230754744 31.983852180758007
877 118.6249552751931 31.82164653114453
878 118.82745894474563 31.65235032651862
879 118.86853327163452 32.019640568353054
880 118.89906579219786 32.092215204844486
881 118.7706193774841 32.12561210373136
882 118.86977151425725 31.614161817839182
883 118.66926205610191 31.686632670822366
884 118.66689412239285 32.12393629040187
885 118.5513437162712 31.6924867051358
886 118.87795606303486 31.666113704458734
887 118.84461873930353 31.95235061764674
888 119.18465796364482 31.8905993649334
889 119.05196983383748 32.13605852327362
890 118.99318924161398 31.62523263600808
891 118.70520832880958 31.79317525297574
892 118.66700464695808 31.823523727952924
893 118.97527269359686 31.855289787022354
894 118.65152844689703 31.609345342405668
895 118.54631438220922 32.04073614535888
896 118.72858883973674 31.605076656521994
897 118.87589952433652 31.83919765273383
898 118.62869773515 32.33143977071679
899 118.5890187668311 31.731670593712998
900 119.12000983601962 32.11085159503278
901 118.83406633024508 31.973141667027427
902 118.50963179798345 32.33817348678996
903 118.66687296698795 31.94338818158899
904 118.53859959892043 31.75881538895796
905 118.67161811338522 32.38680385905619
906 118.7952153405761 32.17525167123207
907 118.59416095763095 31.70501818027491
908 119.14500314478038 32.02940191175978
909 118.84348689119756 31.844425015445907
910 119.10318307237213 32.299471084208626
911 119.08291303538091 31.730120944915942
912 118.57884516286269 32.112411264151284
913 118.55392901288428 32.3613953263139
914 118.89940457119037 32.34066032119667
915 118.50666038640658 32.32918046953152
916 119.05061631013017 32.13036990738795
917 118.72091926077242 31.84591083460771
918 119.00290553558898 31.658096852447184
919 118.63571546416136 31.73765517531763
920 118.72839023164296 32.32110592485973
921 118.94267763993187 32.170150914437336
922 118.64817530043082 31.67313385154124
923 118.64705915975031 32.38046534228355
924 118.75693496166855 32.00500671536767
925 118.50421052557894 31.744780012913655
926 118.97950034488146 31.97927908796911
927 118.58501095331543 31.929203302667386
928 118.66250940488354 31.774285307972754
929 118.54538071578004 32.096290589761914
930 118.81807986145016 32.01947044356046
931 118.68190125597033 31.821264751008634
932 118.86473251050487 32.226084164784936
933 118.96674334328404 32.028534968918365
934 118.6460496964388 31.870158517919407
935 118.73788517001198 31.735257403679626
936 118.88998195190375 32.01147525468297
937 118.66932296595506 31.718842751077744
938 119.13931317089089 32.326073269277096
939 118.53097265944933 32.0046191615906
940 118.59913167335309 32.34301682805216
941 118.707391983688 31.856435931421462
942 118.96445570181778 31.965416370742624
943 118.56517489175975 32.0277126763621
944 119.12395765784972 32.31034841092417
945 119.12996118658516 31.699692834863658
946 118.95887854641032 31.915620813135458
947 118.76251708675969 31.664854548270114
948 118.69324881807374 32.33527684006205
949 118.73776779938875 32.2684074203606
950 119.11476549238364 31.914366283750276
951 118.8657652471409 32.12532340453311
952 119.1512027601706 32.05024324140702
953 118.83673270419338 32.09160050818711
954 118.65028769706497 32.267173684314194
955 118.5581398033204 32.3819902591173
956 118.97735655463927 31.66387869140106
957 118.71062638336342 32.05002826571892
958 118.94806666644357 32.324452820807366
959 119.1468592788746 31.912860078701353
960 118.51214386311797 31.803885317772316
961 118.54923995496888 31.701042145209232
962 118.73815676020223 32.10492803709703
963 118.71512040621401 31.7720621741313
964 118.76626589195682 31.90369497373338
965 118.80802304454357 31.91776500780492
966 118.79329458140425 32.084854613753514
967 118.5653268251014 32.364456382526825
968 118.73044282899677 32.39066358937517
969 118.58335065944561 31.83583961205336
970 118.63542999570805 31.81311154803097
971 118.91583314483447 32.186853749977956
972 118.53706210595436 32.15978681792411
973 118.69917514974922 31.826464157081308
974 118.91725595956345 32.3601394353493
975 118.69395543080624 32.250222274585056
976 118.86174411305134 31.760415203991602
977 118.80030250073679 31.9922556255661
978 118.9286671626566 31.66474368304271
979 119.09565226565273 32.01723594797913
980 118.70094857990655 32.04679871676146
981 119.13107765823327 31.76375404281873
982 118.96084425575023 31.6789772196267
983 118.78750279842751 31.744463817517893
984 119.07159179928026 32.00704275567109
985 118.79019012459264 31.650779032319743
986 118.97292930385586 31.74645722229206
987 119.11840572664822 31.744892084998718
988 118.71200909994928 31.93873387469401
989 118.83601822506205 32.02197900927403
990 118.77682983232427 31.885360895988843
991 118.57857940253992 32.11057249386119
992 118.56945532209077 32.33341109423618
993 118.58038303646182 31.789088713818337
994 119.10846654590605 32.39196839740903
995 119.1276794125956 31.871203512125152
996 118.74285412364463 32.0825523698184
997 119.12931082627682 31.890064051509253
998 119.16102538401184 32.14618215394188
999 119.03832472880026 32.29418640728162
1000 118.66163692867578 32.244227583073034
