1 118.93892168657237 31.952968219529147
2 118.89624918779897 31.623172877881533
3 118.60663367857548 32.039284443688324
4 119.07572893828674 31.964779004531096
5 119.18515616389496 31.933953660499476
6 118.94935041011905 31.86915300791398
7 118.89499261524848 31.759678490292828
8 118.60607810393668 32.08482142421728
9 118.6891773702892 31.842253166025976
10 118.76845363210685 31.813359347992517
11 118.63868238383854 32.09687688691975
12 119.19774875063626 32.02521683059982
13 119.1433509058322 31.709529466729013
14 118.7534249415137 32.010137935385565
15 118.60591074862876 31.742309759634164
16 118.77060764989498 32.23060231530895
17 118.61989211757403 32.286450255880595
18 118.87818880429812 31.99779255875145
19 118.63455349978692 32.286707611351716
20 118.5467450144522 31.655210956525732
21 118.92457269576204 32.00392989882677
22 118.76855398019318 31.649335625146403
23 118.97956904029061 31.942239405284717
24 118.87006876822821 31.662950064714323
25 118.93326736642258 31.707751052096427
26 118.7197175537634 32.077552388003916
27 118.89948033604757 31.785877471545003
28 118.83821624468482 31.682668609171238
29 118.91783973449404 31.778898348210195
30 118.51219106109154 31.88041550548117
31 119.17313234546613 31.961599031687808
32 118.66877770745796 31.756943545999487
33 118.55854154262738 32.11169609903206
34 118.70587292927739 31.980146415062766
35 118.9807782414698 32.01220175119066
36 119.1517691951478 31.896310231033294
37 119.09487831477311 32.24021230569836
38 118.71917627070103 32.061782405824005
39 119.0871304019026 31.729208210779237
40 118.54169462728882 32.16015147342816
41 118.55813880060792 32.373348356280296
42 118.63089231939932 32.008925157856396
43 119.04525461958981 32.313435556474545
44 119.01149528399576 31.87678384148641
45 118.59109022650921 32.05491504709069
46 118.99493031124813 31.939593368809632
47 119.03737900656996 31.95077952510192
48 118.61851562228681 32.234690766090495
49 118.96067555976242 32.02669635202395
50 118.78185522148313 32.36509698097596
51 118.56031099345213 32.040425483838355
52 118.86697495158272 31.67194221924741
53 118.84155877266463 31.901386089312986
54 119.10885000084953 32.27864815358373
55 118.90526611998209 31.92658464995794
56 119.09294040081434 31.62988074678916
57 118.82472787322243 31.80399490483198
58 119.00407049083738 31.639135362573768
59 119.17993985730666 32.38659104074954
60 118.51320561916593 32.38458145265537
61 118.80533817560998 32.237669570565615
62 118.7960724065362 32.08923208480989
63 119.03879821988659 32.2046364854696
64 118.51054456131583 31.734428150603744
65 118.89142688885903 31.82655292000567
66 118.6878016118731 32.01924088145786
67 118.82877653849658 31.881035422527066
68 118.99714351940804 31.635967459796095
69 118.9427321387469 32.38017628550217
70 118.66966314024684 31.955782933614856
71 118.64297924670767 32.004531779484935
72 119.09152926883769 31.86224724122281
73 118.8491194464357 31.806526349657574
74 119.17670075489129 31.90202756855929
75 118.95776699781501 32.26962568272689
76 118.66009919830076 32.199649440384896
77 118.61362203697 31.896443060618143
78 118.72282332935826 31.610295237028446
79 119.02433552261051 32.23666919475699
80 118.82502718750744 31.80942923464402
81 118.90233022784695 32.0762974499725
82 118.91247098301247 31.614015450799453
83 118.61606268081016 32.127436573677
84 118.73503833618476 31.915151348617375
85 118.70546787449489 31.99711862122943
86 119.14822161940334 31.928528044199446
87 118.52108009501508 31.877268464051138
88 119.17577154360507 32.03903397589613
89 118.60059424811843 32.37983901730014
90 118.87554550259163 31.695712556733003
91 118.69728369674266 31.86170035110236
92 118.7145204765146 31.628740297396018
93 119.03271044627414 32.19249063494367
94 118.98526189802374 32.12985371525525
95 119.04573635988328 31.77671262686164
96 118.62933774515083 31.928375530084818
97 118.64409387079357 32.12187416245945
98 119.02711202521503 32.12480110435476
99 118.59180440884914 31.733882594617356
100 119.11696315878818 32.30123368184766
101 119.1418621026831 32.22093964069572
102 118.84689108551252 31.704734878714497
103 118.98503480033841 32.301110930865995
104 118.73291070543377 32.20113179318857
105 118.9474022509608 32.241352315579945
106 118.52445294160265 32.03491048971196
107 118.66481802055992 31.784091144293356
108 118.80509035060898 32.333206487659325
109 118.8431469239628 32.070968338060126
110 119.18566050781148 31.868319044197683
111 119.2046021252201 31.81452384982622
112 118.58139897493218 32.32061995508209
113 118.6929175139451 31.942089676545077
114 118.55792455611574 32.03262622430028
115 118.73307573058408 32.094446315635444
116 119.16535749615346 32.26104617802564
117 118.90366606737246 32.088275060871275
118 118.52896521550916 31.742054514526036
119 118.86518265433705 32.07382345478822
120 119.16024990677458 31.9983913603707
121 119.19006429042435 32.04361846885043
122 119.13911530599452 32.16355965858702
123 119.03618082822591 31.79750830845803
124 118.67562926633542 31.758510598791396
125 119.13246321771285 31.69030475653235
126 118.72455419086795 31.823232409631935
127 119.11222769380927 31.606335699529374
128 118.5286813139847 32.10401521494819
129 118.53145763831051 31.829466992352703
130 119.06556935644173 31.75456446871329
131 118.56649143465168 31.670005164604483
132 118.79801041505671 31.827691562258074
133 118.73348811284399 31.76517576412361
134 118.69190207040556 31.835423550012298
135 118.7583690239403 31.965576934695065
136 118.83415799873629 32.04258626784961
137 119.09565742561155 32.27590413858528
138 118.93735915780464 32.39418093437203
139 119.14576313685187 31.632929262903037
140 119.09066269329162 31.789735924868324
141 118.59562700526641 32.115002189423855
142 118.79867659497079 31.733560087817295
143 118.87201317701322 32.29471699395811
144 118.679198249215 31.7651144025464
145 118.89375269277862 32.19011236159485
146 119.181014864147 32.11909816603792
147 118.65199837374968 32.23251376267284
148 119.04400428014128 31.62757964068505
149 119.20299106173672 31.794440677576404
150 118.67858964980311 32.167536350338835
151 119.09950100003876 31.673887006615487
152 118.61547616409273 31.6299126236567
153 119.15449987018424 31.88462962937262
154 118.7087747021956 32.07311069575991
155 118.69224089941683 31.63911187111152
156 119.14075500859875 31.65042171992768
157 118.70187822383049 31.631931816692642
158 118.65730651748595 31.923283067305174
159 118.71317596914163 32.140483910053995
160 118.97169945496495 31.77160052649569
161 118.51272714430858 32.292995190144445
162 118.61415747225693 31.955070194838477
163 118.58255586020076 32.104851640439655
164 118.8649721575063 31.835047608658613
165 118.53670761755475 32.09138731496296
166 119.14544257595207 32.370394713831466
167 118.8289182459066 31.95803056697468
168 118.93517678586221 31.765504511976424
169 118.65305049781001 31.941473711548582
170 118.98330154026986 31.955076904503255
171 118.51371141113441 32.01197074069236
172 118.5568228070341 32.01932002113727
173 119.12517006162788 31.62815980641887
174 118.65077848269115 31.725320419614143
175 118.84121113102906 31.954872219301308
176 118.86586378381301 32.17380002563455
177 118.62380895818615 32.22662415240195
178 118.90802421556054 32.2175768191023
179 118.68982330629801 32.009766150484104
180 118.96470733684629 32.36902919999438
181 118.68535596133927 31.864459239971843
182 118.79587246579592 31.99014111728177
183 118.84578719090099 32.1944904671933
184 118.5100479097459 32.27799548219895
185 118.5688525569115 31.92311225540791
186 118.55174545848749 32.28429065988888
187 118.81290318487284 31.95603677529839
188 118.87756065393975 32.173488613319066
189 119.18061508166788 31.618102841158436
190 118.74548252498765 31.615695811732255
191 118.62703964710266 32.34892761096968
192 119.17679762589103 31.688512647822883
193 118.87543366408828 32.129847932252204
194 119.17142851505211 31.81784542127274
195 118.74073992358646 31.76593565128604
196 118.5544544124404 31.90788663087147
197 118.81802095775689 32.34820995006265
198 119.19232540102642 32.0567023608457
199 118.54564683707127 32.3339660217487
200 118.83677228337915 32.168163566767724
201 119.0920221521981 31.993674676460248
202 118.64842803974452 32.00662518543565
203 119.05447267442365 31.778212850888153
204 118.54773580297866 31.60006272597797
205 118.72457899421377 31.931201098592172
206 118.6280558121639 32.04173194353673
207 119.18102930780367 32.302729430032045
208 118.9243016264313 32.130026364868804
209 118.6998099297632 32.27541115897175
210 119.14448400339859 32.33266379174922
211 118.8937402122795 32.348505265599805
212 118.75529677420646 32.255218729675775
213 118.99221961415272 31.70764711689252
214 118.96499698569733 31.875640388716853
215 119.18157727200203 31.760601760893504
216 118.54290657823988 32.29038305035351
217 119.1128891229005 32.22293268988861
218 118.95905303289008 31.882441526820084
219 118.60276389980503 32.05630868063087
220 118.76659318543129 32.240012397184245
221 118.5321653648852 32.2775950757325
222 119.09936542956362 31.77186254199914
223 118.57975244848143 32.194652020012875
224 118.65429241422365 32.24431014894833
225 119.00398682549427 31.63628917279744
226 119.03406928057639 31.677360687060585
227 118.66863575478327 31.94218372153792
228 118.61053874993218 31.76443709321908
229 118.51646464355657 32.30821597115498
230 118.55190474428849 32.17967386797876
231 119.11885262557152 32.16993644107502
232 118.6310556563743 32.224114116308954
233 118.77941935874748 31.860472419933586
234 119.0453115859234 31.79576004317551
235 119.19044607048473 32.093164584199734
236 119.11989573859391 31.932653460596768
237 119.13363019343338 32.344063498766225
238 119.08141041824648 32.11741102119531
239 118.74201498788418 31.907286184349644
240 118.94854491118569 32.282754954085995
241 119.00141576590066 31.908515339222422
242 118.79343215651657 31.735098595099473
243 118.92801275478695 32.23026885767468
244 119.17742785815685 31.977927657335933
245 118.72737602107499 31.8078751220624
246 119.14621665166294 32.15399391050486
247 119.18384894524564 32.39690793587827
248 118.90600116361479 31.7970811810792
249 119.13975810033376 32.230875228657474
250 119.01951913622811 32.20723171973047
251 119.00116147760714 31.69189235985758
252 118.57403380199473 32.27040696117923
253 119.01750079529408 31.962684410398314
254 118.6196905884111 31.697260239108786
255 119.0218903367535 32.030815851535785
256 118.53241401728614 31.843800403203634
257 119.11873640459442 31.729922722682154
258 118.62119878499202 31.659985543813825
259 119.09117415377156 31.74695470518115
260 119.12403140628129 31.948472919982063
261 118.58234247501933 32.10913501069597
262 118.57610384821032 31.670695199604435
263 119.18122630606824 32.17388153191718
264 119.18917334703957 31.676579653021204
265 118.55575518997287 31.737581012034138
266 118.93413988878753 32.17314172867734
267 118.76208276116638 32.30255702532178
268 118.54067190743197 32.38312064879386
269 119.09388725551086 32.128182753141026
270 118.96913112399116 31.976960709588
271 118.5429634250959 31.677647261728417
272 118.8171751867128 32.04577816628524
273 118.78865395996338 31.744243452863905
274 119.19491556288202 32.014521763799515
275 119.19208631233244 32.08514139482664
276 118.66221023392093 32.26960181726718
277 119.02912975854763 31.85614126035444
278 118.9627026316773 32.39223343822159
279 118.80612708089681 32.38172431947489
280 118.89621754464169 32.26546423039051
281 118.77506410912903 32.160442307925656
282 118.52799525009887 32.1817373831101
283 119.02799947376677 32.30891311391307
284 119.05799775151476 32.35596148369125
285 119.15742899498605 32.27495265185975
286 118.87301055507072 32.1154250468888
287 118.55206480952494 31.662584595040297
288 119.15568127965605 32.10390956066115
289 118.68852147751022 31.89033084789589
290 118.59175564362361 31.72214652398163
291 118.60516258453075 32.31356770288197
292 118.91265619741782 32.26071264380563
293 118.76323652554815 32.01540330447671
294 118.98170693796975 31.966794887263173
295 118.55142261097866 31.989929094646058
296 118.50983508726378 31.809499725767772
297 119.17360025914448 31.91734779750698
298 118.55720507798216 31.93863354949915
299 118.7380139356447 31.60168578464161
300 118.51467863788294 32.32187934887202
301 119.12453166898504 31.62788307193615
302 119.0904865051073 31.903666015866932
303 118.90676539970458 31.678263505392117
304 118.60901780793691 31.757133862743125
305 119.05591488363072 32.35653395441112
306 118.53632873265084 31.889866318854658
307 118.81556441585964 32.18352293031156
308 118.72743190333885 31.701660372115697
309 119.2058498548873 31.79439578260473
310 119.18070714559103 32.30140933655387
311 119.087180919908 32.31635456311587
312 118.81240134208721 31.824296038026475
313 118.84990385194902 32.376858193077396
314 118.88547232895917 32.13727373076113
315 118.88734479240632 32.00559343050785
316 118.62036904847086 31.889892202866903
317 118.65841591243894 31.8776164542303
318 118.99647692875736 32.364068962341435
319 119.0855999766378 32.156926943562055
320 119.16573768536134 32.01734015601677
321 119.02281060485967 31.631958936329458
322 118.8896967527695 31.80326170048611
323 118.56804218254379 32.349817858998726
324 118.56071063913113 32.03900394085341
325 118.61159493794187 31.89249809511624
326 118.99255157659786 31.61016529946965
327 118.69659042375531 31.80205050162476
328 118.79058523997438 31.80380117387659
329 118.61206195171295 31.7475304253373
330 118.65642659418693 31.881953744697167
331 118.7698182824276 31.75474209358769
332 118.93987000010398 31.651600856110154
333 119.19881824896703 31.6835283056192
334 118.59112541635899 31.99617354205593
335 118.71416924912847 31.652649321921864
336 119.19580239988575 32.34324232016592
337 119.10842016695801 31.75619847699971
338 119.17367123263185 31.979563582794242
339 118.86080627205435 31.927330528886745
340 118.66240148973819 31.84072143450867
341 118.65833575401048 31.855986737382647
342 119.06344573962151 31.782098466520086
343 119.15560948722934 31.82333134941928
344 118.93028508429182 31.686896926486646
345 118.97322545410151 32.14726034482948
346 119.12118711964906 32.11388953369322
347 118.68265112547778 31.857678498025347
348 118.91199150747548 32.31041246316381
349 118.8969232068472 31.903399233713387
350 119.14662763679276 32.087870004679196
351 118.73153063812883 32.0000382560281
352 118.59613185201509 31.861034133175995
353 118.56754007449975 32.34418867237285
354 118.69084066356179 32.27430861176631
355 118.54842654863045 32.269171569313734
356 118.71827287617656 32.36364414966837
357 118.90330011266043 31.60817470114094
358 118.80704640182324 31.983491544226816
359 118.95288698787712 32.357593218944274
360 118.86523808430411 31.70565321625662
361 119.02924896147753 31.796399639583637
362 118.81674888894764 32.00154752654985
363 119.0419267049425 32.12879983693385
364 118.82812823991705 31.86584928649806
365 119.00978497963962 31.837790863154996
366 119.03605674711136 32.22458291326347
367 119.08936380529052 31.61765474823493
368 118.62033698312582 32.22604115108193
369 119.00439206884587 31.943679802017723
370 118.50205846287545 32.10018667242568
371 118.78087358323725 32.164547146695725
372 118.90301796618115 31.687790175680874
373 118.5243425045407 32.32255379592227
374 118.52687461479377 32.25519794835753
375 118.65439207501511 31.894088391699984
376 118.7574784674788 31.743031596183723
377 118.99135169503484 31.65919351655198
378 118.63062870295707 31.843362088883673
379 118.77784253458026 32.17792191593576
380 119.13222357936976 32.25075205251437
381 118.73445867888694 31.861233450769216
382 119.03879076192878 31.779158375192615
383 118.91661528275475 31.86584572990749
384 118.53624963525598 32.37356537165702
385 119.17241096532959 31.67401455131743
386 118.5737218746495 31.7388445681379
387 118.74631351811523 32.15811425226897
388 119.17017265095929 31.717337328348638
389 118.6723655154326 31.81025567740069
390 119.16176689766961 32.23864505479755
391 118.96859987762623 31.834867665186067
392 118.62707809794837 32.0732629534411
393 118.5962733789754 32.04702224127852
394 119.18578695632937 31.809839147636136
395 118.82084098723969 31.799497469484027
396 119.01384269969755 31.82327520043598
397 118.58958466847348 32.3020950289197
398 118.85674462509108 31.612827506148953
399 118.5669271105056 31.68204674303037
400 118.84191216001241 31.879102365870146
401 118.50467387463877 31.78086995889385
402 118.51988749552555 32.053192657798654
403 119.14152981360533 32.031259944462334
404 119.11325998638006 31.99698438985392
405 119.03762911926344 31.84330586443373
406 118.86365176857517 32.00515133957097
407 118.62437570817374 32.22112049851239
408 119.00587293742556 32.24324139258196
409 118.65282532151377 32.026237529624716
410 118.53743770866744 32.24931384302269
411 118.7281881998619 31.63860745094953
412 118.9087128862235 31.727242057680943
413 118.91713358714279 32.19857087596469
414 119.07831290700636 31.907905551976896
415 118.77634775145751 31.855768351330465
416 118.60008296852398 32.065267068585776
417 118.52434393114726 31.90254544700124
418 118.63216403456165 32.325732471126706
419 119.15348713921466 31.91060897528919
420 118.52329683405495 32.26874000129562
421 118.95665584456343 32.081814112977725
422 118.80644366293366 32.318907177576484
423 118.6286640447682 31.989150062883954
424 118.98558321365604 32.37064918209776
425 118.9133612441487 32.05749380475913
426 118.54496749741824 31.627898397331037
427 118.9696996173547 32.1846328377707
428 118.53956386354439 32.29146081946023
429 118.65805670619106 31.68508609617087
430 118.89331521770474 32.35784409063219
431 119.01165154668055 32.057403132665094
432 118.89379771888393 32.19212912304787
433 119.1271879471933 31.775296786037647
434 118.99495387943568 32.34450017526559
435 119.17019743350865 32.12199940983656
436 118.6813418684819 32.0344140610381
437 119.17896070957603 32.367539672068425
438 118.64852661731064 32.0496482851989
439 118.62069314575979 32.015158429676696
440 118.6262284975987 31.64961802549576
441 118.58121936997028 32.04048900893982
442 118.93381716444408 32.192616816358104
443 118.50425168493675 31.887312609153835
444 119.07509558612828 32.13966211574041
445 118.92943803586567 32.05057274632839
446 118.70251382798801 31.768394603182838
447 119.13293452810325 32.040437363666264
448 119.09404585553206 31.981730257843694
449 118.95158146159854 31.878365600470907
450 118.55289590872955 32.1339841627861
451 119.18292702481621 31.65536556388291
452 118.92204372875443 31.894607907181044
453 119.11847779953953 31.93687494802613
454 118.60768723111973 32.38544159390831
455 118.53087649716225 32.1666719353527
456 118.72024852726848 32.09234438726364
457 119.05768009634565 31.718101355729008
458 119.06818134117272 31.952537049297426
459 119.11362344162468 31.90081906571391
460 118.74263617252302 32.350922698422885
461 119.07154466379959 31.956471756628147
462 118.60460077980213 32.282739582019566
463 118.8815214995116 32.12472895173321
464 118.54238637805747 32.3040605101807
465 118.99308902257796 31.603316251570053
466 118.74526573335746 32.342486315683644
467 118.57801593681731 32.362174088024325
468 118.95308758574083 31.725027043949687
469 118.78922282750372 31.65226048965237
470 118.71904854787813 31.86364848905854
471 118.75006948924185 32.07242493608052
472 119.0347444493127 32.022050340318785
473 118.79227046246953 31.945090558862823
474 119.11465731036013 32.336008574775384
475 118.59934443794116 32.05756746233214
476 118.77680296162642 32.34530230899023
477 119.10705586688559 32.054782712896596
478 118.90945289378354 31.74235957980646
479 119.00619114894727 32.3857682295963
480 119.08461098730672 32.38683428197961
481 118.86913008985653 31.96048857967903
482 118.59273270284528 32.20275417160348
483 118.72148556047738 32.11397057868177
484 118.67232855902661 31.7491745188079
485 118.606442025827 32.061440934650015
486 118.92172573416174 32.12362619223533
487 118.64716026568637 32.078865601739864
488 119.09695391950588 32.029038005114025
489 118.82087554485354 32.07019381707993
490 119.06182513939915 32.165413751157985
491 119.09072798105834 32.21517246687303
492 118.97817753846553 31.675776766422562
493 119.06599631849907 32.33092787143373
494 119.05490680681898 31.96114602351774
495 118.90244185801058 32.15662424155057
496 118.73707520048286 31.90556441095059
497 118.79381086367346 31.64300910844004
498 118.71993756331554 32.13138483227212
499 118.82842850566303 31.89929164390621
500 118.7756036026343 32.04557355492209
501 118.73192192041945 31.810724999125217
502 118.57419293412472 31.768777517251756
503 118.78267688140419 31.82845691838198
504 118.59563487628948 32.28050272612096
505 118.75365428743544 32.340940791164066
506 118.57843448123045 32.37230987348903
507 118.76787608254111 31.93549234472065
508 118.87851997822547 32.223734804055645
509 118.54165653618178 31.733280783633358
510 118.67886239362043 32.186632699333536
511 118.79975594054407 31.93786945272545
512 118.68825110092534 32.272933745113264
513 118.89268582098501 31.758135498829517
514 119.06719810884088 32.25413669292926
515 119.04871642057698 31.662532018324704
516 118.65820469814118 32.28848007817199
517 118.63755691856791 31.935734737264973
518 118.8924893685455 31.700668528504032
519 118.7694033898175 31.838195248244322
520 118.53383099886841 32.17066997105527
521 118.66243108455699 31.95286785887391
522 119.17272898416103 31.78618151735101
523 119.16757728396045 31.791755677956644
524 118.7512471198495 32.15098860242126
525 118.53904453838848 32.11381232861579
526 119.06440526252494 31.654419588497053
527 118.6920269067132 32.25855720183869
528 118.53183364094629 31.712900301562673
529 118.66832719932947 31.793117678034534
530 118.60033559523026 31.604275910805352
531 119.13031105488383 32.01325046024713
532 118.63130647933443 32.275709683884536
533 119.03817358052285 32.33431928431674
534 118.59673321981398 31.961961358379277
535 118.55688828169947 31.67782418454385
536 118.76152900946332 31.993517334125386
537 118.93055971039158 31.829008656551583
538 118.87134451418144 31.851352536101388
539 119.07546863884811 31.79219612163085
540 118.79424587599394 32.358058204197036
541 118.9343639727591 31.9197767675491
542 118.54065364537401 31.600940534958184
543 119.01786317876687 32.00211822183854
544 118.9833257853831 32.15698822902844
545 119.0626837627194 32.248650391346985
546 118.57177256024055 32.19511111786978
547 118.81736762968231 32.15627576567134
548 118.95943050417524 31.758766288175295
549 118.49955960038461 31.87792617925689
550 119.09887693521118 31.965442155654102
551 119.06868600929947 31.727764075936662
552 118.86174282512721 31.936987020059735
553 118.74451602705112 31.674740312084715
554 119.00139187480399 31.661480672400106
555 119.11556047134341 32.26083249365401
556 118.84078258420108 31.730016413025233
557 119.11028216086802 31.972912797623152
558 118.61097598992443 32.099872442172874
559 118.72656489769446 32.35428952041223
560 118.99775475869137 31.850856929311625
561 118.75713686860087 31.754498239162963
562 118.8571221120749 32.302607302307706
563 118.96055357400041 31.849593699494786
564 118.91171977976727 31.812115212667365
565 118.8040815516721 31.7192786373219
566 118.59881107598552 31.956329661276744
567 118.7769812285554 31.78620021999605
568 118.65854207478768 31.88668000594144
569 119.0587561676059 31.87096952623505
570 119.05560856449158 32.10354579608758
571 118.651885717143 31.949674195109413
572 118.91120223736755 32.13674193480052
573 118.96723104150686 31.840199315202184
574 118.80706031949167 31.86224379371191
575 118.56329738250349 32.398046889063096
576 119.00522611752247 31.793027708148824
577 118.54816280693883 32.21446728656919
578 118.96848702542518 32.15707830103928
579 118.55534353963704 32.12031016392447
580 118.91888451093524 31.69485828329896
581 118.68934654013461 31.60005935715421
582 118.78105365327464 32.203252838147094
583 119.19179068026 31.674180692522402
584 119.15457583498015 31.79384315184882
585 118.90495519190613 32.386167204397985
586 118.98314899248288 32.37593455649981
587 119.05795066994578 32.33862385384588
588 119.00530150137574 32.06601020618248
589 118.59252377278634 31.97802124333829
590 118.81250459195148 31.970180190848705
591 119.08043492956054 31.872851241374065
592 119.02519101920456 32.361528851305586
593 118.64801614129254 32.25236698134432
594 119.10057084405308 32.40344357261743
595 118.92621921117575 31.834110904776143
596 118.70097780995403 32.07218489029394
597 118.53277654503762 32.14333182338291
598 119.01701224977606 31.903735658687655
599 118.80530949497236 32.06981910189411
600 119.18454827062865 31.746979929642166
601 118.68094763158722 31.858961708950034
602 118.55251524559569 31.712054522111366
603 118.66517433085836 32.11392613320246
604 118.78660552519177 31.864634654152663
605 118.52248828936412 31.935563877139703
606 118.75858083887509 31.902580924348438
607 118.67380558236741 31.647570628065058
608 119.19720750741978 32.30975248238481
609 118.62011499290497 32.1768920162428
610 119.09977285279457 31.848690367228816
611 118.60857919881425 32.31173205121555
612 118.90876258588759 32.14440848051926
613 118.95470244279862 32.398706011884165
614 118.88366085050966 31.976917176680782
615 119.15981517897274 31.683413769715827
616 118.80687005730643 31.696307065537813
617 118.94820084018038 32.199260617653685
618 119.10604449110734 32.06176814065435
619 118.66411667094157 31.77422936122831
620 118.87516959365644 32.03494123107225
621 119.18475478428734 32.02235860279608
622 119.03420925290575 32.29507523846811
623 118.99664072225836 31.643549871841405
624 118.77482907650631 31.686233298052073
625 119.09639391445427 31.954597861775717
626 119.08319386657293 31.710559746252454
627 118.80583885468056 32.39444981241291
628 118.89071481380402 31.75785320299808
629 118.96921489050811 32.08508684794393
630 119.05178496695152 31.951780312985164
631 118.81490423216842 32.232281260220574
632 118.74043664012274 31.638957196114244
633 118.59816104578039 31.86068790236497
634 119.00980097306521 31.980629897612083
635 119.02969702110526 31.68966596927489
636 118.63593297807692 32.10437778682265
637 119.104996757438 32.02909890908769
638 118.60635642873774 32.261753030330055
639 119.0744629201725 31.94943135734609
640 118.59423000502476 31.835614640526696
641 118.95112596026907 31.84658514644797
642 118.8748997052283 31.79323365617277
643 118.59894255676402 32.35041747672356
644 119.01102513511414 32.24590800601616
645 119.03385212184439 31.880308484420933
646 119.12621264991425 31.956719803196574
647 118.84170760111563 31.682497083209533
648 118.86935907767243 32.07338235396185
649 118.95081779504281 32.18657430281247
650 119.1274328422418 31.79479539008432
651 118.7711595565869 31.96363409778111
652 118.97415904662527 32.13218874189777
653 118.91918526767539 31.964951932939037
654 118.63151867537955 32.040838779972425
655 118.97941473729487 31.750844606417314
656 119.09271419054458 32.233622427072284
657 118.82894923374344 31.67834126913748
658 119.17348477374806 31.978455805668066
659 118.89661032674886 31.835320066151382
660 119.12098092036159 31.676986656035293
661 119.03782596763001 32.28582977662836
662 118.78822109915316 31.7548529182626
663 118.71997107842999 31.97670590770714
664 118.77765608034404 32.09544711170517
665 118.74481171531825 31.823099931570454
666 118.53182917377944 31.983292056915953
667 118.5211848974056 32.0224478885962
668 118.78433634249625 31.947651471632167
669 118.63120400235613 31.890915808296217
670 119.09787561255818 31.796786896284523
671 119.17653509211218 32.33829273463351
672 118.69962106735096 32.00428972503873
673 119.00959541394728 32.152850465106354
674 118.75587824126109 32.01886990761043
675 119.10289346421507 31.843180067197604
676 118.80608985139311 31.980260856548615
677 119.16110190857084 32.260284725056124
678 118.9598372916013 32.300711738159514
679 118.58195366977817 32.35189197393092
680 118.59584392317387 31.77407221988956
681 118.78233169356162 31.88672819584182
682 118.90228742566309 31.690640948238922
683 118.86041364713823 32.39180486220258
684 119.11278669575736 32.10553078241182
685 118.50352886804241 32.166859936114705
686 118.57995314133584 31.949007102156102
687 118.72139092005816 31.795035570333592
688 119.0995149601029 31.91914574799394
689 118.51101270541427 31.835014995148814
690 118.87953529202184 32.02400900270504
691 118.493680694185 32.24904123896434
692 118.8823159633109 32.26356777511172
693 118.83465249514113 31.834804556378614
694 118.59520291860906 31.74589322670375
695 118.91290416106933 32.18114680932257
696 118.9373079710451 31.941041488221206
697 118.821332120084 31.749058161683077
698 119.052574949337 32.08543167807542
699 118.54505581880352 31.686286127274926
700 118.73021938243622 31.679868527918035
701 118.83776126449703 31.61097221868268
702 118.72320117317109 31.751235117467655
703 118.58460111690509 31.983208256373935
704 118.57561255291745 31.73976776404094
705 119.04234113961826 31.649764286146866
706 118.68566503938753 31.995112119016266
707 118.96347671867137 32.330333385814356
708 119.0958321822736 31.61171266092743
709 118.70783782472151 31.774428633343312
710 118.62660699371885 32.322793123873204
711 118.901472749384 32.10752488538588
712 119.05286083264802 32.26631871923831
713 118.75084324021903 32.32297524958464
714 119.0920516136646 31.786262644804204
715 119.18950558737595 32.195620752910926
716 118.96283192248538 31.80601389138087
717 119.12715520450554 32.34992131886087
718 118.57233190619611 32.36418550049089
719 118.77412672806713 31.730644947851626
720 119.09756806489122 32.258701854736564
721 119.00821977999502 31.64794601705565
722 118.56966406750065 32.08066482672299
723 118.65868442700766 31.981167940265674
724 118.72739994851057 32.078137585289774
725 118.94735308512338 32.20430108507327
726 119.02475902142601 32.29544573785835
727 118.84479706177936 32.013300975823455
728 118.5197860558551 31.654684788414674
729 119.11449465295988 32.3315683045525
730 119.15030507118225 31.654061419535
731 118.74780490766678 32.24363425727879
732 119.06684959069815 31.70045481223299
733 118.86385941788114 32.319963069402576
734 118.82208673453587 32.106867554177015
735 119.15545648206438 31.841925187506767
736 118.50640931625418 32.29130178973811
737 118.79085947601187 31.731693738270646
738 118.65733995994957 31.771536217874694
739 118.83725549367337 31.85532483069566
740 118.82839105903541 31.919769509425276
741 118.63131872566899 31.780508657544818
742 118.89641200978377 32.33805009824011
743 118.77719907615659 31.955834321341168
744 119.14937685284185 32.35794766617228
745 119.15439226525538 31.80856345075767
746 118.76555758485037 31.969859431053628
747 119.03199383515498 32.24941166558645
748 118.9381479326328 32.40121198022879
749 118.76505837307668 31.96808408685248
750 118.6777588575564 31.971596642638108
751 119.1472083175239 32.36140786185269
752 118.63848250985994 31.944974211153173
753 119.05177012505087 31.94887319018122
754 119.03632048766501 32.36545871478833
755 118.64740884159062 32.000530507929994
756 118.75765675844028 31.701635261316266
757 118.80498311561169 32.35927613686343
758 118.8466393111963 32.00015297815426
759 118.91662595393635 31.88982531480717
760 118.74425751109344 32.318389270191254
761 118.92320157156082 31.61439766964153
762 118.80118833712007 32.36298818213319
763 119.16993130699761 31.667835796255755
764 118.97756460094786 31.654587704206
765 118.87141489034255 32.34806851908841
766 118.90066702007523 31.979992949804856
767 118.58460023675659 31.74052257033967
768 118.68981196963442 32.38816678036125
769 118.9981017614539 31.860526869938067
770 119.200834289846 32.34603613613344
771 118.72156976362342 31.97046240826904
772 119.20589863494065 31.902178858662907
773 118.74797863368057 32.05933124895817
774 118.8111576237592 32.33221980889124
775 119.18113304528995 32.383419883916794
776 119.07863938469512 32.1499849389044
777 118.86768505388063 31.89188400068424
778 119.18199406255242 32.282917505815035
779 119.18644783913143 32.34392757678089
780 118.60879841010768 32.03770693986195
781 119.04804733878733 32.1700734824901
782 118.68382251925361 32.30616521616443
783 118.70620272588175 32.14780393586186
784 118.81129065735027 32.11165416248552
785 118.83599623641885 31.909740126939518
786 118.60587907654339 32.085578173338554
787 119.03213614845342 31.789397879570213
788 118.51075338736447 31.705876187708043
789 119.17476187235903 31.806508130435155
790 118.67958907870171 31.955783428890037
791 118.99476436741465 31.87327417233162
792 118.87292545744477 32.16565078986694
793 119.08098923495581 31.901040052771886
794 118.64108849035456 32.001287041448144
795 118.52469498912686 31.82535961679388
796 118.61985122023734 31.668431876616097
797 118.9792504577441 32.18144541687161
798 119.06755443304164 31.763783149600954
799 118.61035652281036 31.969428637553168
800 118.90649729198661 32.069344131768126
801 118.53700981925964 32.14264987876117
802 119.08481754681604 31.938262593237965
803 118.56423979175337 31.818792220061514
804 118.62284544998387 32.3108952245011
805 118.95138295742895 32.11929439753094
806 118.82205001880028 31.807124781777294
807 118.68651463186383 32.22573518355578
808 119.15909777014451 32.023717354616316
809 118.88305296597106 31.934484354826893
810 118.61124416564219 31.685526179310866
811 118.79123930700455 31.778616998980997
812 118.99772909485706 31.678378143198152
813 118.82656752210414 32.151450914291125
814 118.5699639448246 32.19118631936324
815 118.61560989372664 31.95493995232693
816 118.66922689064347 31.645591280322726
817 118.8756368188941 31.73665879001995
818 118.95690761814726 32.35517988526505
819 118.82996707940447 32.315414574423876
820 118.64184532804971 31.926681749118423
821 118.73915411430202 31.700705265350994
822 119.1059808010553 31.95813697862948
823 118.67384697094099 31.94479034727012
824 118.96304311770103 31.610748733050425
825 118.75897395682759 32.179612493620006
826 119.17923409854171 32.12210608488603
827 118.500607529384 32.06375289871221
828 118.71644231585724 32.24176220825788
829 119.03556905768006 32.25397414254701
830 118.52381710584977 31.763375636342733
831 118.7739269980618 31.651931939005554
832 119.16874415210947 31.903120402355576
833 118.96228469418324 32.30161155276664
834 118.59048576765119 32.22203770604876
835 118.56494519791157 31.792455478356914
836 119.1718281132096 32.200307192831154
837 119.15242400835551 32.05714448140677
838 118.62563212164014 31.82053791407709
839 119.10554267070108 32.170270020843844
840 119.02650628681793 31.83194719760131
841 118.77179005255917 31.872854428809955
842 118.65748128148168 31.756446267129242
843 118.59616093507398 32.05206548465118
844 118.63477904900898 31.963984000650015
845 118.8626743601095 32.09968596888333
846 118.52399339311954 31.615225405244768
847 118.93662941005131 31.91896802560497
848 118.92328441916241 31.634471937915645
849 118.94680354961709 31.851662390282872
850 119.07837254188425 31.665736248203725
851 118.53759992061653 32.02647363278197
852 119.1831331958167 32.33239623587487
853 118.84524263551435 32.284041002529264
854 118.83882570669135 32.00009758267496
855 118.60604490561929 31.881527141611937
856 118.96080160412889 31.616187261854037
857 119.10456194198504 32.118434398896746
858 118.54511450083274 31.842922299019172
859 118.71708639022972 31.916708233030153
860 119.0414493183722 32.10073478504328
861 118.5199085678363 31.74772184426228
862 118.90416730254444 32.04287704531478
863 118.65643382699841 31.96749882314583
864 118.86380347093858 31.902979656431008
865 118.60094116310881 32.274192467446916
866 118.74252021741924 32.19558570407972
867 118.75552111485285 31.721381448883385
868 118.77987310322365 32.32144626279281
869 119.17907512056233 31.59827815863198
870 118.60483526826887 31.796654524908956
871 118.6806548419695 31.71217078705752
872 118.97831533629672 31.86825234390844
873 118.75441667502594 31.714967190593132
874 119.14501308681463 31.81744171217904
875 118.75842785618894 31.91380946086683
876 119.17265495170132 31.98374203575326
877 118.62858192434324 31.8164735714496
878 118.83021994508495 31.66105730346293
879 118.87194451838658 32.02554197145259
880 118.90132325183176 32.09684056625389
881 118.77045310250229 32.119505112259034
882 118.86980899248526 31.6143933333221
883 118.66898881438763 31.69422854103599
884 118.67101607564321 32.12584569179467
885 118.55510978234489 31.694207934102447
886 118.87614622471213 31.662163614898834
887 118.8414329081669 31.960479143554263
888 119.18950178367058 31.892176846073372
889 119.0480474489502 32.13966628221524
890 118.98756029120236 31.627935735798783
891 118.70066156752371 31.78667232764477
892 118.6624989602805 31.825582815331835
893 118.97617867597562 31.85512811134201
894 118.65547658593383 31.615505351763233
895 118.5510784638717 32.04429991945269
896 118.72801451886045 31.6074744231385
897 118.87724933073623 31.836499990054566
898 118.6298888229503 32.33479186676933
899 118.58213429830685 31.72810520114635
900 119.11580170068113 32.105681956144664
901 118.83065689756259 31.967176159595684
902 118.51176057469166 32.33799353826951
903 118.67171636380243 31.940753377591697
904 118.53959279605363 31.761675353664998
905 118.66734348594431 32.39217727019708
906 118.79138128010584 32.180135415781876
907 118.6012540146444 31.706115803135894
908 119.14779101678664 32.02944196979015
909 118.83193712342852 31.838812172237063
910 119.10502317775925 32.297637918829295
911 119.08552250988144 31.72866331793543
912 118.58425817744022 32.12045113552055
913 118.55720988605286 32.362069634187876
914 118.898239516782 32.34154954858046
915 118.51276173789982 32.324353100820076
916 119.05695737813937 32.13135761119672
917 118.72760811914898 31.8373089778748
918 119.00594166982316 31.662498196727604
919 118.64029369938024 31.732096654106417
920 118.72575131786787 32.31494658043468
921 118.94435968485826 32.16920626025251
922 118.65185189516801 31.67213385415324
923 118.63901863551861 32.37091909678863
924 118.75887875324449 32.00627640231736
925 118.51122169506152 31.74420750176778
926 118.97959675391142 31.98406236484543
927 118.58708997163916 31.921947704514476
928 118.66211930535243 31.77001321785834
929 118.54273150132283 32.105641179417646
930 118.81167847750275 32.01985098971015
931 118.67700492869909 31.81567378934845
932 118.86689123237856 32.227457790148705
933 118.97115918704503 32.02785930958735
934 118.64250693162649 31.871224927647372
935 118.73444606911141 31.72801525381458
936 118.88502724604106 32.01027380063891
937 118.66376919450659 31.71538383202125
938 119.13830679698903 32.327512264114915
939 118.53019712567732 32.00034190293778
940 118.60451929828628 32.33275701373845
941 118.7114397021437 31.850004726310477
942 118.97220539045655 31.963792673268703
943 118.56369884363554 32.022306895332434
944 119.1267695392573 32.31977378261043
945 119.12908033888868 31.70505016296684
946 118.95541810590402 31.914843314487555
947 118.7558167777548 31.667854813986537
948 118.69099900405737 32.33516592589047
949 118.73663016129424 32.26638914663811
950 119.11871148359809 31.916032840659504
951 118.86884588781861 32.13419552645447
952 119.14999116816706 32.04003346334984
953 118.8354555840795 32.089910914047344
954 118.65181329207554 32.264770730364646
955 118.55617738630917 32.3857901847197
956 118.97145082453031 31.67335136994714
957 118.70681886260445 32.051364121464985
958 118.94101098511759 32.31981492842664
959 119.14465232707812 31.910375833795925
960 118.5095712123422 31.80066186559951
961 118.5426893374664 31.698430052033018
962 118.73851883735679 32.101529962811234
963 118.71338663963455 31.775216638269736
964 118.76594835057372 31.904315600978013
965 118.80576451917632 31.911905108877985
966 118.78912096253566 32.08417678071881
967 118.56681019176062 32.35999528129846
968 118.73109360878114 32.38791416740363
969 118.58441881548363 31.83091672830211
970 118.63465568055649 31.818457918900414
971 118.91079945836158 32.17721524246567
972 118.5343019022317 32.15436902936147
973 118.70021456515062 31.823468475799285
974 118.91708714956134 32.362508238218446
975 118.68993502158983 32.24979751740416
976 118.86981867534429 31.755160418907106
977 118.8102014265165 31.99311663303147
978 118.93088501923272 31.66879442640647
979 119.09526723093478 32.01668808456554
980 118.69873285795708 32.050896658216516
981 119.12689282723602 31.75772052439902
982 118.95751767153938 31.673584475653417
983 118.79247733980216 31.740781737068286
984 119.06891933020891 32.00218073887416
985 118.79259932016788 31.656797511804836
986 118.9671965578842 31.748634936926916
987 119.11238402541413 31.749329190377253
988 118.71982972655167 31.93974567607818
989 118.8310380269883 32.02416331462544
990 118.78071360052307 31.88981426135038
991 118.5828211968674 32.112260313994916
992 118.56684861533986 32.329704907171354
993 118.5779549032186 31.792616744024397
994 119.11148008031007 32.393199265802586
995 119.12248873625762 31.869469134159573
996 118.73560775849393 32.08209124678743
997 119.12493621851081 31.890423974238022
998 119.15458159033402 32.14096400538527
999 119.03553753186803 32.292588205373434
1000 118.66130517553145 32.23924586102147
