1 118.94186482939269 31.95149619885524
2 118.89487780072571 31.620650471124435
3 118.60943298850867 32.04242679730562
4 119.0714097880307 31.953484786247774
5 119.1886434178329 31.93782533041323
6 118.94599777010474 31.86715342873456
7 118.90097138255445 31.764659029829954
8 118.6052826222723 32.0902997504092
9 118.69310130871489 31.840099095852132
10 118.75751924505954 31.81573029416423
11 118.63374177955828 32.09539312350061
12 119.19639742325192 32.02554024747376
13 119.14677047271421 31.704757646833354
14 118.7621566320296 32.01122438531498
15 118.60184775828395 31.74726368767369
16 118.77519795245144 32.23217317879219
17 118.61046241505993 32.28916639760906
18 118.87834526328892 31.995009973380636
19 118.6268354848168 32.274421243573265
20 118.53074675218713 31.65870302412617
21 118.9248428014082 32.001699650910865
22 118.76917031879796 31.647970882810274
23 118.98014998599191 31.94521694486444
24 118.86612509406686 31.67706618405781
25 118.9392026343257 31.706506313578256
26 118.71844858086169 32.07292576470721
27 118.90539553808217 31.786487277898136
28 118.84121018160775 31.680427955458565
29 118.91534848606746 31.774554813557295
30 118.51043064257223 31.880823560052445
31 119.1762658829256 31.967100344969086
32 118.66618279763301 31.758193337134443
33 118.55615850821016 32.11462148840658
34 118.70799681439769 31.985130794291155
35 118.98215407491604 32.00496742774495
36 119.15413086058619 31.910851000589727
37 119.09246435509964 32.23138437137934
38 118.72505800220799 32.064471790469234
39 119.08279146760306 31.728261075200482
40 118.53715276607863 32.156689671754194
41 118.56288077647423 32.37032904135067
42 118.627289917701 32.0039912490539
43 119.04956239937948 32.31225984643343
44 119.01105554092987 31.87524826703365
45 118.59499493826083 32.05626048322555
46 118.99419496250766 31.941694647560773
47 119.03425611375049 31.95043423947799
48 118.63019837228535 32.22398208898586
49 118.96899922891926 32.026320357273775
50 118.78439190118851 32.36592687822224
51 118.5528494040484 32.04199353369805
52 118.86159471209433 31.670049259042884
53 118.84914895380146 31.89242568215424
54 119.11527900527729 32.277661004827706
55 118.8904342348834 31.92797418617322
56 119.09025984889873 31.622213973030938
57 118.823029044057 31.799597130964838
58 119.00356321034688 31.64870858566809
59 119.1748463153515 32.39466390899313
60 118.51447863690638 32.37901099796112
61 118.81323980470441 32.2470282694364
62 118.7987573030899 32.084624155107164
63 119.0395186287395 32.205315403133554
64 118.51060941536024 31.73864729543573
65 118.90332061490744 31.83514657923039
66 118.69305681834246 32.01726687427308
67 118.83138340550593 31.88708653055
68 118.99658892153185 31.63645280947683
69 118.9435131252167 32.386018598441076
70 118.67034292183811 31.95487859311225
71 118.64231809755937 32.0052286878206
72 119.09470144715702 31.86308118445621
73 118.85487396244237 31.80895655875701
74 119.18491369906111 31.905576768212235
75 118.96032996391034 32.26805245287485
76 118.65799709087855 32.18855794132279
77 118.62029024931354 31.8979487898114
78 118.72322860337968 31.60961711962026
79 119.03745777609763 32.23387045644554
80 118.82653827330135 31.8190227465938
81 118.90434896212274 32.06718844707796
82 118.91742500037873 31.616715601148453
83 118.62012806360481 32.129421795626826
84 118.7392046293809 31.903454703154164
85 118.70224839405142 31.99523139859882
86 119.1491248502102 31.930500889028593
87 118.509910940532 31.880843952662858
88 119.17474995917057 32.040687417176734
89 118.6008030871846 32.37982504267575
90 118.88125167249287 31.688739234897874
91 118.68868224066235 31.858299928948053
92 118.71386231684792 31.631274237700527
93 119.03640778977335 32.19608882914236
94 118.98635100324118 32.126981898232195
95 119.03932787992096 31.774850956665734
96 118.6334305682336 31.93342178032744
97 118.64289064383628 32.11262514215635
98 119.02794176391049 32.12494820296336
99 118.58727667344408 31.73145433109594
100 119.1297265171358 32.30213586579209
101 119.14259296649679 32.2262113497513
102 118.8547949208824 31.708353306805762
103 118.9925274933154 32.29193376764147
104 118.73047565481018 32.20410392360249
105 118.9490207986171 32.23871918977974
106 118.51955459954053 32.03564452994351
107 118.65287814205966 31.777075991428912
108 118.81747980277008 32.33481978507653
109 118.84126970201267 32.070369381623905
110 119.18908412004274 31.87529418805832
111 119.20472874849553 31.812819982704976
112 118.5799723843569 32.334017996633065
113 118.69093609135695 31.93689427685192
114 118.55480703387768 32.02981187599802
115 118.73755198605944 32.08617333471457
116 119.16715453586873 32.2598704996481
117 118.90010660156298 32.093148526977565
118 118.52426644423696 31.740636338470416
119 118.86530508642893 32.06860223095995
120 119.15299118283002 31.994683748295984
121 119.18412980888833 32.04260780876267
122 119.13864580116181 32.15837271518713
123 119.03631682328185 31.798419508278425
124 118.67389043566813 31.75349640079935
125 119.12796570152851 31.690695146334555
126 118.71018128746569 31.8224009626591
127 119.10924875795533 31.608094582519936
128 118.52757345465047 32.102305930573145
129 118.53773914663083 31.83237823877411
130 119.06294788621642 31.75343070441896
131 118.5753508455684 31.67472052667043
132 118.80622805208613 31.828354961975613
133 118.73925352032508 31.769274512730977
134 118.69486387615942 31.831099031351037
135 118.75851206015238 31.97613863246133
136 118.83801916902334 32.04314526541713
137 119.09192410058068 32.27688598395981
138 118.9306962812559 32.38990188284604
139 119.13649430068584 31.638377074415544
140 119.08493174206272 31.787558937014158
141 118.60056010881802 32.11479163050947
142 118.79465063038094 31.732164185237732
143 118.87290572491882 32.29791887572652
144 118.67892288775434 31.776103656820208
145 118.89504060998061 32.18977350108703
146 119.18366549178776 32.11868947922684
147 118.65371123991044 32.23983274794024
148 119.04727429807714 31.623395510846542
149 119.1960351438073 31.79218254713617
150 118.67993459237283 32.16485564448088
151 119.0987601367955 31.67208523350085
152 118.61673719973074 31.62217424432777
153 119.14816140004922 31.884822893113213
154 118.713120412251 32.06903774327704
155 118.695779654196 31.641322455826447
156 119.13541178715076 31.65281119534251
157 118.70592640240581 31.629400471353144
158 118.66006670172959 31.91970476682628
159 118.7179357997585 32.1386159756713
160 118.97540962568463 31.760495723682293
161 118.51611807667665 32.29958046635955
162 118.61054254762392 31.951200734075965
163 118.57783448996987 32.100712342147446
164 118.86733706093267 31.83377579946504
165 118.53570255679462 32.09169223422049
166 119.14156636729757 32.365458485382064
167 118.83105360108345 31.958878061001986
168 118.93144020091496 31.767560613084626
169 118.6386569925441 31.940845241022863
170 118.9873357967896 31.95655363677744
171 118.51341855422623 32.009402333756974
172 118.55820710423333 32.02044346267742
173 119.13724415743899 31.63303362996005
174 118.64870298073754 31.726875125575578
175 118.847411981106 31.958846610933815
176 118.86913620804651 32.165662798600806
177 118.62981155454824 32.22331647847624
178 118.91109440280157 32.220797620156404
179 118.68292760708822 32.00323066673572
180 118.96064365396052 32.3688924694453
181 118.68280929881968 31.86783750637314
182 118.79895486330012 31.987458014185513
183 118.84935723129782 32.19948066941121
184 118.51253906377758 32.285798951050474
185 118.56812624351167 31.931276522372194
186 118.5653112671234 32.280747464919195
187 118.81124997646066 31.955520921222696
188 118.87925014703802 32.17429989557735
189 119.1800269521727 31.610689176565806
190 118.73888464997049 31.616402914199877
191 118.62583646299335 32.349895757538036
192 119.17785037170617 31.688033581952062
193 118.87393651546773 32.126968545760626
194 119.17017811373883 31.81993775319981
195 118.74670644140365 31.763784064330533
196 118.55399896385921 31.911369710036357
197 118.81865168981805 32.34140982963575
198 119.19114086767595 32.06004512310504
199 118.54875170547663 32.33081364587714
200 118.83029392756514 32.1657088959471
201 119.09772068941572 31.9988679459882
202 118.64691788233198 32.00227714052679
203 119.05128314744768 31.77374633109857
204 118.5456798028151 31.60119912344175
205 118.71926576248636 31.935541542547714
206 118.62198533990004 32.04940193625474
207 119.18268757213217 32.30138580064075
208 118.92321428025674 32.136595961278005
209 118.69933323778251 32.275105042673275
210 119.1455434015376 32.34056227737308
211 118.89230636437748 32.349975854950216
212 118.75061558835867 32.25050579775216
213 118.99215997656083 31.70549470362999
214 118.97331606082527 31.87541241465252
215 119.18101297675456 31.765594014588366
216 118.54692124660781 32.29259460597706
217 119.11076370486376 32.23514051302499
218 118.95863752799382 31.88382707420254
219 118.60905720480189 32.056769717691616
220 118.77791974427588 32.24564988778722
221 118.53866681665389 32.26933438904945
222 119.10578450189536 31.768549754333293
223 118.57180697073761 32.18514001052071
224 118.65257156360303 32.238914518757056
225 118.99627044935814 31.634574841035064
226 119.03708175180381 31.687229674957038
227 118.6573210870106 31.951341480194472
228 118.60617593892879 31.772025455605093
229 118.51790178680922 32.29949282373672
230 118.55180315101263 32.17913597665108
231 119.11951714547807 32.17251791432134
232 118.62994907973145 32.21503130488256
233 118.78549494718632 31.865536544167085
234 119.04103745649715 31.79095501815919
235 119.18931165967369 32.10420644599675
236 119.1104826546158 31.929393274696544
237 119.14794233783235 32.34608755270166
238 119.0804907282607 32.11215088906466
239 118.74201971453734 31.910352653424034
240 118.95156004272013 32.2844446767001
241 118.99787637725622 31.90667043483055
242 118.78912779716072 31.737190498893526
243 118.92452466718164 32.226421849107346
244 119.17825573052772 31.982092550688986
245 118.73228633551027 31.81039581448594
246 119.14498662480567 32.152099024224455
247 119.19120747870873 32.38896927901934
248 118.91253172232459 31.802494809009644
249 119.13966718215649 32.23053756417873
250 119.02265117702157 32.208625082223506
251 118.99796094572719 31.700009407044593
252 118.57823472738798 32.27314499106751
253 119.02377686042011 31.96856361016622
254 118.62486831251742 31.699190588295544
255 119.02838086177917 32.02906382566026
256 118.53973641352793 31.843456470875477
257 119.11692279992009 31.73742034251252
258 118.62915449304153 31.66155385845826
259 119.0967998772458 31.760416645661078
260 119.12243443057949 31.943931846712456
261 118.56972445841161 32.112234092120836
262 118.58221132664279 31.66592529339749
263 119.1823875765493 32.174517461767216
264 119.19294844472196 31.681274939142387
265 118.56519252310095 31.733861101211208
266 118.94499789164955 32.17618495947474
267 118.75906775167373 32.302583448173586
268 118.5416132072923 32.38477704345908
269 119.09539963326172 32.12501783015774
270 118.96564451717727 31.981551060463023
271 118.54770506686208 31.6716249785528
272 118.81460326601979 32.048477331455466
273 118.78790187722466 31.74706167123282
274 119.18960068056514 32.01211415219125
275 119.19350868297126 32.08900490427908
276 118.6587725224282 32.26433802150963
277 119.02806252669191 31.8567790177833
278 118.96247254736231 32.394178163997154
279 118.8067197408164 32.3920383028719
280 118.90556368457841 32.260240919727224
281 118.7841278570468 32.15625579933488
282 118.52867755121974 32.18878000614343
283 119.02660191549133 32.30231807502136
284 119.05551563071012 32.356466377899956
285 119.1521539736862 32.28284617231914
286 118.86576523436145 32.11069739549041
287 118.54493113165117 31.657261195047454
288 119.15571796602428 32.102315852460976
289 118.67937492496054 31.885401112682025
290 118.59501519999691 31.728487917436016
291 118.60766375732898 32.31370296281094
292 118.91349114970852 32.25830801128068
293 118.7747738282044 32.01242466479464
294 118.99033128166805 31.96614533343586
295 118.55656734916289 31.995165941660318
296 118.51056334528151 31.805765779733246
297 119.17325354817616 31.92468682826847
298 118.55910585850485 31.94821442492489
299 118.74057307187877 31.61216474458546
300 118.51619111456291 32.31628508261999
301 119.11366301163135 31.622244173490976
302 119.09260250024447 31.902326185260982
303 118.9083196175549 31.679127973995072
304 118.6125625946562 31.759833580619713
305 119.06272411655196 32.355390855751295
306 118.54420627801522 31.897325200810066
307 118.81940488755498 32.182877624707274
308 118.71971319778267 31.699997035311778
309 119.20215743958695 31.803717888438324
310 119.18155999230778 32.300266683471285
311 119.08411403183177 32.32235487499983
312 118.8157407608846 31.832527693332388
313 118.85445705658479 32.377212179989435
314 118.88779903823685 32.13897011434723
315 118.8864089757246 32.00267077052937
316 118.62798173931716 31.899933206373877
317 118.64660204507943 31.87063090192589
318 118.99528264790648 32.36492555816515
319 119.0895643444916 32.15212230271837
320 119.16896720732345 32.02326559237679
321 119.03121373445448 31.634015982500713
322 118.89033275610856 31.795644414158225
323 118.55951596396156 32.350300139787414
324 118.55850127169218 32.04633309073759
325 118.60940746668014 31.883224865432865
326 118.99392388194333 31.607673249668142
327 118.69448921462073 31.80041047127089
328 118.79734822110525 31.804803174693454
329 118.6112154249172 31.73795812350569
330 118.66099328029149 31.877187704513446
331 118.7609343558531 31.761189670885784
332 118.92802763369382 31.655916367494314
333 119.19011075896228 31.678928941787415
334 118.58873580152618 32.00227007623325
335 118.70325729658089 31.656768396114433
336 119.19722518978958 32.346277666738615
337 119.11558688212222 31.76253326860586
338 119.16835832041382 31.98056181263947
339 118.86767720879888 31.932614146758254
340 118.66710547706717 31.836824251459937
341 118.6452772185034 31.858437424915174
342 119.06020788158162 31.7716350803534
343 119.1515515283161 31.822526147683597
344 118.93036957807193 31.69076353136127
345 118.98608138401565 32.15203286623748
346 119.12209597839316 32.113351547614215
347 118.68095130944934 31.85138217050721
348 118.90796282613823 32.30756293123836
349 118.89426803357999 31.905937409977646
350 119.14634479660477 32.093751399422615
351 118.72709903937638 32.01256539847125
352 118.5983359302475 31.85750837779404
353 118.56813187055634 32.34587902862867
354 118.69964743714304 32.276046782634346
355 118.54458502489015 32.269941636247374
356 118.72092367200592 32.36058550751992
357 118.90325078153344 31.607179098557264
358 118.80805337222706 31.991246940941405
359 118.95008006944592 32.35098862293976
360 118.86709619722026 31.707123343902794
361 119.03286071774156 31.797992840571528
362 118.81574362005378 32.00022998852405
363 119.04148756436125 32.138092442297335
364 118.83453946995529 31.86467508349436
365 119.01005419793361 31.844059482399697
366 119.04183970929894 32.22056051115465
367 119.09630118392745 31.622747003658752
368 118.61550712782066 32.22903297637668
369 119.00654405152824 31.94681397760643
370 118.5107717005515 32.10150923607227
371 118.78175100031315 32.1668760072894
372 118.89964384903236 31.68207264169106
373 118.5217320807399 32.32076430940838
374 118.52956802746176 32.25446509996705
375 118.66273689865952 31.903744329564994
376 118.75458331552338 31.754858877342976
377 118.99399615509215 31.649379091389584
378 118.63468710386437 31.849148817161208
379 118.77750976668261 32.17306947372918
380 119.13513213185476 32.25167019962854
381 118.7287073254045 31.85989308831159
382 119.03368217532943 31.771933018751728
383 118.91103288817334 31.865517138331274
384 118.54118583098115 32.37189629509333
385 119.18126852436848 31.6768774539665
386 118.5766972588009 31.735758391089515
387 118.74245933202783 32.15446838893867
388 119.16448348740813 31.71576687188503
389 118.6706713045261 31.81628606309269
390 119.16445976496814 32.245568771422086
391 118.96316042967634 31.839713244174334
392 118.6290654163568 32.076388934457924
393 118.5959862953415 32.056230006501444
394 119.18621206964909 31.811258519582363
395 118.81406512909435 31.797688154790293
396 119.01722824666467 31.83598862259552
397 118.59227387332948 32.30263628679636
398 118.85097456455257 31.61784420104958
399 118.57135943901265 31.674362957074358
400 118.84914076181356 31.866137527834308
401 118.50722124397745 31.778003366231815
402 118.5273723883454 32.04779536638713
403 119.13625907652238 32.03093725870539
404 119.11624360204553 31.99525527085815
405 119.03926865363282 31.83996410597548
406 118.86717053631683 32.00511142573577
407 118.61695230391355 32.233428456953646
408 119.00843022650832 32.250725126299834
409 118.64703223588792 32.02111557191744
410 118.53986862040873 32.247730010508434
411 118.71976058346326 31.63544021413312
412 118.90855282357249 31.728637970574066
413 118.91144921402403 32.196836706248185
414 119.08071205335773 31.910360480915404
415 118.77065823286432 31.854914344021182
416 118.60620918870009 32.06095871668856
417 118.52564323920623 31.89694387121321
418 118.63217966356108 32.32886698210632
419 119.152764234023 31.914468017100823
420 118.52977213638204 32.269836043252795
421 118.949517957811 32.08736592574432
422 118.81174996016208 32.326302297344924
423 118.63520514534395 31.984037005682787
424 118.97878039080159 32.36708828419888
425 118.91690814209144 32.05924590066623
426 118.5478917242136 31.623434130435754
427 118.96647711994629 32.187727645235995
428 118.5511375594746 32.28491820997076
429 118.66280293031572 31.67889169234636
430 118.89459538362836 32.36614844642695
431 119.00418449897806 32.05168593371395
432 118.90330383166028 32.190301972947964
433 119.12706861735249 31.78046955063761
434 118.9924672034464 32.35056604122938
435 119.17648366707644 32.11509407566989
436 118.69086380837788 32.03375173422917
437 119.18664927308055 32.36739976075521
438 118.64506053008769 32.04643186228781
439 118.63382453987903 32.02070022550745
440 118.62721307562441 31.637669397596824
441 118.5833311398566 32.03637981295073
442 118.93516327066361 32.19244631442829
443 118.50542693004397 31.891519316261988
444 119.06816647116696 32.139824554740684
445 118.91931197204471 32.05230064239153
446 118.70728978149377 31.766032038814487
447 119.12553493333579 32.035442742975505
448 119.08981684797374 31.982642959509157
449 118.94205058814727 31.874346821856804
450 118.55655621910556 32.132983392692786
451 119.17975136008158 31.65126283967497
452 118.9292387827498 31.901060786265052
453 119.1221018320544 31.94431609028806
454 118.61298418289543 32.38380880992315
455 118.52217432908198 32.16094360573403
456 118.70923158114336 32.09727437812458
457 119.04129916908033 31.723781106044264
458 119.07942948690007 31.952187894802407
459 119.11647570704966 31.8994515618317
460 118.74108072581768 32.353655072159384
461 119.07124725245363 31.962253641485166
462 118.6088795641578 32.284169148364505
463 118.88238977732779 32.121433613815746
464 118.53522723340623 32.30390102539031
465 119.00037500335677 31.602036204405707
466 118.74629263844355 32.341924067881465
467 118.57366693835756 32.35690839763967
468 118.96107534363911 31.72698231368588
469 118.79411292284847 31.652745694750248
470 118.7246572744966 31.855468084552097
471 118.75349913631672 32.074435062194965
472 119.03499119210221 32.02070724109829
473 118.79072433164319 31.94789907173072
474 119.1150953837694 32.33903654098648
475 118.6067620431779 32.057978468626374
476 118.77238731949008 32.350852827607724
477 119.10579548371888 32.058684639071686
478 118.91003729793695 31.7477225880631
479 119.00713736791275 32.38878561580495
480 119.08312030497343 32.39465763233304
481 118.87420184965714 31.960445531507695
482 118.58589298664046 32.20813237110514
483 118.7266499718734 32.11163958255181
484 118.68026156952689 31.754019082627924
485 118.60425839651843 32.061680126013016
486 118.92542400132638 32.12093818020989
487 118.64921721881403 32.07372282116608
488 119.10323140055334 32.02758632255433
489 118.82001525937018 32.07165813966483
490 119.06479900155372 32.16229137058651
491 119.09247358558214 32.21758650190294
492 118.96581406183695 31.66989026236839
493 119.0722325858179 32.32766118409743
494 119.05685231272528 31.961886537794573
495 118.90512218876418 32.157051751126176
496 118.72700852303998 31.905880111447416
497 118.78751073033823 31.640029368508316
498 118.71756878977259 32.1321529113623
499 118.8389336581863 31.89395244737
500 118.77708308168742 32.04596865142864
501 118.73661435705876 31.814088485173578
502 118.57812535709677 31.763814488729036
503 118.78617946080875 31.832932976264424
504 118.59649598425136 32.27379092148027
505 118.75588405334983 32.33622248613617
506 118.57710295517437 32.38202939069549
507 118.77190725295314 31.932461914295505
508 118.87516958402492 32.2217184434463
509 118.54836125053347 31.72872476504774
510 118.67729039517859 32.18950885693074
511 118.79714436197456 31.94143116317072
512 118.68922117023604 32.28032041959413
513 118.89551817894119 31.756453189363874
514 119.06724485359402 32.25611994416711
515 119.05406870934564 31.660026384508647
516 118.65423528435957 32.279895841581535
517 118.63837138948283 31.940109793697697
518 118.88819220498496 31.710523497542056
519 118.75799275120899 31.842711285885674
520 118.52902249978726 32.1685630873693
521 118.66170068933775 31.958444456316887
522 119.17400030201387 31.788362184682473
523 119.17299200738758 31.791830870258494
524 118.74885976477843 32.151780718222675
525 118.53128298976642 32.1142564407569
526 119.06267730546126 31.653060135849195
527 118.69305701077879 32.25201506442799
528 118.53327972070491 31.713874377567016
529 118.66995134989652 31.79213197741304
530 118.60300523531205 31.610496660155782
531 119.13541013753394 32.009162570972606
532 118.6312829242274 32.28718665119726
533 119.02369679403358 32.33775461559137
534 118.59734310981722 31.968549232898887
535 118.55495454090992 31.682051402867952
536 118.75882336388771 31.983838066744585
537 118.93117235385867 31.83559701438963
538 118.87314302832326 31.850234825802104
539 119.08524965680006 31.795902966740073
540 118.80139734742326 32.35358338848744
541 118.93378435186722 31.91935696242634
542 118.53748478752188 31.603490512156295
543 119.0178204770044 31.998038828202763
544 118.98153297266519 32.1584955871215
545 119.06487777641651 32.253156687545896
546 118.57496040890433 32.19812144253051
547 118.82871167839946 32.16325940076593
548 118.9605966829754 31.7615517879637
549 118.50146310392095 31.8823016244602
550 119.10179383401828 31.97144140248481
551 119.07305324123045 31.715064843362796
552 118.85981073220734 31.943388744968836
553 118.74064014533006 31.681790386120834
554 119.00447861079263 31.672195612726277
555 119.1214994096553 32.26678955059554
556 118.84170208987526 31.738839840739494
557 119.11575678040305 31.97612054429965
558 118.60340234223062 32.09659604595797
559 118.73048196511857 32.352942694061255
560 119.00160643733697 31.845681901636667
561 118.75746353621955 31.7495915323926
562 118.86216892510078 32.30518493377648
563 118.95658515894044 31.84613003753003
564 118.91913867374556 31.817241393593537
565 118.79874580083252 31.719476671174146
566 118.60061337264494 31.956092585331064
567 118.78965367226985 31.785424608334623
568 118.6600725784155 31.888098828444146
569 119.06681135458398 31.87011083647179
570 119.05560380002242 32.10079936422419
571 118.65354503678617 31.950980670266336
572 118.90833291495387 32.135230218485624
573 118.96310518814998 31.837327411291195
574 118.8040532566834 31.863007665353482
575 118.5611641500178 32.40124564160238
576 119.00788397764289 31.7872905278588
577 118.55815127375736 32.212503762903566
578 118.97348237707918 32.15260368731547
579 118.56068895509038 32.11682673227713
580 118.91643905406862 31.697871538027893
581 118.69394271113853 31.60463965360803
582 118.78054818939857 32.197800370381074
583 119.19163937006606 31.67217537994417
584 119.16107423096224 31.795298767105226
585 118.9024078891954 32.391052403051916
586 118.98513127698992 32.36846502640767
587 119.06714233520158 32.335093675324295
588 119.00155831251277 32.06529432029121
589 118.58981839854246 31.97297927458926
590 118.81960588225157 31.970350694803884
591 119.08523098120916 31.872079151542064
592 119.02236478047084 32.376620209438684
593 118.65722947083272 32.24975060650591
594 119.09928132282343 32.39469969035262
595 118.93160996016356 31.834300433206124
596 118.70309366966038 32.06606656098002
597 118.53869075358482 32.14269172748365
598 119.01678479356924 31.90704445517767
599 118.8046900535479 32.06349785934151
600 119.18390169871388 31.757210988807056
601 118.68135834408727 31.85563326803967
602 118.54942382006993 31.708946882272993
603 118.66925872962314 32.115298838759195
604 118.7865924440643 31.865094604621028
605 118.52500259912294 31.93888556860128
606 118.76853002732697 31.901834401677547
607 118.6718821518327 31.642608838902284
608 119.19364771459301 32.31669030626623
609 118.6201724585568 32.181670103331925
610 119.09802191869872 31.859714591176324
611 118.61564824230636 32.32215401101475
612 118.90648633686104 32.144757790616396
613 118.96184308049925 32.392645446189235
614 118.8778062688548 31.97088852083195
615 119.16236507885267 31.68945457839323
616 118.80371871304317 31.697588344273427
617 118.95508173416788 32.20057016101051
618 119.10822128551789 32.06460399030498
619 118.66415495618764 31.77760002611635
620 118.87779326477717 32.035262704721056
621 119.18513784782984 32.02323669968178
622 119.02997364417284 32.29054736410889
623 118.99609497081376 31.642328888061687
624 118.77346166676605 31.692668531486117
625 119.09927081820965 31.950158300715646
626 119.08753188636986 31.707980742346926
627 118.80999877545807 32.39162413049982
628 118.89503571372941 31.759643719675445
629 118.97848495606159 32.093718020412936
630 119.04938876966149 31.95603035213603
631 118.81585779718083 32.225494301078314
632 118.73701376122771 31.63941133426373
633 118.59640892607366 31.85302957379419
634 119.00632647007947 31.975746095339996
635 119.02625410596134 31.686691319015193
636 118.63427903374175 32.10964705165938
637 119.10382782527013 32.028112240069454
638 118.61032042095232 32.26083787791258
639 119.0747768841674 31.955078574087594
640 118.59096062451594 31.84082176859446
641 118.95262467070863 31.848157022705728
642 118.86323710061696 31.78943604880556
643 118.59864678032967 32.34704788767668
644 119.00069947028555 32.23718350281335
645 119.04025121160869 31.87693200910724
646 119.12360343073198 31.958471314770296
647 118.84159569275796 31.67873330869367
648 118.86507170718876 32.07206858094505
649 118.9566096891468 32.18470975201741
650 119.12847007902721 31.783143867838216
651 118.76721983373461 31.955623775282124
652 118.97900640739255 32.13894586665603
653 118.91840823816347 31.958321551487863
654 118.62580120204045 32.043406441119885
655 118.97565787617536 31.75828709804748
656 119.09171976663727 32.24089525691326
657 118.82824923759715 31.681632016154005
658 119.17025115864547 31.97400615786227
659 118.88515099840576 31.828536774717428
660 119.11705551026479 31.68130735549516
661 119.03302500932094 32.28771443075801
662 118.79192725857233 31.76056492304368
663 118.71846739758921 31.973380236792313
664 118.77296653868493 32.08808969877992
665 118.7457274491365 31.81613008455334
666 118.53576050947754 31.98897278294197
667 118.51353910774853 32.02652644282931
668 118.78204705926798 31.958685088389725
669 118.62819171241333 31.88861808809694
670 119.08805941219259 31.801470749308788
671 119.17685887411602 32.32951868222394
672 118.700388876736 32.00869133278811
673 119.00191582402212 32.1562636019314
674 118.7593818611123 32.02639043447032
675 119.10589015876978 31.836431023471786
676 118.81163928308523 31.98265152137441
677 119.16120210852783 32.25767961049571
678 118.96030301223816 32.30176995799984
679 118.58181891733952 32.360356234787076
680 118.58795085173311 31.771336561716875
681 118.78746352903933 31.881546424171272
682 118.90077659213532 31.690656457610828
683 118.86814087795962 32.39363021434581
684 119.10754937457592 32.10318637828109
685 118.50195346298597 32.16379218897608
686 118.58024089333784 31.94962299199567
687 118.72148130999842 31.791759545730955
688 119.09866868555903 31.91415123355249
689 118.50829687892298 31.834319532534177
690 118.87836185965374 32.024460748636606
691 118.49743458103471 32.25126433131475
692 118.87976793452843 32.2655703846219
693 118.83536300128489 31.82924077055107
694 118.59522815901217 31.742480993876402
695 118.90858757341005 32.18265317698186
696 118.93441275480384 31.939797865961214
697 118.81320253357829 31.74566005728559
698 119.05309276147449 32.08208297328068
699 118.54048843075829 31.68612464091653
700 118.72308815136032 31.6774324439237
701 118.83700453277608 31.611300950740333
702 118.7283844479169 31.76197421292883
703 118.58542568351324 31.98611193019358
704 118.5856524617641 31.733217906243084
705 119.04263793143974 31.654672036210968
706 118.68579532803368 31.99504803689783
707 118.96515683044578 32.32726231920498
708 119.08970229229152 31.610352766380867
709 118.70444461841316 31.782599180028026
710 118.62809049130774 32.32096743551762
711 118.90152948883181 32.108375315593285
712 119.06361411440066 32.265507718910044
713 118.75118186084103 32.32848698907396
714 119.08506374059257 31.77516236247744
715 119.18988884216677 32.19293539508103
716 118.95510551959342 31.803773103219054
717 119.12394058950899 32.35250873099847
718 118.56825274741546 32.367412911069074
719 118.76810016865495 31.72879819376362
720 119.10240301395588 32.2542626753428
721 119.01045458040771 31.643500365183456
722 118.57352656470628 32.08039792784816
723 118.66668769624637 31.981368109445462
724 118.73196325861828 32.081145717698284
725 118.93876193768777 32.20711488107822
726 119.02205073753461 32.29513197982018
727 118.84103315919918 32.0032647368895
728 118.51908031750924 31.65737631210276
729 119.10823000787833 32.3279279854329
730 119.15098105399325 31.64855673037264
731 118.75230473169205 32.23638385444958
732 119.06347415616413 31.70154217199779
733 118.8660605984887 32.317803696671206
734 118.83121646381692 32.10758583972356
735 119.15458364105544 31.84396878820373
736 118.50442003387896 32.29282621281681
737 118.79252301317788 31.74602710327691
738 118.66114631197 31.772023852093394
739 118.83049378275385 31.85882888132869
740 118.82505087756064 31.92726577869616
741 118.63524081755669 31.778239685374082
742 118.9016915399806 32.3308189926323
743 118.77473780305867 31.95164111148882
744 119.15611090482551 32.357336669499446
745 119.1536476328886 31.80575983486162
746 118.76328130752024 31.973801826717327
747 119.02683450484496 32.239598111132295
748 118.93417536466337 32.39382393147107
749 118.7667292056356 31.962251191417003
750 118.67955090041285 31.97544837128004
751 119.14451738916028 32.354111866597215
752 118.63652668372445 31.94663826361777
753 119.05166542695984 31.949338000159447
754 119.02869280418146 32.36434039434449
755 118.64626609198329 31.993874691384832
756 118.76095837515838 31.707107370601417
757 118.81002551184889 32.35594212012605
758 118.84748274288786 31.9984284675188
759 118.91776460080278 31.886184753013513
760 118.744627474563 32.318986243503424
761 118.91737541467829 31.611276693558207
762 118.80615539182678 32.362604283144364
763 119.1662882738226 31.664363148401236
764 118.98475772075197 31.66102518002029
765 118.86600343471945 32.34626842581567
766 118.89725989205175 31.978801975931177
767 118.57899654845134 31.74462661357253
768 118.69092135898028 32.38256110426063
769 118.99314599186143 31.866793520104785
770 119.19203139821839 32.34932696822584
771 118.72122457377014 31.967922459020713
772 119.2003409014659 31.89678223980927
773 118.7490269283733 32.06007497826993
774 118.81196331125389 32.330204016331564
775 119.18295965576884 32.37993751981834
776 119.08022461671979 32.15097500651507
777 118.87263667032954 31.89261234961681
778 119.18682319213079 32.28983476120216
779 119.19270317715292 32.339502177716966
780 118.60871954839837 32.031852523962705
781 119.04728735911978 32.17253157203824
782 118.69106464601862 32.29815258482842
783 118.70889508125768 32.148821735191795
784 118.80525480125134 32.11502263339418
785 118.83325650217625 31.91343517535004
786 118.59803148620237 32.082034929081914
787 119.03686795559442 31.794051175208452
788 118.51884896664701 31.702905374492204
789 119.17185942981682 31.806304957523338
790 118.68151883250947 31.958993903301376
791 118.99799145537628 31.87439928053902
792 118.87766557396336 32.16191504081173
793 119.08118305591624 31.901957894272183
794 118.63853109855951 32.0038278603541
795 118.51735131197678 31.83156290813386
796 118.62013808221221 31.67013286374505
797 118.97961292643949 32.171570057213394
798 119.06997669827857 31.776602744981204
799 118.61163071460946 31.972435014213858
800 118.90644063026444 32.07371417821344
801 118.5391178482356 32.137093450183094
802 119.07684829008697 31.93557477115537
803 118.56210402358275 31.82277144261971
804 118.62630907427798 32.31293783567238
805 118.95195707876834 32.119077181810084
806 118.82267360812541 31.802136848989317
807 118.69320789978738 32.21914773200838
808 119.16365973411517 32.02757886938223
809 118.88753984416152 31.933781293256054
810 118.61377796742896 31.680124798894642
811 118.78998921746775 31.77977612426786
812 118.99521892043411 31.68605185555541
813 118.81915192081335 32.15257080001373
814 118.57404798969833 32.19845953843592
815 118.61791787381466 31.951922084544265
816 118.6735808928807 31.64385091100713
817 118.88261471187916 31.73477823073724
818 118.94845173418159 32.35738938071463
819 118.83609157930627 32.3155734507629
820 118.64650955307006 31.918018658440236
821 118.74135617174653 31.70662838847926
822 119.1078070202823 31.95831797592655
823 118.66966022894997 31.94800613992682
824 118.9613416545872 31.616648518551727
825 118.76374832879307 32.173295859712184
826 119.17381391018465 32.125111876079075
827 118.50149523777156 32.066546335763164
828 118.71971974512614 32.2464249135463
829 119.03052047522934 32.255931532818444
830 118.52307693470263 31.769096232003747
831 118.77119950900958 31.654097257331134
832 119.1626087334049 31.894495323529327
833 118.96701053187648 32.303218497576346
834 118.58090173957612 32.220406217988284
835 118.56366624435472 31.801972390592542
836 119.16444556917202 32.18915921936188
837 119.15009124908045 32.05501990034518
838 118.61797622729343 31.82134411591579
839 119.10670552611992 32.17732968713487
840 119.02790549458932 31.82828672775346
841 118.77711462436537 31.87401419744309
842 118.66777961311465 31.761535239487802
843 118.59143386290764 32.047498850708266
844 118.63831445165148 31.964625105115317
845 118.86268658856201 32.10576059303518
846 118.51876422788477 31.610124889827862
847 118.94508996229148 31.92069225637569
848 118.92609904189294 31.63316478722375
849 118.94402033087917 31.846361655176025
850 119.07648261610969 31.66931880856283
851 118.5405707030091 32.03280409762384
852 119.18074498827218 32.33733734756859
853 118.84855547506537 32.281714618742406
854 118.83435248590925 31.994765867220043
855 118.61386947090355 31.87570859810584
856 118.96035109270088 31.60995641369011
857 119.10736401025291 32.1218901287361
858 118.55212446617884 31.855170000008957
859 118.71953997136961 31.912049505332686
860 119.0412409923338 32.09791549884364
861 118.5246754124641 31.749494998594148
862 118.905164857748 32.04376143208763
863 118.65919634351754 31.96316352428529
864 118.86983462517392 31.902003321748897
865 118.59940566833275 32.26599895288326
866 118.75033473525761 32.184574385060834
867 118.75145976311043 31.724815383843087
868 118.77890276354837 32.33085341657254
869 119.17990317412247 31.599290910510856
870 118.59516249135949 31.794745562443985
871 118.68862178446658 31.711343358076267
872 118.97598421260753 31.872631369381104
873 118.74816515856597 31.71695662205203
874 119.14056873930971 31.825197156245135
875 118.76090708828474 31.91742448545638
876 119.17402634826935 31.97747152365112
877 118.62959559752201 31.816003403317474
878 118.82332409415663 31.65805471502551
879 118.87075683569277 32.0304660000885
880 118.90313865821315 32.102555628326805
881 118.77685613798761 32.124147307382145
882 118.87234863464447 31.623014474760332
883 118.66590596290132 31.688866210992888
884 118.67497406124853 32.12829925058023
885 118.5531393635147 31.68410666450345
886 118.8770753372434 31.655981480944433
887 118.83829036564963 31.959234161861154
888 119.18218842127068 31.899361701725102
889 119.04790085320275 32.14120317018591
890 118.98700092116944 31.63398824405268
891 118.69966934065485 31.782003561823412
892 118.65521647967032 31.830135280777085
893 118.98299181502867 31.863986516410222
894 118.65266597889212 31.607689485539257
895 118.54878678625208 32.04302989668827
896 118.73081282291444 31.611501021631657
897 118.88467546615493 31.836402459145223
898 118.63574557511468 32.33210695768548
899 118.58302654011723 31.727641756773306
900 119.10663600969474 32.1056809547748
901 118.8201562317474 31.964704231525815
902 118.50564076876968 32.33844553164567
903 118.67148641812238 31.94588554110135
904 118.53034490449151 31.76077024549788
905 118.67675200334102 32.39247276853734
906 118.79731715314209 32.18030811325987
907 118.60395296120906 31.707073529062413
908 119.15539777601303 32.02267327442782
909 118.8269695685185 31.84316921961406
910 119.10546767787487 32.30015487971275
911 119.07609225856993 31.72727881740811
912 118.58503419354834 32.118179136001515
913 118.56366287397783 32.36345050342151
914 118.89695358141729 32.32787040002272
915 118.51851848698371 32.322125460936086
916 119.04942486891238 32.128049634727745
917 118.73068091552635 31.84312535323507
918 119.0013937524635 31.661046853568525
919 118.63672341614067 31.737527116797374
920 118.72176000813374 32.31125397822588
921 118.95108936651941 32.16459785874032
922 118.65662077664322 31.68264622542886
923 118.64262758244945 32.37657008734863
924 118.74540084465812 32.004336449832955
925 118.50938828244306 31.73914257472174
926 118.98996022021863 31.98028296366137
927 118.58270146559668 31.92219727667715
928 118.6663749409684 31.768417840472402
929 118.53740798944438 32.10654188601866
930 118.80980621769166 32.02364413443009
931 118.68540493560923 31.81246472160413
932 118.862986835925 32.23409326238661
933 118.97350743749796 32.03560135427882
934 118.63936716749558 31.872396057548816
935 118.73165140883721 31.725677261531445
936 118.88853661898949 32.00060771167395
937 118.6668690292466 31.71996080454492
938 119.14260918706294 32.33193306039345
939 118.52799975612434 31.99988578973935
940 118.60107894632186 32.32578316347018
941 118.71363854610027 31.857628840483237
942 118.97641667318028 31.96732135358394
943 118.5636686736589 32.015312382846204
944 119.125167247762 32.317194390785325
945 119.12982567892848 31.7032367570154
946 118.95577084996928 31.920394367532317
947 118.7628026879504 31.667832620215083
948 118.69472997200441 32.3293599092259
949 118.74425306453075 32.254739651340415
950 119.11532667297507 31.919724098355303
951 118.87293444688348 32.13341402030512
952 119.15439630189428 32.037528539728385
953 118.8477943753674 32.08790304326001
954 118.64656404411143 32.2777652157807
955 118.56615275754865 32.389488019830885
956 118.972244813686 31.664759198839235
957 118.70605658924319 32.053782977511204
958 118.94529935790416 32.32193682645811
959 119.14945253936527 31.91308237212298
960 118.50997089677817 31.80121910328241
961 118.53888147012621 31.700634368497244
962 118.73806158364708 32.102372115962325
963 118.71599747839561 31.774565460517504
964 118.769533145169 31.90563723940998
965 118.80618104708748 31.9175751402459
966 118.79003670497032 32.10177497818336
967 118.5648681341844 32.3650496485149
968 118.73020276226332 32.39085650829573
969 118.58074395724283 31.841034292476635
970 118.64140611333188 31.812859544309497
971 118.91185382642011 32.17496705065948
972 118.53797986401383 32.15290735144058
973 118.70132183988017 31.817455711703655
974 118.91929137972154 32.35835086876575
975 118.68744872519387 32.24571811668007
976 118.86415760328838 31.757282096909325
977 118.80841119702893 32.00103327799494
978 118.9319969597516 31.673475803339933
979 119.09224207616738 32.01290475681923
980 118.6995457309716 32.05333001382538
981 119.12174044708387 31.745478929891117
982 118.9560439324112 31.667008254210494
983 118.78873504624389 31.745458231779185
984 119.05841369614251 31.990235664115627
985 118.8002118654295 31.6461351271052
986 118.96495720924966 31.74078971552819
987 119.11378071699849 31.753905635709177
988 118.72078021037211 31.94366108627526
989 118.82788020117297 32.029825849375506
990 118.78026891615008 31.889452291892752
991 118.5811676849333 32.12006491432066
992 118.57907035611468 32.342269543972435
993 118.57394262865002 31.78751565074515
994 119.11362735241812 32.39276443493858
995 119.12259646900544 31.86837102413816
996 118.73749158453771 32.08088732546086
997 119.11926024706538 31.877738763561428
998 119.15977268140969 32.14278614230927
999 119.03454601902305 32.28045983189561
1000 118.66155362267463 32.23953990826937
