1 118.94212602351624 31.941366206637632
2 118.89399316264453 31.618039492353653
3 118.61539796589078 32.04475586574537
4 119.06554506542125 31.973238911565407
5 119.17330290370576 31.949062876191704
6 118.95119880355251 31.866414366746767
7 118.90155410189402 31.752219442760435
8 118.60638602167039 32.07932489793492
9 118.68947018311455 31.83388099963504
10 118.76017783804397 31.803725086631633
11 118.63004087320928 32.10034126846112
12 119.20148371141299 32.02674770282066
13 119.1401656534424 31.726440506617116
14 118.76314407147787 31.980918746286143
15 118.6113084038137 31.737172128475077
16 118.77605222095117 32.2317408515031
17 118.62655129755413 32.303292540875496
18 118.86814841416731 31.992955426506093
19 118.64669360193103 32.285346259853654
20 118.5531718682201 31.66670238431949
21 118.93744231195726 31.998028444719502
22 118.7542948146384 31.65818754151418
23 118.98507975377709 31.952056945877473
24 118.86595075530863 31.67570000601519
25 118.95221187302687 31.691161539490274
26 118.72460159819347 32.08514405261272
27 118.89603406130142 31.775960379605117
28 118.83257613334496 31.67266010190505
29 118.911877765735 31.776001496265632
30 118.52878577025609 31.876901311153084
31 119.18319743890153 31.965211184575253
32 118.67277200738343 31.761898671833762
33 118.5608443354504 32.097373093511656
34 118.70052150825396 32.007658888119586
35 118.99389603185601 32.00920775207895
36 119.14899191778464 31.90801903863901
37 119.08947145381595 32.228524657886325
38 118.71299435339974 32.07153915584928
39 119.09333675246681 31.718888888419148
40 118.54510588266969 32.157810003303474
41 118.55210972717254 32.374131600904306
42 118.63054642994793 32.002604476393934
43 119.05094612430844 32.30506233351518
44 119.01085771162847 31.86895845614521
45 118.5827868058255 32.04712461304837
46 118.99902282483333 31.93990948051231
47 119.03841639095316 31.939915319102465
48 118.60358179712442 32.2363730426743
49 118.957109592381 32.01795801565742
50 118.79678812545868 32.36016847728133
51 118.54444934505118 32.03421333206019
52 118.85987998947556 31.67217799418022
53 118.83425783438912 31.897743846073443
54 119.11209995563 32.26647516605626
55 118.92592108342882 31.934142239414715
56 119.10626510685928 31.621460680021762
57 118.84223055777545 31.810689134854062
58 119.00774839803863 31.647276236865007
59 119.17149267481767 32.377729683737364
60 118.50632585176572 32.383647578065876
61 118.79134206383836 32.23170734017933
62 118.81376996184758 32.0889087629814
63 119.050769775892 32.21788028993469
64 118.51022257783406 31.730115771865403
65 118.89028914729239 31.82524441992242
66 118.68054422684759 32.005333920156424
67 118.8193667625445 31.880001834512317
68 118.97774710349312 31.645661667243377
69 118.93434167378 32.370983577269556
70 118.66228935618075 31.97504996413798
71 118.63754131924252 32.01538863708517
72 119.0863625442826 31.8675945934136
73 118.85168646669732 31.809471790259305
74 119.1726459131486 31.897411836208484
75 118.94835131848389 32.270281680216
76 118.6622234092326 32.21873145668317
77 118.60980649460633 31.87971284525459
78 118.72424206760915 31.604189337937978
79 119.02636406327852 32.22949235952339
80 118.8254239741638 31.794224866304898
81 118.89021079814682 32.061956801283
82 118.91862423353766 31.610730110644297
83 118.63962980634865 32.1180275047609
84 118.72660502162674 31.923224646302515
85 118.70193814139415 31.991990284426706
86 119.14311767131788 31.931007982749218
87 118.51804291956448 31.8785607422002
88 119.17614641301198 32.03362129837482
89 118.62086106722096 32.382109165758834
90 118.86304121045104 31.702273620807375
91 118.69481526932344 31.862576469990508
92 118.70531500848008 31.631916537017048
93 119.03801256510562 32.192492438640734
94 118.99541771916631 32.12281280264527
95 119.0362162582121 31.764664890733364
96 118.6227980522916 31.912411977741332
97 118.64612279261185 32.13521220957571
98 119.02599761066934 32.13243898563427
99 118.58850907157354 31.74674170280911
100 119.10165303469965 32.30289153165422
101 119.12440351332306 32.22747831573106
102 118.85130622885873 31.684166099698242
103 118.98031142936054 32.29873341953074
104 118.73026972728084 32.196940639506494
105 118.96889439786997 32.24853942165168
106 118.52782112887196 32.03575370387894
107 118.67662975081008 31.778301374349496
108 118.79793063440403 32.34334577349821
109 118.86944098467164 32.07104031055063
110 119.19224632351204 31.870061910024692
111 119.21089687048674 31.83362571769826
112 118.59513873742459 32.30811393576084
113 118.69304659550717 31.947395657656273
114 118.55397405424263 32.03341222817945
115 118.72999138883782 32.0983413966827
116 119.15107518553714 32.27421533400135
117 118.90761752531472 32.09024371208871
118 118.53584085901953 31.74453244536064
119 118.86926415232179 32.07415123160253
120 119.16193921351034 31.993757865583564
121 119.18484849021131 32.04751180074781
122 119.14454909938681 32.17247787748135
123 119.03927484779727 31.794569753221
124 118.66159270078191 31.756337940138362
125 119.1273983929127 31.69505870128523
126 118.72547765504369 31.830508575296562
127 119.12319494581368 31.598748009252212
128 118.51770758873279 32.087757156219425
129 118.54325537829209 31.83925693229136
130 119.0673993883865 31.746151187577865
131 118.55398867152635 31.673350390737482
132 118.80512481801946 31.816123564213058
133 118.73504891629054 31.764526702964446
134 118.6854293287139 31.83946585416226
135 118.75424377386561 31.955702911433566
136 118.84116923065037 32.03704088686409
137 119.11395839085436 32.26422461159109
138 118.93647493362835 32.391156286762254
139 119.12957339988144 31.637148707929104
140 119.10005653202647 31.796372270192393
141 118.59776165299526 32.10656705832176
142 118.77498660205225 31.752568131275275
143 118.8570805436683 32.30255673432542
144 118.67949919016031 31.768155086093337
145 118.88853847708155 32.17763171356152
146 119.1865848749566 32.106615297374454
147 118.63891490426768 32.22765939042676
148 119.0594578741425 31.64351483001685
149 119.20418386203772 31.780781719446527
150 118.67804987245017 32.1618212170262
151 119.11307143044982 31.685293882429967
152 118.61623873325532 31.62639281684561
153 119.1521913589077 31.884109858992346
154 118.69460070577809 32.085226434652014
155 118.69014910265712 31.619476594726194
156 119.1282978465754 31.670325869403133
157 118.69300170305857 31.633666806378812
158 118.63743228277288 31.92663573387024
159 118.72704545921398 32.14576754120024
160 118.9857220063786 31.77316455767062
161 118.51371096779314 32.289907845762066
162 118.61889492789058 31.956481597750138
163 118.58198225250287 32.09323567790988
164 118.86003731383005 31.825129475049458
165 118.52763115719551 32.10308252315031
166 119.14494245285395 32.38355430152414
167 118.83562305959047 31.967132016592945
168 118.91863625714228 31.771193753100146
169 118.65794489067521 31.9388921691306
170 118.98083629530241 31.95023944454514
171 118.50444901556624 32.014008965985894
172 118.56060298625314 32.0068672984588
173 119.13648362118688 31.632674561494557
174 118.6252194155416 31.719689721162425
175 118.83532019180154 31.94831336376961
176 118.88533377867766 32.16526490359726
177 118.62495268676584 32.2290382331585
178 118.91061238505266 32.20870279097993
179 118.68204820548826 32.01669128030291
180 118.9608788478473 32.37069474030067
181 118.69483532660654 31.845166311092836
182 118.7858666650358 31.974807647385454
183 118.8405259329058 32.22429343889451
184 118.51623973122797 32.26320543117866
185 118.58521052620809 31.911326859911664
186 118.53901732593735 32.29383026909597
187 118.80020514157124 31.972568493287092
188 118.88126232560234 32.1794414632553
189 119.18952241601785 31.608698126923652
190 118.75152947249677 31.611391393922904
191 118.62847732606748 32.33153079641784
192 119.17306197863128 31.69565802353291
193 118.87929674320483 32.15114058463681
194 119.15972251507498 31.826026251950314
195 118.7387984511641 31.757685834233985
196 118.55296968379591 31.902982650235508
197 118.83616756522564 32.34985558646539
198 119.20723873535168 32.06013147090451
199 118.54139194430407 32.33052686820353
200 118.84652221648355 32.16095471440881
201 119.08395130576748 31.977010017682527
202 118.65037441082517 31.99067433370056
203 119.06062078752423 31.78607617747461
204 118.53433509739735 31.610721421767273
205 118.71722447750201 31.931444458330716
206 118.62593142162368 32.027071226244495
207 119.16972663159774 32.30033514169124
208 118.93159374494525 32.13044414462994
209 118.70565308114507 32.26491859841953
210 119.1479545354536 32.323628350585714
211 118.89537568393823 32.34614606680654
212 118.75937876208253 32.24685090103926
213 118.98788072484632 31.70125405132144
214 118.95034563684219 31.880819069915937
215 119.187186131177 31.74699209830533
216 118.52323499852733 32.29622599316617
217 119.10540464579041 32.23220228581415
218 118.96354388139005 31.885298085635707
219 118.6102931194246 32.04498070844524
220 118.77478477047366 32.2517595577575
221 118.51983454177012 32.28706299549931
222 119.09963781150793 31.76019960247096
223 118.56877404017902 32.19052696500445
224 118.64489564829728 32.24874826765686
225 118.99175318348011 31.652531226034423
226 119.03346959433587 31.684443917338367
227 118.68831382947519 31.935313852390884
228 118.6142816076723 31.777250062209305
229 118.51829267648272 32.29942472210283
230 118.54224087254191 32.17140589345592
231 119.11756834650308 32.17022115040296
232 118.63892028067353 32.227718963602456
233 118.78758058605828 31.86416826987959
234 119.04878189462652 31.788384490550275
235 119.17789434102471 32.091083358546335
236 119.11588740699598 31.9193433601995
237 119.11975932515907 32.32894075802391
238 119.07316987563252 32.12972765559505
239 118.73994500056116 31.904987436636567
240 118.95216343017485 32.26373649732338
241 119.00763942846207 31.91041307020961
242 118.80012701340554 31.739087835763673
243 118.93362747877308 32.217493052722034
244 119.17748345240838 31.986543158494733
245 118.72728533253718 31.802740219811493
246 119.14443730162802 32.15572775135543
247 119.19980408634032 32.38615295694445
248 118.9058197572145 31.798906821183003
249 119.14119810456572 32.23121215923728
250 119.0062102796633 32.21032056639664
251 118.9917720725574 31.682083995767425
252 118.58847690435948 32.26586123088018
253 119.02086598275828 31.98454991493326
254 118.61648366781858 31.688926158558417
255 119.02864582716218 32.03308551247762
256 118.52749305609163 31.864268281397802
257 119.11940189281059 31.729077521070792
258 118.6339994191086 31.66763470453099
259 119.09597377411785 31.745154785636313
260 119.12106459605923 31.947654530365956
261 118.57515545237257 32.112686939271676
262 118.56174847416403 31.67390460557094
263 119.16138837917228 32.163929549873565
264 119.18205271177797 31.670088014341122
265 118.54908549089 31.740818389146764
266 118.92391227051982 32.18321218195985
267 118.76952449761237 32.29669295982078
268 118.5399107330644 32.36909370901535
269 119.09679668168208 32.14830125179533
270 118.97726870258484 31.97182278510139
271 118.55385964498633 31.6839648813654
272 118.8186367701657 32.05628542924039
273 118.78924677344224 31.722413091499483
274 119.19121987875955 32.00821042868615
275 119.19097455996882 32.08734474376419
276 118.66799491052485 32.2757501303459
277 119.03043299486224 31.856111595082123
278 118.95523863900006 32.38051729762928
279 118.81245841409712 32.3735335528898
280 118.8902367437146 32.27085553040629
281 118.77054280788096 32.16409079318634
282 118.54079037308493 32.18347774413411
283 119.0343442145069 32.313792575907925
284 119.05334247951016 32.35225732314672
285 119.15118281776786 32.27226162751821
286 118.85275221172861 32.11222161456427
287 118.54603338179147 31.68056152721167
288 119.16057337512852 32.108688156547586
289 118.6839693622021 31.877267467419475
290 118.58702987932145 31.71695431111816
291 118.58265363779014 32.30549510876638
292 118.92288302636847 32.26892236138764
293 118.76829653563296 31.996492992993318
294 118.9663577813197 31.976752208058826
295 118.54478555187595 31.990836010011417
296 118.51353346035164 31.811592421883
297 119.17302907299845 31.911087138258637
298 118.55870023076274 31.949548194716904
299 118.73180199244264 31.610997504869193
300 118.51298513206162 32.31565999309748
301 119.13056742948683 31.633956832189202
302 119.10204616332264 31.90930723632621
303 118.89739724624893 31.689552342416743
304 118.59585194317874 31.770185550636878
305 119.07333610448222 32.35853396110736
306 118.54644690485438 31.894542888430138
307 118.82266140395262 32.16003222082627
308 118.71755230233295 31.686622231328144
309 119.20005845494637 31.781600201804373
310 119.17380527965848 32.30043274471761
311 119.07325122371562 32.30967929473205
312 118.81838859187883 31.800341594271497
313 118.85253113395173 32.36745463282269
314 118.88926734483452 32.14437801647022
315 118.8921420093095 32.00988150239187
316 118.61594983925156 31.883978307155417
317 118.67523994751843 31.883346390152415
318 119.00539356386908 32.362639598297456
319 119.09419710336631 32.16579962054509
320 119.16987700367238 32.01247195187976
321 119.03349752490251 31.631973810868274
322 118.90006918332419 31.799772050647775
323 118.55458430990619 32.34508507968814
324 118.5541825980345 32.027389739934044
325 118.62826586551256 31.883867207573633
326 118.98938662512063 31.635411269570156
327 118.70338255967278 31.80629442913679
328 118.79107162609027 31.807683076821725
329 118.6123531248789 31.733796141151792
330 118.66296401481532 31.884865132084627
331 118.77276876363426 31.75379538070955
332 118.94569712198562 31.662474001679495
333 119.19889075838202 31.701009171328774
334 118.59767994947981 31.98814442628845
335 118.71995111440039 31.65143773559458
336 119.18971390531104 32.34345243741186
337 119.11954918165412 31.76360665646833
338 119.17607247995562 31.99221519220375
339 118.8618821947679 31.927965957327814
340 118.6552993664311 31.84263473698866
341 118.64971247106892 31.865315715063975
342 119.06662030219859 31.792174242967654
343 119.1575397802132 31.816311774511394
344 118.93465262050697 31.705113648376336
345 118.97017534535195 32.16771822798092
346 119.13854175004388 32.08615662755167
347 118.68056954814203 31.8396816178436
348 118.91176823657148 32.32017136489439
349 118.89072202441545 31.906925341994043
350 119.14298314729992 32.09351997886446
351 118.7322703997859 31.998365299263416
352 118.59986342838046 31.862250733995708
353 118.58284679693946 32.31585316804967
354 118.68166765768763 32.28258411988453
355 118.5587845670464 32.27407662673404
356 118.72850851129478 32.38333674473141
357 118.89007966018899 31.623194477437707
358 118.79515025782 31.984898827022832
359 118.94608033762616 32.36355841766089
360 118.85791618629203 31.705912219244166
361 119.02579596155893 31.812858631828714
362 118.8189800761269 32.009553638985885
363 119.05387261439455 32.114120688622634
364 118.80813844479492 31.877391023017196
365 119.02181153435741 31.837806402001018
366 119.01851845009259 32.223038526011486
367 119.10191174311764 31.612041249860752
368 118.61626890934474 32.24320394588732
369 119.0103829682159 31.929835561800726
370 118.48222765545803 32.107257392728755
371 118.77884743113668 32.15643148399452
372 118.90866206864936 31.683845647973506
373 118.51094476324214 32.332598489315146
374 118.54155278865046 32.249998319927975
375 118.64772009183743 31.87957589376577
376 118.77925099010581 31.741453139643607
377 118.99602893832709 31.65357202965646
378 118.63358818887612 31.84450702562166
379 118.78143642667307 32.17425949008034
380 119.13223239718334 32.284734249055724
381 118.74494974036756 31.841032220421795
382 119.0448194495518 31.784462021243776
383 118.9054552020031 31.858068267885372
384 118.53709964153046 32.37475789605372
385 119.17544092070828 31.673218400348976
386 118.58166211862401 31.748564870138637
387 118.75393409943368 32.149577167536684
388 119.18826178863782 31.714386713065498
389 118.68356446306147 31.790695204150737
390 119.1439790674288 32.25761601061435
391 118.96603104418489 31.849677303764352
392 118.63041705704808 32.075761752239714
393 118.59817223464178 32.03766300125674
394 119.17635166508174 31.823547942576504
395 118.81598042221543 31.80066238418389
396 119.02546367844964 31.80190092389503
397 118.6060460349014 32.30105833169102
398 118.8522869785846 31.60551803024848
399 118.56713656227733 31.69035998569573
400 118.83337861401455 31.87539786432643
401 118.4993392659757 31.764464669277487
402 118.52171425939943 32.041628556636375
403 119.13306735827302 32.025578702728
404 119.11207371437486 31.999075534296168
405 119.03028123411642 31.84382185362868
406 118.85361585891236 32.011703821373196
407 118.63196548636007 32.22215302486722
408 118.99735895646243 32.241073457658594
409 118.65405840126635 32.03169685983584
410 118.5380173583778 32.2392426409969
411 118.71683224988857 31.662866578853382
412 118.90945398960775 31.738731923682852
413 118.9007814365502 32.199359502724796
414 119.07833735799845 31.913763846623166
415 118.76800206616174 31.85257480737423
416 118.61051655470371 32.05922483911828
417 118.53882218356196 31.913477298031292
418 118.64458487918417 32.32910254118264
419 119.15669396893752 31.90985029049341
420 118.51054806747015 32.25731135563615
421 118.93297094340235 32.08105197328101
422 118.8188839627451 32.326781614717945
423 118.64142793958403 31.991102243950046
424 119.00128416033036 32.373984443278864
425 118.90479595402445 32.05166903103818
426 118.56345041736816 31.629142218280833
427 118.97296940640092 32.176039473487236
428 118.54144775278044 32.3021849015672
429 118.65750798393087 31.666195399937777
430 118.88997947014599 32.364291824752584
431 119.00556222146815 32.05694583166675
432 118.88809362666869 32.203443762604365
433 119.11274069266523 31.775332390634908
434 118.98146100025477 32.340814516493225
435 119.17076100839485 32.11947447311709
436 118.67557376983133 32.03914948680364
437 119.1824699553905 32.3729121762558
438 118.65769924021102 32.05576212669145
439 118.64059635738732 32.01134470382012
440 118.61725106487349 31.63836821331131
441 118.57618014461954 32.04305469748818
442 118.9407073529462 32.199917862773376
443 118.49820548355343 31.897269801567493
444 119.07508753701882 32.142414800772805
445 118.93622525506147 32.03397918956531
446 118.71306023863526 31.768930238109846
447 119.11793085274039 32.031541175080356
448 119.0920388145379 31.987767245269346
449 118.93027382567244 31.862559490797896
450 118.53916383728222 32.129779841712526
451 119.19341213478293 31.659964044924443
452 118.91592447811539 31.8906203816973
453 119.13670358556476 31.953610996053015
454 118.60488443250811 32.38893257949526
455 118.51433032449249 32.16135999366128
456 118.70967812794153 32.10061635616965
457 119.05284060563461 31.732756059599435
458 119.07450259839813 31.957157548362083
459 119.12411057009484 31.895061425595337
460 118.72139679975209 32.353556463630525
461 119.05740772293848 31.95677092304902
462 118.59103555497201 32.27727006272172
463 118.88005430147534 32.139079967408904
464 118.53902030651294 32.28086887529132
465 119.00712441368667 31.593315902230675
466 118.74805380199636 32.35353575063804
467 118.57158174557584 32.369044043327854
468 118.96199888211154 31.714140811327393
469 118.77839576604472 31.64597495383519
470 118.71100393803498 31.867654737724905
471 118.74127114888984 32.052713900437546
472 119.04751042771 32.02115675091959
473 118.78798739363931 31.95908745548143
474 119.11965695221653 32.320365184432234
475 118.61288634523764 32.04428524378353
476 118.7857066495085 32.34351216863315
477 119.12269057956644 32.048508161843465
478 118.91474214161907 31.744933029440435
479 119.00173122270553 32.39699359316527
480 119.08365527363806 32.39082923313076
481 118.85708362083273 31.958892191112056
482 118.60454362033029 32.19890430612062
483 118.7119192104444 32.127998409424634
484 118.66104637677059 31.73864402713512
485 118.62346262924804 32.06788023220554
486 118.92058618819551 32.1120585051507
487 118.64155442508253 32.06544870334362
488 119.08193684246353 32.02727980269125
489 118.81094154633297 32.06681979779469
490 119.06960434428323 32.17147942774013
491 119.09355357905383 32.22626860895537
492 118.98725539641235 31.679451664649076
493 119.04999251779007 32.32602128120742
494 119.06968778787079 31.98283251618089
495 118.9195956605694 32.149170175564315
496 118.7181990849856 31.904499843775163
497 118.79147707816172 31.649686161373324
498 118.71794072769103 32.12444535127697
499 118.82728353143114 31.8946008694078
500 118.76678251007385 32.0324466627365
501 118.74031004227524 31.80611845940249
502 118.56358170092163 31.763535656668655
503 118.78666019159452 31.8122012224967
504 118.57822253529498 32.29838339082609
505 118.750685104122 32.34920233913549
506 118.58997750001922 32.369053012061194
507 118.7547539047155 31.94156929771761
508 118.88670425205274 32.23318852715647
509 118.54015196166307 31.744147826744726
510 118.66275735579144 32.19230867426941
511 118.78698709649207 31.938800422902155
512 118.68553220962625 32.27238413426265
513 118.88737359988222 31.763125050209958
514 119.07911886891259 32.25251304362124
515 119.04706012478302 31.662277815675697
516 118.67365314218189 32.293434284559815
517 118.64015870389777 31.939537717079617
518 118.88484409984484 31.717751798224008
519 118.77436393979698 31.836604367974495
520 118.5310918715696 32.171693202176215
521 118.65152160378328 31.951622878533207
522 119.17240824101293 31.786845220919353
523 119.15884411447482 31.809309601356414
524 118.75674997224628 32.147006396507294
525 118.52013952532607 32.11951619980592
526 119.04849878766721 31.64835026262303
527 118.68460168206789 32.263678315391815
528 118.52077680181527 31.70185771673446
529 118.68710427496055 31.783833418224958
530 118.5914515883013 31.6202157048776
531 119.12037757226226 32.02644678631497
532 118.63244295573422 32.28640254384938
533 119.02061328257403 32.34713663429911
534 118.59672680803838 31.95941649329897
535 118.5538822492362 31.689669841043163
536 118.7811375296553 31.995197775534898
537 118.93643812739245 31.82803125080353
538 118.87922383701546 31.84765392446085
539 119.0729708893772 31.77722812785863
540 118.78935710848965 32.351653201067194
541 118.92304882598026 31.922608798030467
542 118.54136014540236 31.59398807336663
543 119.0226529216035 32.00010464908782
544 118.98406472550819 32.14413434920764
545 119.06020702820481 32.25259362221015
546 118.57184006895784 32.19585184093916
547 118.81000774772804 32.1618011540396
548 118.9641401130165 31.77030854520723
549 118.49614490929417 31.86413000456902
550 119.10223690450805 31.953521301515174
551 119.07127830610968 31.72335790964436
552 118.86451478420051 31.951282270936815
553 118.73997571767286 31.680060621174203
554 118.99402425021444 31.668150684993442
555 119.12074136069116 32.264341455297156
556 118.85113050576287 31.721932297588964
557 119.13066035799503 31.96391228387929
558 118.5962827068406 32.087246569696546
559 118.72566104553009 32.35916047035726
560 118.98879571407468 31.847862234800022
561 118.7608795002943 31.754261069208276
562 118.86345384779993 32.29546220982713
563 118.96032718270445 31.834769486824964
564 118.91068282783834 31.82674399115352
565 118.8167628241493 31.72264569222029
566 118.61689234466216 31.958593352360168
567 118.77971689687521 31.767949971354877
568 118.65456440935496 31.898816162786005
569 119.04294177332332 31.865405294197643
570 119.05763454584665 32.10402570135561
571 118.65125270924148 31.950482618264168
572 118.91220209050839 32.127809411728144
573 118.99366706320752 31.842585731185885
574 118.81991246290524 31.88717737689368
575 118.54023487645672 32.381714531022574
576 118.97877973815318 31.78799222634706
577 118.55000560767368 32.20571217254018
578 118.96804390510037 32.155916294779566
579 118.57685659700272 32.101948370450884
580 118.93999363573954 31.693678533886864
581 118.69382864422433 31.579499520941344
582 118.7612218915357 32.192009047159964
583 119.19040980775158 31.654007472574573
584 119.16021790522765 31.803890441627587
585 118.896756382553 32.38086247639746
586 118.95768720000046 32.37462069411376
587 119.07586213253752 32.350065579859056
588 119.00346971680884 32.04852168711864
589 118.59174923062373 31.96333251918301
590 118.79313849580659 31.966675148540233
591 119.08474427489044 31.867115298554214
592 119.00835169951345 32.385658571105594
593 118.62550131184518 32.24067578669108
594 119.10259523892394 32.41285575613226
595 118.92791965735131 31.843541407241773
596 118.70645778780126 32.069401912721844
597 118.52724837275856 32.131036419697075
598 119.0270943729614 31.909815948487267
599 118.80964427173302 32.07366623250371
600 119.18360178628821 31.734815281638163
601 118.67632045444509 31.84159856412846
602 118.54964399320563 31.719036894854057
603 118.65337728139144 32.09763752682745
604 118.79106694271161 31.87133587434633
605 118.51500045391643 31.93620544787107
606 118.74142221214369 31.899480082360203
607 118.6645329846583 31.65055722265318
608 119.17621978935932 32.327650178170465
609 118.6297048027836 32.16447509848856
610 119.1123380329753 31.853468017494237
611 118.59389823953252 32.30928156873681
612 118.9021009425655 32.15882494972617
613 118.94438451345162 32.37744651795351
614 118.88367547111382 31.991068132287328
615 119.17039663283713 31.699013243789178
616 118.80614890720689 31.685141412869378
617 118.94738922289505 32.196117663285996
618 119.11119140158931 32.04961148583008
619 118.66499025336662 31.77491970436208
620 118.86039883290078 32.02159769808238
621 119.18089087924047 32.01726258802024
622 119.03518834665743 32.30634401918475
623 119.01186559370163 31.633727528167984
624 118.78125174564953 31.68878986671445
625 119.1028581084528 31.938844480302926
626 119.07247476339153 31.706223405702232
627 118.79748803490925 32.384600469050575
628 118.89616751517696 31.76684976936638
629 118.96652351009743 32.09759884623546
630 119.03950234462702 31.950487261678706
631 118.81825654016419 32.22834061947063
632 118.74472427082166 31.62986616787077
633 118.59930689238274 31.85593659732271
634 119.02156332526246 31.986052730334926
635 119.03101461146353 31.69691052253349
636 118.617034157643 32.084301949976854
637 119.11250663650519 32.0173981879874
638 118.60498030750294 32.26341482467047
639 119.07862018895838 31.961942582975382
640 118.60486723816042 31.85097036849979
641 118.93873863669059 31.835214929190215
642 118.87127848115901 31.806455408758687
643 118.60191352499278 32.34558709478901
644 119.01342444095467 32.23472679472682
645 119.02541385504362 31.87642809903585
646 119.121668817706 31.95057972671621
647 118.8353410806553 31.676152166138547
648 118.88219696841996 32.07402983563541
649 118.94701540964499 32.189215289806135
650 119.11563145424269 31.7943533663012
651 118.78913406850509 31.972801688969383
652 118.9731268427338 32.13357085190913
653 118.91855705096783 31.964915309374327
654 118.63683451114065 32.031429718141574
655 118.9811324618747 31.751369920417712
656 119.09512221893189 32.22866021115225
657 118.81762602675596 31.686513949282695
658 119.17274895225688 31.98170896015108
659 118.88201684543515 31.84705402451193
660 119.12554416431192 31.690077942258327
661 119.0243103310157 32.29174241680355
662 118.77378875969363 31.74658418340697
663 118.72477803071388 31.975127778063708
664 118.75710008620916 32.09742277261152
665 118.74403339030557 31.830677370132797
666 118.52659163038517 31.987341180328272
667 118.5043818498286 32.012639847364284
668 118.78691049383062 31.94436720683845
669 118.63823407510371 31.887047116239884
670 119.09830991550953 31.787719966087533
671 119.17851421936233 32.333160233760076
672 118.71150865723753 31.99770073818932
673 119.0253029091076 32.16083182154636
674 118.75329304689373 32.01346036237301
675 119.10813863230764 31.83759349528432
676 118.8256776359287 31.994168014005684
677 119.15205025913474 32.25453747880739
678 118.98231259820221 32.288529306519166
679 118.58255612584261 32.34076071661591
680 118.59361474450867 31.781659477656596
681 118.80284699543985 31.871858689743867
682 118.915264557677 31.691763547771767
683 118.86211566717694 32.40113845143356
684 119.11584452111143 32.114552715438734
685 118.51630858752122 32.16772755387785
686 118.5827732089504 31.955723088173052
687 118.71030325921267 31.812057738015653
688 119.10039174971286 31.925324917357322
689 118.49816389618088 31.84389916715533
690 118.88462489336884 32.021314929869526
691 118.50639749277863 32.24941573055883
692 118.87978231782184 32.264074906852365
693 118.83847786173484 31.847154181170502
694 118.58046542976294 31.73943896233246
695 118.92233251752748 32.19599781593151
696 118.92636251769488 31.930813147322823
697 118.81655307277263 31.74198247999751
698 119.04846152326766 32.10964233159774
699 118.55052219818334 31.682825018589632
700 118.73567029542433 31.68120782407285
701 118.84201277051282 31.604227892695455
702 118.72015520079448 31.747879873358915
703 118.58310524497752 31.97096061801776
704 118.5793364939323 31.741045009527667
705 119.0392659912189 31.63561764586134
706 118.6810007841148 31.996994241212953
707 118.95400943379668 32.31254871092332
708 119.09863168116807 31.595829640376447
709 118.71018957729235 31.787271026559715
710 118.6267293949131 32.33953578350536
711 118.89998834754978 32.11623717568607
712 119.08158409823494 32.26009827374589
713 118.76269169498684 32.321201375690045
714 119.08646124348466 31.785851551725287
715 119.19490835470081 32.202710120030744
716 118.97170131778282 31.81529851377303
717 119.12061718363194 32.33970448819066
718 118.56181674142914 32.36400379884278
719 118.7821481398214 31.723711838301895
720 119.11814810594129 32.2711412183123
721 119.01361254437342 31.656703783022856
722 118.57294916504624 32.08540139982384
723 118.67306780694054 31.98107901994282
724 118.72358920969141 32.06156955207586
725 118.95993921091699 32.19804490893437
726 119.01736680098054 32.30694790530628
727 118.8356098764631 31.992152155647307
728 118.51614723077171 31.650387323970243
729 119.13635735572306 32.34261944825385
730 119.15615183996536 31.644033242932185
731 118.73155187824091 32.241921428019424
732 119.06869238371779 31.719210740640673
733 118.86069605963388 32.332409299470804
734 118.83488212469406 32.08850790177151
735 119.16137434205503 31.843869808725888
736 118.50708719710725 32.28767344916868
737 118.79346706054801 31.731247366557
738 118.64616960713649 31.773428371503037
739 118.82665663185205 31.845512000179273
740 118.80389564852268 31.918437291375643
741 118.6253795654294 31.787967471747766
742 118.90551416663904 32.324673682085184
743 118.77368324906112 31.967247340474813
744 119.13715011945075 32.35720071458189
745 119.14457363170503 31.823996764069435
746 118.77045057496747 31.97458347380723
747 119.03256763722327 32.258855355828395
748 118.93790554182954 32.386206859516996
749 118.76290753791395 31.96721859266783
750 118.68608198657404 31.981478846226768
751 119.1461847181994 32.36036854475984
752 118.64463818519572 31.943708542135667
753 119.03868608678502 31.947481141815842
754 119.04105621295577 32.38451074830468
755 118.63161536860979 31.997210131048377
756 118.76141579281601 31.69422647336885
757 118.79718128199055 32.35376031760173
758 118.8558548357056 31.990312326425684
759 118.92096356562675 31.879244850754848
760 118.75748612247726 32.32102793833508
761 118.93155361646336 31.609358194739357
762 118.80227030155528 32.35199165724362
763 119.16938600401734 31.669677915732958
764 118.96574488499593 31.654030013054502
765 118.86962691612625 32.330148864403405
766 118.90368077886764 31.96913278266514
767 118.58331728265694 31.737029934634897
768 118.69062176609113 32.38456249302361
769 118.98872556846372 31.85655173369104
770 119.21070264802474 32.34424714680136
771 118.72248694919554 31.96953047862624
772 119.20466002115094 31.91529807305176
773 118.75218084357377 32.05805589235259
774 118.81575861287375 32.32638285586696
775 119.17973239063143 32.38240261996212
776 119.07296055964312 32.14680038486036
777 118.87913661029576 31.912161364776832
778 119.1812916185592 32.26191657384367
779 119.20198912559229 32.33858599960818
780 118.60461893585577 32.05198241173759
781 119.03985804435655 32.175562065422774
782 118.68754758983992 32.30327750952166
783 118.71580331689903 32.14988710412691
784 118.80344340152858 32.09614073931606
785 118.82875425510214 31.900032135073538
786 118.59536262188406 32.0831290160177
787 119.0227842962678 31.78006529779879
788 118.50668681123074 31.710371230180073
789 119.18870892180112 31.807411865079253
790 118.67860428480776 31.957923707755384
791 118.98892558569307 31.869675761576147
792 118.87238264195646 32.17467504724575
793 119.09273544945124 31.91074764002957
794 118.63712989266924 31.977545034625987
795 118.52604869043734 31.81632378213283
796 118.62493015430987 31.650755262989442
797 118.97219426992957 32.16630228339407
798 119.0610790746826 31.776261035409238
799 118.60739304655978 31.981621187940835
800 118.91466499664573 32.082550611433156
801 118.5167906825744 32.139851888957345
802 119.07069342384582 31.941124182498818
803 118.57509081949176 31.80868320892947
804 118.61731611402124 32.31138263162626
805 118.94889417035608 32.122974348467565
806 118.82908032437369 31.805440567690997
807 118.70448388573679 32.22443867183826
808 119.16469819505848 32.033459551536716
809 118.87108690237957 31.94860767004635
810 118.62072294898678 31.695860452889022
811 118.79112308109107 31.776031154304672
812 119.00570934002307 31.699139205062128
813 118.82971733635944 32.14357561103843
814 118.5827637694958 32.17580195556379
815 118.60754342254286 31.970409202936683
816 118.6709915734377 31.640132007304306
817 118.87668099610167 31.7370945414515
818 118.93864399910686 32.34729490415295
819 118.84031557280593 32.3093127679018
820 118.64616134239651 31.91124727235148
821 118.74701357657456 31.701410989874343
822 119.12305884949885 31.953488943781956
823 118.66920862815104 31.940600101021708
824 118.97276903563271 31.612757298625485
825 118.76307415731358 32.179352861181826
826 119.19464120287175 32.13166524626843
827 118.5002757387127 32.0438267181588
828 118.70879610229882 32.23770785764286
829 119.04590931367352 32.25909531809298
830 118.52824280863422 31.757795503603315
831 118.77523906524696 31.668427186380804
832 119.1737832278002 31.90277331778862
833 118.97666484518919 32.28863662040045
834 118.58607853590725 32.2121372283557
835 118.56498677382163 31.795798756438618
836 119.16767982888594 32.20980193541082
837 119.13293474954611 32.06258660852732
838 118.63719056839486 31.820860000383338
839 119.11745317750326 32.16724701734012
840 119.01521072413605 31.8380854234276
841 118.78108616990373 31.858503977719984
842 118.6619666264311 31.773547505565904
843 118.59928737118553 32.057514746091684
844 118.6531823273157 31.97188550372291
845 118.84149399153729 32.089916232304326
846 118.5341324069837 31.630425065298514
847 118.93025163311405 31.924328508438386
848 118.91632318162101 31.63583792910397
849 118.94374478551445 31.8557119346933
850 119.07669195636412 31.673424796476503
851 118.54716951770042 32.03985579120374
852 119.18272301536385 32.340284023450714
853 118.82426995761926 32.28212514440111
854 118.83820670657595 31.99286801270071
855 118.60636631903657 31.890672680436396
856 118.96163863983051 31.62078074023323
857 119.1240777944466 32.12602156960116
858 118.55431764807702 31.83691485276839
859 118.7124715583443 31.933526031676177
860 119.05005704621345 32.09766495594886
861 118.52185064777335 31.743407366833875
862 118.902495892836 32.03575306900754
863 118.6656696514357 31.979853060703512
864 118.86698736598542 31.91374162062616
865 118.60638571350138 32.27754577998524
866 118.74244837171852 32.20102468337055
867 118.73625232027813 31.70685434856874
868 118.77291337407036 32.32393610790779
869 119.16807878811373 31.595010784596624
870 118.59805850590033 31.785866513841622
871 118.67670087320896 31.71100820349406
872 118.97356007481244 31.872282476417013
873 118.75042071025743 31.69029143156844
874 119.14825150519269 31.82571614943781
875 118.74893605908463 31.90345023906105
876 119.16633242079766 31.980878623717636
877 118.61091548052309 31.829443299264202
878 118.81529710088802 31.65444704061975
879 118.86024503302117 32.00856373239994
880 118.91501124329912 32.08848262515198
881 118.7739697382369 32.11541361671463
882 118.86262415013591 31.606592335354993
883 118.66610455029921 31.68626273874533
884 118.6662728067867 32.14178333618958
885 118.56879854563967 31.713804549549806
886 118.87422282635147 31.679466197677286
887 118.8419009508818 31.95340787104593
888 119.19905507666499 31.900756973560437
889 119.05557704325352 32.12532841664765
890 118.99177561737815 31.620053289673248
891 118.7068957390223 31.79802911964927
892 118.66918761130441 31.811922276390305
893 118.98229557905995 31.86921754739802
894 118.64631959492421 31.610265211972298
895 118.53611198837235 32.02940894862993
896 118.7089041370001 31.5981937113664
897 118.87841060854856 31.840643732433485
898 118.63140475534993 32.325830257340805
899 118.57552479438247 31.7224586963823
900 119.12184206471636 32.12624910406569
901 118.83948877169365 31.98848658852067
902 118.50928847888291 32.33653744943223
903 118.66775009627702 31.94821996025286
904 118.54626693863221 31.744760221923986
905 118.68007471124683 32.402854163870145
906 118.8008950171815 32.175327020685934
907 118.59001786817493 31.699191168925257
908 119.14303802313121 32.02238488847794
909 118.84596469596953 31.86049310271583
910 119.0922895803905 32.29938819495043
911 119.07138863854142 31.73712318883731
912 118.59014787735977 32.11362590313781
913 118.54775986590067 32.36289514634843
914 118.89735539023484 32.348192526924926
915 118.51722035739441 32.33096608159861
916 119.06164963552028 32.128561600057395
917 118.7189043832611 31.85923911584845
918 119.01500247194176 31.65785607382252
919 118.62614175777455 31.7403158817636
920 118.7150754712387 32.31526316042958
921 118.94226267739288 32.17193282536625
922 118.65785913048973 31.667853512028138
923 118.65649327215766 32.38100850915175
924 118.74690240061628 32.00018027020688
925 118.51969860581904 31.753100776772982
926 118.97755439888475 31.981868661820553
927 118.57971227127014 31.932148987253427
928 118.6553112387286 31.783542765596355
929 118.54885129183275 32.09453845258563
930 118.8136544036711 32.01631964920332
931 118.68539227806934 31.80637810131532
932 118.85884102569835 32.22023179497835
933 118.9550031856191 32.03582465144779
934 118.6485929174997 31.876977548852796
935 118.73531245551719 31.72855995865115
936 118.89462212400448 32.00608554732947
937 118.68159942502366 31.71567452009171
938 119.12529701041622 32.31475080451022
939 118.53696575644082 32.01516682748716
940 118.59592778920026 32.33806972693961
941 118.71028250636942 31.85877513401927
942 118.9478395253823 31.95591047019182
943 118.55645921906043 32.02760615859561
944 119.13511467386937 32.304681407548266
945 119.13369059133736 31.69863841375174
946 118.96604763024145 31.9147561829552
947 118.7580919383995 31.67244645372155
948 118.68448342367385 32.34691047339469
949 118.72999338929229 32.26164786573395
950 119.12635867777213 31.925955223382815
951 118.86203849965956 32.12903602215922
952 119.15550299208236 32.04851855243852
953 118.83641304232901 32.07892849240387
954 118.65139872378747 32.2523558285786
955 118.57734385237642 32.37610482351569
956 118.97827047041515 31.661407395027187
957 118.70573725614902 32.06214020035728
958 118.95504623001922 32.32985271370537
959 119.15677299858237 31.93261094193066
960 118.5210937097975 31.79397432800183
961 118.56729501973105 31.696088662855054
962 118.72439897112893 32.10676707541171
963 118.72296569696236 31.762585321488345
964 118.77026156470532 31.89811596059508
965 118.8189711122119 31.91019856466807
966 118.79744640252002 32.09267438229169
967 118.55855362146703 32.36145699726525
968 118.72363302081533 32.394915135475166
969 118.59537489887119 31.832171413701733
970 118.6303680241336 31.81489165746141
971 118.91053083899001 32.192763230835325
972 118.52750167763074 32.15985594246476
973 118.69015683053864 31.824013262540095
974 118.92876452598752 32.350050387278884
975 118.69698918576906 32.24078585858794
976 118.84765966409886 31.75416619723512
977 118.81147416738281 32.006031827290236
978 118.9378541472925 31.668583678649
979 119.08472141491092 32.0320697762268
980 118.69261446155784 32.04731224229382
981 119.13795444240851 31.760683511016637
982 118.95869655981718 31.667549820552306
983 118.78356791974582 31.73067517931312
984 119.07406278372846 32.01023167015363
985 118.79103740074729 31.646683733534598
986 118.97654748242279 31.75131066067164
987 119.12390471721537 31.73827669500918
988 118.69782632884572 31.929338924553875
989 118.83566395403271 32.022286026172424
990 118.77018777338955 31.876217289502843
991 118.57969438013886 32.099632027196755
992 118.57336273650921 32.3270874764824
993 118.56094789694329 31.785695561949012
994 119.11189728776168 32.385953463266304
995 119.1265157679682 31.854136345201233
996 118.74010695077448 32.101172862491566
997 119.11785921391812 31.894062001572845
998 119.1619684699454 32.144547186867236
999 119.03638983301762 32.28924590901257
1000 118.65416681046196 32.24206557121676
