1 118.94493252071089 31.94911815707321
2 118.8981591647232 31.61388765754886
3 118.61638950957443 32.03851454400188
4 119.07547167491072 31.96586697691311
5 119.17726708315455 31.947980312634737
6 118.95918779158151 31.866288449767428
7 118.90526192560999 31.75716405330904
8 118.60635227518944 32.08045606582946
9 118.68862577097336 31.83713954444217
10 118.7603340554693 31.804721995693843
11 118.63525723472014 32.09192632455534
12 119.1965927107281 32.02329921221315
13 119.14082273078446 31.71604398820184
14 118.75981688866842 32.00583285097866
15 118.60242410372504 31.745449592131905
16 118.78411719595336 32.22860268259888
17 118.62630833378745 32.29698364215726
18 118.87317417093097 31.99182831433009
19 118.64320745942621 32.28926195426156
20 118.54658888526936 31.657054341753717
21 118.93033448645848 32.004675716622856
22 118.75354441263988 31.648440432973903
23 118.9721967548613 31.947535870663653
24 118.86797882251945 31.67131130624235
25 118.9415782741279 31.696072432860877
26 118.71849973411778 32.076993119355464
27 118.89892610722217 31.7861786209731
28 118.836527012699 31.680029617520717
29 118.91635518007308 31.775259306502473
30 118.51702188049902 31.870940588352184
31 119.17719227612844 31.9636885367136
32 118.67434132354687 31.761101849761623
33 118.55880163190064 32.10421466858886
34 118.69507491761885 31.984126308023516
35 118.98744695359831 32.015321459571865
36 119.144627173867 31.89964549400982
37 119.09853347754789 32.23062188698962
38 118.71914206449088 32.06344839894014
39 119.09195117891642 31.718639372277284
40 118.54572633268909 32.158523556051996
41 118.5573834138754 32.369688247134164
42 118.62482533337308 32.00650931118977
43 119.05270192883553 32.29848736380755
44 119.01559071379468 31.87560218767934
45 118.58354948720378 32.052387366731764
46 118.99499077720333 31.94538220691524
47 119.0284422191247 31.949303323851193
48 118.60468847068482 32.23379904588355
49 118.95264684061263 32.02079113623958
50 118.77293155749001 32.360716196695854
51 118.54174943597506 32.037793436819825
52 118.86357976188283 31.67223738275344
53 118.83342812952266 31.892025928448263
54 119.10186373323435 32.271042893765404
55 118.91295444287432 31.929752463406828
56 119.10062673069054 31.623132042545027
57 118.82626836393601 31.810410119879133
58 118.99916320825801 31.64527688612388
59 119.17432216197554 32.37115633472383
60 118.51358932878406 32.3817459000391
61 118.80258127107444 32.24320798745421
62 118.80244897776933 32.093617468691534
63 119.0418306938788 32.20818587656239
64 118.50954424715347 31.733330500690034
65 118.88905201371234 31.828959362137518
66 118.68217375503868 32.00904149300049
67 118.82605605657646 31.884300022630782
68 118.992321805939 31.64345337447144
69 118.93324525469278 32.374754968227016
70 118.65757495458463 31.970753558838823
71 118.64217000588229 32.00905408410852
72 119.08981331205368 31.869435650519478
73 118.84761107739965 31.81802337183792
74 119.17386039757871 31.89936523633244
75 118.95562325527742 32.26612213783061
76 118.65845922835653 32.20289743137859
77 118.61080600391534 31.893762808511802
78 118.72469150124962 31.612498627782387
79 119.03079661116512 32.23894177064484
80 118.82532838583965 31.807975736100133
81 118.89818424658684 32.06284022988315
82 118.91295755607173 31.60426104676715
83 118.63384908521283 32.12646965725625
84 118.73581013776997 31.912801741868584
85 118.70809438211217 31.988879458206245
86 119.14705583752279 31.929446283225083
87 118.51906613903341 31.871791096129297
88 119.1747445951784 32.04135327658516
89 118.60334425183143 32.38111880253739
90 118.870448133534 31.70435019874881
91 118.69375827751593 31.86823803152869
92 118.70882425552651 31.622702377919637
93 119.03971892025648 32.19530549365634
94 118.99421377349047 32.1291904665652
95 119.04663026914149 31.77917628400083
96 118.63091854282148 31.918847312657988
97 118.64087009902377 32.13559021604777
98 119.02332679000132 32.131396339221226
99 118.58570100866098 31.740905882250715
100 119.11195168653836 32.300800109101935
101 119.13692208967122 32.23113303238373
102 118.84372686971695 31.69807017516312
103 118.98396594449495 32.3026421653713
104 118.72711739777311 32.19535324141176
105 118.96051459388318 32.23481391098855
106 118.53334290084165 32.028735458506475
107 118.67492404102424 31.782404530820738
108 118.80032883230605 32.334469259514705
109 118.85551658328491 32.07629757493355
110 119.19395745278237 31.86895821211217
111 119.20796439254148 31.819803591409922
112 118.58901007237446 32.316352759621466
113 118.69850444823004 31.94951953865357
114 118.55292989078887 32.03560875384319
115 118.73017573370242 32.1021197552393
116 119.15811793622494 32.2644050950015
117 118.90499105452747 32.08909075378004
118 118.53245729130212 31.741320123297175
119 118.86932901872689 32.07235102920534
120 119.15921910724154 31.997136268374252
121 119.18606648727679 32.04977587504384
122 119.14239730757434 32.1605218967913
123 119.03922692859965 31.792685027869474
124 118.67309153667418 31.760391416964083
125 119.11911374094942 31.686781011854595
126 118.71918519074312 31.827686625454604
127 119.12079341324535 31.60639360493695
128 118.51975927545915 32.094208457173444
129 118.54285778333838 31.84018414528868
130 119.06191464800096 31.76159120436345
131 118.55712187985735 31.67029355144507
132 118.79762642857499 31.82248562922989
133 118.73604349652342 31.761817325414352
134 118.68545595490596 31.834145966461126
135 118.75367937255571 31.964420082313215
136 118.83793592488017 32.045375973589024
137 119.10008282495015 32.278746287185896
138 118.93584841697292 32.38991194638601
139 119.13064022688953 31.63182612804698
140 119.09637480575066 31.79048471330849
141 118.59213919550793 32.114396431632294
142 118.77914190738856 31.74608802389068
143 118.8746137606753 32.29744672572515
144 118.68313038634865 31.766590272271337
145 118.88794214069365 32.187531486510444
146 119.183953622639 32.12045629604889
147 118.6442777835171 32.223333413304
148 119.04502195740653 31.633448323468198
149 119.2011318719102 31.788579746440366
150 118.68048178418995 32.164497543690004
151 119.10739507447094 31.676859993907176
152 118.6218075945486 31.622888544921953
153 119.1510624605722 31.876999822518925
154 118.70516508395905 32.07680310506289
155 118.6920592453665 31.629419016131376
156 119.13549507084625 31.65362530279393
157 118.69675833846637 31.633378924577748
158 118.64863169942488 31.92705861612968
159 118.71467392538078 32.14537954382812
160 118.98049427958098 31.768293207754155
161 118.50955742055787 32.292868046567826
162 118.61145483002548 31.956660138449557
163 118.58036383502359 32.09802241957323
164 118.86112321856682 31.832545803178256
165 118.53015611214377 32.092726925777015
166 119.14862991816821 32.37407185805983
167 118.8336604450482 31.961396744589123
168 118.9247316071212 31.781572098252546
169 118.65893584551168 31.939128932524206
170 118.98482250810692 31.948434933423048
171 118.51135014246451 32.021277412403556
172 118.56826675548736 32.01139618167459
173 119.12698838555401 31.63067888785171
174 118.63328012465563 31.72729350800979
175 118.8386348616784 31.95940268061449
176 118.8780044225457 32.17177373311399
177 118.62039336253443 32.23389158760127
178 118.90266005978891 32.21239398879776
179 118.68727041296832 32.01679324268003
180 118.96047477859756 32.36545145134538
181 118.69424792817131 31.8608922974898
182 118.79793534625608 31.980890238728428
183 118.84171117502557 32.20366462195037
184 118.51210770179667 32.27666848349542
185 118.57141839181648 31.916878944924974
186 118.54433345867761 32.28959615304028
187 118.80730789908958 31.96981055733002
188 118.88235986019143 32.17747234860817
189 119.17787281039375 31.616798466039814
190 118.75122427748035 31.60794189529302
191 118.62578814122188 32.3398725529717
192 119.17302001067016 31.680417995724135
193 118.87740523393225 32.13547408736349
194 119.17113241772552 31.82401690965008
195 118.74382992070092 31.764397753147136
196 118.54917262466431 31.905884508119296
197 118.81105267906379 32.34844478139636
198 119.19474853606918 32.05715665188823
199 118.5438759520613 32.32731985212583
200 118.84271531840685 32.16563120398835
201 119.08790666346377 31.987281330638503
202 118.63828295740576 31.997234218636237
203 119.0590656420125 31.77146483980183
204 118.55232514525062 31.604787743478493
205 118.72610943805785 31.932093765576074
206 118.63140373089557 32.032307390119
207 119.1806017120432 32.29842219886392
208 118.92873752338899 32.12923373078536
209 118.6987177044875 32.26960259395718
210 119.14367321715663 32.339301550975996
211 118.89436297742867 32.34745442703935
212 118.76396799496494 32.25789447914788
213 118.98815753047492 31.713561889920385
214 118.96940175785464 31.878608005220336
215 119.18311813284129 31.75195404142371
216 118.53443645768247 32.290689036273655
217 119.11487535026933 32.22769713056342
218 118.96484288774653 31.88302666578966
219 118.60522780052104 32.04854253234407
220 118.76655539711983 32.24944689659022
221 118.52939749679477 32.28490858041161
222 119.09385260326916 31.770183731125933
223 118.58610702937965 32.18709183697735
224 118.65637064647456 32.243777554916676
225 118.99937722266063 31.636774216824225
226 119.02824429421644 31.678114331912642
227 118.67861016572819 31.938623630679732
228 118.614896775039 31.76765791780006
229 118.51625149286588 32.30611812667122
230 118.54158792627783 32.17584395327176
231 119.12569971261493 32.176190892468796
232 118.64287470463908 32.22896235988072
233 118.77871201490831 31.859517907688797
234 119.04434962392222 31.790265223279132
235 119.18046981909667 32.0827440780203
236 119.12318344384995 31.928183795875913
237 119.12958105210024 32.337986871021734
238 119.08145590392058 32.126785130686486
239 118.74405031231588 31.904811328992317
240 118.95196877322586 32.281602337675814
241 118.99900176068337 31.920553328378695
242 118.79913268619033 31.73750167978334
243 118.93422089586161 32.221643262590284
244 119.17155954721457 31.978243164562862
245 118.71667949374809 31.80655577603881
246 119.1510712442978 32.15574002628818
247 119.19041813170283 32.391179719333756
248 118.90489207771691 31.80135077038171
249 119.13777816032527 32.227956396242554
250 119.01270418316214 32.211834334206024
251 118.99266360745054 31.685190785797733
252 118.57311563243375 32.26677228264501
253 119.01336358804251 31.966890073041917
254 118.6176746643305 31.69465434912818
255 119.02899706475483 32.0371632184238
256 118.52802291998924 31.851036642569937
257 119.11379171582665 31.72233592214458
258 118.63358225522185 31.66063142113557
259 119.09236238288578 31.74858343894628
260 119.11697549518267 31.943613557218615
261 118.57715153284786 32.104670507358314
262 118.57438647474291 31.66906308368479
263 119.16782792505099 32.169219204939935
264 119.18917627887397 31.68246363661099
265 118.55010275337182 31.741459447987364
266 118.92886088630263 32.174540680403744
267 118.76023674405553 32.29171977104247
268 118.53829235034951 32.36797196258015
269 119.09447876786236 32.13047897201606
270 118.97088293011669 31.97469290189894
271 118.54655121737315 31.686709172414165
272 118.81636812923168 32.04753347921532
273 118.78257122808601 31.737519204450987
274 119.19192302329392 32.017261516842765
275 119.18791933706542 32.08363040197985
276 118.66525732374714 32.27708368415141
277 119.03234805828639 31.848954799927213
278 118.95466051531466 32.385065815042736
279 118.80818320074899 32.375989336486576
280 118.89270517669189 32.26857716934442
281 118.77526265049191 32.16326411988212
282 118.53846653349186 32.176804855783544
283 119.0346748405999 32.3216637751487
284 119.06348992620484 32.358522839247904
285 119.15792885935385 32.27243097980347
286 118.86757707022518 32.10840326198598
287 118.54380196214954 31.66444458759122
288 119.15912456939793 32.10614349870752
289 118.68759987421255 31.883375341188035
290 118.59173438874778 31.708980813602878
291 118.59299435704996 32.3180220989968
292 118.91429285361863 32.262496998351914
293 118.7555104166537 32.013213519169575
294 118.97904331611414 31.974577678077015
295 118.54451770981709 31.995032950246237
296 118.51640842720244 31.801261756090476
297 119.17621868306054 31.91840329312169
298 118.56022616116483 31.93937026244615
299 118.7325302803523 31.604910056773942
300 118.51291281320442 32.31140368396024
301 119.12899077233612 31.632256373906674
302 119.09104415918527 31.903063561385192
303 118.90332495465675 31.688506181496546
304 118.6069003584139 31.763456227758425
305 119.05251277624492 32.356686477795364
306 118.53619315480978 31.887445406726574
307 118.82300601207264 32.17697780999703
308 118.72713140302143 31.697619314772762
309 119.20170508608687 31.791405195126647
310 119.18096866037244 32.30108651352871
311 119.08482830863817 32.314621691522895
312 118.81267538794708 31.81866311566771
313 118.85238097575265 32.37243059613529
314 118.88300289828534 32.131626377955754
315 118.88625504147268 32.003243273808366
316 118.61602942683115 31.885236428349753
317 118.65378118757853 31.884382259832957
318 119.00230455016302 32.36310636580212
319 119.09038889852727 32.15863326360227
320 119.17068860961514 32.01159508334035
321 119.02492221124591 31.625534394165687
322 118.89536624503964 31.796976937165134
323 118.56583397978183 32.346960309712706
324 118.5564149768073 32.03803509474115
325 118.61907089030676 31.88421543799168
326 118.98164965915005 31.62106492032411
327 118.69983097393883 31.80504818338755
328 118.7945780582679 31.799298081630926
329 118.60892434530655 31.74499131448962
330 118.6559496755831 31.884219708547803
331 118.77455949260568 31.750558236663483
332 118.9474041716135 31.662658090959674
333 119.20359128310888 31.682254120596948
334 118.58431731075682 31.99187746676447
335 118.71076758916216 31.646266364699027
336 119.1922477303635 32.34190401587077
337 119.10774480471034 31.756808902962042
338 119.16958373146025 31.987936808403756
339 118.85806126763536 31.930938209639784
340 118.65993201408763 31.842558809231672
341 118.6566067652529 31.851359073693935
342 119.06996890658806 31.78202295208424
343 119.167417473215 31.825498212835697
344 118.93436042581979 31.681166705045424
345 118.97403306671515 32.14738821368677
346 119.12158226843495 32.10364596621497
347 118.68377304037028 31.85678651712395
348 118.91732732484901 32.31496122730162
349 118.89294585702062 31.906236493753326
350 119.14679738542947 32.09366639381249
351 118.72818242564935 31.99301735746479
352 118.59738070395098 31.86542847366933
353 118.57250223935367 32.33506068401133
354 118.69745098166699 32.27392896045515
355 118.55577135004175 32.27555679561042
356 118.72920669802893 32.369566357431566
357 118.90322219382871 31.6108838539666
358 118.80723482786969 31.9880024362728
359 118.95118115825277 32.35318213646539
360 118.8639174516241 31.697474303789665
361 119.02963823369286 31.80730399991557
362 118.81985900089694 31.996881471719792
363 119.04120113694393 32.12748535534879
364 118.81847273472411 31.864950688460926
365 119.00708662586457 31.83681761244459
366 119.03797825291134 32.23013284627272
367 119.08673661588952 31.61009646463173
368 118.61078546206322 32.229836177624094
369 119.0135837841632 31.93641249649187
370 118.49952439564909 32.09991431918925
371 118.78012607856729 32.16291302393324
372 118.90191212535395 31.69116532387738
373 118.52225402307099 32.32703872186333
374 118.52599599347418 32.25192821656746
375 118.64854380719278 31.89044524592349
376 118.7670326608847 31.74142756515904
377 118.99094101041818 31.656481887261386
378 118.63593734727075 31.83796491353888
379 118.78009564555883 32.17905053381896
380 119.13129358916613 32.26958670976803
381 118.74045676443556 31.854679918513042
382 119.03166810912711 31.777639481649576
383 118.92129142071451 31.858474960452796
384 118.5436656785236 32.37534195536667
385 119.17656706304484 31.682379349054074
386 118.5774280151275 31.735024177344748
387 118.74996380075034 32.15202327648773
388 119.18237844671438 31.71086642299337
389 118.66638903555062 31.80521853411768
390 119.16054675623796 32.24151810452083
391 118.97126016719452 31.843021055140166
392 118.62775637044912 32.07735133144932
393 118.59760601373368 32.045292063131505
394 119.17064126549923 31.822780033031446
395 118.82023435378485 31.803822842734856
396 119.02172299806523 31.82000641124806
397 118.59908568744711 32.29448662158769
398 118.85042717656356 31.6139094126267
399 118.5636712756809 31.68840320196223
400 118.84429786681964 31.878669777497368
401 118.49585634548065 31.78021656147126
402 118.51928501307782 32.05582308201675
403 119.13667256354667 32.0259139946928
404 119.10497325089094 31.995540221349867
405 119.02912341617974 31.83682979871897
406 118.85916328711116 32.010194600934305
407 118.62996933070545 32.21905479437325
408 118.99477253809941 32.24513825808957
409 118.65821040634276 32.03588672629322
410 118.52528920091126 32.25165425775399
411 118.72525067162582 31.652062956025087
412 118.90789457183317 31.73625559181039
413 118.90763233397614 32.19395174170405
414 119.08245057790438 31.91509029232361
415 118.77297081528661 31.854473320531767
416 118.60268236006544 32.06565943190112
417 118.52811488015514 31.908244564041652
418 118.63659988464691 32.33345483840771
419 119.15760725599876 31.91481876774219
420 118.51651739318251 32.26129218131988
421 118.94630977574937 32.08282490832439
422 118.81366726692235 32.324275975112556
423 118.63434952238106 31.982973476460682
424 118.99796950184482 32.37333674579864
425 118.90979797763752 32.058369649815326
426 118.54600141649632 31.63550550601634
427 118.97571745954976 32.18856595752093
428 118.54388982788734 32.30368259325845
429 118.65210649218633 31.679900719655265
430 118.89795160761432 32.35455445768231
431 119.016081747744 32.05748866796402
432 118.89118654377737 32.194703049882904
433 119.13123761190884 31.76695742117167
434 118.98893478805593 32.34168871736569
435 119.17371766227204 32.114404574135754
436 118.6939793867465 32.033412805103275
437 119.18915844584788 32.37379650289571
438 118.65517287807887 32.052699291729844
439 118.62283271570722 32.01409121534055
440 118.61929098410432 31.644695282194792
441 118.58306928558088 32.046563551658785
442 118.93884069265158 32.1884752442878
443 118.49961373843793 31.883827225370258
444 119.0810549301334 32.14154186796897
445 118.93928702099063 32.04411522513625
446 118.70445826675152 31.774016197977076
447 119.12519126724308 32.041517792957535
448 119.0954848234575 31.985186473803015
449 118.94019050838241 31.866862811938027
450 118.55503219237093 32.13802765402856
451 119.18577925387376 31.66196044602599
452 118.9188300509301 31.886808208349223
453 119.1288006089441 31.94323395715849
454 118.60187958573084 32.390051273983275
455 118.52333185614177 32.164621212762874
456 118.71814541600466 32.101564407171
457 119.05578684202442 31.71671480605193
458 119.06347100447323 31.96197994575504
459 119.11953980452131 31.90300560815985
460 118.73670166166667 32.35922339050993
461 119.0670760486102 31.960713975547588
462 118.59700861136433 32.2866543629076
463 118.8741048631091 32.125924486697635
464 118.53747200141572 32.289576184950434
465 118.99458795146711 31.601943459431634
466 118.74595489687567 32.345535131307685
467 118.57569821067487 32.36133392642303
468 118.95072931719098 31.7255583508628
469 118.782000189678 31.651449656834487
470 118.71589877840533 31.859481810282052
471 118.74388431311218 32.05733207183759
472 119.03744975209094 32.01886653503691
473 118.79248389451007 31.953572123661647
474 119.11927480009 32.33154570135945
475 118.60881016293692 32.054832448346886
476 118.7752443886879 32.34204033702762
477 119.1139978336457 32.04859366439016
478 118.91481259207032 31.73970938808647
479 118.99991846261767 32.386122775140606
480 119.08937310099758 32.38581915068926
481 118.86012541407837 31.958176488651404
482 118.60260973426476 32.20308695856131
483 118.71371134822925 32.11584561964737
484 118.65912961568493 31.738604450562804
485 118.61093665923165 32.06108049007175
486 118.91616520748231 32.11286056124692
487 118.64640102396366 32.07413315318615
488 119.08490206327282 32.028495046122494
489 118.82287092080492 32.06670108374699
490 119.06594356440776 32.16842573031558
491 119.08228108084187 32.21513093966514
492 118.98272447422019 31.680390770860953
493 119.06621611314773 32.33204704185398
494 119.06683962011031 31.966457085411513
495 118.90667900857916 32.15277243687784
496 118.73290992996772 31.910306155182568
497 118.79412503775283 31.64800572968254
498 118.71735412047416 32.12784704312463
499 118.8255539797498 31.89919601784573
500 118.77639126807895 32.03847550988815
501 118.72899812358492 31.80774507592551
502 118.57712167101658 31.766389496194822
503 118.7793492861445 31.816481555966266
504 118.58900296899209 32.2904417022288
505 118.7518534079761 32.338398457023565
506 118.57646962645873 32.36882495721106
507 118.75402219935766 31.94113454156979
508 118.88094959003755 32.22828579410232
509 118.53944048840407 31.736543053861432
510 118.66667286613317 32.18516079113472
511 118.79814046109851 31.941140770088623
512 118.68579251641123 32.271944429777996
513 118.89424842222883 31.757259468956942
514 119.07800112196507 32.25226136844434
515 119.04939456209495 31.659178668699887
516 118.67681885676242 32.29251965038681
517 118.64333267884568 31.93697583370808
518 118.89024547597448 31.70799655438905
519 118.76610893709118 31.826675415982137
520 118.53405234138161 32.1786184311574
521 118.66306439366706 31.949205322918267
522 119.17307361400287 31.789923470567423
523 119.16414808044463 31.798057110350218
524 118.75080305454519 32.14655998777416
525 118.53582717903589 32.11119164331827
526 119.06950208871407 31.650873163578094
527 118.68694133887047 32.25879744706137
528 118.53112202889022 31.702199704874936
529 118.67569203331087 31.78704280293444
530 118.59685693481653 31.61188266218748
531 119.12092013944728 32.02147436755346
532 118.62592988685985 32.275781035718296
533 119.0335658251747 32.33316761611208
534 118.59864709046487 31.964148924682814
535 118.55153189916982 31.683423915228033
536 118.76729041567832 31.994451137930533
537 118.93106530286974 31.830117266949486
538 118.87130134553452 31.848529734330278
539 119.06999652302305 31.780753279560553
540 118.78934001859207 32.35450223192622
541 118.93037732496676 31.91974523946942
542 118.53226294242208 31.594386063480464
543 119.02041503716146 32.00132386104538
544 118.98088501382324 32.15494788954647
545 119.0600874148786 32.24802422566234
546 118.56804300369502 32.20092655929081
547 118.8180229255042 32.15906343149367
548 118.96176284381635 31.756808989178637
549 118.50080629665868 31.869803420555925
550 119.09807521048211 31.965643275299737
551 119.06897040742642 31.728960378665096
552 118.86394499938785 31.937312454354412
553 118.74430350924021 31.682275071293454
554 119.00146791044322 31.668929901081928
555 119.11796438608995 32.26264683285741
556 118.84581546528563 31.732613140132386
557 119.1165147243829 31.974301974571745
558 118.61464830748419 32.10276114450777
559 118.71913314605263 32.35707239598912
560 118.9929712814261 31.85117800888967
561 118.75894556110408 31.757224079273595
562 118.8552191001071 32.30416002648646
563 118.9595617052243 31.845895624318135
564 118.9157585750154 31.813186481062157
565 118.8133598718586 31.71311407710367
566 118.60217962922835 31.961098047203507
567 118.78436489770303 31.77405539995438
568 118.65858918669693 31.888877983052364
569 119.05578599751358 31.86642528656484
570 119.05698033107494 32.09380686988601
571 118.65081138281077 31.948762266571435
572 118.90779770920261 32.13661390425789
573 118.97667420014392 31.839843688784057
574 118.81192944035035 31.871110580231537
575 118.55669738386267 32.391717062880396
576 118.99886005041795 31.79496920012302
577 118.54781717869707 32.213447971521006
578 118.96657408373602 32.16520456042018
579 118.56692905913165 32.10822905570644
580 118.92769408919597 31.690340492259757
581 118.69154495362336 31.590340040149112
582 118.773605844162 32.20009071339788
583 119.18859369807775 31.667538816871502
584 119.15714790099457 31.79346794923403
585 118.90129597497621 32.389461580112915
586 118.9690676689609 32.373663140801604
587 119.05949849729524 32.34111155342585
588 119.0115895895692 32.06342034472447
589 118.5924057879975 31.985082520121754
590 118.8046533658967 31.958240854338595
591 119.08671106568117 31.866549346899532
592 119.02245312904446 32.36797777833423
593 118.6387717812795 32.25652010531671
594 119.09508492000296 32.40495693944543
595 118.92157080538124 31.83748480949578
596 118.7029311916176 32.06970151614065
597 118.53135377594369 32.141251176508575
598 119.02599011224024 31.90040048106229
599 118.80049096197713 32.0624528310502
600 119.18412397567627 31.742915220649547
601 118.67103050610805 31.85786317860745
602 118.55658293958498 31.723319785906952
603 118.66861303979752 32.11117243963033
604 118.78681237563188 31.87395754510939
605 118.51606392198215 31.92935163908235
606 118.76401437342767 31.891208364986937
607 118.6731592723461 31.65298246194016
608 119.1937835818433 32.31787699170634
609 118.62749172171307 32.17606282766017
610 119.10385944187627 31.85574816852892
611 118.6045723335048 32.311945263317
612 118.90447298397969 32.143947084961894
613 118.96119030004742 32.39203963563751
614 118.88485629906646 31.986470802539305
615 119.16635195421598 31.68817189812335
616 118.80027803646999 31.69074035720946
617 118.94312125561959 32.19257662629213
618 119.11345464038293 32.0536580708299
619 118.6695719664675 31.773331666562374
620 118.86831829171045 32.030742656178816
621 119.17744569650944 32.028178939153456
622 119.02762302095566 32.29831294936449
623 119.00272589373743 31.631794428148236
624 118.7767030580193 31.684762113532287
625 119.09417221761487 31.951227999066813
626 119.07648724667374 31.704346593350706
627 118.80351461163265 32.38862728410666
628 118.895565672572 31.761046707207758
629 118.97185637696282 32.091606542365376
630 119.03983692461715 31.95177565658188
631 118.81699627553793 32.23299730290295
632 118.74456484092453 31.636666573202117
633 118.59918077611606 31.852504415760343
634 119.00824606381859 31.98414941014316
635 119.03023230565569 31.695123744434117
636 118.62574358057465 32.10913973218788
637 119.1081294178043 32.02309303451566
638 118.60312713054184 32.261883118987804
639 119.07577754945999 31.95492709027024
640 118.59932467190265 31.843664377672756
641 118.95466311563294 31.844080345872566
642 118.87762558089973 31.794562970669247
643 118.59408976671878 32.347064082431416
644 119.01332122967382 32.24013207235561
645 119.03461900670143 31.876234987082135
646 119.12036326532188 31.952962717880194
647 118.84732056641508 31.684534089703156
648 118.87359231034743 32.069243080791885
649 118.95141039311486 32.18782548116477
650 119.1269429952617 31.79681270076553
651 118.77658271224874 31.964675807610973
652 118.96373933031855 32.13056771021549
653 118.91807113893711 31.968498322468694
654 118.6307306145925 32.02733558382407
655 118.97791937284613 31.758618448143483
656 119.09517402841901 32.22709934375633
657 118.83004235083449 31.679446516885886
658 119.17975365441083 31.97924647055564
659 118.88666481910592 31.84100385599241
660 119.10862479696169 31.680704018710607
661 119.03439916215628 32.282128089153225
662 118.7822684275699 31.744680548100252
663 118.72279147835135 31.97498574824307
664 118.7712606325066 32.095365809601965
665 118.7447905273206 31.827970093993287
666 118.53004584110576 31.985950398989136
667 118.51440069379524 32.02355923549568
668 118.78064478312088 31.943660775309542
669 118.63589889838137 31.885504571345127
670 119.09120096463839 31.79208597628196
671 119.16817130967421 32.3470620566262
672 118.69919147258018 32.00586325825293
673 119.01402228494557 32.1621573193635
674 118.75896178838802 32.017203891557116
675 119.10130598763853 31.84193650419995
676 118.8121027374603 31.988371951841714
677 119.15646206329305 32.25687020164356
678 118.96475500973371 32.29450548974117
679 118.58534630320906 32.34701490320035
680 118.59795102749764 31.77878770204144
681 118.78343103193178 31.883833030738423
682 118.90586030435401 31.695079768478326
683 118.8568238543051 32.3947783164069
684 119.11601506553608 32.106810322035486
685 118.50167940951165 32.16977576365274
686 118.57979957114124 31.95677277788442
687 118.71539565417778 31.803136778428332
688 119.09929605611515 31.922100796244433
689 118.5028879974232 31.83601542266685
690 118.8848807399406 32.01769232934331
691 118.49512949383804 32.24587126138881
692 118.8846279168135 32.26252289083677
693 118.83919433969943 31.84023022844109
694 118.58889493496456 31.735662782057776
695 118.91675271175075 32.192952806857505
696 118.93240395065 31.939297538530216
697 118.82145199817262 31.74795030263047
698 119.05085756622056 32.09856578906735
699 118.54523841902135 31.68725351420212
700 118.72922522122333 31.68387825228514
701 118.85329572526771 31.60585946240449
702 118.72425113162153 31.747409241608253
703 118.59242169036331 31.980310500164357
704 118.5750605135156 31.7378059844295
705 119.04116635013351 31.64116321762605
706 118.68837063641726 31.988911054167012
707 118.95816804321393 32.324900321596985
708 119.09900048935017 31.60503381230608
709 118.71213788283136 31.7836273283729
710 118.63259396355228 32.326978349128815
711 118.8988951497598 32.11896697025782
712 119.07043786428389 32.26359009596222
713 118.75998666331857 32.323963688635494
714 119.08801748366265 31.786966394646296
715 119.19360282767842 32.19955784133956
716 118.9721708230856 31.805636463060225
717 119.13090596444546 32.35441784676522
718 118.57310540581933 32.3713011234088
719 118.77254173442347 31.726513097569
720 119.10385169996457 32.257186115841655
721 119.00628260511725 31.64435230798426
722 118.57217861123871 32.08044602518968
723 118.66155143515655 31.982581649006192
724 118.73264683800288 32.06837313564495
725 118.95409267908948 32.19620713271498
726 119.02086239501966 32.296506766840565
727 118.83823124231508 32.0055630976575
728 118.52491715913276 31.649795637339373
729 119.12250859960595 32.32990317724939
730 119.15163662801365 31.64397054211377
731 118.74784949857107 32.23959197943008
732 119.06311499585834 31.708106144770415
733 118.86388901789303 32.33226886025716
734 118.82101840997473 32.10171901454595
735 119.15465783420593 31.848743621271336
736 118.50881547532065 32.29106477933752
737 118.78862282357436 31.732343070050774
738 118.65311847464835 31.773308951740983
739 118.83055925573449 31.848470248821783
740 118.82392215659762 31.928259648753226
741 118.62965257894831 31.78154631122411
742 118.89536563062728 32.327530557393914
743 118.77855988955815 31.95562345492855
744 119.14614544447407 32.35486802301783
745 119.15474863499313 31.81175616424822
746 118.7702982759601 31.966256113336822
747 119.04016954922382 32.25491190136884
748 118.94062718131629 32.39988050217061
749 118.76348574330478 31.971271901836918
750 118.68283747125518 31.981901598547374
751 119.1452523742147 32.36969176717599
752 118.6452731259366 31.93755884404971
753 119.04542948287447 31.94593001128947
754 119.03346045339659 32.37039375746014
755 118.6453013681502 32.000762474785965
756 118.75576555532983 31.69744771943966
757 118.7989684836196 32.36978502861664
758 118.84640771239906 32.00436447322097
759 118.91107939157578 31.885074516894782
760 118.75091538489774 32.327689447674004
761 118.92198292224046 31.617521125003265
762 118.79355148867577 32.36076841025641
763 119.17571900570921 31.672210257942876
764 118.97350865766573 31.66113688898725
765 118.88016070294945 32.33866315661825
766 118.90226521994771 31.96984348796675
767 118.58471656034861 31.738063479723408
768 118.68916209287785 32.39215237037532
769 118.99815349259603 31.85741327931969
770 119.20069436598575 32.34568510042157
771 118.71727586083874 31.970411023638277
772 119.20218633363172 31.895125288179337
773 118.7468574729883 32.05600318228222
774 118.81247260915393 32.325108827751905
775 119.18225569708056 32.381949310010704
776 119.07267621149417 32.148358964411216
777 118.87398476507788 31.895639739475385
778 119.18443027265991 32.27062875080003
779 119.18887463148316 32.33598283134396
780 118.6092400239899 32.03749901254884
781 119.04470628667792 32.17092911789217
782 118.6858613736919 32.30448596827162
783 118.70943903298217 32.15717825091194
784 118.81611277098479 32.113992397997116
785 118.83482345863415 31.91124730182888
786 118.60459308588483 32.08225623151973
787 119.02307100364764 31.7824794126261
788 118.5103251586942 31.706993292271697
789 119.17616580324791 31.796236243629117
790 118.67450908719098 31.953527955639267
791 118.98835828081148 31.86726556692459
792 118.87451578465175 32.16833903304601
793 119.08277947861606 31.912486590686957
794 118.64330100273529 31.989544711607515
795 118.51577427660648 31.816753530397055
796 118.61755778383232 31.665799992609216
797 118.98447946868967 32.16789272062788
798 119.06822571223152 31.763461641608092
799 118.60293490043026 31.97848521591892
800 118.89715879719766 32.078162709230504
801 118.52998432254647 32.14264344514481
802 119.08747644370864 31.943837153388813
803 118.5724924895729 31.81076125327745
804 118.62050947778908 32.31547525741287
805 118.95257420878475 32.12488735029444
806 118.82155025157468 31.811423629609326
807 118.69129773946236 32.21844936667742
808 119.1581544306182 32.02032896160784
809 118.87749159236398 31.93869777156519
810 118.6130873252632 31.684083404846383
811 118.79355407791898 31.783439998574703
812 119.00352801428629 31.68893963379138
813 118.82455200351187 32.14473837363212
814 118.56552712824792 32.182883384491305
815 118.61644646214653 31.957437448069776
816 118.66835183881635 31.64752950105929
817 118.87315080369461 31.73707724019995
818 118.95085283440149 32.34467311656985
819 118.83374906110002 32.30525237908507
820 118.64351444243566 31.919776484856627
821 118.74572091926082 31.70353084092263
822 119.11018026879714 31.959736147803888
823 118.67228947631402 31.94376683434525
824 118.96166121328922 31.615366509998648
825 118.7580552132703 32.178568745956774
826 119.17806854902365 32.120324987454026
827 118.49419277105446 32.05678060420631
828 118.71178190868251 32.24477127591719
829 119.04103569431874 32.25846436767946
830 118.52615837462041 31.76025287198947
831 118.77280473086508 31.661675639103247
832 119.16366360516732 31.904852270465554
833 118.96861507023465 32.29647764506087
834 118.58588304045114 32.214133081572406
835 118.56347302668493 31.794512034623793
836 119.16064681817295 32.21243928185941
837 119.14296053859121 32.06010864938459
838 118.62780411996637 31.817611506591824
839 119.11339799056344 32.167475585832
840 119.02458081090819 31.840281273424335
841 118.78079600574969 31.869016113066856
842 118.65922722245936 31.769101211944445
843 118.5923141311524 32.05172485884465
844 118.63493471524579 31.971881000440142
845 118.86238238365165 32.095842879031714
846 118.52776076390549 31.618595415851516
847 118.93124128912018 31.923881973745377
848 118.91734666524283 31.636277108341236
849 118.95183852936812 31.85854047362963
850 119.07794118016096 31.667494036152604
851 118.5414627218912 32.028430904846644
852 119.19028632175923 32.33109361039096
853 118.83629223619282 32.28383337934895
854 118.83640129707607 31.98976702836549
855 118.60739338468245 31.87963746805164
856 118.95561690220065 31.61690860662053
857 119.10807967988323 32.12040829950752
858 118.54900320012135 31.838128871738114
859 118.71274658919815 31.917424322540107
860 119.04610855773069 32.09988466492071
861 118.51809832962208 31.746638406877057
862 118.90425640329781 32.036407806212296
863 118.66605068178765 31.969163631605205
864 118.86614560880192 31.90823905297022
865 118.60084233372861 32.26869266052375
866 118.74754054947144 32.19118595175053
867 118.75421703963593 31.71429302432748
868 118.78048826130753 32.317061770626296
869 119.17211503003912 31.600433639126663
870 118.60093357952765 31.793301797730354
871 118.68390834106674 31.715648022297977
872 118.9822855541092 31.869387033664413
873 118.75715574846437 31.70515069692867
874 119.14778754503189 31.824307241435935
875 118.75993331346292 31.910951334142094
876 119.17003548235657 31.98269977418268
877 118.62327770202474 31.81597769751497
878 118.83146998665366 31.656379605517603
879 118.86516379088474 32.01698408355222
880 118.90220149021452 32.08922975116491
881 118.7764420979765 32.12060286025268
882 118.86853709517717 31.613078222331996
883 118.66579565871888 31.690172651410652
884 118.66861024687225 32.12911670993523
885 118.55525875460457 31.700880607230744
886 118.87114375606563 31.67083869763665
887 118.84426304661656 31.946983953146542
888 119.19561256177283 31.88865436676408
889 119.05144256238115 32.13454224299989
890 118.98766133955426 31.62191142835027
891 118.70619379016394 31.797655075382774
892 118.66964827360388 31.822530876767154
893 118.97984497612616 31.86214038813434
894 118.64681367160865 31.610454691608858
895 118.5431764529573 32.04189043011785
896 118.72398834483741 31.611785405686007
897 118.87558822873031 31.841651233930193
898 118.63233951496508 32.33094142613788
899 118.58359059185673 31.730774387332783
900 119.12347776097555 32.12357724887257
901 118.83510429051542 31.976151651915874
902 118.50863130348553 32.33750623128362
903 118.6652879884566 31.947993077474436
904 118.53681211145276 31.763644541791663
905 118.67914173914711 32.38913160511689
906 118.80043275701799 32.17687011024851
907 118.59605439136547 31.70741511969106
908 119.14567117637677 32.02635198491929
909 118.84460325882911 31.84721152304149
910 119.09644107313869 32.30237657260507
911 119.08767799305964 31.734545586740463
912 118.58558843357955 32.11718698443081
913 118.55313320141919 32.365712737392606
914 118.90313690411045 32.339238972148216
915 118.50960610668382 32.330813275215554
916 119.04785462195507 32.131314350602835
917 118.71756264157364 31.843333635052236
918 119.0008760388725 31.656718262191866
919 118.63527584449176 31.731075124864876
920 118.72931125337358 32.32037857818786
921 118.95042298346348 32.16594284541697
922 118.64814523125702 31.671281109501898
923 118.65057250971016 32.37938642339217
924 118.75182056312123 32.00426085341164
925 118.5016925383348 31.738930196167473
926 118.97655684685463 31.980710858542622
927 118.58057918710752 31.92853203246265
928 118.66277983051441 31.772610431161247
929 118.55021980031793 32.095465533165374
930 118.81514223592073 32.0222181675826
931 118.67788310456359 31.82036221218459
932 118.86454625029566 32.22376864538505
933 118.97051604652961 32.02441287952951
934 118.65296231109835 31.87601408739698
935 118.73855738006898 31.73199799042471
936 118.89031440524198 32.007536337035454
937 118.67123440424271 31.718310487717407
938 119.13655545801372 32.32146547406206
939 118.53095986362675 32.007471843233596
940 118.6000013367702 32.342136791076186
941 118.70667912070604 31.857952831236553
942 118.96367891259298 31.963585586121717
943 118.56620596514013 32.032813313264136
944 119.12442505866116 32.313244103371375
945 119.13084499384475 31.70305712163967
946 118.95750649098625 31.91714528737945
947 118.76403934150134 31.6642811756772
948 118.69379143281829 32.342553100166924
949 118.72827270239021 32.27302344962049
950 119.11561185006323 31.916366616206666
951 118.86621249363478 32.126817758314886
952 119.14888423166376 32.05061974714741
953 118.83503899535175 32.08888585924819
954 118.65207377849764 32.26488462989469
955 118.56339854174956 32.37575420311323
956 118.97486221700983 31.66002100858848
957 118.71053480952192 32.05123226168919
958 118.94995782123857 32.32334935455413
959 119.14716576447408 31.911789161608674
960 118.5121825535858 31.804251414654757
961 118.55384564372945 31.696872615132826
962 118.7361530737265 32.10472660470875
963 118.71540888160317 31.773448126636623
964 118.76656335592718 31.902549654971725
965 118.81328500921198 31.914129584859754
966 118.79195346277847 32.0876814227441
967 118.56860428322486 32.36405663101221
968 118.73139232951213 32.39504550302936
969 118.58674474505705 31.839047006887125
970 118.63436971471876 31.81793814482608
971 118.91457606690717 32.18902453099066
972 118.53398301775145 32.16423046104046
973 118.70069667787888 31.82356305181387
974 118.91927841773419 32.36149613236084
975 118.70175852347406 32.24838676132998
976 118.85866667456997 31.762837830367225
977 118.79776636746212 31.999839534207055
978 118.92808835920584 31.661595291753592
979 119.0913275181285 32.01740707492761
980 118.69932677423208 32.04596980978007
981 119.13318112890718 31.758518556325672
982 118.95877659828511 31.67427831859147
983 118.78381604838424 31.745911015451945
984 119.06792249443289 32.00785343436193
985 118.79154024296045 31.64792761541046
986 118.97119097432928 31.74751565296023
987 119.11993016756497 31.740445129873798
988 118.71061077508632 31.93909270139514
989 118.84205640825407 32.025460205629884
990 118.77404210928285 31.88465803458093
991 118.5761263744696 32.11175126961858
992 118.56774254091185 32.33338162242011
993 118.57644163964767 31.78630410326645
994 119.10819546596706 32.39029907815819
995 119.13504715078285 31.86421723575091
996 118.73927145200169 32.089355439354755
997 119.13279950773375 31.88718703133094
998 119.16528131004438 32.14422621087743
999 119.03484716170449 32.29770866427728
1000 118.6602608740986 32.245001279170765
