1 118.94506046964797 31.956180153256565
2 118.9101770687335 31.622778725945473
3 118.61448696518431 32.058821251838424
4 119.06292240605173 31.963069436264085
5 119.15835584854358 31.95589089904622
6 118.94435985240072 31.864019754543197
7 118.9069824052166 31.748293039920082
8 118.62623068398297 32.06378416336411
9 118.69793179750742 31.836335667007805
10 118.75162638039671 31.82094893724244
11 118.62478169270203 32.098246496101154
12 119.20167771433705 32.031638552484054
13 119.14814028604557 31.713405400604728
14 118.76582007862838 31.984162852391485
15 118.6184961326627 31.73751446150289
16 118.76540020701071 32.23628981741263
17 118.63074079936364 32.30832511056177
18 118.87103730143119 32.000641466702696
19 118.64178801320661 32.28836219834712
20 118.53712417764194 31.680505452676385
21 118.93140827072166 32.010948052942034
22 118.74720258913486 31.636216424349758
23 119.00528914022163 31.93125709886928
24 118.85117901953728 31.68566213934201
25 118.977955949044 31.688224464464916
26 118.74493729261535 32.09431562906833
27 118.89625055326121 31.791857987834618
28 118.8426531397225 31.667911959999092
29 118.92210252554517 31.787481472860307
30 118.53956125473199 31.8678264192933
31 119.19264048392647 31.9829442738365
32 118.66829691474742 31.75633860377644
33 118.55500642733548 32.115976045653255
34 118.69616316671436 32.00370778990864
35 118.99818130537157 32.03330486158815
36 119.166674095757 31.918776210077976
37 119.09993817626138 32.21197320697321
38 118.70104436226957 32.06695309428218
39 119.09935294392702 31.709255424037245
40 118.55108805400499 32.15595382230989
41 118.56911185533083 32.37403321919265
42 118.63877332330318 32.01893092009176
43 119.04492994262534 32.30514935877854
44 118.97439288101799 31.867849369899993
45 118.5898292613294 32.06825719194547
46 119.02104840357728 31.932269870346023
47 119.02593470340126 31.912491938224157
48 118.6011133471918 32.233977565311804
49 118.9586106948234 32.02781234989047
50 118.78831716919613 32.354286100198365
51 118.54383144393152 32.03933303337624
52 118.8623041514486 31.68158812520729
53 118.8420043596695 31.8938309472199
54 119.11547079877231 32.284327705172934
55 118.94674910307002 31.96050251259625
56 119.10205124375732 31.603255367753814
57 118.85690640309204 31.810878592126656
58 118.98866039420935 31.656408835807937
59 119.1582455571215 32.38053602211979
60 118.51473974329333 32.380820264623566
61 118.79144011672724 32.2463077406689
62 118.81117460396526 32.07322355784045
63 119.04303039037393 32.22618456882215
64 118.52209744094596 31.746098149876907
65 118.89879617035895 31.837976331428635
66 118.69301572237981 32.01450220614082
67 118.78861406489308 31.88448711195767
68 118.96991389397205 31.660772504055362
69 118.92690483489726 32.35086686200644
70 118.66308947510919 31.97235789068861
71 118.62121101449097 32.00142806225462
72 119.06985365282684 31.87979599511023
73 118.85519292931065 31.82554940303124
74 119.16682598512497 31.88624416149437
75 118.96585409600654 32.27635259707632
76 118.63458660223542 32.22052686559328
77 118.62342614489745 31.877007108201454
78 118.72829721142195 31.627945322565804
79 119.04033789978246 32.232727440379
80 118.83535063624218 31.81179469840745
81 118.89508678013435 32.076347708501615
82 118.91135793275035 31.602211203193445
83 118.65237826280833 32.120187661661696
84 118.73232234758567 31.925611982517427
85 118.69274593261764 31.97590981077992
86 119.14092919401585 31.94532978982106
87 118.5057747342049 31.885623325749577
88 119.18957307220501 32.01391626763195
89 118.62214933571998 32.386373329334106
90 118.8354787862442 31.716621543413183
91 118.67878202453502 31.870789732304356
92 118.69500584168665 31.613041205979908
93 119.03510681168812 32.20844427428653
94 118.99400247190461 32.13531437518246
95 119.02729370918017 31.765499199468955
96 118.6103948030137 31.906068441357302
97 118.65525123710708 32.12111192205355
98 119.03096405366736 32.142811952242795
99 118.56526587977528 31.72064449121551
100 119.09569649108523 32.32634170322795
101 119.12375015723642 32.25131552652171
102 118.85149937902752 31.682282650273518
103 118.97807758833157 32.29134993948139
104 118.7296251288291 32.215267474995805
105 118.94545292836344 32.259364720380056
106 118.52561144144777 32.00977907376947
107 118.67738117721073 31.792849375464673
108 118.79741121710795 32.367997893624775
109 118.86966047252795 32.0886117849922
110 119.19898248720378 31.88051152098731
111 119.2012489255555 31.83661396271666
112 118.58895872833757 32.32163285451164
113 118.71919596690978 31.95638486035507
114 118.55791794128392 32.04891705559959
115 118.72069665919005 32.1171104905199
116 119.15222398929028 32.27852303213216
117 118.91643908690223 32.08869207451629
118 118.52110330905961 31.757051621530362
119 118.8960456779391 32.06239718084211
120 119.17358423809661 32.010469351183865
121 119.19529732767644 32.02701700105024
122 119.13026795349245 32.15328457994
123 119.03302728703915 31.783536087459737
124 118.65690447409473 31.748338174926612
125 119.12381019656308 31.67885554485359
126 118.72854475312434 31.837156748491267
127 119.12052155069946 31.605360836914656
128 118.52001894740054 32.08587717122289
129 118.55889964521661 31.835237078167953
130 119.06596127567023 31.757984469017295
131 118.54733359487938 31.682009320185838
132 118.79702253590278 31.81212420504186
133 118.75952504792653 31.778930068409725
134 118.64230342987288 31.816311045736356
135 118.76843721360915 31.967703589472816
136 118.83655957174335 32.04496094228652
137 119.11026977444119 32.24086030027925
138 118.92890504570302 32.375669041193305
139 119.13560935501968 31.648632639716407
140 119.10798737159259 31.79833811763955
141 118.61324821179909 32.09813177080354
142 118.77543449439646 31.76240724087445
143 118.84981998446767 32.2938644283146
144 118.68456478649279 31.744977450710113
145 118.88555312261947 32.191713329197924
146 119.19791394627129 32.08539824642846
147 118.66044477204262 32.213596184996746
148 119.07593787166051 31.62957917411303
149 119.20634660552017 31.79723795401897
150 118.65392269447389 32.17493104234312
151 119.11694254910137 31.697265502783775
152 118.6130473492527 31.630787852421797
153 119.15934645188649 31.896213666677024
154 118.70044801438569 32.09905610663775
155 118.67471060346219 31.60927871258605
156 119.13397283232885 31.680549639485477
157 118.69106601560465 31.605782878956788
158 118.64699639082153 31.90917708138857
159 118.71906430030843 32.14993151813505
160 118.99634810895459 31.76384109548744
161 118.51684074203986 32.27594677057745
162 118.62970617749816 31.940148961952506
163 118.58360433053342 32.097331506547356
164 118.8453083101159 31.838234155457837
165 118.52506819398263 32.120415236341685
166 119.15302166858733 32.394049762443565
167 118.82894887044509 31.967118675147823
168 118.9251941955005 31.76279438598336
169 118.65291570066164 31.963057457405764
170 119.00046954974002 31.942194461675562
171 118.51674905591648 32.0053652105208
172 118.55070132750802 32.01857520804858
173 119.15477195699563 31.63877966450531
174 118.61929110873773 31.707181572806107
175 118.84251900882903 31.978326909288977
176 118.89405522127281 32.17002693014433
177 118.61183290886481 32.24780360297669
178 118.92781620518271 32.185382866373104
179 118.70301723450571 32.0155517944595
180 118.97123049721387 32.37156392721346
181 118.70361185793047 31.857872173736446
182 118.78550994325202 31.97841139595923
183 118.84309410437214 32.228724027075394
184 118.50123038491652 32.25462974133684
185 118.58833038673625 31.919014683872085
186 118.55330072432066 32.28030334147704
187 118.7969487636493 31.954500755973566
188 118.8814293019379 32.18880021586191
189 119.17939456016065 31.58191890630163
190 118.71430462738122 31.608725174888725
191 118.61374227005746 32.34219454579996
192 119.16070068898965 31.688172259941933
193 118.87517309984304 32.166699939650115
194 119.16279912494643 31.842571576923817
195 118.72385709291629 31.742843090082502
196 118.54453436730076 31.8905875745239
197 118.84988792677356 32.34949105515387
198 119.22817687873396 32.07610313577532
199 118.54468894996252 32.32697919861795
200 118.8614847061042 32.16730138282493
201 119.08332858267187 31.970246819660993
202 118.67213542663596 31.99333210234465
203 119.06043757541292 31.76839108554592
204 118.54345806099724 31.634245762559623
205 118.70656958011274 31.905269901939448
206 118.62319190905164 32.04493702706435
207 119.16464659124972 32.3238550598057
208 118.95015668266618 32.1261880048716
209 118.71901018144136 32.26529165258714
210 119.15031647565219 32.30673616387105
211 118.88115058924667 32.31844956444654
212 118.74039592490895 32.24984676268024
213 118.9919189827714 31.70859209933584
214 118.94111096309531 31.864668457882406
215 119.18677679791665 31.745021048053356
216 118.52170900872107 32.31045707340917
217 119.08438126313978 32.212369033763785
218 118.9821292803954 31.89301224877408
219 118.59572736540424 32.048452133967174
220 118.74481088534486 32.26898297904537
221 118.5134072698984 32.284810298668766
222 119.07957193146564 31.749721179555667
223 118.56711081104643 32.201262246730735
224 118.64485992808262 32.26852931191604
225 118.97321470979882 31.676996670152885
226 119.04243808248376 31.677841662044273
227 118.68795592137671 31.948119394076297
228 118.63763897436 31.774224194716215
229 118.52982707476147 32.293290757085536
230 118.5493539338089 32.19456627790653
231 119.11978430391602 32.177085978000825
232 118.67259045336957 32.199651462113295
233 118.75946129240076 31.8326499898258
234 119.04178344891031 31.775357484479752
235 119.15944877738423 32.09423327978522
236 119.12401161925145 31.91058448448452
237 119.0966376579648 32.34457742935764
238 119.08025424575752 32.140648558885744
239 118.75398946211277 31.8924693863771
240 118.95342106805181 32.264149108227954
241 118.99688389650434 31.933808754837052
242 118.80396890676566 31.727728189808126
243 118.95870150637084 32.21223639856854
244 119.1799717869585 31.996033575799334
245 118.7161642866326 31.797076550068994
246 119.15925573399403 32.136146116659695
247 119.17648477568532 32.37849329048301
248 118.9135539733375 31.790449426584896
249 119.16846301640818 32.22933472947985
250 119.0083954642933 32.19704803647693
251 118.98043192903319 31.69704642023784
252 118.57716662462803 32.29237193773878
253 119.03566866652281 31.964700897994682
254 118.61211139909118 31.672085799578344
255 119.04891848126182 32.02875031840453
256 118.53310189540497 31.876248463174083
257 119.13865551338662 31.718263416030577
258 118.62671473221461 31.65261297688304
259 119.08012228453073 31.76947140609485
260 119.12816792433692 31.951941715336503
261 118.5399303663905 32.114846909445994
262 118.57449249485711 31.665078689707588
263 119.16364122126636 32.15369068733116
264 119.17689400854307 31.69145111547313
265 118.54229377133747 31.727711311099387
266 118.94092064448779 32.1952921436131
267 118.77083837974052 32.28849171998457
268 118.52401314705774 32.3467410000274
269 119.10074607064205 32.124333702866
270 118.95644785715365 31.975796565858037
271 118.58055293242074 31.686741658568288
272 118.81059760322012 32.07376482208418
273 118.78383004409866 31.71821955270101
274 119.18542918281871 32.00763851879409
275 119.19361351815974 32.080539304458725
276 118.65569555194365 32.26623051177859
277 119.01730908959745 31.853714910946987
278 118.94971632635928 32.398057038696436
279 118.83105346735265 32.36871232917889
280 118.89121043519675 32.30009739843509
281 118.79584718668175 32.18254877177459
282 118.51055440344891 32.148433161375706
283 119.03447849377089 32.31780841287616
284 119.04473583137967 32.36385587507823
285 119.123840514204 32.25468113309881
286 118.84142101605127 32.13731736631958
287 118.54772048087146 31.703231057718863
288 119.16262630294815 32.09767965680125
289 118.69798255043597 31.86619998515422
290 118.57575728291705 31.712709438015317
291 118.59863455882336 32.305772016202376
292 118.93466418281804 32.25269167056397
293 118.76213459020144 32.01341168337228
294 118.9800954049053 31.973078400294813
295 118.52635447455376 32.00738817375401
296 118.51383172838509 31.827653939910363
297 119.1829819544473 31.914843250746213
298 118.5351314555623 31.949774737631326
299 118.77077280953328 31.625553238052547
300 118.52987041033656 32.30424885687665
301 119.14204895205012 31.65122480381397
302 119.10790609875484 31.92416278476856
303 118.90030250391891 31.704598787141776
304 118.58475006074372 31.781732580277314
305 119.0846019681338 32.348793112833924
306 118.56188974712028 31.892117093221138
307 118.78649125899541 32.17934053466495
308 118.73123194321666 31.70019244311928
309 119.21541656417823 31.780382598174672
310 119.1877758978129 32.3008271719345
311 119.08416182959758 32.31752595957329
312 118.81678314837274 31.801882230627566
313 118.85328605007533 32.37665202542454
314 118.8908114101032 32.14948574468745
315 118.88435228720337 32.017659082240755
316 118.64190156797247 31.88089451390473
317 118.67108224974746 31.860134792273232
318 118.99838517211954 32.38826396580836
319 119.09829772441756 32.16089936630479
320 119.16304184504483 32.01029638820032
321 119.03923084211597 31.629381166398105
322 118.9191691768003 31.79344605255858
323 118.54202643330838 32.35343253695276
324 118.56009418256575 32.04288721703854
325 118.62971654744739 31.866158284370265
326 118.97486553143494 31.633820385490385
327 118.69593448757715 31.822549495373504
328 118.79292926459169 31.788906132907698
329 118.5983452623077 31.725796346487904
330 118.65296526569807 31.88205634104363
331 118.75351200258524 31.74103827011958
332 118.93647959431242 31.66240808170759
333 119.19956887893244 31.70784351647502
334 118.60513940820061 31.971844975203553
335 118.71419693132523 31.64967485155287
336 119.20100947790806 32.36074742914674
337 119.10593731174649 31.771084899287537
338 119.17982784664189 31.99051853122467
339 118.8716414588016 31.922121676253802
340 118.6558999699515 31.850003707019262
341 118.64023627238572 31.868133419749523
342 119.06469555586548 31.80530683925356
343 119.16606972570233 31.835382700646363
344 118.92090903583976 31.700840525512625
345 118.95389704601098 32.13972757845902
346 119.15446755659575 32.09126864095241
347 118.66691653484881 31.84822404312473
348 118.89404265663526 32.31808342750611
349 118.88871488641698 31.91968414539544
350 119.12890386441974 32.114842346343515
351 118.7247196292292 32.004135019982094
352 118.60139759813167 31.858035576301805
353 118.59719199486037 32.31499895455972
354 118.68328758719396 32.281050118731486
355 118.55456711226333 32.26943190842333
356 118.70492569378096 32.37590290433401
357 118.87714090686941 31.630522142411344
358 118.80746377838271 31.978739741093023
359 118.93765728415204 32.35960108431227
360 118.87314792674628 31.701497210168217
361 119.01933657400215 31.787806743737526
362 118.81474102901834 32.01013725868248
363 119.05372050737118 32.107300859199384
364 118.80772323187468 31.873009599563666
365 119.02876621263376 31.845928983623057
366 119.00826433413157 32.23074725874506
367 119.09931292186712 31.615221878137937
368 118.60866462362488 32.245386744343726
369 119.00180184332238 31.947765418826194
370 118.48639097283811 32.12298405733387
371 118.76845194870349 32.166034187268714
372 118.93094677197512 31.671991063538883
373 118.49121036042348 32.34176602462133
374 118.53307445268047 32.25306648917472
375 118.65438482402803 31.87581258695266
376 118.7829506731068 31.760925584217453
377 118.97888534113054 31.66725552421983
378 118.65158741873667 31.86103914218738
379 118.77824120956117 32.17263903866884
380 119.16225629594935 32.2885119095633
381 118.72374905517444 31.848842374429605
382 119.02498947746818 31.790398738968875
383 118.92937806998196 31.8620169325933
384 118.54376007042906 32.381803495823526
385 119.18157346494476 31.65743731458902
386 118.59783353824726 31.73222855132088
387 118.76064920960116 32.16174930682292
388 119.18608054804628 31.694607733761643
389 118.67744108328961 31.779254514804244
390 119.14739810173255 32.27453656278842
391 118.95956599782299 31.85930794379709
392 118.60917000334409 32.088931959052246
393 118.60438391672349 32.04041334211418
394 119.17431343051094 31.82785009136801
395 118.80959341614344 31.788900772999643
396 119.0578536265554 31.798182574730436
397 118.58652260422463 32.30876089721913
398 118.87270752984527 31.619528842008073
399 118.5685443245989 31.69915278927395
400 118.84148844174503 31.88333307920558
401 118.51355071311917 31.7562716244553
402 118.5042962550798 32.028370885179996
403 119.13584119219193 32.024129767614816
404 119.12428267643472 32.01317704767771
405 119.01520992573606 31.84711253442124
406 118.84145918127847 32.02112917659117
407 118.63824540078339 32.22264145014198
408 118.99659623021161 32.23600869933301
409 118.64410045062064 32.03606935263673
410 118.53654994690719 32.253911455606875
411 118.71274243486467 31.675862992502775
412 118.90264679917183 31.7223225627452
413 118.9024401312971 32.20195175851029
414 119.0694458821365 31.904122954219996
415 118.76244985845574 31.88161321647527
416 118.58745248708047 32.058243441903244
417 118.54306817318405 31.92017434330443
418 118.65000275376732 32.33226506041967
419 119.17199495287284 31.89822749016948
420 118.49543217825303 32.25505178696467
421 118.94392307827037 32.11201196073055
422 118.81221473714302 32.3469295107691
423 118.64588826634963 31.982846717285856
424 119.00094555007878 32.36068310642839
425 118.89585850732068 32.03560926128443
426 118.56143107751595 31.618614134294184
427 118.97471704129347 32.19214592949185
428 118.5245568361692 32.28251105381016
429 118.6686342622245 31.66472105715637
430 118.89185971767141 32.36603206950926
431 119.0112329929504 32.05020748157919
432 118.87381043051653 32.18953880422742
433 119.10168259615149 31.785295708912297
434 118.97474105789244 32.35107720200842
435 119.1726008296932 32.12112752006584
436 118.69296650419307 32.0610183838994
437 119.1792343375335 32.356006396630036
438 118.65131671251513 32.04144350546777
439 118.63728270911649 32.02126494367192
440 118.61887431900938 31.610443630517196
441 118.58969836311815 32.033288599216206
442 118.9369876587854 32.18775582188249
443 118.50249799204602 31.897410876040453
444 119.07815858646444 32.15633227973485
445 118.95758212883702 32.04004675409964
446 118.7386144567561 31.773274292315264
447 119.12914832688217 32.0365882700958
448 119.10147018532433 32.00625698587603
449 118.9398957917171 31.87235012318303
450 118.52110398736333 32.140864573061094
451 119.18582123456837 31.661115330740987
452 118.91241967317227 31.89603784470779
453 119.14247514634238 31.950392323111185
454 118.60221592637292 32.394711656282325
455 118.51537013477281 32.16477696624657
456 118.71929368368261 32.111768524379
457 119.02861947325361 31.73770017122041
458 119.06429977048195 31.95722105940834
459 119.09612408698871 31.912692981548965
460 118.72329340762977 32.35420165838973
461 119.04661170296309 31.963450446740307
462 118.59689456379087 32.28428186109691
463 118.8942985070125 32.148086319478864
464 118.52697381207759 32.27909957180728
465 119.00126256145926 31.577236212031117
466 118.75903159819606 32.33020759069377
467 118.56287477682804 32.36357605364351
468 118.98420398405212 31.727225187788903
469 118.79746116443594 31.638328972103942
470 118.70785880127484 31.860174159322817
471 118.73472616554314 32.03345019379367
472 119.04767706912489 32.035925988774764
473 118.79599222783786 31.97427776939689
474 119.11844542850875 32.31938458474322
475 118.60536761864022 32.02997926843621
476 118.78721804019152 32.34052623632245
477 119.14193257084916 32.068497684179405
478 118.9153477951207 31.755369174341077
479 118.99655922440039 32.392515652043485
480 119.10215386099419 32.38892264081432
481 118.86871403508725 31.954937813526296
482 118.6009183356135 32.21691068998821
483 118.72887414071248 32.12573701847978
484 118.67557278691463 31.755428181446607
485 118.622575833199 32.07574074747819
486 118.899061724673 32.1227196404932
487 118.6433075761071 32.08383504188287
488 119.07804566085889 32.04560205100803
489 118.8275262732072 32.074341771539295
490 119.0763751640169 32.16723268134854
491 119.0930940441903 32.199195838218586
492 118.96649866383184 31.66418620959595
493 119.05068829534763 32.34233894068131
494 119.06942671480829 31.995842986077847
495 118.92513257987999 32.16397027195365
496 118.69844153102284 31.908945763382317
497 118.7937863667966 31.668843365415494
498 118.72018731025703 32.12685256932238
499 118.83044792562345 31.91193859598967
500 118.75039231659618 32.019029908618194
501 118.76179455689223 31.799229292760263
502 118.5690924300759 31.776360535120855
503 118.78063109425092 31.833218647615084
504 118.59935679218428 32.31214021087888
505 118.76365218617843 32.353466862894074
506 118.56674032590757 32.350673594756906
507 118.76661745004567 31.953513398073035
508 118.88870908568181 32.229773287865804
509 118.5351553358605 31.746425757855732
510 118.66493303029458 32.18308084296779
511 118.77540203152962 31.939431275768136
512 118.71065267016812 32.25458337098102
513 118.89212245831655 31.764909304141092
514 119.0739888123674 32.25039808443494
515 119.03326569418465 31.685270931619986
516 118.68381216908112 32.30754444101039
517 118.62931880942125 31.9498822859907
518 118.92210663245383 31.75384033042533
519 118.78726070753761 31.838741833850865
520 118.56087657601783 32.17759833333677
521 118.64954834952535 31.966393727700986
522 119.17112038873778 31.794349600430774
523 119.13296275267969 31.807849779195372
524 118.7356913788159 32.15193770638385
525 118.5174797737028 32.111397263245465
526 119.02958942659386 31.65375528075229
527 118.68250789610016 32.27423374886509
528 118.52262179658737 31.694951704487504
529 118.67725403482832 31.774579185686278
530 118.57053107113713 31.62199770372623
531 119.13129428049066 32.03651842438855
532 118.64143664111293 32.31068362679112
533 119.01553149575206 32.33263897861583
534 118.60932460246362 31.9765568430223
535 118.5692289191907 31.68653219838807
536 118.78408431530616 32.001056895039845
537 118.93732597047513 31.83349760383227
538 118.88914279845795 31.83658813890031
539 119.04091327311755 31.76226881849213
540 118.77421263166084 32.352237713050144
541 118.95697123107367 31.915252374654855
542 118.54062122139335 31.595658508260808
543 119.02640638675804 31.981836810070675
544 118.96632524893846 32.11511921179585
545 119.068188519002 32.239761775272314
546 118.55119661182071 32.18356918011583
547 118.82599034237991 32.14086033032044
548 118.96547687515903 31.800434673721274
549 118.47341965687494 31.865797334542066
550 119.12940835231534 31.936128105658387
551 119.06409076263525 31.7343913703163
552 118.8592077545281 31.96766919049994
553 118.74433440048355 31.689050741595103
554 119.01646586974677 31.67782484473305
555 119.12730002518825 32.24898628816107
556 118.86987587729196 31.72487530219182
557 119.13387277005631 31.955675722161377
558 118.57138101239362 32.074621099422636
559 118.72203810232318 32.35285583578935
560 118.98793523469621 31.860500098234454
561 118.7669130618571 31.716801621583606
562 118.86035582982574 32.29724681537297
563 118.95224023098643 31.843155398789456
564 118.9019812202709 31.814719866725433
565 118.81994746432204 31.725015907000707
566 118.62711808974996 31.947212991495768
567 118.77811941569304 31.767593981901964
568 118.63106789619702 31.908574719945623
569 119.02611722275485 31.854584580581445
570 119.06442513909985 32.11912154183974
571 118.63920199497909 31.94698908945543
572 118.92400685646926 32.10553548919608
573 118.98225168937418 31.840474532645672
574 118.79614887797499 31.892258056205048
575 118.55078786524884 32.38354157446622
576 118.95848839616173 31.80162004972251
577 118.56648751337576 32.19338691075317
578 118.97073941423089 32.15198368650185
579 118.57935310571891 32.09863169921397
580 118.95434181456577 31.68257521584993
581 118.67790812082784 31.60344872071063
582 118.75716702042335 32.2072978590853
583 119.17004655929378 31.645791909419057
584 119.18325387462323 31.79929753685574
585 118.87610106191431 32.3692420196289
586 118.95815908514794 32.390937935953296
587 119.06724198976502 32.35210030653616
588 119.01299342168673 32.04464571136369
589 118.58516067214538 31.977347351509746
590 118.78816968498292 31.96896116342684
591 119.08911267453706 31.89307347905857
592 119.02679137140217 32.38919116481269
593 118.6182845468363 32.247026561059876
594 119.08329876894175 32.42101436720957
595 118.93621830349231 31.835146702453063
596 118.69571412601128 32.07473596585297
597 118.53236696609646 32.12046958437564
598 119.01124797914328 31.909396774982017
599 118.82527934522386 32.057423351442814
600 119.175860591476 31.731879020888012
601 118.66565081549115 31.836824597948834
602 118.56629368495032 31.721247412600274
603 118.6629509042613 32.078907406375706
604 118.80136479012535 31.87761166167302
605 118.53273564760163 31.947364146400325
606 118.7395724378407 31.89818172969489
607 118.6558330587277 31.630137694315792
608 119.16605305643093 32.32390221657621
609 118.62903171879073 32.15847274266379
610 119.10681111367644 31.8539943333731
611 118.55655354915176 32.33252899186834
612 118.88705881364503 32.13868792381456
613 118.92887174465892 32.40869231420572
614 118.89556784642107 31.985137955027472
615 119.16310888240986 31.68286039377126
616 118.80213054463896 31.68704044600616
617 118.9413685167442 32.171401669268896
618 119.11199356637202 32.059126099853664
619 118.66405019479716 31.77245823051132
620 118.86073743713422 32.00430248309776
621 119.19254877581493 32.02893852915812
622 119.03340743871931 32.29398723930887
623 119.00743935832176 31.616364558085632
624 118.80190798794239 31.694067552647855
625 119.10751148662399 31.916630034140773
626 119.07228938595466 31.688357564971408
627 118.79238499447253 32.38218636301983
628 118.88668576785439 31.76931470311279
629 118.97480011743728 32.08401090841347
630 119.03068221952253 31.95208003405386
631 118.83401549577694 32.234256830565926
632 118.75263585640376 31.638161832182014
633 118.61532475650525 31.86829804681519
634 119.03872920440861 31.97237881708924
635 119.03026107596035 31.68312097465253
636 118.62860052396759 32.07918341599656
637 119.11264367152424 32.015653996167266
638 118.61276216509205 32.273886375276774
639 119.08040275142044 31.962622418852266
640 118.60973434652404 31.860771006180272
641 118.94220927870735 31.858983920027743
642 118.86765867979157 31.8216228683176
643 118.61035597650408 32.33719788756357
644 119.03330870057165 32.23643302188508
645 118.99727088878608 31.865138236267168
646 119.10645302374418 31.94182336935075
647 118.82306064260369 31.67697519139306
648 118.877034167716 32.0658737011269
649 118.97374437146958 32.18650209834623
650 119.10903275215561 31.804247886685545
651 118.76395893110497 31.96734873440706
652 118.99061244220525 32.1346077349848
653 118.92190895144586 31.982773254202034
654 118.64225898361416 32.03008310058779
655 118.9803523986069 31.765576520817216
656 119.0772278880481 32.22602459225444
657 118.82958082735934 31.690256586604313
658 119.17959832249102 31.96607996513023
659 118.86476382270858 31.834662349169502
660 119.12944817103035 31.69496697970741
661 119.01228431452357 32.297888718917875
662 118.78438900443196 31.759110709507077
663 118.71686665008298 31.996375537192968
664 118.7829135098517 32.0963522414944
665 118.74430013586877 31.83567277275458
666 118.51297942009296 31.99837525993173
667 118.52940301491083 32.007875153317165
668 118.78233380499688 31.935465796943944
669 118.61283578664126 31.87432782065373
670 119.0780340077433 31.802117050310134
671 119.15989532124722 32.32327820556764
672 118.71695306458327 31.97689604541192
673 119.02469593496097 32.150947740593125
674 118.74373816486205 32.0146281960898
675 119.10053466212058 31.858441282794285
676 118.81720636319119 32.01057510095931
677 119.13910327710359 32.24409157833729
678 118.99173550869058 32.28171688083654
679 118.58014144449658 32.36244117351309
680 118.60923391947333 31.7972344381748
681 118.82551244018707 31.87377278040505
682 118.90740356435144 31.683368988572518
683 118.85192446046896 32.411202301083215
684 119.13971856033693 32.10854358401355
685 118.49980858995035 32.15494752811566
686 118.58265110503645 31.960553577409893
687 118.70008451833436 31.813241322973177
688 119.14249410758742 31.92270550406053
689 118.49466416878111 31.836095947369618
690 118.87666044090955 32.02744968216708
691 118.49341821890825 32.261608321810414
692 118.88644668170308 32.26703596804225
693 118.83082192732 31.850945497009786
694 118.58601546537199 31.73351248934558
695 118.93631611223664 32.19200804114225
696 118.9300737934482 31.933196902266683
697 118.8212055519591 31.736011062618786
698 119.05005811294828 32.102612339839276
699 118.54502102737008 31.676713756072292
700 118.72187614957551 31.67459135755586
701 118.83286815541267 31.580601838777365
702 118.71395011372823 31.74754578209696
703 118.58011835413238 31.98200052976093
704 118.57774754248976 31.75400235272718
705 119.04204209146 31.631190182279536
706 118.69591072766904 31.991647809042195
707 118.96268078115578 32.32099851652879
708 119.09189157409924 31.62375279336375
709 118.71900546236812 31.79830382528796
710 118.62784727824895 32.349514198479326
711 118.90112069980765 32.106806476125996
712 119.09219460792133 32.2404324874252
713 118.77650820858587 32.31010608286961
714 119.08012028734674 31.767125839039064
715 119.19875352605546 32.215013883573704
716 118.97181228476953 31.821184392938918
717 119.12960590722611 32.313323511604125
718 118.54877198992094 32.34251065583227
719 118.78124079069505 31.719808022262093
720 119.10325746837103 32.28705005983602
721 119.03491585909644 31.638412020153602
722 118.58867579211031 32.07085532917896
723 118.6692827976761 31.977842207267745
724 118.71796391396354 32.096881347928026
725 118.94192729111457 32.19957814995632
726 119.02416860596594 32.30420326579178
727 118.84741764317387 31.998496494273017
728 118.5278443714653 31.644682933813048
729 119.13929485171478 32.35934829741121
730 119.17521269022646 31.643607943209847
731 118.72680553532554 32.23679873624969
732 119.07525466897728 31.70846897936428
733 118.8732164015211 32.309781443687335
734 118.82117216401848 32.1025683896117
735 119.14319597371998 31.851712976041657
736 118.49253128660425 32.2641415112794
737 118.77620357509372 31.73891572058792
738 118.64527406731942 31.783629319381483
739 118.82359730086924 31.830682968865435
740 118.8111893633412 31.918518106556792
741 118.63643270545607 31.79605524487312
742 118.90622923358812 32.318488852593546
743 118.75624285341445 31.95204541346772
744 119.12365165457558 32.376444165782
745 119.15950794304544 31.839837137800366
746 118.75047638723639 31.975437882460795
747 119.01372094773664 32.2761005870396
748 118.94521481919278 32.39547763129736
749 118.7715613685668 31.966110068582235
750 118.7261890159807 31.9804073276356
751 119.15593107483463 32.36177544277206
752 118.6575559131523 31.930611492178905
753 119.06532564266595 31.94976679147725
754 119.03429817591073 32.3967190491873
755 118.635376969903 32.01173332493579
756 118.76399257009304 31.682891824461073
757 118.82397860170393 32.37564060425972
758 118.84131797916986 31.943838206852142
759 118.92690035282205 31.896968488521747
760 118.76872879741384 32.305122176137814
761 118.94529339604442 31.606594294252254
762 118.80506758640219 32.372094190341386
763 119.17730870412804 31.663152704433543
764 118.96529631914791 31.64081779466526
765 118.82616846816084 32.326243872975304
766 118.89394771281674 31.962906587748293
767 118.58644968023957 31.727952847042754
768 118.68514281737345 32.38569524616464
769 118.99674336453756 31.83415235448571
770 119.22397101690036 32.34845807056343
771 118.75485099342474 31.99326893830256
772 119.21071889084733 31.911869340123733
773 118.75990333385006 32.05069337624851
774 118.80761166083118 32.32979035446973
775 119.1730378390925 32.39078217099198
776 119.05856516010736 32.13060330394221
777 118.88346727198453 31.906544513197645
778 119.18367150364023 32.26798598024771
779 119.20951748266309 32.33907226748712
780 118.61339125699791 32.00613811630422
781 119.06955637685219 32.18188530082662
782 118.680983007775 32.33630647945005
783 118.71054397792345 32.16481965528233
784 118.79203163387596 32.107974771402645
785 118.84618285371509 31.879620950933507
786 118.59373707620291 32.093213149697306
787 119.02558050302497 31.770362605071103
788 118.50181120714576 31.714795882763887
789 119.19050526255391 31.797055157277683
790 118.70317041060562 31.93359437637063
791 119.00439434175189 31.870740959317708
792 118.84891976448041 32.15106240126246
793 119.08554325850746 31.908611836691982
794 118.60586572353564 31.96703848765326
795 118.51640694001787 31.818768850240627
796 118.61965249549262 31.701296693469878
797 118.96424944189985 32.17621324616872
798 119.07840921626992 31.782077738262718
799 118.60541351100305 31.969685621404853
800 118.91751661899363 32.09464253672928
801 118.52452184990065 32.13298292813611
802 119.06279863429253 31.95229662785707
803 118.57031591865082 31.802659736502964
804 118.64200416035402 32.31183621162903
805 118.95404765092577 32.14376968961333
806 118.81843615720058 31.78555774639954
807 118.69369145796205 32.2385274933139
808 119.17386451888534 32.04261872566613
809 118.8793112829738 31.962449719508434
810 118.60692740793966 31.703318434135706
811 118.80425216081144 31.78193781153099
812 119.00359942076771 31.692628115166613
813 118.80241112760471 32.133670136635175
814 118.58522472625798 32.18608941997494
815 118.6189429710076 31.974387394296695
816 118.66929088344793 31.646581107368064
817 118.88920776737868 31.70915993924852
818 118.9306277101377 32.33986153948766
819 118.83054353931159 32.31436886394551
820 118.62919288852913 31.91977226087477
821 118.72960470748616 31.698424970974685
822 119.12582023207929 31.967376552652873
823 118.68281373563858 31.93076849668555
824 118.9843656388569 31.603379058013722
825 118.73950605855441 32.185185843085684
826 119.1978669430641 32.102209392290625
827 118.5074366028526 32.03115392424853
828 118.707222069859 32.24223402676264
829 119.03925466373748 32.28816610187178
830 118.53193591906658 31.772841115562123
831 118.76612661087923 31.6528865659395
832 119.15633320787907 31.90563464844988
833 118.9821336437106 32.27986098357191
834 118.59126079150742 32.20854354904941
835 118.54658237090128 31.799713629139955
836 119.1702561039077 32.21229473334801
837 119.15521067171832 32.06501785251664
838 118.60938858174337 31.796310739469003
839 119.11290514004553 32.14831075356876
840 118.99857962804309 31.83098727738685
841 118.79773871855913 31.8723865023012
842 118.65328527971025 31.761506315365565
843 118.59985474827127 32.05638687281497
844 118.65004355995259 31.981882914779938
845 118.81409026909462 32.10579251737845
846 118.52263415912846 31.59251933170205
847 118.94469250949436 31.925183196092707
848 118.9346672518668 31.649247032582444
849 118.90294582667569 31.846511180123972
850 119.08900541999303 31.674154291257885
851 118.56352641679355 32.066958963266174
852 119.1853409666495 32.346570798249786
853 118.8267147784716 32.271127868966325
854 118.83390937391638 32.006207409608145
855 118.61874166099213 31.871823862929645
856 118.96667038847005 31.60806404982513
857 119.13446893328187 32.13828654668321
858 118.55240405747395 31.836858046357356
859 118.71530465693859 31.93801465507693
860 119.05292339475305 32.09031149867611
861 118.51304382142153 31.73766676277136
862 118.905623201814 32.03578781090184
863 118.64876055945481 31.967401648319566
864 118.87631617237544 31.902075537316886
865 118.61386903719158 32.27524690378503
866 118.74960756747964 32.206079385939866
867 118.73390455957161 31.690732221499008
868 118.77307726643821 32.3175574081714
869 119.17230382247186 31.572836039026466
870 118.5923616557463 31.78304139551982
871 118.67423884538694 31.701146321416505
872 118.98107251441238 31.864663549842287
873 118.75923235881413 31.701748308044948
874 119.14551484193423 31.815752764326145
875 118.72811083954119 31.933754566025087
876 119.15643580166568 31.96305774086852
877 118.59823015084868 31.83287292354149
878 118.82589270256094 31.65553209162237
879 118.86869142335253 32.02464830465451
880 118.93574218702122 32.07813061846421
881 118.78015158941402 32.11184990000242
882 118.87623396925396 31.60399289326482
883 118.6394097628953 31.682390908925058
884 118.66128978958035 32.131830807493714
885 118.56982427556451 31.734673182055612
886 118.87449890361668 31.699279785460803
887 118.82507898589651 31.946453695676357
888 119.19125491237783 31.903956992492173
889 119.05839804586246 32.12655029549614
890 118.99868874297485 31.63529252781841
891 118.71838824561108 31.788076404811925
892 118.66993937527305 31.794546831164517
893 118.97313628691633 31.853364032708082
894 118.66531635337675 31.58754413111114
895 118.51479387776043 32.034015242818896
896 118.71922153070413 31.590797194952746
897 118.8720771955001 31.829364941529402
898 118.62251905286072 32.317986814238324
899 118.58254039950312 31.708188534882858
900 119.14117183175962 32.147271841481576
901 118.8258623283735 31.96442311341395
902 118.50297625305194 32.31767445453031
903 118.66659221359316 31.962778945322714
904 118.53680143798246 31.777417974386072
905 118.70356416115023 32.41179835013102
906 118.78855874937263 32.164980610909886
907 118.59075318286477 31.719012400923543
908 119.13869398138053 32.039513556849435
909 118.8364155964586 31.857348965630887
910 119.10584188034665 32.31780131967699
911 119.0611026377902 31.72833730386928
912 118.59173455353802 32.0977393208747
913 118.53748593048698 32.34640022560463
914 118.91298880192826 32.34452664932375
915 118.53888696600193 32.30799604624206
916 119.06822478616593 32.09671195408154
917 118.71708900725334 31.85793333464239
918 119.04153375023071 31.651035224345847
919 118.63092547221022 31.743709064358956
920 118.71480096440946 32.305744376210086
921 118.93838866354963 32.163583698300144
922 118.65464364142807 31.669565052755306
923 118.6683756306145 32.3776295987847
924 118.74728943656739 31.996531803781945
925 118.54311548434693 31.75280554675004
926 118.98510271018158 31.967872667013108
927 118.57869077723002 31.943262185443732
928 118.67720784751462 31.774609997737876
929 118.5290608507883 32.11423849084809
930 118.82198543375439 32.03450105832715
931 118.71614062068262 31.82081631771951
932 118.86034364053732 32.20891574949598
933 118.96422541738272 32.03335363009361
934 118.63860632990207 31.875930097061858
935 118.74023402958089 31.705897813339316
936 118.86520654946298 31.988923996108127
937 118.66509476979944 31.73296596437664
938 119.14719333924793 32.32642132613196
939 118.54592791722993 32.014425832519855
940 118.61195051100053 32.333978856872385
941 118.70577371881217 31.855280901171188
942 118.9394754588817 31.941234121510064
943 118.54515237909602 32.033482286734625
944 119.14299201330854 32.311116885294865
945 119.1202066217447 31.71359586347976
946 118.96144130568004 31.909358268087704
947 118.76351718414432 31.68583819312806
948 118.68822575916901 32.33806790374219
949 118.71282035551332 32.25455008727798
950 119.11728005007346 31.9218971791594
951 118.88151993339311 32.11697690340604
952 119.16084258401335 32.0591061087035
953 118.85817271744733 32.0787765392107
954 118.63961064390635 32.24321249618207
955 118.57777657948316 32.36509877226302
956 118.96509999743267 31.65009224309335
957 118.7230297408035 32.043228986123914
958 118.96359408206536 32.3314924389691
959 119.16745150336686 31.91241941009297
960 118.51860050329036 31.784493356957658
961 118.57446077717108 31.67259919280906
962 118.7094218420945 32.12229918670736
963 118.70760707555891 31.738077827356587
964 118.77905492398827 31.89373644535869
965 118.80576010627544 31.899267118338404
966 118.77820406332303 32.09835168452588
967 118.55664213558366 32.382121894606556
968 118.73352971084141 32.39191649878302
969 118.61008714841887 31.849661814602054
970 118.61927353245011 31.812531734465644
971 118.91737816373022 32.181142200999695
972 118.52616405062574 32.15166961460768
973 118.68788366869826 31.83066695555714
974 118.93490159477757 32.359451947570065
975 118.6932839433922 32.24702538241915
976 118.85819056810774 31.75399149145553
977 118.8260666873055 31.980431346181543
978 118.92586458869549 31.6602203892275
979 119.079749435951 32.04072042325629
980 118.69219142955448 32.042581489159005
981 119.14807559331493 31.778019819781182
982 118.9701334354914 31.665026208168015
983 118.78232029182331 31.70809547771942
984 119.08339499568821 32.03275234372347
985 118.78317557412115 31.63909898359689
986 118.99735188258542 31.751044397848133
987 119.1212886793846 31.728434336233335
988 118.69637365501124 31.925092559332462
989 118.83792844343198 32.01861661677892
990 118.77207048075019 31.876325472438783
991 118.55867880757279 32.102107183119934
992 118.57361410837945 32.334985320125085
993 118.57088579339522 31.796783876786275
994 119.12539907521762 32.389091535357785
995 119.12144648456587 31.875935143313757
996 118.74438155080942 32.08388950123106
997 119.08520792838847 31.89058639495675
998 119.16953366249612 32.156617453808224
999 119.02325513666696 32.28883656762172
1000 118.66980834760577 32.24097896635603
