1 118.9438663349258 31.942163164243095
2 118.90065840085192 31.61484151453818
3 118.61157581717686 32.05218698143087
4 119.05780806921227 31.970086204825744
5 119.16980924976791 31.941045029093267
6 118.9584626716393 31.871537747777534
7 118.90438056912022 31.74293654905209
8 118.61396583803281 32.07469385054935
9 118.69696425306095 31.828759724663684
10 118.75012366833775 31.82106365295517
11 118.62465742711959 32.09410132747423
12 119.19918249456697 32.030413802166976
13 119.15012037819547 31.712334232532626
14 118.77004635160625 31.983533911878485
15 118.61063436049834 31.739297195396574
16 118.77120108403362 32.238189244061694
17 118.6309970663598 32.30361610270932
18 118.8682510678597 32.002076452908746
19 118.66305191737331 32.2833583454166
20 118.53132037404154 31.671574863957527
21 118.93743425934409 31.996557235398228
22 118.7475081381513 31.643737567724674
23 118.98502912619279 31.935185643736236
24 118.85230762751338 31.687410349931138
25 118.97094258914852 31.69007572558297
26 118.7339961449006 32.09197701376534
27 118.89578494272618 31.776235220899434
28 118.84126477053887 31.674218063554065
29 118.92276099285598 31.78645673396181
30 118.53048592249895 31.8676711069963
31 119.18351921957938 31.981784129258784
32 118.67078575681553 31.757888764148515
33 118.55043065425617 32.10320075867151
34 118.70232869790341 32.00263301215676
35 118.99056154014035 32.03240804935226
36 119.14595598068006 31.912506118204618
37 119.09516966057939 32.212247094177485
38 118.69356686529503 32.05682068438736
39 119.09791973884468 31.71315706575698
40 118.55744337070014 32.14150980468493
41 118.56109887976304 32.371586084205425
42 118.63767721812691 32.01393736804728
43 119.03621142834724 32.306092499570916
44 118.99318226032766 31.86648590281118
45 118.5785862466343 32.071040879424544
46 119.01816181995255 31.933305201145682
47 119.02315379975475 31.9243222088611
48 118.60147509463394 32.23829486816636
49 118.96017658508467 32.02627424369103
50 118.78946097563464 32.353551343175496
51 118.54465835005252 32.02596266917803
52 118.87383987824875 31.684084306987955
53 118.83757426322998 31.899036883699
54 119.10650465393275 32.28816835127976
55 118.94279716176511 31.966302968024294
56 119.09935726917236 31.62492316543798
57 118.84666636560816 31.817991510767218
58 118.99660887460153 31.644966776812947
59 119.17116750793365 32.38848452694887
60 118.51389852344545 32.379362235436616
61 118.78753092314074 32.24417243566532
62 118.80616608470783 32.07639555780958
63 119.04021878873658 32.22252258842283
64 118.53498310626888 31.745849297578754
65 118.90361845218598 31.829198948515693
66 118.68763558788183 32.010759651652826
67 118.79368153292164 31.88323182367279
68 118.96918131680592 31.654488762488434
69 118.93077677305502 32.365632552855885
70 118.67075169389393 31.975620907924746
71 118.62998917653267 31.99541123614239
72 119.07263114526279 31.879017062188524
73 118.85436872945981 31.820336443549255
74 119.1650071892209 31.89658034212382
75 118.95539347536737 32.267737700873724
76 118.64650390032249 32.22743885022991
77 118.6194638086502 31.87262456302819
78 118.72916948225121 31.62455483973488
79 119.03976472633964 32.22617750564637
80 118.82656748156039 31.807057938835168
81 118.8948712979275 32.07517542051511
82 118.92551074335383 31.61664969887393
83 118.65474978869172 32.118367843152946
84 118.72372586346755 31.932640786383455
85 118.70707316299467 31.969604385616144
86 119.14081097673768 31.923912031613238
87 118.51434632066261 31.8888022755636
88 119.17039449261269 32.01795547493136
89 118.61690138644157 32.38032269603403
90 118.85487896205966 31.702291671386014
91 118.6916832494051 31.866134163561284
92 118.70223402496605 31.615018254333492
93 119.02722086762128 32.2072697077414
94 119.00261018135002 32.13657800848277
95 119.03254460785531 31.766882909581483
96 118.61184276931209 31.91086726506412
97 118.65040085619468 32.13164369335524
98 119.03725099724973 32.144036069279906
99 118.56941660779495 31.72853063584017
100 119.09296273187653 32.32700683385569
101 119.11004926949983 32.243053578605455
102 118.85718009332801 31.679252683400737
103 118.98465746608063 32.2888357722812
104 118.72092055583491 32.215614246938095
105 118.94451536842205 32.2517281834303
106 118.52768549904722 32.02037252335647
107 118.68351722584238 31.788848676646488
108 118.79624846600295 32.35817718070923
109 118.87352657959764 32.081652518799444
110 119.19946493417619 31.874274421588318
111 119.21819068356439 31.83418425255112
112 118.58638012524007 32.323508036833715
113 118.70714711113776 31.952218820426705
114 118.54782799177259 32.05171540272007
115 118.72903197621955 32.11185031224741
116 119.15076211264426 32.27208401219651
117 118.90990438283528 32.08863157008506
118 118.52540956525212 31.744467309214315
119 118.88989937906416 32.05850845494271
120 119.16613838007396 32.00127172097939
121 119.19407579579348 32.038128517336936
122 119.13187857746517 32.159723260124544
123 119.028473657531 31.78965490977048
124 118.65890328970353 31.748507501029476
125 119.13884423377695 31.68900349959865
126 118.72675664124557 31.83759159773221
127 119.11605578081299 31.602730705345678
128 118.52099800206732 32.09520683784208
129 118.54953252577067 31.837932388241995
130 119.05204591097655 31.755346100673343
131 118.54924699565268 31.677039002745047
132 118.80580959570037 31.806979632462504
133 118.75242298185269 31.777701060952584
134 118.65506260999913 31.832158835677642
135 118.7526760401315 31.965310342078247
136 118.8404826454936 32.02644680310214
137 119.11381442363114 32.246713671314645
138 118.9414239110723 32.3681885526075
139 119.1388051940951 31.645662666025267
140 119.10253433418127 31.80182646047266
141 118.59859478148392 32.089694186298274
142 118.77288902818324 31.76784338656672
143 118.85115617392566 32.295582976019155
144 118.68212242754919 31.745677740441916
145 118.87950759874866 32.171564504723136
146 119.19963671408576 32.09711852220045
147 118.66120577805532 32.22199653558124
148 119.05338174141681 31.631900929488673
149 119.19999842694928 31.794546813150184
150 118.66426193668828 32.17856900628792
151 119.1160540901872 31.706481821228625
152 118.62833155511011 31.640773910286345
153 119.14249598807721 31.88945574685586
154 118.69111399493944 32.08636977649284
155 118.68656451013753 31.60512171766627
156 119.12737729518597 31.67787315112414
157 118.69846368997712 31.622924774514825
158 118.64984839542329 31.921802312315265
159 118.71897184064012 32.142526219944294
160 118.99722565803171 31.76560426776525
161 118.51183099955962 32.27642745522152
162 118.62254210473638 31.95717022743157
163 118.57696801831158 32.1017723177793
164 118.8471366463021 31.829345791447825
165 118.52287798866686 32.109257050352994
166 119.14600524354664 32.385406831064444
167 118.82668517746603 31.96236872635593
168 118.9243647553639 31.762411873687405
169 118.64823756726632 31.956623493149454
170 119.00183117084407 31.936267823357028
171 118.50465054190713 32.002702600093905
172 118.55200802331902 32.01258727706395
173 119.1461562765379 31.646267265527193
174 118.61689338534184 31.728791720571476
175 118.84213890579977 31.969337673538888
176 118.88400242389177 32.1611683623237
177 118.61300120933753 32.24497197166405
178 118.92250729196222 32.20273253610455
179 118.68056677605067 32.022922057991835
180 118.96108812538445 32.35505818775562
181 118.69450821500159 31.85953937205855
182 118.77515241874269 31.976085369137564
183 118.845717259626 32.23324133651288
184 118.4979880016931 32.252015347571856
185 118.58198888940906 31.91000280290908
186 118.54784461026634 32.282727660546165
187 118.79852862592453 31.955436677487356
188 118.88356080482677 32.17703229973903
189 119.1832205966271 31.58834455667652
190 118.73558297285248 31.612557032051463
191 118.6026751229033 32.33543315720113
192 119.15933089753707 31.691080135708752
193 118.8835498169531 32.164970554332854
194 119.16433373280015 31.83768507281836
195 118.73741881911486 31.752242480348865
196 118.54862915131284 31.883721238545874
197 118.84611464763815 32.34941443529056
198 119.22315007494855 32.06253610076572
199 118.54164184954251 32.32394398939183
200 118.87308747496829 32.17041505902881
201 119.08401709347032 31.980518094057643
202 118.66199693974585 31.998885024445787
203 119.05815964390617 31.779399266382327
204 118.54484129487562 31.616326945143093
205 118.7104296048004 31.90810175322106
206 118.61102246097805 32.03754492796619
207 119.17079267641046 32.31621026511375
208 118.93740781096747 32.128210775136864
209 118.70226573455233 32.26271524231028
210 119.14238563725712 32.313659053207594
211 118.89428655351587 32.328688342961975
212 118.75483988677135 32.2444710218633
213 118.98648803529434 31.7058955092258
214 118.95890551223702 31.874873448580267
215 119.19056149302314 31.750538162857165
216 118.51843537772547 32.29258867934708
217 119.09107943818178 32.21463023641231
218 118.97365600827186 31.87979251761851
219 118.6137497329593 32.049488943860794
220 118.75489040950366 32.26583293121881
221 118.51779169072455 32.27361064287229
222 119.0894881367906 31.74724146752319
223 118.55489283575497 32.202096562373995
224 118.64075982712411 32.26661469222261
225 118.97607154524071 31.665403593389442
226 119.03456237494747 31.67634283501636
227 118.68011560525548 31.94390834292189
228 118.62302456695905 31.78648100752751
229 118.52416719705748 32.305743319474985
230 118.54982897701318 32.19895168757483
231 119.12384769027716 32.171086078198314
232 118.6594922564315 32.19665793810258
233 118.76981887355022 31.83932967050989
234 119.04522877200513 31.780586770147696
235 119.16263220999181 32.08591677755757
236 119.12700917894189 31.904579604776234
237 119.10667222819158 32.3373851354734
238 119.0764557702178 32.13054873019215
239 118.74520172349094 31.90265039576798
240 118.9552574886375 32.26006276202229
241 119.00084110752805 31.917720979043814
242 118.79814905563296 31.723126155313295
243 118.93204524886977 32.21620636592972
244 119.18095130127264 32.007356784350044
245 118.72428819131567 31.80066834294737
246 119.16333642656167 32.14282787981062
247 119.18157805890345 32.38604268709582
248 118.89822138549816 31.800016247421002
249 119.16710400725437 32.230241465472204
250 119.00116516995591 32.19241401174985
251 118.99172827002123 31.694143897904397
252 118.5789460349144 32.28071275394979
253 119.0335149050432 31.972550088061215
254 118.61824907666814 31.683394863838338
255 119.04611710335938 32.02225406983312
256 118.52769016795753 31.858699870256025
257 119.12561312815046 31.72374114896834
258 118.62724495477102 31.660813790979514
259 119.08327852351213 31.776484073016714
260 119.10876872533747 31.955777479286404
261 118.552567459338 32.108080718964466
262 118.55986053514106 31.663057320849703
263 119.16394670992013 32.16254232815581
264 119.17944881415639 31.687283964628005
265 118.54413783527036 31.743140301416165
266 118.93680144633578 32.18111561256645
267 118.76546432634134 32.28622727728761
268 118.53255003161095 32.350142822553934
269 119.09798614162828 32.11312827210532
270 118.96486233903184 31.963460950155778
271 118.56776572542822 31.68609736906256
272 118.80973817293759 32.06002327048392
273 118.79344960903161 31.720307524525484
274 119.17586183068633 32.00815770502653
275 119.1924015140009 32.08341657765631
276 118.660966446807 32.275200272452715
277 119.03318962589326 31.848664271671733
278 118.9533750821514 32.38294033890722
279 118.8187622623757 32.362896749187605
280 118.89051469382406 32.2753327840465
281 118.77908043151854 32.173753787916255
282 118.51511576715556 32.165823526992455
283 119.03435702138476 32.31539650194172
284 119.04280670849784 32.35751829805375
285 119.1406248619352 32.25901026338864
286 118.83656879578074 32.12531635762595
287 118.5526994745411 31.69931596680251
288 119.15639870231664 32.104226639136414
289 118.69426753692053 31.877822084009093
290 118.59099983429837 31.711005458735436
291 118.59913336097327 32.31722448603518
292 118.92407466989572 32.2528172743722
293 118.76315753158073 32.01354669618857
294 118.96928143280581 31.968259937557097
295 118.53285981921891 32.00315118000081
296 118.51536620241356 31.826382927112
297 119.18539125276834 31.90256996605692
298 118.54839589590627 31.9614675494158
299 118.74853750111009 31.628423005135478
300 118.53094590376591 32.30670503742746
301 119.13568023313461 31.632496095567355
302 119.10936900659354 31.914782999393836
303 118.89623417377167 31.689207482728538
304 118.58703755957754 31.785172707743655
305 119.0945081620541 32.352428716675426
306 118.54705044794214 31.896967280693598
307 118.80422045647319 32.17221202546337
308 118.71882582122862 31.682565237739666
309 119.20557725019569 31.781680509553965
310 119.16877478295733 32.29773071044283
311 119.06901119529157 32.317084826458455
312 118.80948859063656 31.796797654868378
313 118.85723754044619 32.37793246140221
314 118.90835527604118 32.14358326565717
315 118.88473828213814 32.010615292402505
316 118.63081390839181 31.879855033623752
317 118.67164430519125 31.877038423778234
318 118.99964237734025 32.38713716889088
319 119.0851632132857 32.161924961254826
320 119.16785423402771 32.008696743831976
321 119.04658641383892 31.63198419048963
322 118.92338731923324 31.795764352313903
323 118.54504737708379 32.33910815042811
324 118.56698571688347 32.036899009569545
325 118.63527263293794 31.86773675987092
326 118.98613445531397 31.63786127143015
327 118.69948009636829 31.81380646323105
328 118.78340415653565 31.78749338861122
329 118.60088679001085 31.724085571510756
330 118.67086689479815 31.88260465826349
331 118.74879355608493 31.73538732901851
332 118.93504521048173 31.670803003202444
333 119.19915299805976 31.71627228254186
334 118.6015545168188 31.985760089811755
335 118.72306182796487 31.64826524505358
336 119.20142486930425 32.34612519856642
337 119.10296009572818 31.772789678918617
338 119.18017227875467 31.993868172915946
339 118.86375941929009 31.91748463850535
340 118.66876401440895 31.8425118504517
341 118.63028137561203 31.863671486090883
342 119.06261019863094 31.79335832597642
343 119.16609184720528 31.834289770256596
344 118.92505306374913 31.705523757258593
345 118.96425833778285 32.141572115390545
346 119.14296243183244 32.09071962865661
347 118.6809456917538 31.845669405851734
348 118.89978477693633 32.317568115810666
349 118.88825278426769 31.91730784889808
350 119.13822881340198 32.09668681506033
351 118.73970242528642 31.995133041420804
352 118.58504826222898 31.86922920471077
353 118.59613028580043 32.308073072135905
354 118.68486653591309 32.278834515078614
355 118.55297044338928 32.27260762130838
356 118.72375144731322 32.39128211455722
357 118.87985666205806 31.63029163532024
358 118.80544598162373 31.983958649412195
359 118.94561954839239 32.36494003330443
360 118.87010230896229 31.69886396426926
361 119.01822906602523 31.795192384989065
362 118.82530975775897 32.00730179819369
363 119.05618155118677 32.10911613244871
364 118.79630953740809 31.878202119259424
365 119.03205579749134 31.84626114636436
366 119.01137594808999 32.23813291583606
367 119.09832860496286 31.622229914257915
368 118.60863172272283 32.23916381629599
369 118.99339039184899 31.95081123305795
370 118.49420805439794 32.124653526065266
371 118.77082729105281 32.168496137233895
372 118.92060633894694 31.680622181525983
373 118.4997392315481 32.33553656445931
374 118.54036712906584 32.254012240851964
375 118.6576742572305 31.874692746984778
376 118.79214977018039 31.758436337375347
377 118.98039514975277 31.66404409306346
378 118.65069601801574 31.841557342673106
379 118.77321355574193 32.17489494817162
380 119.1394911319946 32.28719119221707
381 118.7283388039943 31.845186862263233
382 119.032889330487 31.791357651680404
383 118.92080055395688 31.851618882054883
384 118.55976658355839 32.38133518356944
385 119.18285632044515 31.664460583914643
386 118.5883913995342 31.733236558978067
387 118.75674807205431 32.15215729843614
388 119.19472403383891 31.70078129635385
389 118.67960114938995 31.778793121326135
390 119.15163860648842 32.2646249746429
391 118.96440115303311 31.84419331846333
392 118.61325233311372 32.08947156820978
393 118.58792003143311 32.027145614283654
394 119.17630175320191 31.8353637947786
395 118.80886205535832 31.800138258234057
396 119.04086719465057 31.786610659450304
397 118.60667797307886 32.30586243171254
398 118.86480012142492 31.609593801392016
399 118.5717295617036 31.69661645955551
400 118.8329081978005 31.869607011505227
401 118.50847707641181 31.767598013468096
402 118.49914413519683 32.0399390552475
403 119.1386040377247 32.03145528417969
404 119.1334858078023 32.00639411893747
405 119.0136627359841 31.84073085762429
406 118.85382807648284 32.0185895950835
407 118.63447567311766 32.217059271846885
408 118.99556206589843 32.2473074037288
409 118.64234163188061 32.037097786479976
410 118.5478294060604 32.23937299521549
411 118.71276768648991 31.66952076343204
412 118.90473661477546 31.7326093081092
413 118.91467828672997 32.20479187914716
414 119.06939966615076 31.918459665220468
415 118.75698284095424 31.871814479551176
416 118.58758686337764 32.058294797732685
417 118.53740667583337 31.912310190207805
418 118.64743556122923 32.33380360548507
419 119.1556214241417 31.904856782599524
420 118.51298450172506 32.25614172224583
421 118.94313812184772 32.091935089940954
422 118.80789899171975 32.340480095375256
423 118.63338426165265 31.989732706083153
424 118.99463081048486 32.3686120770256
425 118.8996903896238 32.046198336761655
426 118.5753271339055 31.623217708065905
427 118.96324224981294 32.18921814284818
428 118.5323414472118 32.300639379222986
429 118.65994064950877 31.664455076936218
430 118.89398491994977 32.373147728181905
431 119.01496984775598 32.05537426014393
432 118.86913624656707 32.19702039351555
433 119.09844542792729 31.777042023024258
434 118.98039687279847 32.35406269971468
435 119.17884797251996 32.11835405249907
436 118.6852053284425 32.05938664055589
437 119.18801539434723 32.36545537142489
438 118.65829299406047 32.047031443250106
439 118.63729416242205 32.02330894106692
440 118.6119707574878 31.61887235702557
441 118.58973145944252 32.03980835880576
442 118.92958366653208 32.192605581942594
443 118.5041771225449 31.896829602792128
444 119.0757409713024 32.15606531994603
445 118.94577483475993 32.03904124150126
446 118.7258077545601 31.766134534466456
447 119.123985267082 32.02635646588206
448 119.0914370483039 31.987992993728703
449 118.93381798394786 31.868154174754537
450 118.51913133117702 32.126181696053166
451 119.18577508625684 31.653059712352263
452 118.92156030550036 31.894739115027704
453 119.15490368667652 31.94511328800991
454 118.59053206221454 32.379665746056205
455 118.50623821538088 32.16561117957349
456 118.71652551050663 32.116195390201845
457 119.04452352906928 31.727764228020806
458 119.06999376955577 31.969920295954207
459 119.10025286088894 31.90169184470134
460 118.7252225177502 32.35417568787442
461 119.0595334506417 31.9609813438963
462 118.60023631000253 32.26863473008325
463 118.89950409426662 32.14985136512608
464 118.52188428495003 32.279924503026734
465 119.0022689751589 31.58192870302963
466 118.75660209683909 32.34861186633979
467 118.57084408969399 32.363604292242904
468 118.97612234696275 31.72366480038249
469 118.79138332839459 31.636399795769822
470 118.69853958131952 31.863637080902233
471 118.7442819106892 32.02809638776857
472 119.04381728705549 32.02312820525909
473 118.790085665839 31.961510897002533
474 119.12262839927263 32.322735783663695
475 118.602760173368 32.04827543973327
476 118.79123079119901 32.34422705900583
477 119.1293453945704 32.05764390798679
478 118.90776670323314 31.755279210394246
479 118.99370167020227 32.40340319093323
480 119.09704489406938 32.39327985628803
481 118.87165781451613 31.951319835871214
482 118.61205762724175 32.199455227314864
483 118.72173733746125 32.11983749106086
484 118.66430463389504 31.75541202552225
485 118.62475042450336 32.06706842847937
486 118.90914405040968 32.12448150104782
487 118.63925103982392 32.0795737143694
488 119.06879536412039 32.03504188242334
489 118.81492292879301 32.0737339903035
490 119.08666133113519 32.174937143448105
491 119.09445251797256 32.20046797406174
492 118.97428953753636 31.68388769018661
493 119.05120635323675 32.33534923418187
494 119.06571150270946 32.000066341249095
495 118.92079747803415 32.1554107625736
496 118.71587979277658 31.907664423155744
497 118.79565122608696 31.662648666055325
498 118.70425201860093 32.120800632691534
499 118.82764436920473 31.907018099546555
500 118.74657579474805 32.02340806586471
501 118.7503486620344 31.807123237328234
502 118.55629844899259 31.769159043950566
503 118.78421939121102 31.833603309943157
504 118.5888734522126 32.30181564503086
505 118.75669040740782 32.34954970647142
506 118.58152438840563 32.358709176711905
507 118.76095402119853 31.944548260181787
508 118.8823436404244 32.22483132721491
509 118.53486076975142 31.745279914143026
510 118.6603241554922 32.18498626397363
511 118.77585311951842 31.924906837152523
512 118.69694650943357 32.25652207921907
513 118.88746292586977 31.776534875691095
514 119.08352767291036 32.244276783626965
515 119.05042156215079 31.676288020609515
516 118.68470959316952 32.30834682320905
517 118.64239067028355 31.95389727775942
518 118.92341732041706 31.74729225303024
519 118.77041086355646 31.836108128021774
520 118.55400120630397 32.17972141524887
521 118.64416123347978 31.971307348238028
522 119.17063586451242 31.784241417603525
523 119.14381177824983 31.81594138806393
524 118.74467186518359 32.14419410455208
525 118.5236120644291 32.11758258917815
526 119.03759743428128 31.643380556060787
527 118.68975312650998 32.2711697164535
528 118.5161038599087 31.70034856961966
529 118.6846919460273 31.78236876650347
530 118.58358462795901 31.611288776344832
531 119.12278277881605 32.02819126310315
532 118.63655020611913 32.29661255534573
533 119.01360673874709 32.33131325434691
534 118.62517702991629 31.972356846485404
535 118.55958430166035 31.690449048346665
536 118.77395506996857 31.997455781850945
537 118.9388510704354 31.827358780952945
538 118.8820653701735 31.838374176742533
539 119.05189752417735 31.766962107430192
540 118.77888296776274 32.347743864791404
541 118.93483175924406 31.904988470400486
542 118.53847502277392 31.592500621892725
543 119.01638676956787 31.982328020691853
544 118.97005921475125 32.137861749817816
545 119.07017925919212 32.245977550533595
546 118.55718343260423 32.19035088058984
547 118.82429858265218 32.14368763392922
548 118.97104778731948 31.798980801264342
549 118.48416922619147 31.868361680948812
550 119.12280555533158 31.93147576916142
551 119.06661178024818 31.726683566891214
552 118.86647634595606 31.96082124914298
553 118.74995413020848 31.682701775085345
554 118.99855711775005 31.671268361437072
555 119.12018238137098 32.25825425369005
556 118.86509384945474 31.72769976267911
557 119.12422094779012 31.962120623450613
558 118.5735386928546 32.07534067428976
559 118.72110421988354 32.355365819326266
560 118.98355013446447 31.861512961617727
561 118.7662963909055 31.730811585256994
562 118.85899283771757 32.293787537490815
563 118.95211387909073 31.834539548286013
564 118.90686147988917 31.830513425070674
565 118.81066074060828 31.731532485251023
566 118.62393453300744 31.947882952915084
567 118.78250246774012 31.75494699442205
568 118.64677849011723 31.90052309803123
569 119.03053584761734 31.858027143310686
570 119.05978719103706 32.12473692270553
571 118.6467178153541 31.95708367375374
572 118.9152794626293 32.11295302127792
573 118.99535724540638 31.844787064580682
574 118.81514167392605 31.89572313169045
575 118.55652770052212 32.38000908404661
576 118.97229516011556 31.8030381486065
577 118.55850607017464 32.203383991029774
578 118.96882337429432 32.151286841376226
579 118.58362641050327 32.096381388139406
580 118.9463269411551 31.692984798067958
581 118.68735656893931 31.604361036702905
582 118.75353789187989 32.20481247921336
583 119.18051485844552 31.65105778165364
584 119.15755691272236 31.79720355866159
585 118.88511656579023 32.36744895986842
586 118.9518523165426 32.38020007943972
587 119.05369952290864 32.34760864119544
588 119.01163815285 32.04672004188419
589 118.57883915285151 31.97363622934617
590 118.78833907959591 31.97241984934133
591 119.0814874583192 31.873644336067766
592 119.02531166549876 32.381214515943945
593 118.61977842680638 32.25762269255131
594 119.0893329758645 32.42145361765091
595 118.94201617528132 31.840322702200673
596 118.70711931121069 32.069453114830075
597 118.52463508490142 32.11896751845908
598 119.01082161128409 31.91766354072579
599 118.82589054838401 32.062157779167656
600 119.18533922063294 31.72668346066176
601 118.67241903900728 31.851269005279082
602 118.55938748588157 31.713907997814328
603 118.67167258027423 32.067720608666455
604 118.80012019323873 31.874647445512586
605 118.53468431532563 31.940451921785467
606 118.74037511821071 31.904710275303838
607 118.65843593080837 31.63977270598409
608 119.16708761505465 32.32495542231692
609 118.63771819977141 32.15530794793297
610 119.11413190328472 31.84981533395101
611 118.56883519037596 32.32368749813944
612 118.90143869875934 32.159561064328564
613 118.93030112288483 32.39796202035571
614 118.8915011860306 31.98409927049901
615 119.15751232118416 31.68505095903526
616 118.80479135546636 31.687375354754554
617 118.93910173149183 32.17588694442229
618 119.1217723679549 32.050294596590874
619 118.65863179555359 31.77444348162479
620 118.86664693051331 32.00637246842839
621 119.18802138948604 32.02159857160471
622 119.04796920052475 32.297140474050146
623 119.00802632267335 31.605061307264453
624 118.79895239310376 31.70397887340517
625 119.1149524898799 31.9186895653902
626 119.07247306215035 31.68819048405083
627 118.80537986055332 32.37098921705552
628 118.88587322981756 31.769608668975575
629 118.96064201596391 32.098692173027175
630 119.03549485585926 31.956589995106672
631 118.8354754697023 32.21841886752816
632 118.74606184126321 31.62367391877772
633 118.61096910559814 31.859543560935982
634 119.02543324664623 31.978700035918312
635 119.02808825101629 31.68562947231718
636 118.61732459682254 32.07212722630995
637 119.11200188291241 32.000069187180415
638 118.6024032865527 32.26908834756304
639 119.08239901488285 31.971127813166547
640 118.60819348228509 31.851399184370027
641 118.95204397819741 31.845214680579158
642 118.86282792409413 31.814980916208526
643 118.60409002389449 32.34026227926777
644 119.01982307418112 32.23409057858024
645 119.00511368063474 31.860712920961912
646 119.11150882817603 31.952503615360694
647 118.82951838836762 31.675514731357136
648 118.87465234620285 32.07086537373423
649 118.9659012679725 32.19443731278108
650 119.103514027745 31.811487000471505
651 118.77275826910846 31.979108791217275
652 118.97419437996405 32.13598639266795
653 118.91423992506878 31.98055109676553
654 118.6443314649039 32.029960739895486
655 118.9889941138965 31.760550009014523
656 119.07474332203293 32.21193341365063
657 118.82894836730583 31.69143501983346
658 119.17921029784522 31.97650818026735
659 118.87277212611619 31.838146506259662
660 119.13521804053764 31.692112097250725
661 119.01789768772711 32.2981295233415
662 118.77831857344 31.748526231572914
663 118.72692110344377 31.98205890847911
664 118.76785058190231 32.09616474289829
665 118.7466071172035 31.839086964599726
666 118.52307612385408 32.000597755109126
667 118.51782598713034 32.01427470721974
668 118.79687662030138 31.950333743191965
669 118.62143951629729 31.879958167730436
670 119.08093616324155 31.783769600556074
671 119.16541652980357 32.32082642382276
672 118.70455368564954 31.985002260270676
673 119.0251382422587 32.149786968725316
674 118.74507225192504 32.01209411880968
675 119.10217350207259 31.849809244373954
676 118.82592572091271 32.00028776179945
677 119.15126996921208 32.238625540759884
678 119.00078709300878 32.285141104777644
679 118.57813992814444 32.36359196928515
680 118.59987234011582 31.792456069926327
681 118.81983603712766 31.870247968960882
682 118.90262069298012 31.687385675359113
683 118.85120097580315 32.400285871039586
684 119.13234091239819 32.118441178901634
685 118.51357160730366 32.13932068417599
686 118.57896556852194 31.96488722403177
687 118.68295071125485 31.812387462027306
688 119.13286401648864 31.92669085775711
689 118.49382853361679 31.852326559502895
690 118.88178958988831 32.03676244587234
691 118.49389745042333 32.25294882359232
692 118.88521315845291 32.276201275537524
693 118.84300011965357 31.84247286796036
694 118.59508847195421 31.724626665597984
695 118.92008676320881 32.19225209842092
696 118.9306823649184 31.932435205135008
697 118.81900719466253 31.741657597488746
698 119.03504110932029 32.11222153866497
699 118.54349666963071 31.67907122490928
700 118.72082299537381 31.68752592351338
701 118.83513871421879 31.580588413499918
702 118.7131318420719 31.753554373426212
703 118.5871110170241 31.974070993519675
704 118.5805755553618 31.748930662304147
705 119.04591664788606 31.6424030410911
706 118.69510495152942 31.993855956797212
707 118.96075097240028 32.31660124248409
708 119.09198418465105 31.614100743821048
709 118.71132104864505 31.80131740342661
710 118.62178578412426 32.334514286408464
711 118.89736076011292 32.11871276610196
712 119.08520981404986 32.245556627545426
713 118.7659589205811 32.30862213128325
714 119.08416507158685 31.776836826086527
715 119.1856196097505 32.213109427744875
716 118.9702604271065 31.81606234391733
717 119.13073158229402 32.324856700388054
718 118.54523616203107 32.357070050548884
719 118.7738283551055 31.730066486446173
720 119.10290933337637 32.28685932825698
721 119.02332843744121 31.645860716687334
722 118.57034900858089 32.08203828506618
723 118.65840063319183 31.982640073985962
724 118.72235781866029 32.085871958003686
725 118.94447958232408 32.19802442329173
726 119.02392515808025 32.30677924934055
727 118.85052268904306 31.994459496042158
728 118.5225492613738 31.643528662987936
729 119.13310893473641 32.35495439269718
730 119.1726462401826 31.642789673400078
731 118.74097538680776 32.245212443091354
732 119.06954974553828 31.719834175172245
733 118.86969394573799 32.324429903106505
734 118.81967052059875 32.09742321902511
735 119.16616805474693 31.84929815584522
736 118.48614415807074 32.275695634433454
737 118.77732957123612 31.72743586799415
738 118.64268072327218 31.787034585652858
739 118.82060825055207 31.83450123503346
740 118.80097753094577 31.911114792653247
741 118.62840244544965 31.795145154458048
742 118.90461403084717 32.318234240651385
743 118.7614833611242 31.94635510626441
744 119.12716465446857 32.3617870314371
745 119.15496040140678 31.840247403693557
746 118.75002576123065 31.969743052332557
747 119.0338339269059 32.27145091636081
748 118.94770011579234 32.39032422813864
749 118.76118719839691 31.979487551073788
750 118.70351415052458 31.972303816713364
751 119.16211070800917 32.35604712266259
752 118.6593842052922 31.93710728116134
753 119.05180353262189 31.959499764574304
754 119.03823110010119 32.38133963830558
755 118.62786206100654 31.992141169157186
756 118.76105769737262 31.67391666637526
757 118.80785568093168 32.364170572062655
758 118.86132745183436 31.950145238659623
759 118.92621239403852 31.885972519334864
760 118.76339117621878 32.31828675553203
761 118.92777104302348 31.603930576866127
762 118.79979169914992 32.366003345358244
763 119.1625594135791 31.65609303301763
764 118.96304212232945 31.654550119201655
765 118.84404794520424 32.326624336277554
766 118.89199757455404 31.964298157382483
767 118.57624518809102 31.72999784571828
768 118.6803702824145 32.37224009705693
769 118.99530389188241 31.844036699464585
770 119.21214635823654 32.34710381504537
771 118.73979834444197 31.98062959954354
772 119.20895926180326 31.917415850795074
773 118.74624288662642 32.04852180647381
774 118.81599281782705 32.32106849033368
775 119.1695531062597 32.39146699359106
776 119.06500404739496 32.13924566896312
777 118.87997799312913 31.905373297285717
778 119.18771133263077 32.26698815577663
779 119.20957541287224 32.33309973640934
780 118.61993320331689 32.021948274107
781 119.06650494031295 32.19080275431351
782 118.68045970161177 32.32475482934884
783 118.71337303914 32.16491260642806
784 118.80142464141008 32.109266869626126
785 118.83288248384062 31.88794755063019
786 118.59500051990335 32.07935911686281
787 119.02551241298839 31.77807627153697
788 118.51038409245064 31.710762687402624
789 119.19659389542484 31.80722301646175
790 118.68148468211716 31.939930473529508
791 118.9975204148 31.876309216415653
792 118.8566284054979 32.163662729563754
793 119.09245310063531 31.914798887450708
794 118.6159671748197 31.970241107715257
795 118.5194525593366 31.81326860352341
796 118.6217761474886 31.677743111728105
797 118.96514526856882 32.17380023426857
798 119.07901122596395 31.7822181129218
799 118.61604529670828 31.975792545372606
800 118.9259036117603 32.0891448267825
801 118.5142566492993 32.133046904527646
802 119.0686113780079 31.93927421533517
803 118.58663997561729 31.7930712866017
804 118.62648911164922 32.31705178800708
805 118.94992872944279 32.14918827000714
806 118.80096231473621 31.790662085462994
807 118.70303824479937 32.24521125227215
808 119.16907730450536 32.05026457658311
809 118.87354427705112 31.962214695865303
810 118.61394495387346 31.70124885119913
811 118.81610631617409 31.78739132619597
812 118.99715473051015 31.689595980785466
813 118.81673801407831 32.13687655293663
814 118.59267348587004 32.170244278545944
815 118.61316025659579 31.980385496582176
816 118.65739435794683 31.6484495781782
817 118.87466390263316 31.711834032966582
818 118.93792672576063 32.33924001472399
819 118.8292413605188 32.31374665224284
820 118.63148015904619 31.921847882080126
821 118.73575282982209 31.7201651453547
822 119.1137145129832 31.96416732123249
823 118.67784994890813 31.93690992982111
824 118.9843310800389 31.61138711393203
825 118.75307103993326 32.17679406929498
826 119.1927812436411 32.092794628162345
827 118.49052143068391 32.03564006629143
828 118.70739019688668 32.24384268853231
829 119.04485541321593 32.28311250149771
830 118.53032846535675 31.766047948347012
831 118.76488374343668 31.65621712105186
832 119.1620801837716 31.908136576013135
833 118.97644913580028 32.27798864893837
834 118.59031737753972 32.21285627163012
835 118.55502800246116 31.803361929130016
836 119.17660337005341 32.21817431673039
837 119.14748240382828 32.06913951648974
838 118.61410812654506 31.79489355786753
839 119.12145270928956 32.146880764394126
840 119.0120109680563 31.83729671925234
841 118.79163533869828 31.86900116756717
842 118.66036032188156 31.773268025073122
843 118.59619514298251 32.04895992572367
844 118.66073049063819 31.993891748716177
845 118.82883024510535 32.098799836605025
846 118.52892455385263 31.594142114729856
847 118.93608521739603 31.93568001973554
848 118.93259184324249 31.636390857308843
849 118.9065210952169 31.856010780473518
850 119.08560102717367 31.667086875213123
851 118.56262704321007 32.06347944740374
852 119.19287248958476 32.345873751775116
853 118.8299243312284 32.27110252140353
854 118.84112959898181 31.98824186276606
855 118.60468507357895 31.882446545248698
856 118.95269762716956 31.602942391626478
857 119.1400620270984 32.132191990107636
858 118.55575522475534 31.83420128196676
859 118.70925353632143 31.942193100515947
860 119.05483789438775 32.0921233666584
861 118.50585597079623 31.757671892486893
862 118.90805239915692 32.04053038576371
863 118.65727287618287 31.96077438334029
864 118.86845453128097 31.91194808001385
865 118.61067703696789 32.270287415253215
866 118.74154056316229 32.19530086948456
867 118.73634612235878 31.688856095201132
868 118.78517878252987 32.31347092191429
869 119.17150107417494 31.582603538376507
870 118.58182027737176 31.780430273185377
871 118.6904051784412 31.69990549500729
872 118.98423371862789 31.858836990267505
873 118.75781311795703 31.698431589849054
874 119.14002897748024 31.814688636864116
875 118.73558674554458 31.931396221899007
876 119.15030414568501 31.981836817574703
877 118.58584761116433 31.827761743429395
878 118.8189824995524 31.65328624260511
879 118.86755557021223 32.005327812853984
880 118.9234215761633 32.07398623814729
881 118.7830847390055 32.10965480070906
882 118.86707128288053 31.602097796678642
883 118.6470061627725 31.68758632452095
884 118.66941366329256 32.124701427655665
885 118.57054969081447 31.724174063238234
886 118.87339952156015 31.699903648007343
887 118.82922462950751 31.943253948231877
888 119.19728163517237 31.902862602306026
889 119.05465612564808 32.12808545376157
890 118.99618433823149 31.628430834134285
891 118.72631533395116 31.793280912813774
892 118.6677773294644 31.799276872573255
893 118.97953908490562 31.83702287509504
894 118.66644494956964 31.6026348929229
895 118.53137564301105 32.044360903427645
896 118.71991680738151 31.596599492530213
897 118.8638753735766 31.820927789858473
898 118.62782844266738 32.324802756695824
899 118.57174362349146 31.721255158220067
900 119.12140701345865 32.14658573061686
901 118.81916812017596 31.98884309101936
902 118.52755560505503 32.3288381086296
903 118.66928422281721 31.956637702180878
904 118.53599382155706 31.771968539183895
905 118.6845996762221 32.40193153845166
906 118.78812994307026 32.16771887415318
907 118.5838547703877 31.710604761724632
908 119.13946738997983 32.03177180250003
909 118.83422596485109 31.870308676633105
910 119.09248374310533 32.30414302770658
911 119.06447250433341 31.728259575311657
912 118.59480497933767 32.100288865016324
913 118.53703419312599 32.35961360550016
914 118.9062180160599 32.35497556328007
915 118.52105561364577 32.311671722019554
916 119.0760271641435 32.120460653987415
917 118.70606326428988 31.846483620587197
918 119.02982281452941 31.640081685909394
919 118.63100440362373 31.74085990680396
920 118.7242788193966 32.31036490450186
921 118.94964328758182 32.15025618462724
922 118.65797465289603 31.663238885812852
923 118.66454543040491 32.37660758557186
924 118.75745828949825 31.99413964404328
925 118.54768272193103 31.75240767021693
926 118.98209024675621 31.97612067665367
927 118.57958488050235 31.93807861073597
928 118.66858263416808 31.775333277509723
929 118.54611219171686 32.106176902034754
930 118.81715448828307 32.0310635968967
931 118.71458503832714 31.817329823987993
932 118.85316424511012 32.218180396876036
933 118.95164940455676 32.025560532791914
934 118.63914202352126 31.88257435944384
935 118.7488594289129 31.72455401482556
936 118.87417306482334 31.994184097162357
937 118.67592563154572 31.728506636803537
938 119.13174161223608 32.33182538382372
939 118.54786633831293 32.02095391414995
940 118.60953041884748 32.33632380065389
941 118.70356125211522 31.86250670283373
942 118.94317687050686 31.948149717051177
943 118.53780536271336 32.021957032204725
944 119.13415369213152 32.30959720890551
945 119.11604485553295 31.70703859578681
946 118.95226645501407 31.910098398866793
947 118.75105394563086 31.6797008363076
948 118.68962085397868 32.36287596865766
949 118.7181884799208 32.246640438296915
950 119.12721571428743 31.92815142085649
951 118.87395083139782 32.116537686459324
952 119.17324728149156 32.05709342948744
953 118.85311327599834 32.07666162432225
954 118.64796808722384 32.25985371568968
955 118.57614052883835 32.37276383166875
956 118.96309990083871 31.668567839664778
957 118.72687667427327 32.046188524011846
958 118.95499445872534 32.33085955228134
959 119.17375160816763 31.925958271499262
960 118.51558469676105 31.78271199100756
961 118.58148122086858 31.687743561241685
962 118.72824824737836 32.1221293733815
963 118.70951931994075 31.74848525020835
964 118.76619485476506 31.891796098819874
965 118.79828952407597 31.897082942736844
966 118.78269673935083 32.0957065236534
967 118.56264177636761 32.38421255028225
968 118.73291615208424 32.398636147703094
969 118.60866972967412 31.84859664460051
970 118.62496207369058 31.812494537236656
971 118.91649092875356 32.17749024619249
972 118.53347315138848 32.15392157116324
973 118.68793672064929 31.82956412385887
974 118.94214126393582 32.374527544859134
975 118.69671340175395 32.248031972111775
976 118.85914934235275 31.746077207672275
977 118.82631509279535 31.989666005135007
978 118.93019298134995 31.655593816406498
979 119.0767318151382 32.038482733680034
980 118.68353517266608 32.04283765426378
981 119.13082366057502 31.76151919753981
982 118.96862784435442 31.65624500938254
983 118.78167753016704 31.72293117821222
984 119.08697269109017 32.0226686731938
985 118.78124053749453 31.63862674802261
986 118.98766937611879 31.76063239142222
987 119.11351271100742 31.739152040070564
988 118.68312418452246 31.921453812362223
989 118.83943856165104 32.018429932752106
990 118.78336058139244 31.876651501040364
991 118.56241062114887 32.103832728553634
992 118.57144060362585 32.3358818154738
993 118.56599616258008 31.797468486069082
994 119.13054504169544 32.385408510500184
995 119.122390152571 31.86780617237419
996 118.74742217565415 32.08643492936998
997 119.09328827411045 31.886557918519173
998 119.16436268890371 32.15530245387871
999 119.02476138848833 32.291761438396485
1000 118.67171278501816 32.229681243075866
