1 118.95033751488168 31.9568146469308
2 118.90045564141099 31.622560072996745
3 118.60904891959288 32.06187125471281
4 119.05908004585619 31.972056761604268
5 119.16647674889302 31.9518953991379
6 118.95746043609176 31.864550883881467
7 118.90775270871306 31.746151292880437
8 118.61972547322063 32.074728567914214
9 118.698324052643 31.825871486294293
10 118.74627378896518 31.819649961730764
11 118.6261716449697 32.096643400238676
12 119.20410656538115 32.034582941252594
13 119.15337687941667 31.712687160029795
14 118.76887436223934 31.9877062039285
15 118.61231300808082 31.746800986349474
16 118.76327115903962 32.23660566300045
17 118.62711472714835 32.30775680908051
18 118.87399124057312 32.00041497737966
19 118.65373113011488 32.287549057170985
20 118.53719859447595 31.68099004608609
21 118.94086487301753 32.00807654628018
22 118.73814755705972 31.64188688909494
23 118.99325402898424 31.927254021092537
24 118.85436274214763 31.682018611046676
25 118.97326790657281 31.681489632162243
26 118.7385952519581 32.09224026958433
27 118.89603397132979 31.787086516358492
28 118.84294023256281 31.672207685361613
29 118.92357514688868 31.788311950629115
30 118.53447642234546 31.869177857058457
31 119.19250548198505 31.98382918783281
32 118.67010099924961 31.758001345598867
33 118.55573377070736 32.103018092914354
34 118.69385887033403 32.00038382591549
35 119.00105721234334 32.03621443240291
36 119.16103704677414 31.921425126923808
37 119.10017624029054 32.21220896200794
38 118.6960804632187 32.06324801322601
39 119.09968415808704 31.705250403540973
40 118.55628515035647 32.15181331421236
41 118.56214147070027 32.37604198610453
42 118.64290567051256 32.01431484616644
43 119.03525398246144 32.30831826897264
44 118.97595000048481 31.86407737457132
45 118.58727990842918 32.064785649992395
46 119.01936161636101 31.925462213475086
47 119.02167733188713 31.91708097756484
48 118.60954081463906 32.22934930610445
49 118.96089377625032 32.021241253036756
50 118.79181937355624 32.356341619756805
51 118.54228249415496 32.032722376212554
52 118.86437078264355 31.678135798704936
53 118.8335825859483 31.900343368737083
54 119.11735866736508 32.28973353710483
55 118.94263934328193 31.964443573087948
56 119.10408250544182 31.611230518369005
57 118.8515236246501 31.8164451001071
58 118.98091199120721 31.656489826272665
59 119.1737107779002 32.38264344290704
60 118.51490921264147 32.37806482631171
61 118.79063008097347 32.24478327623482
62 118.81313073190267 32.07423018676139
63 119.04818428115725 32.21897634668735
64 118.51699295098628 31.74402888376001
65 118.8994395340818 31.838466513265708
66 118.68959374253637 32.00993272540418
67 118.79489841235863 31.882312797272988
68 118.96980522139928 31.66603313641567
69 118.92331939008729 32.35135425966824
70 118.66794851020023 31.975621014598154
71 118.6292675719893 32.00226193702263
72 119.07826847673627 31.87796548317859
73 118.85474141467289 31.821255903248982
74 119.17127146702676 31.890956367169665
75 118.96312246014352 32.27145754837414
76 118.63625516223163 32.21536453759663
77 118.63015935665067 31.874805954632823
78 118.73359476818555 31.62574687797525
79 119.03657801870808 32.22680130631332
80 118.8322721853837 31.808563465273377
81 118.8993390759734 32.08142853560345
82 118.91450806762609 31.61091194584138
83 118.6532326699237 32.11388183604212
84 118.72690794810097 31.926054086992384
85 118.70060426363226 31.97763405118484
86 119.14051612217406 31.933577441781484
87 118.51125657263687 31.892658418689816
88 119.18197986271784 32.01534535201542
89 118.62382477249086 32.38602784845458
90 118.84460415156445 31.70984762825263
91 118.68000117477887 31.865671794689103
92 118.69886094255645 31.6166878570983
93 119.03542803981135 32.19986598239314
94 118.99648057882548 32.14101317564758
95 119.03925857644752 31.758005206359176
96 118.61778645801938 31.914835863450705
97 118.6544885148287 32.1233595318085
98 119.04019104349615 32.13692143591223
99 118.56293538434934 31.72136306146642
100 119.09453870789851 32.3312187692652
101 119.11730708923106 32.24749720652605
102 118.85304060658707 31.680924649542742
103 118.9839451214799 32.289633785914596
104 118.72654828789695 32.21138262151807
105 118.94863169211517 32.261589747730426
106 118.52033476526407 32.01230757717775
107 118.6801219581238 31.800775293008517
108 118.79768840408217 32.362314196356806
109 118.87165086527675 32.08705111584719
110 119.19347483165882 31.88031702414199
111 119.20831895848708 31.83196122797633
112 118.58333239669693 32.32458865157943
113 118.7107953486987 31.952055313665106
114 118.55431310941037 32.05328556398244
115 118.72987810337129 32.12095623691157
116 119.16009198005676 32.27823085078294
117 118.91767373011461 32.0881197615884
118 118.5210548631359 31.751972274740208
119 118.8909980806826 32.05726336981138
120 119.17693980523921 32.00641870192188
121 119.1855616894304 32.03238025781814
122 119.1333952636729 32.147647127151465
123 119.02925368957831 31.789204020098836
124 118.65405738354659 31.744270510125908
125 119.12918610289888 31.685645339518032
126 118.72547733657048 31.840581631850913
127 119.1082295085277 31.608477264074196
128 118.51528911895298 32.095966827890564
129 118.5549046174982 31.839731051986526
130 119.06968749201752 31.752552827960123
131 118.5469892925483 31.676700078714607
132 118.79974622934154 31.809458001470002
133 118.75326114590266 31.783276025287236
134 118.64748814104419 31.821818589652686
135 118.75683723752303 31.968743398743445
136 118.8331280045379 32.03750062925413
137 119.10900432244436 32.24486328161205
138 118.93581836286407 32.3752088867575
139 119.1384075213925 31.64325969956877
140 119.099469606569 31.800661723459548
141 118.6119587875736 32.097730121972525
142 118.77437233256286 31.763124729894066
143 118.85163610429086 32.2962545134037
144 118.67833531150997 31.75083185574735
145 118.88658829653397 32.186307967100795
146 119.19761913639698 32.09771601384992
147 118.65914969375014 32.22231165017782
148 119.06257198732794 31.624549092820864
149 119.20779991217607 31.796221404425186
150 118.65789828593445 32.176759693405714
151 119.11412936089992 31.70399361984042
152 118.61736681711979 31.637203892368362
153 119.1460310207182 31.89240372717893
154 118.69189737182934 32.09153113508385
155 118.67406883517289 31.60750580664761
156 119.13541535355273 31.685986959533057
157 118.69681948767656 31.607756671160303
158 118.6469505018921 31.920717741743513
159 118.71476110376463 32.14841637752201
160 119.00505329212076 31.768376236899854
161 118.51671059503867 32.26506475335678
162 118.6266118487602 31.944553207876034
163 118.58372825173663 32.09989380763889
164 118.8465823098135 31.83563188015598
165 118.52968145162258 32.10757109629526
166 119.1539938038207 32.394212452066505
167 118.83492678548434 31.967438912934227
168 118.92799319072323 31.76339771050518
169 118.64467355966354 31.96743359067851
170 119.00973059461776 31.938539895115827
171 118.51296071775775 32.00531511325337
172 118.55721261760404 32.017390716812926
173 119.14499635181731 31.646356858041912
174 118.61594589993199 31.718977243627155
175 118.8334114396415 31.972484710921997
176 118.89365674590549 32.1676971798025
177 118.61291548748224 32.247158144385544
178 118.93020212212788 32.20156613846752
179 118.69776708298014 32.01346590895166
180 118.96946609026564 32.35626248834434
181 118.69694404906335 31.861943638292026
182 118.77951891894163 31.96871383889668
183 118.83907117941582 32.23589066345288
184 118.4940792165378 32.2513970825445
185 118.58909289390425 31.91506092569378
186 118.55068578298834 32.28139722447455
187 118.8013550969651 31.957337686407282
188 118.87740543376026 32.182477492803905
189 119.18488687239521 31.57609060398834
190 118.72105356662466 31.603096770034316
191 118.61276237457945 32.341139174073845
192 119.15975633672242 31.689267890290537
193 118.877227342134 32.16585043888062
194 119.16615128624916 31.83975857587568
195 118.73128682166353 31.749802272672582
196 118.54430931502252 31.89261590244519
197 118.85274133451277 32.345497708177604
198 119.22048468861348 32.07115531023891
199 118.54958736530709 32.32940798948286
200 118.8639207493431 32.167045441426815
201 119.0859952747258 31.975063908140815
202 118.66919240718138 31.989988641287567
203 119.05989448737856 31.78629068706989
204 118.54575363554301 31.62741817837642
205 118.70085369250774 31.90695423484526
206 118.61215712668695 32.050211395875145
207 119.17289859399025 32.31805195240199
208 118.9456308606266 32.135065281040674
209 118.71181725018165 32.264481688331905
210 119.15351312148859 32.30941415651959
211 118.88922024365806 32.312298141562216
212 118.74408891266962 32.24408431913942
213 118.98689124744756 31.70553947488147
214 118.94964792851516 31.869106747875232
215 119.18501213982647 31.739875345929978
216 118.51942574179218 32.304008185418695
217 119.08501965295522 32.21133467370565
218 118.98020090029867 31.899472846676296
219 118.59821139335985 32.04610392024785
220 118.74853279175798 32.269134213522975
221 118.51495772130124 32.27817257041531
222 119.08109612369594 31.74787611059469
223 118.56197559689157 32.1995105478264
224 118.64138994146964 32.261901612159306
225 118.96494551091166 31.67338532121824
226 119.03887188663946 31.67568461782057
227 118.68751127763527 31.947487638201913
228 118.6311637500116 31.78045655570244
229 118.5247097230241 32.2931315843847
230 118.55174905047676 32.19162648451067
231 119.12372075317926 32.175968305270644
232 118.67149431763548 32.19886285161176
233 118.76819908871013 31.828692466965745
234 119.04375800116445 31.781843435182424
235 119.15749866748672 32.08386316971522
236 119.12347997603159 31.919474416190813
237 119.09975643534992 32.34069168352952
238 119.07477317255528 32.14234141828893
239 118.75204486665189 31.893285317258147
240 118.95737236073148 32.26139639960193
241 118.99828103823037 31.92491485958987
242 118.80123571406547 31.72485523628769
243 118.9505338282854 32.22072565668878
244 119.18138451202569 31.999610325887886
245 118.71477197348314 31.79952983616106
246 119.16106971823127 32.142403760937704
247 119.17123449634478 32.38189223384404
248 118.90776706012836 31.793285292852204
249 119.1649507373855 32.225849444438474
250 119.00857712825258 32.18974193639149
251 118.98754534265582 31.69692648503904
252 118.5780978512463 32.298335872986364
253 119.03360822727772 31.970508444922284
254 118.6118894781401 31.670391118244634
255 119.04541446315304 32.02600152224457
256 118.53138371869773 31.86456672745993
257 119.13437786318038 31.72676126150584
258 118.62198122642239 31.66323774180976
259 119.08397350886517 31.768974222123784
260 119.12579312885806 31.95653182754192
261 118.53897883076654 32.11034953814619
262 118.57043042681835 31.665302731677176
263 119.16737880272758 32.1534249061719
264 119.17436762666169 31.695602463619664
265 118.5409080515251 31.732026959425433
266 118.940507695467 32.19236665156125
267 118.76751006453733 32.286455772336765
268 118.53104053260711 32.34726407590996
269 119.10074450072017 32.11527828379494
270 118.96430306242954 31.966497475047802
271 118.57897374375835 31.687319391894874
272 118.81001236398248 32.07031152138932
273 118.79656419382944 31.71929290058585
274 119.18351542658446 32.00801897432799
275 119.18997854139297 32.08576843880042
276 118.65800720383477 32.27012979003187
277 119.02449115183674 31.854998940640492
278 118.95413867261863 32.39554830346208
279 118.8203453455329 32.36582898151467
280 118.88650431134518 32.28879543490643
281 118.7959990912822 32.17088604094506
282 118.52174739090827 32.15771145590756
283 119.0346334055984 32.32146808479996
284 119.0394516709177 32.36308971272723
285 119.1310776852337 32.25716054860831
286 118.84064685656043 32.131802775077695
287 118.54970736767106 31.70895656770029
288 119.16023357001379 32.09772552232047
289 118.68794577019199 31.864452304915304
290 118.57831193961441 31.71220016260302
291 118.60556839098243 32.300427759350875
292 118.93156085003552 32.25316022610921
293 118.75997473953109 32.02139040784902
294 118.97720892511406 31.967598682409196
295 118.53028956108453 32.006847354368915
296 118.51652078736645 31.828510988239586
297 119.18096590409851 31.909597288883493
298 118.53892162917354 31.955029597440376
299 118.76262240500574 31.626181116771733
300 118.52992478676674 32.30571281759766
301 119.1411252156921 31.64082533764158
302 119.0999012892521 31.92172582206048
303 118.89836225572188 31.701735032482084
304 118.57866824254909 31.78430832045257
305 119.08808813223312 32.344990154717294
306 118.55935266941135 31.901845264256664
307 118.79710115097056 32.17408161372033
308 118.72848513326652 31.688888174711913
309 119.2186020387842 31.78771308228698
310 119.17510601766894 32.29538068341867
311 119.07675865725409 32.320999852616765
312 118.81490098611948 31.804128519601164
313 118.85280422316417 32.38050113447076
314 118.90025266754976 32.150937948963616
315 118.88824559370846 32.01581768459836
316 118.62940708706473 31.883949812093654
317 118.67105680321959 31.868799790451934
318 118.99901057618841 32.38966949708694
319 119.09386844025536 32.170806453534624
320 119.16229356911501 32.00354677402906
321 119.03772038914707 31.629638386513246
322 118.91688004407978 31.789679862687446
323 118.54838289130278 32.34578216821563
324 118.56243165136722 32.03741192603744
325 118.63156325249504 31.867973663655622
326 118.97679952786295 31.630091080300765
327 118.69638092120664 31.820648187000728
328 118.78822035696297 31.789068854084533
329 118.60579547976526 31.724158623261747
330 118.65748619370534 31.880686925425902
331 118.74640192705034 31.73378569871796
332 118.93516632019166 31.667584724594654
333 119.20003031695592 31.708538305298188
334 118.60278291590451 31.971921447583895
335 118.71678091267445 31.644430058152437
336 119.19615847574661 32.35107488896802
337 119.10322316681638 31.780023473140808
338 119.18488461404195 31.994928491440756
339 118.86489052929598 31.92164434918206
340 118.66153120701497 31.845075270297922
341 118.6429965486552 31.86882474352391
342 119.06727645707868 31.801379825694745
343 119.16270340860706 31.8390926195707
344 118.92140796387159 31.695795018550577
345 118.95139667197283 32.142722570098066
346 119.15081663696535 32.08818750718618
347 118.6742750699005 31.851346394531305
348 118.89150449866756 32.31482918600404
349 118.8938278234799 31.914385790875876
350 119.13406198875285 32.10955290084932
351 118.7243925014201 32.004749440992065
352 118.59190251054304 31.86633305662879
353 118.59427713761426 32.31623231818926
354 118.68596818872383 32.27853274941696
355 118.55342192125235 32.27785492646002
356 118.70666961380503 32.381486413627144
357 118.88067270236607 31.62754936176622
358 118.81110919736633 31.98095657338265
359 118.94874496725318 32.35831893374808
360 118.86220390465702 31.698991921738084
361 119.01666120194649 31.79458642355344
362 118.82120487204897 31.997225360847406
363 119.0572720582475 32.10456965300076
364 118.80519590575894 31.873387089022618
365 119.02593031170034 31.840318393574016
366 119.00902724233373 32.233093243303095
367 119.10782299851506 31.62274307481204
368 118.60735877913238 32.2392086103283
369 118.99958597938735 31.95721279900558
370 118.49335167925798 32.12521704059401
371 118.76957011865971 32.16220754253862
372 118.92857146689897 31.681934468787695
373 118.48825100307553 32.34128281215641
374 118.5402981564009 32.25385734005656
375 118.65060640254356 31.87622036039634
376 118.78712574912646 31.767106551674818
377 118.97569066259221 31.671942591670508
378 118.65372392622305 31.841936195017198
379 118.78096638636167 32.18309444141204
380 119.15035160228327 32.28664983603022
381 118.71739186017246 31.851945248239158
382 119.03353792757777 31.78193920342793
383 118.92595712699197 31.854719455641103
384 118.55432472275496 32.384385914106396
385 119.17756282262899 31.656849742462533
386 118.59844514010092 31.728869457750765
387 118.758988000864 32.161509828761126
388 119.18676989588427 31.694643178138843
389 118.67885306037918 31.786650885868436
390 119.14556236294541 32.26933380327363
391 118.95311020512413 31.850095274999838
392 118.61431899972177 32.091880830216866
393 118.60038111674778 32.03487018830968
394 119.18128618535385 31.834680374374052
395 118.81208989301602 31.791413743412672
396 119.0495711216801 31.797688118357318
397 118.59702234756931 32.31036416172588
398 118.86892150234904 31.622024555924096
399 118.57492449141006 31.703506269460984
400 118.83045652157124 31.879461273159304
401 118.51269567673316 31.766363447686643
402 118.50417666923306 32.03588128891253
403 119.1386939008666 32.03028731357747
404 119.1299798190275 32.00987284881301
405 119.00722608822421 31.842327783863368
406 118.84884599151461 32.01747461548767
407 118.63419010099905 32.21309762208953
408 118.99350439025493 32.24463969175554
409 118.63903933561592 32.03993934075338
410 118.53499711765315 32.24163709261041
411 118.71604315341371 31.669514926434807
412 118.9088075691738 31.728976016963113
413 118.90964090113137 32.2042908825108
414 119.06659133300721 31.90857727106968
415 118.76191547115019 31.877846467922694
416 118.58404557149338 32.0604369043869
417 118.53469295836754 31.92204921938035
418 118.65048311955158 32.33514267993811
419 119.16212200868826 31.89751415525703
420 118.50602316139377 32.25103150215
421 118.94422711501916 32.10629847747282
422 118.81399352708074 32.338422866670605
423 118.63997096425827 31.98757504621579
424 118.99226127928804 32.36235492350225
425 118.89719711278286 32.040583732336216
426 118.56332835777268 31.618688066222475
427 118.97270419076006 32.19435312111918
428 118.52838980036053 32.287630476579835
429 118.67091144165168 31.660885427008516
430 118.88936826603846 32.37318271487608
431 119.00585247408806 32.04397176056424
432 118.87342207546598 32.195648110723624
433 119.1003448617077 31.787999521285634
434 118.98207618168028 32.35280903294306
435 119.17505285365554 32.118955066872545
436 118.69417425005645 32.062678893308835
437 119.18943434642567 32.358985182628906
438 118.64965110016357 32.0417892720537
439 118.63414306966067 32.02508171559062
440 118.61018182617391 31.61543351797374
441 118.58737076951337 32.03108182722683
442 118.93926971260643 32.17703773022163
443 118.5038938157827 31.900025045176697
444 119.07569752967495 32.166224767262875
445 118.95154241892183 32.03585117270426
446 118.73757598091728 31.77553382881167
447 119.13223433338275 32.036040793841046
448 119.09794736959562 31.996595655602725
449 118.9308359711504 31.862262053946083
450 118.51471513494813 32.13662760029751
451 119.18666812473639 31.66035785505725
452 118.91422973782448 31.889398546721388
453 119.14737173625875 31.95362284529774
454 118.5971242835087 32.386687594068505
455 118.5096979345066 32.16450318537992
456 118.71463703230933 32.11205551719967
457 119.03266225469164 31.7332932695197
458 119.06210702129913 31.963101256067887
459 119.0882985803872 31.911905995850923
460 118.72465263510952 32.353413310792156
461 119.05121207065841 31.96980854359344
462 118.5995300735883 32.27932573659694
463 118.89577348137331 32.14453851962712
464 118.52069822380102 32.27502205136027
465 119.00709431900461 31.58523163095418
466 118.75459814686792 32.335283400445334
467 118.56582060061422 32.36037091971323
468 118.98474932373304 31.717911514884598
469 118.78819771367591 31.643322225182665
470 118.70875915059514 31.85692060989051
471 118.74063231418265 32.031285599734645
472 119.0442498542091 32.03361782300696
473 118.79145609091886 31.972208648355036
474 119.11652095364255 32.32201338661858
475 118.6059121666646 32.0342036683909
476 118.78476792979332 32.34160206434407
477 119.13873877737429 32.066818283885546
478 118.91707263958587 31.75967706702934
479 118.98466931090027 32.38874790331008
480 119.093466521291 32.38597291185952
481 118.87030886608352 31.95300479699334
482 118.59664851421421 32.205627211655035
483 118.72319765767709 32.12490937404208
484 118.66926115257841 31.75490589230112
485 118.6309980406633 32.07423254109076
486 118.90363473448369 32.112990255082146
487 118.64570425701545 32.08069914145336
488 119.07762258656807 32.040172611066104
489 118.82695120554827 32.07815026150842
490 119.08694111664256 32.1693592265058
491 119.09404885733836 32.20020703184026
492 118.96840325019167 31.6717127563988
493 119.05389440529162 32.341867886750926
494 119.06947729132845 31.98927727178005
495 118.92187942954374 32.16509335025457
496 118.70867545186972 31.90770620097547
497 118.80086172298121 31.671941858720555
498 118.71652644451304 32.12637400895106
499 118.82869318891588 31.90769720652818
500 118.74435947875784 32.02374882057302
501 118.76127839068278 31.79799526878449
502 118.56216845725383 31.77435757816739
503 118.7869614260689 31.83574726504474
504 118.59303473640655 32.31067617091172
505 118.76422049482996 32.34386779584224
506 118.57489312511764 32.349711960200665
507 118.76381050462187 31.93899167294248
508 118.88906316397018 32.22255099789821
509 118.53615393119891 31.744470480329177
510 118.66524705420566 32.18573640500768
511 118.7704430472205 31.932675990104865
512 118.7015279240332 32.24793733274693
513 118.88753938960514 31.768534261912958
514 119.06857653561568 32.24775248156743
515 119.03901645266731 31.688785791587808
516 118.68050322617621 32.30146409382246
517 118.636850149876 31.95615356647923
518 118.91615679530243 31.751105900978477
519 118.78398714380643 31.84219337967779
520 118.55671837195966 32.1774275116505
521 118.63984067528072 31.965008717236756
522 119.17312617135545 31.782403659283602
523 119.14161718116154 31.812461598669696
524 118.73623056003447 32.150916620493
525 118.5262279908231 32.11096841301426
526 119.02625862241 31.64934409479231
527 118.67936398320448 32.272472974314134
528 118.51671723797713 31.700528599833355
529 118.68300157941925 31.77854427210905
530 118.5730230855422 31.61828018927257
531 119.12423708261069 32.033154311027666
532 118.63804511887987 32.30551440514548
533 119.01600006752668 32.33017712411014
534 118.61845994259554 31.975686954931096
535 118.56973419043668 31.687695422016354
536 118.7816491246703 31.997139189089165
537 118.93888132102106 31.82470729571127
538 118.88472346336827 31.836839738103187
539 119.03892023257707 31.764822002192833
540 118.78120732012898 32.35141581207766
541 118.95222697003355 31.90863208134401
542 118.54503631388604 31.593207368379126
543 119.02766996263529 31.980513969650755
544 118.9655533546947 32.11961786536213
545 119.07105929235126 32.24131712210208
546 118.5526317094112 32.18750925352583
547 118.83236358411173 32.14232924425008
548 118.96678494053604 31.802635774618086
549 118.47303883490197 31.860633421065053
550 119.1255231495914 31.933699589131876
551 119.06709902212236 31.737116522651878
552 118.86585142198722 31.96752943874147
553 118.75220371279953 31.687329134046454
554 118.99975526832195 31.67393506128815
555 119.12938383278657 32.25375705803967
556 118.8651603579129 31.72897762744522
557 119.13173787360938 31.960291278465448
558 118.56539816133542 32.076351475913874
559 118.72575723729601 32.35458607563251
560 118.99143414784082 31.861461429923843
561 118.76737773821814 31.73050759025233
562 118.85468339511112 32.29248307563299
563 118.9498591718802 31.837484390682246
564 118.91306162233438 31.82106970432227
565 118.8154798885461 31.723622376791905
566 118.61825277828498 31.94456437795541
567 118.77932828269824 31.77166436287372
568 118.6412334557833 31.904210001741014
569 119.03120983936189 31.862213434884715
570 119.05784693041004 32.1218639714635
571 118.64422375053181 31.949350018158327
572 118.92228195179175 32.11367539731142
573 119.00067083131508 31.84223095978388
574 118.80850336553868 31.888760928092445
575 118.55331860962738 32.38368167110403
576 118.95750857789669 31.803160104165276
577 118.56338338631805 32.202757144527205
578 118.96452188151298 32.15092731050636
579 118.56832398407991 32.095584020894954
580 118.95504474606558 31.690300239050547
581 118.6816723827059 31.597718780763966
582 118.75798968829574 32.20645785851405
583 119.1728241326077 31.648480489597194
584 119.16798065769905 31.794284509752327
585 118.87419471811512 32.37025803684403
586 118.96362248769526 32.38232485329036
587 119.06097418962705 32.35387041151749
588 119.01272073287225 32.052228235820834
589 118.58168648970356 31.97778690767241
590 118.78761607718943 31.96686473236517
591 119.08787035199548 31.88160945276502
592 119.03139218909284 32.38425956347126
593 118.62010434128422 32.24861142341545
594 119.08876823953375 32.4213713186758
595 118.9434554627247 31.84187466818033
596 118.70787272953157 32.070448761568024
597 118.53326431859249 32.12016856679266
598 119.01172431347574 31.9164757269035
599 118.83333955647528 32.06118751756963
600 119.18525419016164 31.731591683207867
601 118.66395950693389 31.84820882588576
602 118.56950187121048 31.719796504510455
603 118.66709050738972 32.07623465234077
604 118.80159675517491 31.873359270927242
605 118.5300954308876 31.9384203888275
606 118.73953437621962 31.899978429919564
607 118.65540318453053 31.637882138676133
608 119.16067982873021 32.320271363207894
609 118.63645158529314 32.161812357970504
610 119.10692919390445 31.850410896151715
611 118.56118472551117 32.338560925699156
612 118.89313874106634 32.14791148038296
613 118.9325438045682 32.404154632296866
614 118.8941146539778 31.991937836566652
615 119.16252180569307 31.685337980441187
616 118.8010587970504 31.685510098859844
617 118.94221044202513 32.1742384621414
618 119.11827919515231 32.05567566662081
619 118.66475566692476 31.770586248927206
620 118.87327193436671 32.01376392412161
621 119.18777469773904 32.02708613425033
622 119.04354983911995 32.294545492414535
623 119.0077208575015 31.61831838269711
624 118.80543599148906 31.69871161969784
625 119.10999378901987 31.910893693902
626 119.08092910762345 31.69116821500254
627 118.80186828092477 32.379639435016976
628 118.88201059090446 31.767915803892596
629 118.96972892744574 32.094470600693896
630 119.0313663880164 31.955509176932313
631 118.8324668859269 32.22471759749679
632 118.74852451684185 31.628497244201036
633 118.62019827512228 31.87399692360551
634 119.03556711728895 31.97604256265382
635 119.02602152962933 31.690780842927655
636 118.63075849866017 32.0789222082447
637 119.11405896005114 32.012416416917176
638 118.60597559282058 32.280263859274974
639 119.08189836993982 31.965145007366992
640 118.60848426063322 31.858828675760904
641 118.94525006232021 31.853024974737707
642 118.86451517950876 31.819631716551758
643 118.60525895558598 32.345969011707155
644 119.03351187192627 32.23729301255137
645 119.00305533350756 31.86803782246275
646 119.11525230358312 31.947599892665032
647 118.82756973677584 31.675475491512763
648 118.87366218529371 32.056681052280844
649 118.97125199782953 32.19061421588588
650 119.0994472388486 31.804148859244204
651 118.76430028718862 31.969316080313614
652 118.98656859527554 32.1330493985994
653 118.91966713580983 31.981846005264785
654 118.63668994435069 32.02610211834701
655 118.98940555503162 31.757897702069165
656 119.07378186321124 32.21468607199954
657 118.82033412120255 31.689979913939986
658 119.17261563656704 31.970718621026666
659 118.87192585354892 31.835385081478965
660 119.13693834230176 31.697347837680095
661 119.00895726792017 32.30425240339298
662 118.77964326500941 31.75321594024994
663 118.7191967776539 31.99509443422581
664 118.77908748789193 32.10405425235599
665 118.7485336442676 31.836582654167138
666 118.5203049546463 31.989964800672972
667 118.53003424398148 32.00200672477445
668 118.78769316115252 31.936091368767578
669 118.61611653158883 31.877030850581356
670 119.08400792133641 31.796569716545577
671 119.16247889053477 32.32591134350089
672 118.71308288864388 31.982493787406526
673 119.01821439967472 32.14994464818653
674 118.74553428404843 32.015323969685475
675 119.10293107051055 31.853789514070908
676 118.82162370827992 32.00815878493905
677 119.13879367862056 32.24282202576915
678 118.99901768019899 32.28479364794625
679 118.58939084674672 32.36419274264992
680 118.60394720337193 31.7913813399488
681 118.82326999508875 31.8830327635944
682 118.90475421270506 31.689881154796453
683 118.85835021505869 32.40913022077085
684 119.13236803624409 32.11061689493076
685 118.50929694215976 32.14723710690711
686 118.58795237426182 31.961906360623793
687 118.69417695343577 31.81292259888611
688 119.13290523559425 31.92746555378632
689 118.49689536595248 31.83819544255317
690 118.87513011986078 32.03073027884693
691 118.48900642282975 32.25992260139515
692 118.89255960821295 32.27648084555646
693 118.83393773298448 31.852703204936265
694 118.58884604769597 31.733053191862542
695 118.92687689747868 32.19175754326779
696 118.93010684240353 31.936238555275626
697 118.81779812841043 31.735982446143726
698 119.04246491057322 32.11132225800176
699 118.54394391020932 31.679142981167292
700 118.71833098962139 31.68285511216119
701 118.82804386396536 31.57519603033906
702 118.70907085714109 31.753635339994595
703 118.5866545496751 31.969473561017875
704 118.58024464502469 31.746627431006107
705 119.03793488616839 31.635438211016425
706 118.693280812689 31.99258427051318
707 118.96272550046982 32.321447202473756
708 119.09327839734638 31.619346204475384
709 118.71093182408259 31.798533222687343
710 118.62222878754851 32.34900383589028
711 118.89856383027268 32.11711223664508
712 119.08714487059471 32.24762687008332
713 118.77336260683407 32.30767476470235
714 119.07986942811382 31.77005416651196
715 119.19161384087563 32.21672585953678
716 118.96927471743462 31.819049585933904
717 119.12709231231212 32.324258516677276
718 118.55209218622022 32.33881725568529
719 118.77472197833255 31.71751417276428
720 119.10047773724867 32.29131779652004
721 119.03781960101546 31.63431964621078
722 118.57561442036042 32.075394821253404
723 118.66634267120865 31.972297610566073
724 118.7209849022231 32.095001850380974
725 118.9436579004373 32.192323759355716
726 119.02557647723408 32.30974482875189
727 118.85562628743865 31.989126462382316
728 118.5303610562122 31.654251502262927
729 119.13797919632809 32.36019719685908
730 119.17510414009627 31.648414254868875
731 118.73438566670424 32.2406926720579
732 119.07107748144935 31.70478830075417
733 118.87259712965269 32.32137215061635
734 118.82093732091003 32.09908817191993
735 119.1493588227163 31.854304765009633
736 118.48771152000958 32.27206924248736
737 118.77550167024316 31.73186992680926
738 118.63892016990593 31.785055810834592
739 118.81577413330457 31.82788839503442
740 118.81238970326649 31.90870676323329
741 118.63919744928891 31.796726033689644
742 118.91465580164845 32.31822319461496
743 118.75419265937029 31.948928751513712
744 119.1188723362553 32.36975818419055
745 119.1604436186181 31.83741932386627
746 118.75150275599721 31.972068444659197
747 119.02457065842293 32.27359925151623
748 118.9420721004656 32.38993055993954
749 118.76703438577616 31.968100492861293
750 118.71560261952474 31.978650614505757
751 119.15651427205724 32.353525987524556
752 118.6618046516338 31.935750733639814
753 119.06569350122354 31.956429050700912
754 119.03926310261141 32.389954179407475
755 118.6356395565466 32.002214370977384
756 118.75783717964086 31.685929905199604
757 118.81251072143517 32.36329338508601
758 118.85094140291375 31.948596908319853
759 118.92892009719526 31.891797046996587
760 118.76567153164868 32.31078376064809
761 118.93357313186605 31.60878826483906
762 118.79887028774569 32.36220440756579
763 119.1750443457578 31.658777964610035
764 118.96236374092959 31.642484292342672
765 118.83201844389237 32.326823189143425
766 118.88789595116867 31.960906061595345
767 118.57833328428448 31.726276820486333
768 118.676573817507 32.38767145254317
769 118.99669391632617 31.83905089857703
770 119.215307576314 32.35110291922791
771 118.74208859724847 31.985097558332953
772 119.21342749970559 31.908272018149837
773 118.75865626178867 32.048938662267
774 118.80744414110212 32.32555639740628
775 119.17073794228378 32.39113678812491
776 119.06073499609134 32.13579961680089
777 118.8774566025947 31.90495941666529
778 119.18682216069445 32.269807617482925
779 119.20133447301346 32.336900775582734
780 118.61522164135572 32.009679968179306
781 119.06535737151366 32.18990979365499
782 118.68271248816116 32.33460857489055
783 118.71077911136834 32.16953868375263
784 118.79717410572816 32.107333213090335
785 118.84392898789201 31.879276328046018
786 118.58978559627772 32.08539466684998
787 119.03194566311336 31.77820015036889
788 118.50418959934679 31.710417961564026
789 119.19099761463366 31.801033230683096
790 118.69312963470294 31.933216671031275
791 119.00129173869145 31.87084262252187
792 118.8472139404978 32.15509967111115
793 119.08252448288121 31.91247427948185
794 118.61429733676961 31.966759747381307
795 118.51762547320253 31.816290332790746
796 118.61616182510531 31.696619456264678
797 118.97011758604407 32.172987937683324
798 119.0790431593018 31.785407035060942
799 118.60785458534252 31.969608470914885
800 118.9235914636911 32.09058982378209
801 118.51531706937143 32.12618114726577
802 119.06524420841866 31.949441452839167
803 118.5785027345172 31.806000522199714
804 118.63147378972172 32.30958618739679
805 118.95102497337452 32.14468883072854
806 118.80175911452126 31.780974253558547
807 118.69066085838763 32.245955759617786
808 119.17107998047473 32.03634185049639
809 118.8837830929112 31.958182786862054
810 118.61085285860858 31.706243293706578
811 118.80021927697653 31.786836773334112
812 118.99955900715436 31.690058045480715
813 118.80830541910113 32.129086493677576
814 118.58761660937843 32.17829276560642
815 118.61569327803232 31.974963091683033
816 118.66803556669802 31.64580778673837
817 118.88010804724054 31.714195446576188
818 118.93138637805022 32.33661751831119
819 118.82197593062698 32.31600076575969
820 118.62828160124357 31.925200288362895
821 118.72587175982179 31.70325986198943
822 119.12526255197523 31.965899533030708
823 118.676753120174 31.934596500498884
824 118.98887519691216 31.609794901097942
825 118.74796826733136 32.18914300313607
826 119.1950039218019 32.09950796278372
827 118.50164122546238 32.03167315512993
828 118.70210472058437 32.242665184222666
829 119.0428351618075 32.28252683842702
830 118.53732968229242 31.768839085034855
831 118.76523418790306 31.649408370948162
832 119.1623140572356 31.90412069523146
833 118.98286812444722 32.27327309914802
834 118.59007179253192 32.205219431141764
835 118.55179920377435 31.79607598138116
836 119.17855475306506 32.21849366193897
837 119.15100673403 32.06256151115145
838 118.6116092761319 31.79624668277332
839 119.11603183622508 32.14663501508259
840 119.00232810820707 31.83549516093956
841 118.79753917386701 31.872326796737234
842 118.65718550072222 31.767209563646624
843 118.59654742898006 32.051162748840724
844 118.65001851824535 31.992403884410134
845 118.82028044033311 32.10632972501707
846 118.52463193779136 31.59285786830693
847 118.94560303169625 31.926449701526064
848 118.93443967226987 31.643172837837827
849 118.90481079236488 31.843472012720202
850 119.08931572376619 31.677598238975598
851 118.56605123427283 32.07173560378219
852 119.1895513094107 32.34467012359391
853 118.82409902185209 32.26821370684294
854 118.83754519135263 31.994003876919685
855 118.61470312860541 31.8759916864733
856 118.96144726519046 31.613814548040608
857 119.13429648390193 32.136985577308685
858 118.55114874189067 31.842546573536374
859 118.72026152681966 31.940450996945984
860 119.05315010739709 32.08762134112084
861 118.51529956968743 31.74352493214783
862 118.9077550325823 32.031525621529624
863 118.64871026310183 31.965736583255676
864 118.87155752270353 31.905637866216864
865 118.6088386291467 32.27443930410265
866 118.75165787719502 32.19356894813869
867 118.73275596090902 31.682233360585236
868 118.78092483486225 32.31385825631812
869 119.16806985091829 31.579094401498125
870 118.58905903084751 31.78271919151563
871 118.68384466518124 31.70452498775563
872 118.98313550505941 31.86565224241084
873 118.75288936711875 31.69662091102435
874 119.1455932338545 31.810636473591572
875 118.73279150997072 31.93125605553123
876 119.15435481793456 31.97201607999344
877 118.59051270492553 31.82814491971992
878 118.82270054787637 31.660513090808596
879 118.86940743869732 32.020632674104576
880 118.9411853355265 32.0818989796958
881 118.78034624939326 32.11129470126996
882 118.87163335565783 31.602116344484724
883 118.64352657909554 31.68111406140857
884 118.67023122599952 32.12327969577292
885 118.5735866978797 31.729225151079568
886 118.8779572732331 31.703981339991046
887 118.83197492474966 31.93684127144395
888 119.19615407622199 31.903849988519376
889 119.05731241757572 32.12878725413712
890 118.99794152579038 31.63657541175689
891 118.7227946821115 31.797069287430258
892 118.66557516900897 31.799796658057865
893 118.9779704923956 31.843450230234584
894 118.66715756715034 31.598280642044134
895 118.5234012387 32.03900875580982
896 118.71567455293064 31.595079719109467
897 118.86416986275015 31.8231134668384
898 118.6269957016778 32.31749296229832
899 118.57795367165622 31.70678883106199
900 119.13107725512718 32.14945326981903
901 118.82210594252649 31.974667342326047
902 118.51115429254747 32.32009650892215
903 118.66514957933606 31.970163623874058
904 118.53522866300607 31.775238298864902
905 118.696883346366 32.41000477865609
906 118.7889741260767 32.17452273094363
907 118.5859483972698 31.71784375934216
908 119.13352032373258 32.041158278872814
909 118.83214686631037 31.862040134324143
910 119.09430308024521 32.30528668956372
911 119.05758046673098 31.729085845000267
912 118.59071215583641 32.100195388693145
913 118.54096406011479 32.34954386844537
914 118.91718096819838 32.34819436178507
915 118.53106156616332 32.30472019452494
916 119.07546043440632 32.101920660565455
917 118.71457535654223 31.85563588894981
918 119.02877872774692 31.639996681348073
919 118.63042013175544 31.751831820599616
920 118.71776412978465 32.31107547044042
921 118.94714114684989 32.15193959571624
922 118.6567305842822 31.67252983761863
923 118.66911005659281 32.375658744172476
924 118.74821943289085 31.99568388979485
925 118.54639274823667 31.742599595190764
926 118.98478859751525 31.970495904062805
927 118.57641512752272 31.933599303013068
928 118.67796371316612 31.77635314132105
929 118.53261731225788 32.11523240729451
930 118.81973380943553 32.03524320536198
931 118.71007032845708 31.820506747482533
932 118.86475091538429 32.210422377635325
933 118.95602336860686 32.03585962363662
934 118.63875493608032 31.881169680828204
935 118.74265859387116 31.7154309510976
936 118.85978176264895 31.99233593252537
937 118.67108418932057 31.729842469723458
938 119.13459561612373 32.32009224262872
939 118.54789114362525 32.015004143899326
940 118.61588427105958 32.33475679488291
941 118.70984363763226 31.850585321521567
942 118.94676265873973 31.938865551700623
943 118.5423715441554 32.0328259901862
944 119.1385706481164 32.308251502138596
945 119.11590461707851 31.707704161268815
946 118.95634190263897 31.907974875937985
947 118.75398125262133 31.683048829529557
948 118.68829340201584 32.34625075146139
949 118.71439196560159 32.25412080011789
950 119.1214962009426 31.926326664097477
951 118.87532273088165 32.1077525349775
952 119.16582506491824 32.05991174560204
953 118.85093680078779 32.07830648780703
954 118.64925730075109 32.252971818287435
955 118.5797973522256 32.36258828109803
956 118.96150598252926 31.65341028169844
957 118.71994205616483 32.04495967020432
958 118.96594861410306 32.32982865672134
959 119.17717701090633 31.91663018149151
960 118.51657693130049 31.781679079356294
961 118.57985386591263 31.677577087250956
962 118.71383249065272 32.11825174037928
963 118.70775325308777 31.735157816259573
964 118.77034232643972 31.886417396197327
965 118.79811141144937 31.901375798285912
966 118.7746048968538 32.10037413253454
967 118.557249713053 32.38533940428408
968 118.73170044404316 32.39167967170624
969 118.60590982296897 31.848027975070718
970 118.61980065812602 31.819988097102385
971 118.91977882538916 32.18257085524272
972 118.52462120858586 32.15129755305481
973 118.68550020343476 31.826330860657958
974 118.93587954478527 32.35827460873832
975 118.697762065256 32.241190752491505
976 118.85368650893194 31.747289259762436
977 118.8286671590848 31.99134917503483
978 118.92939167241703 31.656579853930893
979 119.07152396254907 32.03152671795483
980 118.6814641981607 32.043289461197396
981 119.13589548198141 31.772988966658083
982 118.96669531143144 31.658289768005478
983 118.79107065057038 31.719841310828404
984 119.09056219408038 32.02801315534731
985 118.7779337482837 31.640980084635203
986 118.99343550555271 31.75588117156147
987 119.11316495265206 31.73619529159101
988 118.69320971652904 31.92652041954427
989 118.838601973027 32.0192931059664
990 118.77664608056507 31.87554973427873
991 118.56242133197851 32.10143476456212
992 118.56997502378542 32.334995087113604
993 118.57043631486182 31.800696940183272
994 119.1268794392647 32.3866014012305
995 119.11709147902093 31.874094058570062
996 118.73845793553842 32.09032794940241
997 119.08412632214754 31.88708131317344
998 119.16431925220594 32.161084262195544
999 119.03092617269623 32.284875773096715
1000 118.66720431880285 32.243823139254246
