1 118.94011250989547 31.95281971458029
2 118.89473850990646 31.62291796658859
3 118.60716447764706 32.036522869861415
4 119.07617691973326 31.964479129268145
5 119.18575252634969 31.9400583090979
6 118.94917480600105 31.87123548973894
7 118.89525748677397 31.759588674397513
8 118.60069878922252 32.08276006298863
9 118.68972903013356 31.83886783957524
10 118.7668467932698 31.812990443726846
11 118.63848218864995 32.095335615817575
12 119.19817927620083 32.02917449377379
13 119.14423371457042 31.70841947784867
14 118.75034420579652 32.00973645122989
15 118.60997238772968 31.74305503586888
16 118.77059147567623 32.22726879135874
17 118.62085100269896 32.29006107511596
18 118.87844473420522 31.996456493716458
19 118.63698366379519 32.28617191572047
20 118.54664100775264 31.655085995236046
21 118.92450222370114 32.00355155944387
22 118.76749977667984 31.65202091947483
23 118.97812931466952 31.943268310530343
24 118.87078687923251 31.665359794996508
25 118.93189773361486 31.702846724941796
26 118.71991866206736 32.07662181345884
27 118.89474309990536 31.784383705280383
28 118.83707756011616 31.680023833583128
29 118.91338906166828 31.776717034800754
30 118.51280238034093 31.877253204895784
31 119.17383479080013 31.960094610826168
32 118.67240268514267 31.754529748305327
33 118.55710103090298 32.108318011301684
34 118.70136463266144 31.980308422839073
35 118.9819493785667 32.01126759701584
36 119.1525599943387 31.895515691457742
37 119.09386740491263 32.23599937163014
38 118.72247103580062 32.05956006820709
39 119.0883162730619 31.730023392894946
40 118.5449670217589 32.1598725088382
41 118.55968450383003 32.37291419578429
42 118.63025159804688 32.01146555029461
43 119.04521220888527 32.313370874309705
44 119.01343825555584 31.873001030718033
45 118.58740149641045 32.05656197744978
46 118.9940682590952 31.940413866853042
47 119.03559940457234 31.950574137429566
48 118.61520840127612 32.23548482167103
49 118.95932507758486 32.028193518343734
50 118.77841527516763 32.365533404321866
51 118.55342510294422 32.04279610104197
52 118.8655613904606 31.672786046947564
53 118.83743524756493 31.898311406251075
54 119.10938528806818 32.276446425376896
55 118.90308160310381 31.92560717685915
56 119.09090633949232 31.632432106612676
57 118.82432406555421 31.804326210922067
58 119.00151835603182 31.63769504562449
59 119.1796429396154 32.38525617625258
60 118.51035136567447 32.386041952377134
61 118.80478963314175 32.239113790801206
62 118.8006040543937 32.08966206945547
63 119.03913021457016 32.20557203805245
64 118.51128696884744 31.735005428653103
65 118.88783653989799 31.825469285330723
66 118.68444409431807 32.01865339894029
67 118.82832906418827 31.880981575939284
68 118.99721357160084 31.63970091556087
69 118.9410617022341 32.37608800839515
70 118.66669033419444 31.961205851927907
71 118.64311482234054 32.00406902052789
72 119.09372090759759 31.862377992832716
73 118.84918346450625 31.810095862241155
74 119.17362968178284 31.900678167118997
75 118.95830664962944 32.26757128271899
76 118.6632853121694 32.198349233061094
77 118.61440599056971 31.896345109889
78 118.72325648954028 31.611263343214272
79 119.02469744780704 32.23900273243508
80 118.82258744750062 31.808156998048688
81 118.90215882349078 32.074400077398366
82 118.91005311504118 31.61074941463777
83 118.62155108731652 32.12801749059077
84 118.73586909245883 31.913318309128915
85 118.70533282253453 31.994441984501986
86 119.14784990873457 31.92859302357102
87 118.51902505442023 31.88064088378147
88 119.17361496841305 32.03781211580205
89 118.59874569410056 32.38258287880669
90 118.87542160284727 31.698372140543928
91 118.69576516122466 31.861089556069945
92 118.71840531498515 31.625226613341667
93 119.03414160548782 32.19166016447389
94 118.98562546780096 32.1284275093105
95 119.04546055171453 31.77876161158609
96 118.62655268632271 31.923893311999684
97 118.6431098160827 32.1275781791175
98 119.02417326483787 32.12616152343093
99 118.5891207191905 31.737926323960455
100 119.11471148531383 32.29999964756224
101 119.14037489740815 32.22170967453401
102 118.84700765343852 31.706400933588327
103 118.98278417049461 32.29957063884427
104 118.73022575451408 32.20100398946335
105 118.94762696398735 32.23645827605954
106 118.52220575755376 32.03019920983247
107 118.66444534077829 31.779035801325797
108 118.8055860736764 32.330879281884755
109 118.84346061929801 32.07267106447669
110 119.18963551934424 31.868484533390752
111 119.20880679691963 31.812670060282095
112 118.58396233997168 32.31952233453941
113 118.69323317251019 31.943414597253664
114 118.55494986367327 32.03778018729259
115 118.73271323606629 32.09511873293273
116 119.16509653308881 32.263263686829745
117 118.90830560856907 32.08982262723474
118 118.52656980801129 31.74088783166828
119 118.86443014477312 32.071815435715195
120 119.16463985436414 31.998780688662265
121 119.19031830212946 32.04316603684582
122 119.13789555810379 32.16229125981995
123 119.03450693452305 31.798091789996583
124 118.67436255389038 31.76118226121765
125 119.12976879259203 31.690221006920847
126 118.72154259728212 31.82371042361466
127 119.11459186832536 31.60463603730088
128 118.52875807878101 32.10028613830662
129 118.53355955032829 31.829784583548612
130 119.06260685018809 31.755558637882416
131 118.56665469290944 31.66958251907615
132 118.79578466979214 31.827978651589614
133 118.73574313898517 31.762081974401788
134 118.6880986133805 31.835295443559993
135 118.75663770322934 31.968134502526972
136 118.83311892099542 32.048083563228865
137 119.09735470916624 32.28164487021993
138 118.93751985806345 32.395816449405366
139 119.14280040599314 31.631239460822748
140 119.0902983922248 31.79234411657125
141 118.59462835388935 32.117538795328734
142 118.79418847918896 31.73160140450023
143 118.87344245155784 32.2934888992678
144 118.67848874245503 31.764720348941562
145 118.88959199192902 32.1870950404027
146 119.17780571883996 32.11788775402427
147 118.65157795886635 32.23454210210331
148 119.04323124156755 31.628235577831077
149 119.20377516889714 31.7931142177153
150 118.68043346580953 32.169217668405004
151 119.09803324289079 31.676675752689945
152 118.61958111246926 31.625461360147867
153 119.1518461202209 31.885984463817692
154 118.70737378482634 32.07132053843666
155 118.6897467486751 31.6386050711152
156 119.14179959844805 31.65613491974425
157 118.70022340909921 31.635251271777506
158 118.65593120701917 31.925771669966124
159 118.71928273061174 32.13971791918815
160 118.9718591608737 31.76512510720249
161 118.51543774187131 32.289810722369005
162 118.61576983421402 31.954130761927015
163 118.5820468767903 32.1034879465049
164 118.86241100155937 31.83391427142655
165 118.53471463411883 32.086042102263065
166 119.14633339756287 32.37059662404673
167 118.82796638472779 31.95875971833438
168 118.93420187054281 31.771245643075613
169 118.65343811529615 31.935970107083662
170 118.98237836898298 31.956464278801686
171 118.51134104160236 32.01602162948192
172 118.55883780416809 32.014556050474305
173 119.12490559810325 31.62761325126442
174 118.64923749667895 31.726202806372843
175 118.84113288636206 31.954593376215843
176 118.86581351145864 32.17495039703796
177 118.62729225391222 32.23035473269712
178 118.90968624219391 32.21731842063796
179 118.68884660948785 32.00809343150942
180 118.96629668910951 32.369076603362494
181 118.68573155095396 31.860845631401627
182 118.79478651253578 31.986737998557413
183 118.84523458386897 32.19530688279664
184 118.5085904227439 32.27814488637574
185 118.57083210187908 31.923583562341907
186 118.54980990969902 32.2840047945273
187 118.8139900201894 31.954807613728192
188 118.87944629527566 32.17329065305582
189 119.18182271253879 31.619138040781525
190 118.74391522775014 31.613331692422896
191 118.62749841841666 32.34765172982291
192 119.17591232257448 31.688084507405613
193 118.87527823563781 32.12785231417242
194 119.16945505457218 31.817985518347527
195 118.74493156632167 31.76365414447116
196 118.55521336248822 31.910141870702248
197 118.81948306764957 32.34524712256395
198 119.18969450017066 32.05372888290896
199 118.54709313311893 32.33578371699951
200 118.83464070583612 32.16741911015853
201 119.09042725042704 31.995692028879727
202 118.64695784100144 32.00473081849322
203 119.05420688588269 31.775263798875297
204 118.54537374378826 31.60057515031154
205 118.72516339903103 31.929716312516966
206 118.6271922543619 32.04432393027035
207 119.17748190814115 32.30276500153928
208 118.92925720993117 32.12673815021482
209 118.69724471541936 32.27228098297205
210 119.14637044728795 32.33375033611435
211 118.89047691531785 32.34759766020623
212 118.75811261106374 32.257016205495965
213 118.9903497303882 31.706806800527026
214 118.96957996010886 31.87916432547516
215 119.18058745557623 31.755469459659434
216 118.5400964554829 32.29341100036472
217 119.11167168680382 32.229463412520964
218 118.96177336108582 31.883921531410312
219 118.60085746658638 32.0548203571633
220 118.76550458433296 32.24241823209488
221 118.53224605797116 32.278693254510515
222 119.10110902036337 31.77438399176818
223 118.58215445626394 32.19259683804191
224 118.65138179858116 32.24680116132973
225 119.00227619640573 31.634248757967086
226 119.03124937985966 31.678173461279076
227 118.67358769185478 31.938513597986635
228 118.6121787620243 31.76084104889865
229 118.51536844304653 32.3034186683225
230 118.54924269786936 32.18125468286927
231 119.11907360331989 32.173203627299436
232 118.6329596434455 32.22338920725044
233 118.779903314793 31.861443314566635
234 119.041725934826 31.798304237380567
235 119.18531469753789 32.088279487511564
236 119.12002070420453 31.932588426616327
237 119.13265033442417 32.34257582952387
238 119.08299117421846 32.11396631951846
239 118.74209041508016 31.907775520019474
240 118.94793897282219 32.28187812093101
241 119.00388037031185 31.915083958956416
242 118.78940885888093 31.735207734879012
243 118.92580542386938 32.228206580034254
244 119.17686494198617 31.9786907514453
245 118.72150182822855 31.809721822007763
246 119.15010935797454 32.156393200359176
247 119.1836090086457 32.39876434247263
248 118.90805007277162 31.794204300454048
249 119.1385719036355 32.230596038819506
250 119.02382138421535 32.20655692072794
251 119.0015531440968 31.691471118025937
252 118.57772241958297 32.26898537022806
253 119.01875674109635 31.962651110529727
254 118.61903163810177 31.697731378404182
255 119.02026822639696 32.03627278600773
256 118.53161392570314 31.84443356071766
257 119.11686089206441 31.72709447477273
258 118.62458362070736 31.659800335045897
259 119.08974688335373 31.74947079735032
260 119.12104237081608 31.943265258739096
261 118.57895250218307 32.110613961524095
262 118.57820350649338 31.66957360466617
263 119.17949839241449 32.173212575863424
264 119.18416574825238 31.674961391191168
265 118.5527628069869 31.737792212727882
266 118.93271392803706 32.17677815146631
267 118.76265065827873 32.30484433446284
268 118.53800933649303 32.381721519582584
269 119.0989366552397 32.12899445422295
270 118.97034107550533 31.98006092483242
271 118.53937935086752 31.679491787625366
272 118.81764274371483 32.046734322249094
273 118.78495308814577 31.747678873290788
274 119.19493639597475 32.0163624832904
275 119.19201758408359 32.0864558938274
276 118.66116325870358 32.27286517149859
277 119.0343102882307 31.85079826105121
278 118.96377042832474 32.391375014865105
279 118.80510558206657 32.382667500650136
280 118.89582079048833 32.26573061669338
281 118.77573880053441 32.16199258274355
282 118.53226969558207 32.18145232210218
283 119.02989022013166 32.30923352316128
284 119.06019719398054 32.35721840533381
285 119.15853870282102 32.27348952841323
286 118.87110600963271 32.11200294029032
287 118.55371444153089 31.666282155032096
288 119.15855763672451 32.10344607277469
289 118.68929407781539 31.894517729928523
290 118.59008696910846 31.72110378188672
291 118.60443130008792 32.31387803133002
292 118.91014630604622 32.261953674535455
293 118.75817571397775 32.01380438878651
294 118.98112043204691 31.964004915915645
295 118.5489285677673 31.992158541778643
296 118.51610234280417 31.803970616679987
297 119.17396941330614 31.91625435589079
298 118.5586341767681 31.940714930916542
299 118.73905417561829 31.603247279825826
300 118.51588773658291 32.31628016316357
301 119.12506859616309 31.62899944937514
302 119.09053992346563 31.90240924701911
303 118.90836049161794 31.67906132935916
304 118.60996276565133 31.759519963550513
305 119.06127308268138 32.357825305651374
306 118.5382937403111 31.893043726830843
307 118.81787536705637 32.18508487109532
308 118.7333904947803 31.700635089783574
309 119.20603489432919 31.792894197279363
310 119.1840156954423 32.300148648676625
311 119.08604200245857 32.31797862770222
312 118.80875365241957 31.82119815607412
313 118.84841933165681 32.37518385305137
314 118.88620414488796 32.1375161141894
315 118.88453783339371 32.006373007103534
316 118.61783067776999 31.890141011890996
317 118.65963314009001 31.882967034822784
318 118.99819248907545 32.36514416804403
319 119.08583232910735 32.15832036771676
320 119.17033696247992 32.014903651594615
321 119.0228641685465 31.631795050271336
322 118.8918393050331 31.801333857768828
323 118.56872469690563 32.34874849943948
324 118.55980129637851 32.037010656621995
325 118.6146617379878 31.88967124597015
326 118.99242267227423 31.61305054103949
327 118.69581277943577 31.80158665582635
328 118.78778562954743 31.802027865576978
329 118.60900458808656 31.74745141420307
330 118.65691164438286 31.882549126221924
331 118.77025575933408 31.75306918414727
332 118.94368946133226 31.652210408538647
333 119.20186118568648 31.682086800154575
334 118.58900251892261 31.996238928356178
335 118.71133931740322 31.65677826379842
336 119.19192479980588 32.34814495347767
337 119.10832177139146 31.758655082858446
338 119.16859842014999 31.980506258885775
339 118.85900331708137 31.925663013473926
340 118.66296128017326 31.842373994386435
341 118.65592444812542 31.85275710464131
342 119.06472460981726 31.782396618682352
343 119.1529040409971 31.824327511111864
344 118.93383088388995 31.684258814802956
345 118.96939442055704 32.148165220957246
346 119.1199589872468 32.108631299709806
347 118.68359323926808 31.861657794645662
348 118.91106405690545 32.31192071378148
349 118.89514751512547 31.902118945173633
350 119.14905415810469 32.09074150529332
351 118.73197196622411 31.99988325106122
352 118.60065290683836 31.859596047325383
353 118.56678844746087 32.344081819135596
354 118.69303101297817 32.272199584395224
355 118.55010545096111 32.27154037849164
356 118.72238634249642 32.363215776757876
357 118.90282448785186 31.606886734158955
358 118.8085425317509 31.98764645126714
359 118.94974845495778 32.360561885531354
360 118.86505062866993 31.699952115900274
361 119.02897611910299 31.799846750730886
362 118.81786809611698 32.00207246920519
363 119.03976171242059 32.12673724258082
364 118.82706738351541 31.863839021397023
365 119.01220876616166 31.83729024398026
366 119.0359609396564 32.22684141677939
367 119.09047273563152 31.61471951803902
368 118.61866530710735 32.22556172855373
369 119.00257639126444 31.943527827900187
370 118.49963792115508 32.098236337181916
371 118.78301675656498 32.16320005153051
372 118.90043914528941 31.687033190027297
373 118.52639440049195 32.32372364253947
374 118.52656796389155 32.251261272032544
375 118.65483323709299 31.893254224771503
376 118.7606901820709 31.744888961869286
377 118.99288547297786 31.659094082414732
378 118.62855568742488 31.840004044544447
379 118.77811397988538 32.17979600587999
380 119.13269169536409 32.25820465824627
381 118.73799969266715 31.855806601057395
382 119.0373109339158 31.7761382378515
383 118.9192868204192 31.862883827955496
384 118.5366091953276 32.37476010881539
385 119.17407803215517 31.675769971084865
386 118.57854383811292 31.744841882626535
387 118.74991814991436 32.15743967232461
388 119.1756862327544 31.71870844553095
389 118.67103387230836 31.808161143194553
390 119.15969060725554 32.24312281472471
391 118.97105068233462 31.837222471679283
392 118.62572472565638 32.0714301313148
393 118.59359290915127 32.04290207625362
394 119.18861884038517 31.80937444961005
395 118.81868763167304 31.793191381632905
396 119.01534554027928 31.82698275469133
397 118.59124893208174 32.30254127989673
398 118.85532767313352 31.61734320975433
399 118.56590148243524 31.687447511606265
400 118.8423458546827 31.882041876110474
401 118.50202709894728 31.780441479423633
402 118.51907064134562 32.05362766428164
403 119.14322143457481 32.03582308023699
404 119.11313592328118 31.996195259367123
405 119.03134843842112 31.842064270598986
406 118.86304772470993 32.006440259094944
407 118.6274346137284 32.22173369115172
408 119.00320384877152 32.24000212507096
409 118.65809941972586 32.031463139597854
410 118.5322474518005 32.24808211959737
411 118.73057863280405 31.639923891674798
412 118.90738622204402 31.72846482407676
413 118.91582324711258 32.196149410218204
414 119.07547209244491 31.907099713676203
415 118.77549197522447 31.855510032859204
416 118.60164499227275 32.065145647910356
417 118.52805833720356 31.906493177761398
418 118.6344470557845 32.32709048452554
419 119.15454802909122 31.915753476589288
420 118.51983468180553 32.26874205145424
421 118.95153723146201 32.08216788300798
422 118.8101869055972 32.317353363695275
423 118.62860367247863 31.989088671688354
424 118.98872392406861 32.373803798992896
425 118.91157905840805 32.057921646657064
426 118.54700936688306 31.628772703268996
427 118.96835312246682 32.18581350742521
428 118.54018914156225 32.293995527481336
429 118.65354386298536 31.685687126406297
430 118.88991524519756 32.35558806337397
431 119.01108878235681 32.05844722468682
432 118.89374289123843 32.190500766998085
433 119.12524262402555 31.774072130160164
434 118.99152928053287 32.345019505363624
435 119.17115247266746 32.119858840846206
436 118.68183802140503 32.03380879820968
437 119.18263416726579 32.36654456162402
438 118.64886051745877 32.0514547704049
439 118.62167117311658 32.01533252527226
440 118.62715586801347 31.653347018154378
441 118.58129551533717 32.04363651779818
442 118.9315098542993 32.19240155853757
443 118.50174059126422 31.88830502164031
444 119.07325898334364 32.139455870456686
445 118.9327001611279 32.048932607781786
446 118.69595817275778 31.76752355775691
447 119.13313069760324 32.0412190449845
448 119.09398764009642 31.983303485485195
449 118.9503981761535 31.87451473683247
450 118.54931490546016 32.13230379727778
451 119.18207878228625 31.65842335992764
452 118.92230713033678 31.892060055985397
453 119.12207808840631 31.93886043390681
454 118.60785492234187 32.38928998747399
455 118.53105432388324 32.16247530479126
456 118.71457548988454 32.094833627805244
457 119.05780858994866 31.71997132678921
458 119.06655235014424 31.95082387281958
459 119.11453553866528 31.898602414921776
460 118.74041193836655 32.351772324034634
461 119.06494851428263 31.95981669490089
462 118.60608319967669 32.28567411641727
463 118.8812227903921 32.124533152327146
464 118.53944681303986 32.30097300615017
465 118.99114628753874 31.607386053101333
466 118.7459909642474 32.33978367992048
467 118.57553781124176 32.366455782473146
468 118.94862832970276 31.723925398521995
469 118.78614674147799 31.653562603618926
470 118.71665250028592 31.862069154008758
471 118.74927015472363 32.07141971793481
472 119.03498350302614 32.02515356834027
473 118.79090614442953 31.94644006260883
474 119.11701340510557 32.33500232041353
475 118.60032143084513 32.05532772621152
476 118.77143890697396 32.3459331822121
477 119.10704114556151 32.053671849243216
478 118.9155016731366 31.74085328137023
479 119.00243518522565 32.384447805318665
480 119.08699420770465 32.384176976299734
481 118.86795419978452 31.96067548119179
482 118.593833154192 32.204091836993015
483 118.719446234285 32.11458490190966
484 118.6732262963534 31.74676697195268
485 118.61222757588526 32.05923907633747
486 118.9181691946606 32.123332693325274
487 118.64895998614851 32.08127415473873
488 119.0967605491632 32.030718890733894
489 118.82184389013085 32.06935224910767
490 119.06170755756152 32.1648922809586
491 119.09023479955198 32.21427876712614
492 118.97643472466675 31.679593359434037
493 119.06720380088652 32.33276412354897
494 119.0590363877727 31.96161650064885
495 118.90457782957994 32.15547675507494
496 118.74318829972556 31.909138963531397
497 118.79396356073349 31.64869154687089
498 118.7182200880853 32.13112909265441
499 118.83154645739215 31.898172474078933
500 118.77480641613934 32.047481684433784
501 118.72919085016119 31.807652666577614
502 118.5717159478099 31.76811843329991
503 118.78367585099527 31.826067261529634
504 118.59594729003966 32.28463791439435
505 118.75241961904067 32.34044766037335
506 118.57927235232937 32.371771444486676
507 118.76525898734376 31.93617869186938
508 118.87969752745104 32.22566463188625
509 118.54181277190114 31.73519352103472
510 118.67466946818814 32.19029442669162
511 118.8013145878767 31.941078415563794
512 118.68744135461988 32.27743226793169
513 118.89680266231375 31.756285356843605
514 119.06650940328534 32.254063746765794
515 119.05286122964182 31.662961597154343
516 118.66024053497766 32.284971534801784
517 118.6369616844363 31.93539339431194
518 118.89437957843334 31.701734250887995
519 118.76736223838235 31.83384542462779
520 118.53589525124164 32.17262056670118
521 118.65993627654484 31.953674157656838
522 119.17278973100939 31.7889770466987
523 119.16551381634902 31.79361863314138
524 118.74808218012181 32.15091071472219
525 118.53904646106557 32.1112575661647
526 119.06828155136805 31.652107955669685
527 118.69309831750631 32.25592036304176
528 118.53316380252816 31.713873744956004
529 118.66962944772152 31.790637060706953
530 118.59761530897607 31.609661207709863
531 119.129743733417 32.014378893690626
532 118.6330770089891 32.27523316685066
533 119.03596011913594 32.33617434523963
534 118.59944605702326 31.96250422792396
535 118.55790552523491 31.67740620636646
536 118.76244607130872 31.992793276919947
537 118.93105606328072 31.835157498020628
538 118.87035593404376 31.848710639778265
539 119.07254565086215 31.78949646322815
540 118.79595382510696 32.36116089779608
541 118.93129419856798 31.92264370620311
542 118.53777420848799 31.59724023682515
543 119.0199753907112 32.001188791676356
544 118.98141187071859 32.154511845149095
545 119.05962986793836 32.2491114705631
546 118.57354494159082 32.19402622673651
547 118.81369786461536 32.154549043799776
548 118.96036385672457 31.756844010152967
549 118.49992267105945 31.88369620013246
550 119.09852465934613 31.96799085516643
551 119.06589244031024 31.732626231652336
552 118.86381149573364 31.938155130230193
553 118.7471378829279 31.678266411731506
554 119.00426376650029 31.659932017841076
555 119.11373710060923 32.255136746174955
556 118.84037464440033 31.73115217911463
557 119.11277959760606 31.974853870599446
558 118.61167180947585 32.10001274780194
559 118.72424393426661 32.3596664583532
560 118.99621354037654 31.84856968582706
561 118.75736208345265 31.7586204111151
562 118.8580197811948 32.30565817010331
563 118.95839910765157 31.849676954420044
564 118.9132961354656 31.811996402423144
565 118.8029673935857 31.71952738506171
566 118.59799919230578 31.95547109225634
567 118.78155948086426 31.77933202103095
568 118.65875094602092 31.887593954109626
569 119.05352137208732 31.86499032802448
570 119.05920855064942 32.09996894673548
571 118.65698550793317 31.95186551301249
572 118.91055246516997 32.14013509232761
573 118.96892156453951 31.844029881179136
574 118.80776486417906 31.867059423180184
575 118.56163553883856 32.3943177914292
576 119.00250630689717 31.796784225629963
577 118.54935455581592 32.21386791488184
578 118.96907363527708 32.15927878723339
579 118.55729305750354 32.116480091642934
580 118.92414518274714 31.69589774791393
581 118.68902678841442 31.60173925130188
582 118.78188130189699 32.20398250369314
583 119.18783768170289 31.67491808230858
584 119.15514027672985 31.79361319567399
585 118.90575485707281 32.388461873472565
586 118.98199001848371 32.373933274654114
587 119.05691952614016 32.338064979973744
588 119.0031899656514 32.06574102079242
589 118.5905373190203 31.979481695610982
590 118.81057697869075 31.96876268615856
591 119.08358250895179 31.8699019902328
592 119.02377275397328 32.36225588894532
593 118.64560687740456 32.251985052128504
594 119.09953094668406 32.40068662404035
595 118.92573263994024 31.834422227705897
596 118.69882046157936 32.06933335220015
597 118.53128986482254 32.14207434124816
598 119.017168670804 31.903053838082307
599 118.80490035512234 32.06590733719042
600 119.18391437905012 31.74905323712182
601 118.67850110501674 31.856855584375403
602 118.55386274926133 31.71295077593224
603 118.66541795381843 32.115402273800825
604 118.78879332066192 31.866805912643116
605 118.51999594094283 31.93313810716948
606 118.75869069969461 31.89957436861189
607 118.67456996328998 31.647752733963024
608 119.19845612188382 32.31111439532749
609 118.62346582265258 32.1777079516249
610 119.10146151071338 31.84745302294185
611 118.6079646084242 32.30925880199029
612 118.91376104788206 32.145959266645846
613 118.95321157932194 32.39344943337708
614 118.88166518224946 31.980591147382185
615 119.16246255303909 31.68450571655273
616 118.80100237632838 31.69508160655149
617 118.94915615707178 32.19743599057171
618 119.10359711286617 32.06205787294307
619 118.66478240491878 31.776147924072664
620 118.87389819835086 32.0342636653381
621 119.18074582847734 32.02227681908166
622 119.03212442643556 32.29394907224005
623 118.99932864538762 31.64273225064055
624 118.77716950393142 31.688856761972
625 119.09590410106769 31.94724605743541
626 119.07907127171843 31.71094003636166
627 118.80627755210466 32.39200782201928
628 118.89803784818297 31.758797033927824
629 118.9695520091909 32.08282913135688
630 119.05114372911933 31.956852850022273
631 118.81445119335515 32.22935686076651
632 118.74549311859953 31.637836645749058
633 118.60060185249152 31.858398963351455
634 119.00878066428868 31.97975584968291
635 119.03196393101322 31.687268416029813
636 118.63146503766414 32.10368843059589
637 119.10745520165476 32.03067627581864
638 118.60808160775265 32.26297038547574
639 119.0741329459422 31.95277512690823
640 118.59506700312252 31.83456560612085
641 118.95115684321901 31.846234745168626
642 118.87334371741306 31.79179708613256
643 118.60140469302198 32.352241122343116
644 119.01474610568656 32.245855428779244
645 119.03719189419239 31.878830765872326
646 119.12105187692892 31.954890264067252
647 118.84381191464752 31.680084821208826
648 118.86958109082263 32.06994936635247
649 118.94761985494482 32.18495116474973
650 119.13106966705652 31.794944983081074
651 118.77298726254614 31.963317173885486
652 118.97412228338167 32.12834106773944
653 118.91921975917548 31.968474163482824
654 118.63089878248172 32.04019817838051
655 118.97630460206746 31.754827903941717
656 119.08920571165369 32.23262387963091
657 118.8249913002043 31.678474012499034
658 119.17301575739152 31.98171599858859
659 118.89834702749587 31.837741815965742
660 119.11943515870207 31.678989512899708
661 119.03617165493186 32.28682854405973
662 118.78794990594021 31.754798049044854
663 118.71972740037603 31.97633389234769
664 118.77899788678427 32.09625895333585
665 118.74700930505475 31.824654736659536
666 118.5309732016245 31.983460915660977
667 118.52094100399243 32.024513155675635
668 118.7813721250253 31.94150799098973
669 118.63529234901523 31.885816516909035
670 119.09531927730471 31.798567875620925
671 119.17286464064864 32.33629511949711
672 118.69818493937075 32.007495795076764
673 119.00926886490024 32.15565091215909
674 118.75718804085031 32.01432442786477
675 119.10443398226695 31.841677721394763
676 118.81181301524194 31.982198465088057
677 119.1580809881273 32.25867593821082
678 118.96009462055996 32.300719887716575
679 118.58340333519823 32.35092898388185
680 118.59644873979389 31.773476434340562
681 118.7831918278004 31.88629014129064
682 118.90631311588673 31.690519442094185
683 118.85885752877117 32.39266750411357
684 119.11264406113702 32.10630067433897
685 118.50381325033801 32.167984848836944
686 118.57937262199314 31.950306031652545
687 118.72064415844864 31.79713588643779
688 119.0958395627015 31.919179535183414
689 118.50869685094223 31.836200174631614
690 118.8802327845295 32.02062287794746
691 118.4922783255659 32.249172677986195
692 118.88112224051423 32.262966006032265
693 118.83409558496255 31.83656927332948
694 118.59370350329617 31.742486287517515
695 118.91228857901686 32.18725286355286
696 118.93660072949496 31.938252234529696
697 118.8224909425155 31.753649311513303
698 119.05097047596757 32.08727258638554
699 118.54159146308652 31.684671813072296
700 118.7279349315601 31.681836012734145
701 118.8418901114901 31.61071669039965
702 118.72425111714506 31.75144674578978
703 118.58940083177664 31.98383057472368
704 118.57771320465837 31.73421856367538
705 119.03603922008492 31.648459228638654
706 118.68251079112379 31.995239218569836
707 118.96304052347473 32.326626914751394
708 119.09868752112612 31.606748573963692
709 118.70656466154473 31.778184998322285
710 118.62951516385455 32.32152254325442
711 118.9039127564959 32.108367032041805
712 119.05453251028842 32.26286881403319
713 118.75409805224818 32.32390564948981
714 119.08914672558164 31.782650202065035
715 119.18876747363001 32.19692215851988
716 118.96370863756404 31.803501455946027
717 119.1331796105559 32.35470772281161
718 118.57014621268505 32.36775565951459
719 118.7720119610584 31.732738601681852
720 119.10217467397486 32.25887655168798
721 119.00797613477575 31.647400707256292
722 118.57123499584274 32.07986278924816
723 118.65802607236283 31.984769105724645
724 118.7310668803206 32.07520639997681
725 118.94927045483617 32.20624532951466
726 119.0220931277659 32.295490793472524
727 118.84138377520539 32.01027292006343
728 118.5183886875704 31.654900924977927
729 119.11651033553713 32.33400592869306
730 119.15255240667139 31.651745394225575
731 118.7457638605079 32.24821240084758
732 119.0664837548669 31.700144484929318
733 118.86203309290205 32.32441508408182
734 118.82118895634076 32.10974795975908
735 119.1537174539377 31.842938296982506
736 118.51018031740696 32.293702928670804
737 118.79298972848666 31.730063908415904
738 118.65813195036577 31.773825631653725
739 118.83735274539242 31.853627493100156
740 118.82868414248159 31.92454832810458
741 118.62995289713943 31.778435253828373
742 118.89884578215549 32.33413981452742
743 118.77829917317307 31.955108424352925
744 119.15113864795195 32.36032791672766
745 119.15374119322573 31.81264825076596
746 118.76467206949874 31.970803013838683
747 119.03175366939992 32.252608790824816
748 118.9416642125405 32.40320594770802
749 118.7627776703566 31.9650207888499
750 118.6765316324958 31.974229025456605
751 119.14698420800244 32.36153864956731
752 118.63796698637572 31.944726275903133
753 119.04968412202261 31.947669534673842
754 119.03491277579386 32.36646911417596
755 118.64598843932816 32.00358468785999
756 118.7571252615605 31.702300369336957
757 118.80284267446591 32.361753531682226
758 118.84715405352992 31.997661975515946
759 118.91901782014486 31.88549841790394
760 118.7466964276807 32.320322815251906
761 118.92483016384314 31.614298564843192
762 118.80110852517858 32.36571869255698
763 119.17429878835983 31.670941654250562
764 118.97414427732664 31.658525812046154
765 118.8712174205772 32.34732076626942
766 118.90106383974255 31.973792398306685
767 118.58392407156066 31.74056573993805
768 118.68860581844439 32.386661058390665
769 119.00021613498805 31.85825861230544
770 119.20249214447254 32.35103875312505
771 118.72424189004448 31.97009971003477
772 119.2082031122031 31.898087634513324
773 118.74668779201211 32.05722829196853
774 118.81077862084312 32.32981578693818
775 119.18297852353898 32.384911691955374
776 119.07804721517164 32.15071747097477
777 118.86801622047693 31.893045576433913
778 119.1814752540165 32.28180164580962
779 119.18756465983117 32.34002102441245
780 118.60745316209601 32.03959687381873
781 119.04613614216034 32.17180892268876
782 118.68406013813684 32.30823200364231
783 118.70865906314192 32.14767233414355
784 118.81328750887877 32.11112924553184
785 118.83594383423745 31.909609446392444
786 118.60954634349777 32.08239617020728
787 119.02886156406291 31.788096062796306
788 118.51020840910597 31.705194676431823
789 119.17526825518935 31.804105737632025
790 118.67849247421614 31.956144145555314
791 118.99615975585772 31.871909492726946
792 118.87085990928712 32.16913641590457
793 119.08336642453321 31.90208292127875
794 118.63866092732745 32.001675385031604
795 118.52663588716581 31.82081646783893
796 118.61870217303675 31.667829878734466
797 118.98225794188919 32.18028293452055
798 119.06552965329554 31.763675553902484
799 118.60913458543637 31.96904546423127
800 118.90692329848159 32.06635331163588
801 118.53733583814044 32.14280332280723
802 119.08804478030848 31.93860446974329
803 118.56537284322111 31.8146495206127
804 118.62292723400633 32.3102445077416
805 118.94820683345918 32.1189054532321
806 118.82266034847663 31.806973944141063
807 118.68566894445297 32.22667387727621
808 119.16030617309147 32.02154840432869
809 118.88332599043616 31.932143111569538
810 118.61102241306786 31.6835723839828
811 118.7911627596362 31.778348208549705
812 118.9967592983914 31.681437527251312
813 118.8244788967442 32.15125867882381
814 118.57105283037727 32.185986788846606
815 118.61737361276631 31.954975099969946
816 118.66737771347935 31.644416365296802
817 118.87139624758306 31.73907746509451
818 118.95593829056136 32.352887507683576
819 118.82876889766736 32.31486571261584
820 118.64170062479452 31.922084067073342
821 118.73927764024499 31.69990898665222
822 119.11048741511415 31.957594832076108
823 118.67469177908954 31.943076515846517
824 118.96136441371213 31.613248987622672
825 118.75584641589639 32.17647217441229
826 119.17504387958076 32.12201820146539
827 118.50085345945473 32.06085182862421
828 118.7144376910324 32.24440942784917
829 119.03596783516367 32.2557426280056
830 118.52606000276535 31.761759275063582
831 118.7755032252089 31.65424059902475
832 119.1689776146892 31.901910250111865
833 118.95799702238149 32.30178683772068
834 118.58949536513805 32.22024219500818
835 118.56439983409909 31.790676390144206
836 119.17206595108141 32.203904795788915
837 119.14660471938323 32.06264218699138
838 118.62593101755485 31.81836560934144
839 119.10432531948831 32.16927256426512
840 119.02609561212296 31.834128113553632
841 118.77340504639653 31.873518439017168
842 118.6611639296118 31.761074044015707
843 118.59682601824625 32.051768012257654
844 118.63551903443977 31.9660067074783
845 118.8634739764829 32.093478748464655
846 118.52000504789784 31.610125961187666
847 118.93403718092027 31.92121828785637
848 118.92136232526971 31.634913629111068
849 118.94477340376173 31.851491297229163
850 119.0805871012884 31.66933751987926
851 118.53708842678353 32.027855319332815
852 119.18658094149995 32.33090896451671
853 118.84063349091376 32.279170597820126
854 118.83834784320834 31.998574423923714
855 118.60501297097822 31.882974165503747
856 118.95923649525204 31.616923579637316
857 119.10665016622022 32.113816527069176
858 118.54174250900417 31.842350895055823
859 118.71673828030569 31.91735733409489
860 119.04379742472081 32.10224513388757
861 118.52240976214047 31.747902536867006
862 118.89877344188615 32.039857549679354
863 118.65959787191572 31.965478757256843
864 118.86388490454694 31.904640141969754
865 118.59972393896331 32.272759475936006
866 118.74529261436031 32.1962950209498
867 118.75472757608755 31.718058289209495
868 118.78376334880633 32.32323011102781
869 119.1802513542817 31.60053768675962
870 118.60615615527016 31.79432169584816
871 118.6825624422541 31.713809533280013
872 118.97775556316424 31.864521921633738
873 118.75545576166463 31.710401661874506
874 119.14882066542363 31.818475622445863
875 118.76049325658461 31.910953549762027
876 119.1756599430171 31.980215466762523
877 118.62441550820687 31.81560960404485
878 118.83175750357935 31.65850666680663
879 118.8705881097915 32.024589201056166
880 118.90135874390265 32.09420838382458
881 118.77628274360488 32.12205573118271
882 118.86979732182951 31.612310908975655
883 118.67061698255941 31.69390393232704
884 118.67056319172193 32.128221554192486
885 118.55021520915487 31.69162793364703
886 118.87976080043445 31.66484694395795
887 118.84225927846308 31.95921615512175
888 119.18988246565101 31.89217853743273
889 119.04996008958744 32.13971950396563
890 118.98573390252584 31.630133420363464
891 118.70452272923416 31.791448913612108
892 118.66539169000274 31.823245578988804
893 118.97788729793032 31.856599682432023
894 118.655043987713 31.61288318315145
895 118.55065570707278 32.0411627722065
896 118.72835811621339 31.60701473475564
897 118.87745669324748 31.834829716947006
898 118.6292662942477 32.33357455264337
899 118.58500468379316 31.728734708201454
900 119.11575397490131 32.10635993385401
901 118.83092021642929 31.97281785832369
902 118.50974083889237 32.33867422123292
903 118.6705128511819 31.939034182665456
904 118.5421599185359 31.76383808454914
905 118.67451764014899 32.38887158102648
906 118.79120435166114 32.18046094019598
907 118.59906238491808 31.703295449893176
908 119.14921284592168 32.03087564048553
909 118.83646256892673 31.840953891418067
910 119.10644738902245 32.299230266456135
911 119.0840167025269 31.729056241804393
912 118.58381425629915 32.11904628262832
913 118.55637774612757 32.36496186367498
914 118.89927078100571 32.34161250983615
915 118.51382277020932 32.32585202852276
916 119.05714612854224 32.1319633458799
917 118.72424187243878 31.839194021601916
918 119.00065502266972 31.664116284107443
919 118.64061372548156 31.73755184700983
920 118.72559552043803 32.3183793357735
921 118.94520000545164 32.17122388516193
922 118.65432203217175 31.67648951277537
923 118.64276042767857 32.37581386015694
924 118.75784757653042 32.005270633787966
925 118.50964490835234 31.741557851066254
926 118.97947043924835 31.97884285745177
927 118.58529092651108 31.92279180146044
928 118.66461078084252 31.771654937247533
929 118.54333553330612 32.09965475936313
930 118.81559616191902 32.02443311116402
931 118.68054024227335 31.817295241085933
932 118.86568079502041 32.23133624518666
933 118.96954453261925 32.02569042529046
934 118.6370485823841 31.872261979192558
935 118.73898868961976 31.72958736612605
936 118.88805579218173 32.0104859501132
937 118.66652544659641 31.71645732979354
938 119.13655167473651 32.3290240736716
939 118.52909397398399 31.99901785602374
940 118.60165785449846 32.33636229832494
941 118.71055427737812 31.853054029727208
942 118.96745118103026 31.963205450722263
943 118.56404807930365 32.02524528259321
944 119.12372032089368 32.317084207714615
945 119.13060790378823 31.702957464640175
946 118.95757954078151 31.915769735173605
947 118.75860527672211 31.66758661132982
948 118.69397892784583 32.33574030994656
949 118.73784855691234 32.26450149465922
950 119.11697232486429 31.915149718081402
951 118.86733048800765 32.13232970682583
952 119.14796019140907 32.04420945753375
953 118.83362914612191 32.088943995008265
954 118.65629774311228 32.26553902967656
955 118.55772011210526 32.38365715441357
956 118.97430615948701 31.67157939756421
957 118.70898673579755 32.05100058754258
958 118.9444586319885 32.32360405178157
959 119.1492774354369 31.909999280122623
960 118.51322150224968 31.800918698542983
961 118.54382233916563 31.698608927957444
962 118.73717516977698 32.10193015229634
963 118.71799057091636 31.772958929148302
964 118.76726757807369 31.90673693857032
965 118.80854548928136 31.91583728620081
966 118.78932796164597 32.082511675095475
967 118.56397951871853 32.358656122539266
968 118.7322492994991 32.38745514078975
969 118.58428569502573 31.830401367784958
970 118.63275947640041 31.81578610623439
971 118.91371656992334 32.18319489573265
972 118.53745160461915 32.15474785980383
973 118.70200367508913 31.82861876072454
974 118.91801547004994 32.36198014130349
975 118.68982679798353 32.24838476955481
976 118.86560021924988 31.756734106042607
977 118.80597547079601 31.99206783767979
978 118.92789537060837 31.66619055133664
979 119.09466868632093 32.015169511347175
980 118.69975357360879 32.04949167144501
981 119.12630486627707 31.759800772321682
982 118.96081294709262 31.675710458427083
983 118.79156906512186 31.738998947367882
984 119.0689976150367 32.0052566128532
985 118.79258959924853 31.654991637562667
986 118.96650578782625 31.749430017104892
987 119.11539928019315 31.749117187556315
988 118.71594201019502 31.939080033561616
989 118.83173955290692 32.02143270580966
990 118.78358068877208 31.88972234425767
991 118.57668221042732 32.11357644167279
992 118.56750927351392 32.331638284126
993 118.57722693261397 31.791678635010083
994 119.10927966775719 32.39633914526595
995 119.12357262113842 31.87019760999307
996 118.73661954943677 32.08242800069699
997 119.12542584443679 31.88830962587558
998 119.15938150803031 32.14344363779176
999 119.03845324270365 32.29256560609028
1000 118.6619750912662 32.238590847238484
