1 118.94294493681916 31.938307066621487
2 118.89083277130526 31.613832853778213
3 118.61447496688865 32.03784523140151
4 119.07603846057623 31.971207027333396
5 119.17598341005029 31.9505710297332
6 118.95056760685397 31.87034586842691
7 118.90169561657942 31.75247578527064
8 118.60185940384702 32.07273919473362
9 118.69276832759368 31.82906608442787
10 118.76022730893868 31.80066348561609
11 118.628399444132 32.09868328626975
12 119.19642491524917 32.02009193505198
13 119.14034899024846 31.717329341766774
14 118.76649747133804 31.995043089244554
15 118.60524794568491 31.742382389682895
16 118.78043012299601 32.229391705023964
17 118.61698733823503 32.2967993255494
18 118.87932687709245 31.983041182527707
19 118.64145437245693 32.290768683844746
20 118.55568882419387 31.659822233091976
21 118.92865857975947 31.996231451422382
22 118.75382231614778 31.66065625324538
23 118.98550286805956 31.946360147388816
24 118.86928703415997 31.6712268401393
25 118.94879648956707 31.69848685482825
26 118.72631932002004 32.08557375151314
27 118.89939713827184 31.77686462181593
28 118.83090975819728 31.679204855588267
29 118.91345629564228 31.771679503511052
30 118.51840246658058 31.874173507165118
31 119.17566576099975 31.96799042328768
32 118.67531099234009 31.755941073517562
33 118.56386525035815 32.09427893388332
34 118.69774561773527 31.9912720982758
35 118.99443298403924 32.01663959869217
36 119.15081262701993 31.905713089583095
37 119.09310489255722 32.22171909000726
38 118.71600076441055 32.06584991837356
39 119.09434813622389 31.714250476057998
40 118.5486899089185 32.157828815448326
41 118.56233578155658 32.37282798454109
42 118.63601515713074 32.004997226537654
43 119.05651295662523 32.30458311303274
44 119.01268996650943 31.868344163070514
45 118.57884288756145 32.04538718164435
46 118.99571610549748 31.9496147969717
47 119.03952665373707 31.94731110937527
48 118.6034953697779 32.235835237428944
49 118.95493512506299 32.01928359698009
50 118.78703462465012 32.35464361389491
51 118.54629468962125 32.03718275019026
52 118.85839359523403 31.671574458327054
53 118.84093549334696 31.895170752189017
54 119.11673831355421 32.27242720689559
55 118.92249782511226 31.93166547687372
56 119.1030919595143 31.62664959307672
57 118.82670038268373 31.80986456067941
58 119.00586672505959 31.641240959018084
59 119.17663930690664 32.37622280700708
60 118.50882138680318 32.37913431302949
61 118.7925325233044 32.22727819824054
62 118.80748712689247 32.09047793272573
63 119.04955998063258 32.214839203446374
64 118.50964477616209 31.729694971533206
65 118.89224091580033 31.82355299362592
66 118.67795165314128 32.0058850068656
67 118.81508919153403 31.88161704531299
68 118.97900354025548 31.647401644150342
69 118.93633445332958 32.36802539042705
70 118.66030272719837 31.97591441266729
71 118.6428482328717 32.01652826915993
72 119.09106353584217 31.864598105039917
73 118.84953703984226 31.811960925878555
74 119.16901587314914 31.901755125846698
75 118.95615764344707 32.27233711326397
76 118.65666724443008 32.21834819069863
77 118.61165673251153 31.884417288952605
78 118.72019835796296 31.61058948753126
79 119.02450743738584 32.23647079894094
80 118.8288590756578 31.79944330919276
81 118.90234319129162 32.06117596101267
82 118.92336256228222 31.60528448257766
83 118.63627858472624 32.12024084491364
84 118.7261140365255 31.915439481683734
85 118.71058944464083 31.989394210091724
86 119.14548946278343 31.929238149671182
87 118.52491361356758 31.871916538186717
88 119.17681380283076 32.03050065552851
89 118.61802550148245 32.38224896241445
90 118.86842696371308 31.705147952498237
91 118.6958645862744 31.875155571764612
92 118.70597221585528 31.624671627740483
93 119.03955614435905 32.19084905064904
94 118.99355061243638 32.12832805639295
95 119.04326814775384 31.773911240415806
96 118.6221830129648 31.925623086330063
97 118.64185122342434 32.13549010094148
98 119.0242754132142 32.12924596615837
99 118.57950819010898 31.7478769406987
100 119.10656990230142 32.3066603669097
101 119.12488237968623 32.22785811083684
102 118.84034811028214 31.68611932946582
103 118.98607261224963 32.30135738115538
104 118.7342906557646 32.19377192958523
105 118.9582452776123 32.24299109405152
106 118.52845069611391 32.02681886891958
107 118.67154337303909 31.788575341820096
108 118.80059452656833 32.34836453824855
109 118.86691028520411 32.07165083755032
110 119.19933175111468 31.867299313686093
111 119.20332561392054 31.823129765028764
112 118.59518206153439 32.3198468977511
113 118.69715157486596 31.95376856637752
114 118.55443647303285 32.03764968280883
115 118.72941053547684 32.099708079376256
116 119.14684044647159 32.2682669819771
117 118.8984963762327 32.09124864383561
118 118.53591857921016 31.747227643629248
119 118.86381849723126 32.07553766637495
120 119.15279657023964 31.99787459579961
121 119.18693184440009 32.0580701959578
122 119.13997100935403 32.16055194495979
123 119.04003506431766 31.79294999325472
124 118.66406719793264 31.754682963339594
125 119.12422932739747 31.697116348736998
126 118.72204401064266 31.828046201956816
127 119.12339461573363 31.60485825447047
128 118.52785779141091 32.083117024573674
129 118.5404773206304 31.843616229462047
130 119.06161229301114 31.754204751934267
131 118.5549172370024 31.67212752531778
132 118.79867679633179 31.81901849554371
133 118.73424218627184 31.761618043954574
134 118.67870455021779 31.831130909932302
135 118.7452923221645 31.960515813216862
136 118.83726643990863 32.03913447233443
137 119.10688561889842 32.27432625754801
138 118.9405824481548 32.39220093284733
139 119.12759164932196 31.642588747991223
140 119.09975875818208 31.795223455282738
141 118.59044171532021 32.101552750205045
142 118.77431378181299 31.749946159567354
143 118.86350450485425 32.29636077062051
144 118.68148753220973 31.77084157414871
145 118.88885238804801 32.17699855569305
146 119.18712190274778 32.11865158742554
147 118.64163135266155 32.22658773330141
148 119.05581554874061 31.63847670664119
149 119.20330546442004 31.78391380586127
150 118.68017854060106 32.16336913528338
151 119.11064275176372 31.6839901417044
152 118.61435716202021 31.623939888002344
153 119.15322294726414 31.883885239293505
154 118.69744569876647 32.07711034668615
155 118.69269144346018 31.62336389132255
156 119.1355739971045 31.663941141955892
157 118.69032747329094 31.62953249886027
158 118.64005531193467 31.922376684898797
159 118.72559184672939 32.14700620372277
160 118.98423276600177 31.76731732847694
161 118.51286591443989 32.29052576657793
162 118.6171040510994 31.959828582203496
163 118.58037025334497 32.09137591715894
164 118.85494516958288 31.82592300062458
165 118.53369847574021 32.10488529715157
166 119.15202928543297 32.386723792222945
167 118.83227041727059 31.962889495169062
168 118.91946242306597 31.779869447979813
169 118.6638998577272 31.938785834102937
170 118.99204697446622 31.947001531487818
171 118.50440032132943 32.02280097767426
172 118.55694715382704 32.007381083030246
173 119.13473361907472 31.627690329913236
174 118.62793445653298 31.722220931274858
175 118.83853284212924 31.951765235045848
176 118.87874571415321 32.161035030641195
177 118.62339438559286 32.22497730951063
178 118.90780610344177 32.21254038098694
179 118.68361719973467 32.018096802330916
180 118.9604213247419 32.36209466260723
181 118.69485248222384 31.85145086366971
182 118.79696202443729 31.976090575039407
183 118.8350190477008 32.22104871142433
184 118.51568145716215 32.26821885613582
185 118.57986678384721 31.9094696406959
186 118.54246122131838 32.29348370790359
187 118.79980667974327 31.976609028877085
188 118.87603759588819 32.173088805232396
189 119.18381838300161 31.610083179105906
190 118.74742888620776 31.601252628028398
191 118.62543065929324 32.34021471637455
192 119.17171853311716 31.692622293936857
193 118.87383906938837 32.13871119374465
194 119.16495760661289 31.823447520793703
195 118.74296076338427 31.762277218868096
196 118.55901297197683 31.90002095916264
197 118.8242963916699 32.34408757324502
198 119.19789359321408 32.05923100413881
199 118.53903491420574 32.3360485842894
200 118.84027251610773 32.15917401969545
201 119.08434134963713 31.987966199317984
202 118.64311613285444 31.989368597419823
203 119.05480639073292 31.78104477251068
204 118.54261764276835 31.601742070429108
205 118.72857623614897 31.932580434782153
206 118.62602059973335 32.03684296378812
207 119.17426467854517 32.30081911469715
208 118.92804851139473 32.12951531624273
209 118.70673775362154 32.27218440533167
210 119.14414621405356 32.333721857942365
211 118.90106439931466 32.345915050890014
212 118.76072597755498 32.253581407902104
213 118.98691836567029 31.70043535304457
214 118.95784915227587 31.884185187086906
215 119.18291556443573 31.74775767130655
216 118.52665399055368 32.297792788666136
217 119.10775013774501 32.225463644063844
218 118.9698730327667 31.883471829370258
219 118.60974426342625 32.04330282657584
220 118.76573701169985 32.25022114706481
221 118.52133192401594 32.28699457230646
222 119.0983331585826 31.767479871860363
223 118.57708039361928 32.188920899126934
224 118.64815826676221 32.243644749816326
225 118.99228515486995 31.645218099461484
226 119.0323127337566 31.682644520164516
227 118.68286366717015 31.928822244706666
228 118.61668427686783 31.76856768008816
229 118.52039373039035 32.30674811443913
230 118.54356334504627 32.175407623278396
231 119.11685843187878 32.171563813047506
232 118.63692696282672 32.23178521655909
233 118.7787316134895 31.86770776021029
234 119.04683928700169 31.7974192632854
235 119.18370309917532 32.089303867366326
236 119.1160660963459 31.923284129343255
237 119.12371637656665 32.33729151092215
238 119.07410129307671 32.13232268392471
239 118.73799273819604 31.89695019750965
240 118.95235017630726 32.27879200062121
241 119.00466937175504 31.918554114137084
242 118.79487908170246 31.738177419959094
243 118.92919995091538 32.21856936618419
244 119.17182475805602 31.985559500618137
245 118.71887554569574 31.807544476985644
246 119.1464292809462 32.164480645099616
247 119.19130797401827 32.39032278341167
248 118.9048319862662 31.79648103176201
249 119.13503732823281 32.22999569858923
250 119.00844846625918 32.21130387682478
251 118.99299212914381 31.683596115339082
252 118.58147194326047 32.262464473176884
253 119.01595458570141 31.97325031238748
254 118.61182791974038 31.69541545011596
255 119.02949761410547 32.03105519600872
256 118.52864535543047 31.857526154228445
257 119.1171243414829 31.727571551165923
258 118.63544022787589 31.660661159529784
259 119.09340763440487 31.744348882156398
260 119.11993938981443 31.949787859229982
261 118.57754494807146 32.11065817525189
262 118.56951279990811 31.67531331566976
263 119.1635446291402 32.16534796664367
264 119.1825516080976 31.676204275769642
265 118.54873610916556 31.750972183757618
266 118.9253455520441 32.1786403269715
267 118.76051046022009 32.293374389846015
268 118.54165880252017 32.370780126151125
269 119.09669208755379 32.13141140937142
270 118.9748964361721 31.97697683208741
271 118.55345893918219 31.68181907969993
272 118.82061450473155 32.04940183990461
273 118.78230736915897 31.72917895144567
274 119.1980513281942 32.01307006651583
275 119.19160602449126 32.087637853030515
276 118.6673035490881 32.27583949225989
277 119.02639512625014 31.854816444812215
278 118.95292792020341 32.38893699170234
279 118.81390254831483 32.37324755895452
280 118.89098663788232 32.27014592508385
281 118.77623250650025 32.162475380627704
282 118.5447820240672 32.178979403889535
283 119.03663509638811 32.316428035359564
284 119.06099064429408 32.35948289239561
285 119.15500873746531 32.276530812069936
286 118.861138864795 32.117462633376164
287 118.54271253512763 31.679688324393275
288 119.16122770671397 32.106279262489096
289 118.6816920195561 31.875771337056086
290 118.58842713232853 31.71631747239181
291 118.5861680226846 32.30942250176724
292 118.92128908896525 32.26584199171372
293 118.7645769152102 32.0075416113967
294 118.97566945105736 31.97836509179902
295 118.54677336313613 31.99529140317456
296 118.51735039119832 31.80746151949108
297 119.16863573983377 31.917819475917632
298 118.55651444759627 31.953613270408905
299 118.72917934809513 31.59873976083577
300 118.5111079217373 32.31059698201199
301 119.13527779766612 31.641082188155217
302 119.10005757839004 31.905575882140628
303 118.90315243121148 31.69282902553656
304 118.59966771073408 31.765761198327212
305 119.06247736795461 32.353307358833874
306 118.54123537188477 31.890186976764276
307 118.82059459016159 32.166282211989206
308 118.72470586988638 31.69195118431388
309 119.20259436146577 31.788392079714402
310 119.17886256084822 32.30019292759704
311 119.07940194851781 32.31536958871464
312 118.81138436829019 31.80383231873039
313 118.84812063364782 32.36670653841247
314 118.88808227097083 32.14189360416771
315 118.89462377336248 32.004051164055944
316 118.61616238035364 31.881338629959693
317 118.66633989146608 31.88628230421637
318 119.00336728692282 32.357146851560124
319 119.08932028035214 32.16695194558482
320 119.16921160819446 32.01251014002818
321 119.02765057435273 31.629028789032706
322 118.90103765581975 31.80075942751034
323 118.5591764123682 32.34700141464624
324 118.55939149750989 32.03052630993959
325 118.62185208595268 31.882758092684213
326 118.98894237797526 31.622958067853098
327 118.70317772154317 31.807980642640494
328 118.78847131236813 31.802164450708528
329 118.61334682026835 31.734928766386766
330 118.6579617687775 31.884368078851967
331 118.77587978447562 31.74998066777506
332 118.94713040010888 31.664092998592274
333 119.19738056865616 31.68959731266688
334 118.5907681160657 31.987556044385336
335 118.7196086961882 31.65291469541111
336 119.18465397536372 32.34117064939418
337 119.11300707959447 31.76269021636232
338 119.17175541952071 31.99041630974961
339 118.86063778678218 31.927187507518454
340 118.6523351696606 31.8380549814499
341 118.64855802439688 31.85654125132468
342 119.07113009102417 31.789281226865164
343 119.16507661993266 31.818211618949025
344 118.92919036006808 31.697437454925897
345 118.97189071506409 32.155775759934876
346 119.13147919338414 32.09518242659872
347 118.67798257257455 31.845566675580898
348 118.91309800591173 32.31251384904736
349 118.89560100071277 31.903674992544705
350 119.14485733694808 32.093451920288175
351 118.7359597604603 31.997991974855015
352 118.59733359691899 31.861986380092524
353 118.58166300354912 32.328322630514165
354 118.69097134343107 32.28813038376312
355 118.55361149214784 32.2692425301488
356 118.72627116394032 32.37632200455466
357 118.88952972395981 31.60770576256988
358 118.7965085982233 31.99034566349819
359 118.93803853877228 32.35749660509552
360 118.86113087292918 31.701813980925998
361 119.02265156238477 31.80719181162457
362 118.82190475127665 31.99636471726962
363 119.04510314985205 32.1153080449401
364 118.81451107234308 31.872431630845472
365 119.00611555821173 31.839965985151675
366 119.02053256197388 32.227444545898294
367 119.09762269606404 31.6095841741112
368 118.61209470039232 32.236677017583744
369 119.01256321894581 31.93692097071978
370 118.48796950600168 32.107022946864525
371 118.77925265448262 32.15981197905557
372 118.90125413837553 31.6868905515921
373 118.51635267320579 32.33370714092462
374 118.5352206656891 32.25218086077388
375 118.65751481428586 31.886034358374353
376 118.76647642106302 31.74733109827765
377 118.9960388407839 31.654313446874983
378 118.63159323155911 31.842566858204883
379 118.78591079343983 32.184277443389135
380 119.13010208289194 32.27837278246295
381 118.74272034528127 31.85662746727614
382 119.04010917113509 31.783535197922426
383 118.91540327888227 31.860462852826462
384 118.53914272786693 32.37366791246685
385 119.17837008523887 31.679923353164725
386 118.57704691494449 31.742523439094327
387 118.7515547663297 32.15384125017906
388 119.17891676246957 31.716495013525968
389 118.6760596592976 31.799021367512616
390 119.14764439139927 32.25330965669366
391 118.96824105130158 31.837437928315072
392 118.63405910743404 32.07731709370282
393 118.59823536516579 32.04379494827979
394 119.1752645931064 31.819021275848833
395 118.81962045510475 31.80140657486215
396 119.02774634271965 31.811074227308193
397 118.60481545923817 32.3018646884509
398 118.8539039537916 31.60839310410422
399 118.5690012461774 31.679721631652004
400 118.83546571128525 31.879376550794333
401 118.49704036254396 31.773258277899842
402 118.5192346041707 32.04875867038503
403 119.12626086987039 32.02770489942551
404 119.11209006238177 31.99571106861937
405 119.02929359251962 31.84073077127674
406 118.8534922686723 32.01185090069056
407 118.62657019929415 32.21923729077463
408 119.00219349577911 32.24023799732217
409 118.65752328571136 32.03466158418747
410 118.53016233398816 32.241206264851456
411 118.71634768630098 31.654581159814434
412 118.9017899964209 31.73142189135905
413 118.89728608146822 32.18996827246266
414 119.08009422609432 31.911903608539074
415 118.76577664816949 31.85186880812135
416 118.61039326816562 32.06070590900672
417 118.53295495208768 31.909452937457388
418 118.64238274086307 32.32908359857433
419 119.1587375702919 31.912959467980706
420 118.51537204856795 32.26780348264954
421 118.93569279344176 32.080698912914784
422 118.81640149899908 32.3270283686409
423 118.63460472850595 31.9864840974754
424 119.00177425320635 32.37049703788018
425 118.90312574858447 32.058958150406895
426 118.55236561329967 31.636183442952657
427 118.97288977122413 32.18181614100615
428 118.55073334551861 32.300663372769655
429 118.65329843747637 31.675156186345614
430 118.892651175692 32.3634124558777
431 119.01431289483952 32.05640773786192
432 118.88860177163971 32.19912730481682
433 119.12928093490348 31.764322432816975
434 118.98129444327868 32.33631218532296
435 119.17924372261449 32.11863880539585
436 118.6888466344038 32.03546190121363
437 119.18568851420929 32.37676861239937
438 118.65613319789088 32.04570248945212
439 118.62347242191292 32.012875370127034
440 118.62655471755401 31.640486984153743
441 118.57907265904602 32.041182129257855
442 118.93896379202896 32.19594710913401
443 118.49941559010749 31.889733603680973
444 119.07862913916668 32.14234858815482
445 118.93783221783481 32.04270186449686
446 118.69649363877484 31.771151595641882
447 119.12153237641431 32.03968619139407
448 119.09322064592968 31.983258780347693
449 118.93252153442029 31.862256851663606
450 118.55013717319345 32.132908107406095
451 119.19092796059792 31.662356537490894
452 118.92513295296465 31.885673490257222
453 119.13593964248376 31.950798569681627
454 118.60220161499589 32.39124934153293
455 118.51528428345759 32.165076104192124
456 118.71272891037471 32.10014404725596
457 119.05116078235376 31.72823727355392
458 119.0701686686929 31.954300383520653
459 119.11971245382558 31.892964966970613
460 118.72973094329038 32.35734263138208
461 119.06388656305305 31.958413922266452
462 118.59907405612489 32.276186001426616
463 118.87715449769757 32.13196328262464
464 118.54190532208037 32.28515041826012
465 119.00643633865444 31.599884715380096
466 118.74707049783522 32.35121371700729
467 118.57520244604123 32.36807431086411
468 118.94956538455571 31.716954610053715
469 118.7800393402569 31.649460023136598
470 118.71576777738997 31.863865796350986
471 118.74567458134804 32.05266251970963
472 119.04254488939354 32.01875484097195
473 118.7857054554714 31.953236465704826
474 119.11656920690984 32.32572281232694
475 118.6042225843215 32.04802158256012
476 118.78313019004268 32.33783870741561
477 119.11488558375105 32.04772738715124
478 118.9139569367112 31.74250060934926
479 118.99773124425501 32.38593287059785
480 119.0867495336502 32.3976338341472
481 118.86083587895743 31.955545771470216
482 118.60058981353532 32.19907364779559
483 118.71407239012062 32.11762430739881
484 118.66224146299014 31.73756496151697
485 118.62168269460132 32.06125326678221
486 118.91944802269333 32.10544675492847
487 118.64250232006434 32.07099751055109
488 119.0822192380628 32.02562423568083
489 118.8225317081354 32.06713172801844
490 119.06333975998312 32.16963668286318
491 119.08852467650816 32.21663011097608
492 118.98128030444454 31.683300716255047
493 119.06279780484046 32.33160455177716
494 119.0660161687715 31.971788616774397
495 118.91642759031451 32.15859393699259
496 118.71958645890918 31.91058063463411
497 118.79596951308699 31.652644372901193
498 118.71894247729342 32.12941912926527
499 118.83054582818733 31.899303967301286
500 118.76743364704281 32.03290310523542
501 118.73426247251541 31.805804190502137
502 118.56737401392687 31.761787746191867
503 118.78353838011408 31.81645421189386
504 118.58664818589239 32.299864585088706
505 118.74930225130981 32.34939788783335
506 118.58063795711692 32.36529924413622
507 118.75484071997062 31.942381354936607
508 118.88457523954078 32.23658825793866
509 118.53998078307637 31.739124299195936
510 118.66458233436 32.189210982156695
511 118.79088909074628 31.941325302346332
512 118.68330523035118 32.2752626823109
513 118.88852227101496 31.758432035738288
514 119.08124038995017 32.25149889256302
515 119.04707197976978 31.659759044936177
516 118.67062013886508 32.28975661452988
517 118.6384432079062 31.936389099525822
518 118.89373410796864 31.7125649205562
519 118.76934885379494 31.828825665852623
520 118.53184157204157 32.17531130247178
521 118.6552636258605 31.95631818620519
522 119.17615856808479 31.787794849666188
523 119.1618516867548 31.802154871980083
524 118.75484250154292 32.14500275082758
525 118.5260698610029 32.113427852937335
526 119.0622685370668 31.65491587208524
527 118.68810417521765 32.25473021382355
528 118.52294096322773 31.701783408910096
529 118.68279458716277 31.79021767259667
530 118.59307883537112 31.612108950500662
531 119.1244947748873 32.02576957390116
532 118.62989481088974 32.284717276620796
533 119.02988076169515 32.33702582690053
534 118.60188655887536 31.960044133102443
535 118.55714313392464 31.6890494366622
536 118.77015667321844 31.99240986125265
537 118.93016591191855 31.82153826058083
538 118.87522378167898 31.852467731862156
539 119.07328862094766 31.775609944497283
540 118.79246509100228 32.35923755979927
541 118.92742273108634 31.928245766691003
542 118.53469588882871 31.592894708330142
543 119.02557018103646 32.001788433224846
544 118.98503592974598 32.15520300339386
545 119.06202051951306 32.25656531607302
546 118.57530461325379 32.200581644071974
547 118.81507990347096 32.163937678426734
548 118.96548836497787 31.763246770017236
549 118.4949494859868 31.864080561415413
550 119.10265291400631 31.959094706963292
551 119.06480305182647 31.722399009878405
552 118.86670321158515 31.947391152374774
553 118.74173248591505 31.680081993911255
554 119.00234852379552 31.67002921648195
555 119.12426104007113 32.26522729632136
556 118.85185319392674 31.727844555737843
557 119.11987313164512 31.964255768271286
558 118.60635306761912 32.09466395784401
559 118.72410852188834 32.35328703256871
560 118.99548133595867 31.852056654270783
561 118.76293518146443 31.755409821435947
562 118.86250728674848 32.3000577556006
563 118.96013262455747 31.833703740437368
564 118.91240864700349 31.819331741711057
565 118.81795415034223 31.7183695016654
566 118.61134737925005 31.964528475305528
567 118.77769626421914 31.77565253845608
568 118.65476421301116 31.892918934311147
569 119.0462429625859 31.85923895654228
570 119.059510808419 32.09977830251291
571 118.64898764296963 31.956218616902156
572 118.91063764244261 32.127022531472306
573 118.98337964055267 31.842325856118347
574 118.82237376069368 31.879562427740446
575 118.54933534582337 32.38353449871096
576 118.99364664398458 31.785385504797848
577 118.54715578119342 32.2118597958408
578 118.972036454124 32.16182278501625
579 118.58053995159021 32.10386585804995
580 118.92681817975395 31.693043847801054
581 118.69445267485992 31.584335864816936
582 118.76745113965983 32.19399949464771
583 119.19017374240512 31.65696892674662
584 119.15785063301165 31.802557163551548
585 118.90175617843722 32.38739734766273
586 118.9593201414549 32.37148374725413
587 119.06669035975649 32.34730248654799
588 119.0129907861808 32.05364989629642
589 118.5912135120348 31.973974418700784
590 118.79756384956788 31.95976301826419
591 119.07663591215105 31.8674866659772
592 119.01530398168288 32.38000350569384
593 118.63405176884609 32.23790041335311
594 119.0999076363997 32.40967700230283
595 118.9255947277832 31.844496491510593
596 118.70938999707951 32.0686709161159
597 118.5266475676622 32.13571328664314
598 119.03012673791142 31.91015742279846
599 118.80130137525748 32.062375039791654
600 119.1795039587908 31.733716665898054
601 118.67411069875946 31.854039265182262
602 118.5562084591717 31.719695718802328
603 118.66573016924113 32.104981424508225
604 118.78761584977934 31.87519483451558
605 118.52713878143729 31.93105646566738
606 118.75266013553612 31.894013408320866
607 118.66837473285587 31.651423138475174
608 119.18449853289202 32.323155241088266
609 118.62373737373017 32.179265544542396
610 119.10762074090907 31.857858587662708
611 118.59327669406018 32.308177400573044
612 118.90177613540116 32.1507880865089
613 118.96023301353551 32.3826034750871
614 118.88905343124017 31.99444254870083
615 119.17105689151842 31.689657218965554
616 118.8090761761208 31.681511792750992
617 118.94536765717372 32.1962539763774
618 119.10755759038007 32.05552552124063
619 118.67326449267132 31.76709772252855
620 118.86645636480651 32.02458759437871
621 119.17633065229978 32.02481615990395
622 119.03434710154808 32.30155360367106
623 119.00146962988279 31.63630834120172
624 118.77042794176675 31.6853307661167
625 119.10884281875943 31.949418763916785
626 119.07657988694943 31.703202400039505
627 118.80827592997962 32.38445383199939
628 118.89723450309877 31.76302482082751
629 118.9717616166247 32.09634473423927
630 119.03947214140696 31.94650709663945
631 118.81966879551645 32.2303432530053
632 118.74426927128728 31.63251259646064
633 118.60311774625283 31.852062128743686
634 119.01781097296863 31.979284533168546
635 119.03503370835051 31.694412832455757
636 118.62034738931371 32.100368865876284
637 119.11147811378538 32.02211049321246
638 118.60902578695125 32.26379451624138
639 119.07648649151521 31.95655233552276
640 118.59748077345603 31.854050435399948
641 118.9433981752008 31.837895903360888
642 118.87376409268305 31.800512451996234
643 118.59996043885148 32.34521819852237
644 119.01501526184848 32.238952156585384
645 119.02485291941161 31.873866935017507
646 119.12247545399154 31.947726924859822
647 118.84077106678585 31.679734183767717
648 118.88602375365839 32.07887049279948
649 118.95463550010858 32.182309394005834
650 119.12104876302058 31.7940153558306
651 118.7834055617394 31.970188095617875
652 118.96242750501719 32.1304879314516
653 118.91632326033809 31.967773603753603
654 118.62863978684508 32.03140920239128
655 118.98426267664168 31.750370411183702
656 119.0902848329491 32.22856003889341
657 118.82091344911916 31.68076375582646
658 119.17760772353574 31.984826204413743
659 118.88897794424489 31.851336680304314
660 119.10963903265782 31.685421656291542
661 119.03115915795162 32.29246493181857
662 118.77930780776867 31.744280744689217
663 118.72463968484102 31.975013138383556
664 118.76126401036024 32.091972770579794
665 118.74402795810768 31.826386247943862
666 118.52787405265045 31.992168990531724
667 118.51318450334831 32.016381603719104
668 118.78783986559068 31.946135483939248
669 118.63590739772634 31.88920837988911
670 119.09474850519642 31.79320256519834
671 119.17452625302302 32.33993172162186
672 118.7111579911327 31.995481301669844
673 119.02531424377646 32.15694132998748
674 118.75341675079832 32.01756766509284
675 119.10302177831282 31.842120313344488
676 118.81770543428861 31.994453063040577
677 119.14889131778705 32.25907228419686
678 118.98040781553942 32.29406116553446
679 118.58298415995401 32.34472003674227
680 118.59932429779931 31.772576633394547
681 118.79692553452487 31.8713150519639
682 118.90750030733705 31.685324558834672
683 118.86605834585646 32.40006854474478
684 119.11485427388065 32.10782253227303
685 118.5104277921498 32.16928624448764
686 118.57878075918231 31.958107902983322
687 118.71212114531421 31.805135192051296
688 119.10197227776955 31.931696524072198
689 118.50413175894123 31.835319435547866
690 118.88904708510593 32.01621167528005
691 118.50045018661807 32.24247108809417
692 118.88740092236537 32.260874633568186
693 118.83709437387367 31.839427344365188
694 118.58288423346534 31.73543647079222
695 118.90992945995178 32.19109723411198
696 118.92973562585988 31.93839649744548
697 118.81967417613302 31.748804651490826
698 119.05115730690441 32.11191466275923
699 118.54980670297323 31.691319636779188
700 118.7257977232665 31.686283422587042
701 118.8496888217755 31.602417519716507
702 118.72630971226555 31.741394644966928
703 118.58784090256688 31.97635555076869
704 118.57578783477535 31.73964081578189
705 119.041365240004 31.64438384256881
706 118.67464183406807 31.991677601997882
707 118.955236800285 32.31843946839779
708 119.10506105898142 31.596784631544697
709 118.70931952029456 31.78937621207032
710 118.62855236685628 32.33393101801935
711 118.90317606059422 32.12372663193356
712 119.08177140888333 32.26229085216082
713 118.75943292826565 32.32297008139781
714 119.08359846843636 31.784353769475537
715 119.19361594301027 32.203059674828644
716 118.97308584835964 31.813683618774533
717 119.1240531151846 32.3451634278337
718 118.5718975249129 32.3670050002917
719 118.78284643712995 31.72762822461987
720 119.11513404968147 32.265863900765424
721 119.0165433285078 31.659976410691215
722 118.56951035569435 32.07959751616832
723 118.668889142796 31.97924829571602
724 118.7216949625369 32.067337089898324
725 118.95577429177176 32.20413802842595
726 119.01619075204754 32.30854998085635
727 118.8410634192857 31.991905546784828
728 118.51760481107512 31.654531259207726
729 119.13054871665813 32.335178910417746
730 119.15454847145244 31.643394633809137
731 118.73436896155047 32.23799330510749
732 119.05845480830732 31.711433814431466
733 118.87029459200473 32.32816830652445
734 118.83114221320095 32.0901193730012
735 119.15718228702555 31.850443914797722
736 118.50590493527213 32.290063780525244
737 118.79488033451993 31.731544361985218
738 118.65824108703401 31.77707915161458
739 118.832393525825 31.850908908110885
740 118.82005696082197 31.934323321639415
741 118.62110659763553 31.781736277851635
742 118.90164456217444 32.327525488469334
743 118.77017287766928 31.96157885844181
744 119.13819817636691 32.356795798962416
745 119.14226072855996 31.81090741786519
746 118.7723554653698 31.969987315782213
747 119.03794866584009 32.25741473794637
748 118.94085745556845 32.39072416028848
749 118.7638558704479 31.973098967804287
750 118.68217353424673 31.988129321436666
751 119.1444221359599 32.365574037123416
752 118.64862738419987 31.94141659027091
753 119.04460388951283 31.9490672551853
754 119.03844655430674 32.37564340076021
755 118.64418641754298 31.993184640269224
756 118.76087064156272 31.693560165739836
757 118.79527182885742 32.35680720724941
758 118.84948342109081 32.00082626469048
759 118.92017325323974 31.883495883192086
760 118.75252850500944 32.3310354691852
761 118.92321077702098 31.606438749118805
762 118.80509502443418 32.35543225087168
763 119.1705079110693 31.673662556989733
764 118.96542466438302 31.653200482707526
765 118.87344176581406 32.33902351974468
766 118.90934917646014 31.968971607019355
767 118.58401415104554 31.73393841805792
768 118.68504859670388 32.38750421792829
769 118.98931108768465 31.85453678839438
770 119.20635013071629 32.34005874690229
771 118.72362185750706 31.972488070928335
772 119.20223214425197 31.90320267504777
773 118.75043480218278 32.05343930868717
774 118.80844346988313 32.32444931763413
775 119.18011579794795 32.387550529390346
776 119.0732390870274 32.14420972532682
777 118.87665211156055 31.900277386530725
778 119.18158275775906 32.26566532895657
779 119.19700399521288 32.3337238673939
780 118.61240431214367 32.04830218067642
781 119.04126696716023 32.17398160652939
782 118.68576333573318 32.303456245671526
783 118.71514556627717 32.149861084033994
784 118.8081330356248 32.10480780021229
785 118.8348870776604 31.90440566264648
786 118.60046150744503 32.07619253028754
787 119.0259228371314 31.775757502555155
788 118.51019072050606 31.71140053016167
789 119.18332335078236 31.802227497351637
790 118.67747859100486 31.954253900156733
791 118.98429213508157 31.865950784112915
792 118.8697439011273 32.16803178442366
793 119.08935870970505 31.90668959620739
794 118.6416787777795 31.979080129773696
795 118.51890666547149 31.813789055223594
796 118.62407605542514 31.65752169028004
797 118.97649787547213 32.17527961317467
798 119.05789997319424 31.776116747545654
799 118.60317661351499 31.9790311920515
800 118.90586802710561 32.08230322685829
801 118.52710583880857 32.14201311898159
802 119.07350795403359 31.950578907643514
803 118.56984673096355 31.81300171759612
804 118.62762687075877 32.31662915256635
805 118.9458214197643 32.12458617822957
806 118.8265644798146 31.80355255878649
807 118.70390693703155 32.22483630231688
808 119.15983892521156 32.02794721252523
809 118.86687025612768 31.944778231635308
810 118.61500942093942 31.685214455231467
811 118.79231532165934 31.78235041014754
812 119.00434349039745 31.697533673121427
813 118.82774882620281 32.143427981058196
814 118.57416274430491 32.17589604868226
815 118.6128684969943 31.968444526930302
816 118.67708171776775 31.647390330378595
817 118.86822861052302 31.73864493493391
818 118.9481307938895 32.346721429798414
819 118.83652500016869 32.30668976950541
820 118.64086003623146 31.914927207267034
821 118.74611929346814 31.703340482276655
822 119.12017595617357 31.957244903177028
823 118.67567879907739 31.939662554259577
824 118.96885680301978 31.615762028499223
825 118.76260823782637 32.17281134600652
826 119.19138037914884 32.12192138268525
827 118.49454090316648 32.04038822415511
828 118.70413268002305 32.23948525402383
829 119.04155825114414 32.26159610074724
830 118.52675565093594 31.76693777040757
831 118.77065024048844 31.670032112354853
832 119.17386383172901 31.89905534141786
833 118.97238000558914 32.290964472320006
834 118.5849676858816 32.21489946705595
835 118.56443961107674 31.795467156812737
836 119.16547370225743 32.212738156054606
837 119.13947793426024 32.058105824075696
838 118.63441919749896 31.82063838956801
839 119.11751712856662 32.167589471979895
840 119.01995586555472 31.84397552745856
841 118.78117496709694 31.864347303583262
842 118.66533505792474 31.771407238146917
843 118.59815279084002 32.062122939987425
844 118.64421298486245 31.969070728396236
845 118.84985106603202 32.092293160127475
846 118.53136878864913 31.621646432237846
847 118.93392745485798 31.924925820697762
848 118.90986128330096 31.634162650606132
849 118.94650250614674 31.858163175367253
850 119.08088667249189 31.67318818859724
851 118.54911777506634 32.02903556007709
852 119.18336164249774 32.33330307413936
853 118.83061120062949 32.28387659954032
854 118.84326497799567 31.99976552276586
855 118.60910436022463 31.884316953760646
856 118.95926870557238 31.6172772296485
857 119.11551852617667 32.119900767309765
858 118.55701701779613 31.833695980244013
859 118.71554310535947 31.930572584250914
860 119.04614549542552 32.09702833097228
861 118.51986437366854 31.745822616941076
862 118.91267190104989 32.033288841516224
863 118.66304894699581 31.97754970980375
864 118.86141837239146 31.91284723883121
865 118.6094712629357 32.27384805658418
866 118.74563417562483 32.19231458734102
867 118.75593945560074 31.707494234483935
868 118.77836558694385 32.31364460521295
869 119.16883137643373 31.60454742920019
870 118.59079245757593 31.794072630259553
871 118.67399968044207 31.708086052897613
872 118.97407267681177 31.871332380421762
873 118.7499091956417 31.696003833158237
874 119.14145668206653 31.824907709923004
875 118.75072104266495 31.914640004125246
876 119.16179839851597 31.979389662709057
877 118.61498140493136 31.82025214463307
878 118.8153490354452 31.65818909626105
879 118.86917734530002 32.0068515475823
880 118.90734856355071 32.08263567296191
881 118.77500074348072 32.122298846444274
882 118.85906930640348 31.609756569368894
883 118.66788708681415 31.68983542383308
884 118.67057345080315 32.129993712697015
885 118.56195210717375 31.706394218194756
886 118.87164370056794 31.67585662582644
887 118.84438256787031 31.954852031429652
888 119.19979828724505 31.894078518585342
889 119.05487334817786 32.12789481642708
890 118.989622837386 31.61581364413182
891 118.70906675254787 31.7986587864753
892 118.68136771423563 31.825791360880217
893 118.97996907644725 31.86661822806759
894 118.64514934999085 31.598426068840528
895 118.54086494378282 32.041864332256445
896 118.71393942453717 31.604399231224072
897 118.8776001817269 31.849399020108727
898 118.62894736028606 32.330018927557134
899 118.58372003133017 31.733214327872776
900 119.12320005613007 32.12124957483605
901 118.84165503692229 31.98167338500461
902 118.50929756427526 32.335643869381094
903 118.6680178076727 31.955040989407216
904 118.5480082112973 31.751901788076747
905 118.67629251518716 32.395972975953974
906 118.79689177709388 32.17310436670785
907 118.59409874558915 31.701268444409838
908 119.13724161179653 32.019896158998435
909 118.84517663375397 31.8588596588666
910 119.0945931670499 32.297505378006974
911 119.08313829056455 31.736611046049198
912 118.5869076856806 32.1142992237579
913 118.54575530814117 32.35991014584062
914 118.89907323550983 32.34078055049154
915 118.50947434819123 32.32609496722673
916 119.05848578778125 32.13210681314468
917 118.71632328735045 31.846824711979437
918 119.00652390434561 31.662067023743102
919 118.63262007213109 31.735506485642887
920 118.72020965953178 32.31376001409495
921 118.94139796347964 32.16256695677505
922 118.64988994539274 31.67355261497349
923 118.65068264118261 32.38558026242534
924 118.74869692703497 32.00049251851731
925 118.50881885857939 31.741927050521618
926 118.98272454327501 31.983089667048997
927 118.58018250097498 31.923005105739264
928 118.66106724325059 31.779674401793493
929 118.55349746394046 32.09656794097217
930 118.81443234303576 32.02275287652084
931 118.68102715116541 31.812368258794425
932 118.86153381280775 32.22311354992662
933 118.95944859049943 32.026687992409265
934 118.65052549228152 31.87151459468
935 118.7327561143179 31.7277561499652
936 118.89101936446225 32.00835416831107
937 118.67260713507102 31.716985748604156
938 119.13091750179504 32.31631215618587
939 118.53178682884254 32.010235025950095
940 118.59805846957896 32.34339419962804
941 118.71601269980368 31.857916699381523
942 118.95259017866363 31.949602330200445
943 118.55767434235574 32.02432368391949
944 119.12908408114217 32.31504478972439
945 119.13287546703458 31.695563608067697
946 118.95923570605244 31.913342780279304
947 118.76447840282883 31.667586778278903
948 118.69460472145448 32.34556581110355
949 118.72903674993714 32.25913905955569
950 119.1228671442251 31.913065301778
951 118.86643458705444 32.12902086555341
952 119.14700037898533 32.04785605381455
953 118.82875519601873 32.07920882860261
954 118.64480727099378 32.256125503907874
955 118.56998861703732 32.369537772228966
956 118.97607499553278 31.660463665766343
957 118.70558032149182 32.05819357861713
958 118.94961886006509 32.33084042405822
959 119.1547039729734 31.922619853799095
960 118.51593128489148 31.795893240547482
961 118.56343199521288 31.69581990270086
962 118.72739985129988 32.10044323260684
963 118.7172211791818 31.770684218359307
964 118.77272951209234 31.898718157784135
965 118.81322021139638 31.905444191926357
966 118.79292386239466 32.09010501729927
967 118.56804706231341 32.35680433830473
968 118.7249047351394 32.40099651571183
969 118.58972789310037 31.837655347134447
970 118.62844820679294 31.815487476045018
971 118.90918991148607 32.19316532003807
972 118.52950819560779 32.16466059401382
973 118.69646087471955 31.82828046403431
974 118.91452888852696 32.35766207784916
975 118.69346296086029 32.23892530090889
976 118.8561108411738 31.76729755235666
977 118.80734151109267 32.000516459238916
978 118.93038853761811 31.663158735274212
979 119.09099017878296 32.030342679905935
980 118.69699710784208 32.04521692478815
981 119.13803018836137 31.758527815763514
982 118.96007609027559 31.674034568297255
983 118.78261356735078 31.738529511050963
984 119.06698879194529 32.00962577165182
985 118.79126539815252 31.648613991021175
986 118.96977724530107 31.75295123856861
987 119.11836455009053 31.735631552795816
988 118.70268360715477 31.932248104076553
989 118.83373065830166 32.01902680953542
990 118.7679479394464 31.879396896713075
991 118.58006411486588 32.111400835362566
992 118.5707302909635 32.33447520408636
993 118.56819935665321 31.78831377419121
994 119.10674911624504 32.39197183823552
995 119.12919010245749 31.86178565598468
996 118.7362396036797 32.09073387700973
997 119.13236008208133 31.89318043213411
998 119.16682302535675 32.14998157173192
999 119.04181427447917 32.292272842969496
1000 118.65294880821692 32.24210893322409
