1 118.94921465085855 31.956324158672352
2 118.90673603887149 31.624082908283594
3 118.61198917342924 32.06290960345522
4 119.066895053253 31.96864735245508
5 119.15954508750099 31.955012249603044
6 118.94598696802383 31.863438035772436
7 118.9075354704826 31.747661172407852
8 118.62585198205568 32.0689796071994
9 118.69353128753067 31.834974612111424
10 118.75359361919286 31.82153126635839
11 118.6266746263982 32.096709259793315
12 119.1979517560223 32.02919536664103
13 119.15008578367745 31.71373412431792
14 118.76429207605435 31.983989989310054
15 118.6134349520717 31.74259240308624
16 118.7642412980058 32.23876842432086
17 118.62920898369536 32.30311141301323
18 118.87022007619758 31.99931722965405
19 118.6454119938845 32.288982492425625
20 118.5353487498101 31.68170961122329
21 118.93491463467304 32.00904998383454
22 118.74267580875787 31.63926548183891
23 119.00417562523876 31.932120139951596
24 118.8505841837277 31.681551873122967
25 118.97790194018452 31.688363984912044
26 118.74176914793176 32.094973485860585
27 118.89736294457505 31.791424642178683
28 118.84307590806323 31.667694853477553
29 118.92452025616195 31.786709850909215
30 118.54042416265473 31.865689267586557
31 119.19563257687344 31.981753026810164
32 118.66562275441815 31.756836211283574
33 118.55603504304288 32.11723371159524
34 118.69815676033471 32.00577959794092
35 119.00188942841692 32.03592945224356
36 119.16604040479974 31.92241662069483
37 119.09849183820178 32.212460594440294
38 118.69961534680692 32.064600730248635
39 119.10354677359558 31.708679306759176
40 118.55594953460161 32.15541403380826
41 118.5676916166683 32.37232677357859
42 118.63915020937449 32.020722989448565
43 119.04461920568694 32.30636987210517
44 118.97691713033316 31.870053913505302
45 118.58965640507817 32.0702555333239
46 119.01989734417054 31.929587598186444
47 119.02692967129742 31.91573669418829
48 118.60748041344739 32.229721205714
49 118.96087721813271 32.02985306174666
50 118.78781472776639 32.35199813877969
51 118.54537647727199 32.03741360411327
52 118.86312815972386 31.67863116148914
53 118.83568494972417 31.89466032116689
54 119.11644945469087 32.28344496919439
55 118.9484935480258 31.960789302624214
56 119.10227463081608 31.604450954070202
57 118.85306042734118 31.815356390077298
58 118.98694514643319 31.653425018139487
59 119.16130671687374 32.38143465053436
60 118.51935945521024 32.37740346024945
61 118.79302169307144 32.24867002165499
62 118.810470147447 32.073779763884914
63 119.04335695054385 32.22317763694661
64 118.52318841794093 31.746660348173936
65 118.89674233551071 31.839836604467887
66 118.6943704730889 32.01462191765846
67 118.79202479391759 31.8800402094957
68 118.96513367300614 31.658451382453794
69 118.92395737367049 32.34887326761818
70 118.66099791236546 31.97121372836874
71 118.62274536805148 32.004053636115465
72 119.07584237428334 31.880036393594278
73 118.85603699899548 31.82373713948538
74 119.17056297819906 31.88672773933607
75 118.9672398140978 32.27383783821495
76 118.63595944263464 32.21678322356084
77 118.62529999600714 31.874942152925005
78 118.72776195364101 31.63081391383118
79 119.03576931247237 32.232053408139116
80 118.83152211177655 31.81366115288142
81 118.89841279712758 32.07408928061804
82 118.90845239009235 31.60304710818318
83 118.65073861619166 32.11738213660532
84 118.73028414274955 31.925906504337753
85 118.69241949859305 31.976788580500173
86 119.14186654103167 31.946425494337067
87 118.50603713796376 31.889564740836402
88 119.18858095862953 32.00997522513051
89 118.62087087686184 32.38716315229526
90 118.8367072499692 31.713057472691347
91 118.68250826419818 31.868857243491707
92 118.69337533016763 31.61515541294248
93 119.03166839187249 32.20580426268948
94 118.9937921002009 32.135243929347205
95 119.0304951963733 31.762672562140686
96 118.61052724305286 31.909422467144555
97 118.65457827017843 32.122114704428355
98 119.03230698456676 32.14272597096934
99 118.56721650630973 31.720888965706695
100 119.09421956527972 32.331797425211676
101 119.12052127568556 32.24769642465355
102 118.85102160364316 31.681612593029282
103 118.98049971267677 32.29061287649526
104 118.72833766946322 32.21128310116749
105 118.94332517259065 32.26235738991086
106 118.52738837393439 32.00781910947679
107 118.68034012108092 31.79579950041177
108 118.79465513756183 32.36447729727906
109 118.86929980104553 32.08702324618647
110 119.1972564194521 31.880711253989936
111 119.19880169594586 31.836973955830477
112 118.58832000904317 32.3245554717909
113 118.71592028917394 31.95209161016211
114 118.55650930156865 32.048581286979505
115 118.72390835946246 32.121616317295484
116 119.15567566887921 32.27645444427103
117 118.91553276918327 32.08886649306997
118 118.52548127990413 31.754366966862698
119 118.89542966718777 32.059956787814045
120 119.17429951239774 32.006886058363825
121 119.19378977355986 32.027847065187395
122 119.12923243269097 32.147704770760605
123 119.03185583515958 31.78343123218458
124 118.66027464854976 31.74569622452555
125 119.12084670412497 31.677562173507134
126 118.72548629719061 31.83660735406331
127 119.1159257884991 31.60912025852489
128 118.5150583339081 32.082994674267624
129 118.55781049656466 31.83256518660588
130 119.0690419755769 31.75531875922416
131 118.5525066467199 31.682204400247596
132 118.79842323217409 31.80790657643839
133 118.75724683821534 31.779992391976606
134 118.6438511500845 31.814987321037837
135 118.76745351968269 31.96577159614655
136 118.83668421758216 32.0472750152532
137 119.10705398263099 32.2418139552166
138 118.93330833813867 32.37615069736135
139 119.13509010482451 31.64739208462841
140 119.10760001092824 31.79461240124643
141 118.61620897796696 32.09866081977691
142 118.77277839017574 31.765031227489857
143 118.8487632992682 32.29267977653267
144 118.6845198167025 31.74450965687653
145 118.88735964313928 32.189006776166444
146 119.19795665093217 32.085763340733656
147 118.65711904097287 32.217468132414396
148 119.06840960016777 31.62696739455033
149 119.21111078033113 31.799990536520397
150 118.65171968753958 32.17484522100752
151 119.11204459172602 31.695099022547847
152 118.61107661011879 31.633650132363154
153 119.15492591428409 31.894201188793986
154 118.69802407912016 32.0967173422398
155 118.6678381895137 31.606635438228807
156 119.13191913488835 31.68472259086376
157 118.69491979512387 31.611265829235993
158 118.65094524086588 31.91735637455613
159 118.7170369089831 32.14677044247166
160 118.99556158536178 31.766817380551245
161 118.51182810051213 32.272219351378034
162 118.62423488192539 31.945511703148963
163 118.58143269531861 32.09181100175859
164 118.84757253142271 31.840376332237458
165 118.52545766530756 32.118887757912304
166 119.15708812081459 32.39589440478866
167 118.8324472600392 31.965882022759637
168 118.92489545302416 31.763238880471295
169 118.65374313228313 31.962237945886997
170 119.00448756634931 31.941670748117264
171 118.51620626948925 32.00318477489186
172 118.55322059691177 32.01847329662672
173 119.15176797947342 31.64141894478681
174 118.61862576332396 31.709449584255417
175 118.84042727803339 31.981192403576294
176 118.89346533325843 32.165183283831226
177 118.61187313948952 32.24186395002922
178 118.9280317867041 32.18759855332144
179 118.70064417681027 32.01406649153843
180 118.97507060097436 32.36758999686506
181 118.70243409592037 31.860607600315337
182 118.77976018359797 31.980975955117653
183 118.84550150011732 32.23295661411835
184 118.4970176681715 32.25586646574846
185 118.5901422828476 31.9160720660016
186 118.55495864813375 32.28087230189652
187 118.79486189278003 31.958396324626225
188 118.87991063208393 32.18825132350879
189 119.18312632280157 31.5809159942958
190 118.71775600357202 31.611517790238615
191 118.61674001539586 32.34529146280906
192 119.15961825033072 31.688695812058707
193 118.87707192200325 32.16756484248381
194 119.164185166249 31.84246330535601
195 118.72462165388896 31.747326261323305
196 118.54679036076818 31.89219722210176
197 118.85025689054577 32.348903267908646
198 119.22719852418194 32.07770464420828
199 118.54737565953624 32.3289137976822
200 118.86492742966271 32.166953455755625
201 119.08065673689394 31.976170902052413
202 118.67081478359849 31.992506140496445
203 119.06151258988862 31.77738526036622
204 118.54043814854028 31.629982042083768
205 118.70901492832643 31.902663569943478
206 118.62348315117181 32.05011690630053
207 119.16476163197154 32.322843094482124
208 118.94758540770177 32.13177797182709
209 118.7172197731024 32.263294530557665
210 119.14980554436309 32.30854993830357
211 118.88835932670723 32.31560819442903
212 118.74002484311019 32.24643858507584
213 118.99059901528722 31.70465144670603
214 118.94321227055536 31.863387099489728
215 119.18727929166175 31.744343394171203
216 118.52345991308862 32.30575629500455
217 119.08784026992039 32.21368222872453
218 118.97941381973682 31.897426961491643
219 118.59771951265665 32.050547438362244
220 118.7461783939339 32.27395912595679
221 118.51369888159381 32.28497695717446
222 119.0787879688082 31.749464971394417
223 118.56981113590453 32.20078577515615
224 118.64459976901986 32.26318445158143
225 118.9688991456495 31.677307208934906
226 119.04112140851878 31.676134271291915
227 118.69038062729487 31.949196522030718
228 118.6347737986782 31.780148914872623
229 118.52375616215429 32.29167266376257
230 118.55368606157657 32.1908849095694
231 119.12266532240656 32.17755745322228
232 118.6765715406964 32.19793391462957
233 118.76243470128142 31.82920293881423
234 119.0412900228559 31.776423319334484
235 119.16422980851246 32.091588987154445
236 119.12583144939896 31.912787458685475
237 119.09365614851204 32.346839094692484
238 119.07838410029188 32.1398950303407
239 118.75676731381641 31.894671217864623
240 118.95802483637883 32.26054957632596
241 118.99613195244726 31.935800543009094
242 118.80478994654423 31.725392594653957
243 118.95047497050402 32.21340067913983
244 119.18005031011619 31.992805738647753
245 118.71297184820959 31.797299218772768
246 119.15978535033992 32.13888742856836
247 119.1768298780496 32.37631975188274
248 118.91347033702036 31.791484680354362
249 119.16834162444304 32.23447877957368
250 119.01300448666831 32.19393853293512
251 118.9813971966219 31.695513763273
252 118.578139805906 32.29265470418802
253 119.03797491781033 31.967668968184686
254 118.60922735862576 31.67218977161429
255 119.04761746355021 32.02865453266758
256 118.53075191221576 31.872801342252824
257 119.13739986618428 31.718464377578233
258 118.62640306546741 31.65895944139589
259 119.08199421653144 31.7672912475921
260 119.12626452671986 31.95570003024686
261 118.53560621244694 32.11080719074704
262 118.57712901359822 31.66520568715076
263 119.16238187817812 32.15292019397995
264 119.17501986259987 31.691131517663795
265 118.53937843829527 31.72962159875117
266 118.94092425446847 32.19799329845612
267 118.76922040551196 32.28738824561978
268 118.53071597482217 32.34985478339574
269 119.1014013733152 32.119228885118055
270 118.9582644324883 31.97080334334882
271 118.5789284847885 31.683886839883584
272 118.8075126689511 32.07027633741131
273 118.78390869952656 31.717131326028618
274 119.18292386375485 32.006385035165934
275 119.19296792768023 32.08071553686632
276 118.65853812079088 32.266880328981536
277 119.01952863514492 31.855512223903816
278 118.94835069410396 32.397227545773596
279 118.83094637568269 32.36798671328825
280 118.89144683813667 32.294883733614746
281 118.7989375087475 32.17906956651183
282 118.51721057963805 32.152142282807006
283 119.0347588547511 32.32176680930503
284 119.0397956783773 32.36211372390545
285 119.12611030626577 32.252069843650226
286 118.84292774377298 32.13328636421851
287 118.54677720506406 31.701553368505518
288 119.16209916361524 32.09933687319641
289 118.69558510682528 31.863956346863414
290 118.57567917578864 31.7170701016725
291 118.60361346152996 32.306569470422104
292 118.93158827120776 32.24749033857252
293 118.76474379624418 32.015740096455765
294 118.97845382460673 31.973028346615717
295 118.52523586484288 32.00702815048341
296 118.51387573284802 31.828391190985144
297 119.18501867758837 31.910477736153542
298 118.53761163201327 31.94977754179494
299 118.76568113033669 31.62753016025588
300 118.53214087275806 32.302194883754375
301 119.138846758956 31.64911693846729
302 119.10192106283323 31.924278083749023
303 118.89899391794702 31.703264197521367
304 118.5800997163945 31.783713658153406
305 119.08812163517905 32.34968142540459
306 118.56404044753073 31.893001413914956
307 118.79309708345237 32.17480802891412
308 118.73080758619837 31.69879465561441
309 119.22170352256268 31.783114285588546
310 119.18361898721969 32.301315863829444
311 119.08094266366953 32.31996493503503
312 118.8091348085716 31.80145959648573
313 118.85008686281421 32.37783931975642
314 118.89171844692353 32.147286478273166
315 118.88485338025806 32.015924888170844
316 118.63806621016899 31.878969489219543
317 118.66977375214964 31.86139199472848
318 118.9975007466223 32.38820459934986
319 119.09596874734751 32.1648657227225
320 119.15907234988863 32.00787264931281
321 119.03417629375795 31.62641607547493
322 118.9174137719348 31.79395688088168
323 118.54261395435879 32.3501376105083
324 118.55957336308828 32.04083881739911
325 118.63430593971223 31.87103361134839
326 118.97326647316316 31.63363484434159
327 118.69603300041426 31.82259463465766
328 118.79606733107819 31.790720749814334
329 118.59942268586656 31.72813827331679
330 118.6560811968983 31.881803107984155
331 118.75050051071791 31.73794376803276
332 118.94057326038119 31.660767627986797
333 119.19576543165728 31.708170999684324
334 118.60070403733609 31.96947682165433
335 118.71438481665261 31.64677587017148
336 119.1975060879998 32.36219617736608
337 119.10509586823814 31.768745776737177
338 119.18650639029558 31.991532915809234
339 118.86907736871638 31.9185562222987
340 118.65717482412052 31.850759925297442
341 118.6415551995376 31.865336181166466
342 119.06484832651782 31.80377566587138
343 119.16712365000897 31.834340911569388
344 118.92396000305075 31.70099368463617
345 118.95348313220771 32.14228692431023
346 119.1523644276876 32.08983156009672
347 118.66658715462887 31.84986531040923
348 118.88809936962274 32.31921160303052
349 118.89306532583518 31.91990730945886
350 119.1272102506786 32.112300421987214
351 118.72313086662594 32.00310349535729
352 118.60064873588581 31.857675918030626
353 118.60040231079911 32.3125887069025
354 118.68223121280793 32.282994613628986
355 118.54905331517584 32.26997083260224
356 118.70287288251292 32.376140954003475
357 118.87551208663024 31.629166186104918
358 118.8112314519854 31.980309858554445
359 118.9413592544518 32.3586537209478
360 118.86890110838134 31.702138623616268
361 119.01943405394265 31.79068523634345
362 118.81403781704711 32.01077796704986
363 119.054205383138 32.10632237318435
364 118.81406209131586 31.872123577783064
365 119.03373705775233 31.840993334162512
366 119.00233253946166 32.23400728248256
367 119.10329949271909 31.614222622988155
368 118.60971253825083 32.24276841790357
369 119.00028743344043 31.953448246038764
370 118.49111250772694 32.1230797175431
371 118.77340732513552 32.16642000314121
372 118.92915767092204 31.675659959977676
373 118.48801089053994 32.33804502884434
374 118.53308681223446 32.25598074358307
375 118.64973141652577 31.875123665493852
376 118.78286544482637 31.765046967985356
377 118.97345134356166 31.665373454583467
378 118.65361170042777 31.849819886953817
379 118.7798027700638 32.17056537589183
380 119.15884531355793 32.28863666278266
381 118.72268600113458 31.852020171879204
382 119.0287354756888 31.78481457165023
383 118.92653509958242 31.860750079712695
384 118.54862829724797 32.383271382064784
385 119.18160746470232 31.656904155020367
386 118.59603253314137 31.73305990014495
387 118.7596134203486 32.16171752338031
388 119.18289562898936 31.69167480349983
389 118.67273925379997 31.78183302445654
390 119.1499822001271 32.273543623079405
391 118.96030928120759 31.857167045493256
392 118.6072247681435 32.09143311518885
393 118.60070553040599 32.04083957989488
394 119.1776081722898 31.831631589161944
395 118.81366886285029 31.789752937382477
396 119.05435619398885 31.796938560029393
397 118.59268266158264 32.30682733668945
398 118.868121451714 31.618790154338853
399 118.57106965655572 31.69746105814181
400 118.83966991500614 31.881317297313718
401 118.51088583175981 31.761760646400273
402 118.50012709620525 32.029479123410745
403 119.13309414160042 32.0270445192359
404 119.12787143764741 32.01366018538667
405 119.01489279317161 31.84541659612463
406 118.84088353494755 32.020757609219345
407 118.63692313316356 32.22211095072497
408 118.99268367152031 32.24347525298526
409 118.64208011085037 32.03803159000284
410 118.53496535233803 32.25187601446955
411 118.71314453396181 31.679520421450444
412 118.90434685840462 31.721424680817275
413 118.90464786000648 32.20259622413563
414 119.07091834677821 31.90902961451277
415 118.76300887740928 31.88153068175317
416 118.58746075367192 32.05867630508884
417 118.54045259448344 31.92209749038804
418 118.64899354260272 32.33609850368884
419 119.17354646409444 31.89872318642384
420 118.49711132287021 32.25360681156794
421 118.93932016715961 32.11161891417009
422 118.81775809302913 32.34705046461598
423 118.64657987049436 31.98647256801524
424 119.00340189793125 32.361284786567914
425 118.89644428333013 32.03881836387908
426 118.56092183517134 31.620839315749183
427 118.9741498673414 32.193486144464885
428 118.52676197051501 32.28558480346101
429 118.67128983191917 31.662699847426126
430 118.88766050856314 32.36588957520243
431 119.01067781124509 32.04578144847048
432 118.87569951935461 32.18872447563399
433 119.10009946973028 31.783293590836493
434 118.98003195020523 32.351557407461044
435 119.17344326872502 32.11935413730893
436 118.69614047088548 32.05976808723736
437 119.18522654324238 32.35765257642914
438 118.64958223642796 32.041476948001694
439 118.63415693331743 32.023681577009896
440 118.61262852095189 31.60969163441741
441 118.59407675395265 32.03457865061294
442 118.93869623815847 32.185288668473135
443 118.50266241596688 31.89928474694855
444 119.07328967503328 32.1578165578924
445 118.95638834979647 32.04313929611403
446 118.73797362293462 31.77762082581657
447 119.13038906084341 32.03504547392701
448 119.09776250859426 32.002459085904846
449 118.93782573693437 31.866471087584827
450 118.52005404049224 32.13785122187292
451 119.18647577170347 31.657947040672454
452 118.91462009002524 31.89236730928422
453 119.14332964722949 31.953143121977924
454 118.60385718980392 32.39193088350897
455 118.51528768923 32.164804106705176
456 118.71496487217019 32.114965649392886
457 119.0289516083096 31.736544658676895
458 119.06462214874007 31.961577470220977
459 119.0963762229781 31.911879204604464
460 118.7259488956364 32.34961330171699
461 119.04160029770743 31.965376471531478
462 118.5942835987941 32.28262403480741
463 118.89494200506115 32.14697895837164
464 118.52420032933192 32.279388243089606
465 119.00429226727977 31.57591092557178
466 118.75728205352192 32.32970451110718
467 118.56298286168803 32.3611038449336
468 118.98406163443809 31.721406045721015
469 118.79376065507415 31.64332312193958
470 118.70931435469913 31.862093689609402
471 118.73369836714062 32.03008525766198
472 119.04657569757138 32.034328202383634
473 118.79580747383969 31.972626537496467
474 119.11561555876041 32.31922107212532
475 118.60445237156671 32.024891510370715
476 118.7918343643271 32.34066050594965
477 119.13924463692788 32.06646862350308
478 118.91261933188197 31.755448927877044
479 118.99075343829216 32.38871351248881
480 119.09820114018392 32.388776083822535
481 118.87104065365706 31.951653932095752
482 118.60243036272156 32.215581606231574
483 118.72654842953436 32.12185695450307
484 118.67303549591432 31.756033518966348
485 118.63128267718837 32.07686780862791
486 118.90017682216349 32.11982726905922
487 118.64379735508747 32.082528867965564
488 119.07736615315103 32.041044101716004
489 118.82909313969776 32.07420106968161
490 119.08285643833912 32.16561946495169
491 119.08905343329785 32.20168762810817
492 118.96645293659921 31.671949689599575
493 119.05095742365776 32.34275991684149
494 119.07076095863226 31.99092231242341
495 118.92717560884188 32.16634758368484
496 118.70211232967607 31.906366839743377
497 118.79445084496801 31.671403631364523
498 118.7190447568212 32.12764231196612
499 118.82984054001943 31.90894524915656
500 118.749726716572 32.01436913368528
501 118.76310540552544 31.79837585709773
502 118.56639298048087 31.776491482670078
503 118.78116856937196 31.830202396453018
504 118.59792863800408 32.31271257872512
505 118.76457802156145 32.34965307140662
506 118.5713404611005 32.34872296433761
507 118.76785614217822 31.94817874343145
508 118.88526806710905 32.22672558109804
509 118.53225023853652 31.74884758231105
510 118.66868999275844 32.1838675058177
511 118.77493163269904 31.935625375521585
512 118.71206020610937 32.252833505620714
513 118.89016487923789 31.768699615480585
514 119.06994923322041 32.25018122751657
515 119.03809226104748 31.685614835631515
516 118.67976002052332 32.29951628018098
517 118.62582649785168 31.94722505620493
518 118.9248685827359 31.749956759097703
519 118.7843548491513 31.844890144618322
520 118.55968357536939 32.17844824639113
521 118.64904526685744 31.96639402576584
522 119.17216537282292 31.790806671577695
523 119.13323078828383 31.806380914253744
524 118.7379087419348 32.15206878781427
525 118.5213666450655 32.10715635570453
526 119.03109397918944 31.657731725863282
527 118.67786941021198 32.26965771195885
528 118.5207425160692 31.696429487792276
529 118.67588373278576 31.777624374317405
530 118.57341503467246 31.621733870660005
531 119.12709665518257 32.03170244998298
532 118.63431724787571 32.31122470051669
533 119.01812514386589 32.33103633713869
534 118.60774099737914 31.97499542858806
535 118.56576803284645 31.682618361869086
536 118.7825986247161 31.99985524856447
537 118.93815093044715 31.829099403281347
538 118.89229993138348 31.838930554355052
539 119.04008883945333 31.761388905401777
540 118.77230326474053 32.352743174622894
541 118.95332035428146 31.912914746825226
542 118.54055124443586 31.596527196908053
543 119.02602093932157 31.98373124747655
544 118.97078347520775 32.11889496117555
545 119.07278958560623 32.23953624733618
546 118.55193818068989 32.18528712892077
547 118.82895086435126 32.13854997135853
548 118.96549225437023 31.80291231866534
549 118.47447176795077 31.867618547618722
550 119.12413124201032 31.932778180014804
551 119.06932147219506 31.73335927170236
552 118.86093636233828 31.97097423473624
553 118.74538438573806 31.685290020926963
554 119.0116447567128 31.678699200978077
555 119.12277540319243 32.25345514721055
556 118.8704564748154 31.722672589544093
557 119.13786386646085 31.955968824785305
558 118.56836811127495 32.078075487137546
559 118.72241671709345 32.35523144654512
560 118.98837438947305 31.85839910072838
561 118.76461498771857 31.717561888290888
562 118.85905004056622 32.298611801559865
563 118.95071427507185 31.844095412122456
564 118.90673951507036 31.81614872905819
565 118.81773781911922 31.72472561531937
566 118.62393701699075 31.943032815071245
567 118.78011000949161 31.770836014714394
568 118.63349642035982 31.90751262512457
569 119.03050724562394 31.859295826402487
570 119.06596170137932 32.11864011393237
571 118.64221613848709 31.9459991848598
572 118.92490844611989 32.10731918162941
573 118.98934527064289 31.838128206890396
574 118.8005104267683 31.89109463529462
575 118.54809123839553 32.38842235380036
576 118.95924273683558 31.801545420483855
577 118.5672109310531 32.19491841197952
578 118.9696878716534 32.15539506408862
579 118.57443053857703 32.09574347226606
580 118.95743074107683 31.685532204257363
581 118.68113925288415 31.60080831330694
582 118.75769754975643 32.20877225377111
583 119.17172534495208 31.647818849056204
584 119.18043818322637 31.797382076664547
585 118.87221404717602 32.36834328660768
586 118.95807087786828 32.38773396346664
587 119.06875759578068 32.35041402889287
588 119.01149590098102 32.045655670745674
589 118.58342504528916 31.975565247741606
590 118.79321008792793 31.97007870786779
591 119.09101159069596 31.890170125573906
592 119.03279256915945 32.38907433760927
593 118.62450875229233 32.24615125652791
594 119.08724614529424 32.4222056231954
595 118.93720388811984 31.83694274288145
596 118.70132812685574 32.07767560700948
597 118.53344787251812 32.123161737288385
598 119.01047884953353 31.914954962735834
599 118.8256689987215 32.06132620224292
600 119.17723841774257 31.73337130236107
601 118.66595426477518 31.84097548863265
602 118.56323476609093 31.723140608547002
603 118.66253623856166 32.076408208725816
604 118.80343477339024 31.877682663095374
605 118.53124041367208 31.941274944980275
606 118.73811603792733 31.899008076314747
607 118.65414132516547 31.628412929940477
608 119.16203076836644 32.32475394377083
609 118.63524659222917 32.1602918169551
610 119.10844770822173 31.85538163474579
611 118.5571843260935 32.337447844440945
612 118.88653792119207 32.143995645386106
613 118.92886535705654 32.40358673033479
614 118.8930116000379 31.986173345871563
615 119.15858069730065 31.68405810833787
616 118.80353687532214 31.687190839547895
617 118.93824052678946 32.17078436838823
618 119.11667276000142 32.060652460734545
619 118.66145593600721 31.77271544538106
620 118.86358066565712 32.006944594237275
621 119.19234987556179 32.030775017812125
622 119.0334759998043 32.2939425465534
623 119.0059087429099 31.619165179269626
624 118.80126628081383 31.700875420112503
625 119.10827268327756 31.913265974430743
626 119.07211362107638 31.688760108239734
627 118.79758698166832 32.38358109896284
628 118.88770440650782 31.767975204504626
629 118.9764207615181 32.08799856624856
630 119.03007367838028 31.952816620606313
631 118.83298599534346 32.23442042644325
632 118.75197882371936 31.636561097491057
633 118.61735811912571 31.870733948054436
634 119.03418395933033 31.973655478683032
635 119.02954109439173 31.684054922932773
636 118.62708103822193 32.077232036352015
637 119.11060879644472 32.01439303517966
638 118.61153379458894 32.273100822870425
639 119.07496309508257 31.962642763660828
640 118.61133925111059 31.865751266746546
641 118.94326426720065 31.858818000995118
642 118.8627681132939 31.819542417513137
643 118.6073739888953 32.338750486103194
644 119.0318429716633 32.23311371857015
645 118.99872931719845 31.86597455798687
646 119.10772883880455 31.946586247068247
647 118.82234287239137 31.680052391817338
648 118.87701840857088 32.06496823971441
649 118.97344478069209 32.18494782085115
650 119.10311249049458 31.802513174658863
651 118.76279676905321 31.964285180247103
652 118.98869656908842 32.13855014736547
653 118.92339206626976 31.986351522881655
654 118.64105148942572 32.029366673726734
655 118.98105083954316 31.762273779118722
656 119.07890849382399 32.22168312872946
657 118.8301101582559 31.688646775392648
658 119.17611189218142 31.966801809107317
659 118.86961443413318 31.832600989109405
660 119.12900340874901 31.695183018652486
661 119.01206511981943 32.29928077984457
662 118.78181981340613 31.757492355992525
663 118.71944665229722 31.99440847477107
664 118.7845259024937 32.09740597893834
665 118.745593673215 31.83260543629657
666 118.51453964546853 31.996317334031637
667 118.53315256776483 32.00835136064898
668 118.7820214996705 31.935031859984075
669 118.61553731023608 31.874719154901005
670 119.08012939504704 31.79882683158391
671 119.16324764341437 32.32267411371636
672 118.71082489528433 31.980157420026433
673 119.02165562455909 32.14856453375901
674 118.74688907537174 32.0146728043295
675 119.1039393435879 31.859598335189688
676 118.82099392795341 32.00755006278008
677 119.1363802258918 32.24300904667014
678 118.99309750153343 32.28367049813428
679 118.58591100651198 32.36290014974493
680 118.60993843526687 31.799682297363184
681 118.82748895763147 31.877127902288148
682 118.90642602394422 31.684579753195532
683 118.85261731704848 32.41065596105908
684 119.13858632287462 32.11029398344604
685 118.5060999472277 32.153576567572166
686 118.57929339819852 31.95804153173566
687 118.69554779943856 31.81441688841689
688 119.144487587532 31.92076854837053
689 118.49515243351901 31.837671671794077
690 118.87545362519158 32.022853289654726
691 118.49298799179145 32.25885971121134
692 118.88950586152349 32.27028003958599
693 118.82557236000582 31.852329977166935
694 118.58558836219999 31.73735703903171
695 118.93105361820251 32.19285806124941
696 118.9301173975588 31.935629059341093
697 118.82099447602401 31.735657491174464
698 119.05030560908305 32.098307466027606
699 118.54681145569856 31.6816010529736
700 118.71778134842847 31.677312095255544
701 118.84061098513673 31.574467201747034
702 118.71408892088118 31.751352845433818
703 118.58377425577751 31.977866063766754
704 118.57960594984742 31.752277456619186
705 119.03748557670008 31.63218386465499
706 118.697749434977 31.99214553267183
707 118.96492378871194 32.31960501030408
708 119.09520829259989 31.62435327657043
709 118.71870665936365 31.796473154129664
710 118.6262333259291 32.34803905942783
711 118.90009905472527 32.10881223651756
712 119.0894470511687 32.24299135608328
713 118.77435210135876 32.31081870811083
714 119.08263608364649 31.767803494490074
715 119.1962832804646 32.2131715933027
716 118.97030656633765 31.81570015274466
717 119.12828029705454 32.31895463746015
718 118.55415134947434 32.34226736012504
719 118.77960616757164 31.72150618512252
720 119.10077012413832 32.291962678064756
721 119.03735650538673 31.633938912789784
722 118.58604965581881 32.073582408392305
723 118.66981564179038 31.976710793517174
724 118.71512676163212 32.09408259971709
725 118.94369734803259 32.19536947082538
726 119.02409047051812 32.301841683044664
727 118.8493184384503 31.995549051249384
728 118.53031594797288 31.643058594449396
729 119.14231361277257 32.359668654432596
730 119.17836439867763 31.645586160061335
731 118.72487552999742 32.23930331384165
732 119.07679148221456 31.706935407087965
733 118.87367696962104 32.314022055269824
734 118.82498259246786 32.10360700704599
735 119.14136240885867 31.85326685822541
736 118.49154346857954 32.26604820651752
737 118.77683596909935 31.737102496886305
738 118.64220213249955 31.786562093270984
739 118.82108184884652 31.82930131194382
740 118.81442632093533 31.91663758824731
741 118.63600925373872 31.793043283623966
742 118.91040018036962 32.31831911812665
743 118.75168365740184 31.949890455159586
744 119.12371626141679 32.37310266817326
745 119.16348296266388 31.84045883576767
746 118.75255881819486 31.97360236554191
747 119.01614831366801 32.275875348492
748 118.94124183726576 32.39600116697265
749 118.76907124921796 31.966931116182277
750 118.72388648085399 31.982955630931553
751 119.15535716627103 32.3622044581318
752 118.65658211556531 31.928835794968993
753 119.06609567804969 31.951084874410668
754 119.0377919758275 32.39423376789012
755 118.63673547008365 32.00804464671427
756 118.76178149362671 31.68778039981944
757 118.81900534112629 32.37001088447772
758 118.84325074148991 31.94655952160739
759 118.93030750535102 31.89603646405085
760 118.7687110527637 32.30703453320014
761 118.9429566976613 31.601837389412356
762 118.80466492746098 32.36496620992596
763 119.17404341657588 31.661913061514436
764 118.96420289261411 31.640740763803265
765 118.82546283240727 32.32479553459836
766 118.89229774476863 31.96247685011507
767 118.58438935643747 31.72914741126405
768 118.67550390312343 32.38564804457297
769 118.99824315076958 31.83983060287768
770 119.22186782232963 32.349608398574006
771 118.75224822277647 31.99452626657956
772 119.21451593345046 31.913639362024746
773 118.75866333254798 32.05499570875763
774 118.80525478865212 32.32873395083353
775 119.17165413916545 32.39037622609624
776 119.06077597766289 32.13025410993356
777 118.88092296675926 31.905831796535296
778 119.18777094180919 32.26837752714248
779 119.20853291913859 32.33790088687166
780 118.6165974406953 32.005911542147764
781 119.07186050372958 32.18633765080681
782 118.68408845400958 32.33299506220905
783 118.71081847655024 32.16466852531678
784 118.79384196520967 32.10268232770208
785 118.84491524229021 31.87595790794826
786 118.59298056859667 32.095203826697066
787 119.02656483040344 31.768683438535575
788 118.49922140319022 31.711552703723285
789 119.1891371382412 31.798865328902377
790 118.69811177898133 31.933345273471993
791 118.99827817963063 31.87342723988363
792 118.84923392041985 32.15689132919724
793 119.08188013417377 31.9093995950966
794 118.60672394304723 31.966810479246927
795 118.51971335810865 31.817448883348654
796 118.61598285468476 31.7005101896474
797 118.9672427848347 32.17593014823903
798 119.08633959055754 31.782613157777856
799 118.6035906964197 31.97448621714136
800 118.91986811178506 32.089322247525295
801 118.52262761805208 32.13410051896338
802 119.06589879892339 31.95207424957323
803 118.57165302112773 31.80545284250163
804 118.63769931418368 32.314121534134564
805 118.95685069465216 32.14460358449356
806 118.81473263074268 31.78475164652491
807 118.6942805516552 32.237817334795785
808 119.17402690779844 32.03809607685007
809 118.88199945876184 31.960592503419157
810 118.60613794034741 31.703083456273074
811 118.80427600174698 31.780288982196318
812 119.00547887735573 31.69084408651558
813 118.8057502308363 32.13162061600326
814 118.58708993687145 32.18302257378155
815 118.61654285569753 31.971986206536513
816 118.663713610314 31.643858097787888
817 118.8871847899784 31.714352304941396
818 118.92943969034305 32.337332861512536
819 118.82810140656625 32.312263562573236
820 118.62355782892493 31.921203634199017
821 118.72892433685955 31.697468746388317
822 119.12855542040137 31.967798956249403
823 118.68339511553847 31.934721951222894
824 118.98524350935277 31.60643744721378
825 118.74174754120288 32.18913354210995
826 119.19696317622775 32.098557295725385
827 118.50556896757948 32.03389030783723
828 118.70591596758761 32.247342282587915
829 119.04203797791232 32.28636401409743
830 118.5332410313184 31.77119305843907
831 118.76357203273942 31.653918146894448
832 119.16007520217602 31.904426399639238
833 118.98597869552967 32.275213090901616
834 118.58773820444652 32.2093750823497
835 118.5477618671833 31.79529167963564
836 119.17274469956344 32.21377355555617
837 119.15415349352132 32.06745077401956
838 118.61172833391183 31.79676104291534
839 119.11269346051463 32.14551788120999
840 119.00106105973941 31.834590947342
841 118.79867638322177 31.87253631804898
842 118.65149818408715 31.761087356649675
843 118.60142983162154 32.05324707449353
844 118.64874134798751 31.986777900965254
845 118.81445552229968 32.104173159367214
846 118.5257881478413 31.596238989408395
847 118.94273265229829 31.926615661816204
848 118.93410966105104 31.648232961469073
849 118.90704166140723 31.847245079061192
850 119.08899463222946 31.67362880654998
851 118.56269650594965 32.07040500023157
852 119.18308989306236 32.34307311088514
853 118.82690347927456 32.27070864818583
854 118.83381611676404 32.00637207567497
855 118.61991049068136 31.873444753832995
856 118.96575483447872 31.608303977711596
857 119.1370641742 32.135087551888226
858 118.55378838723877 31.8328323330133
859 118.7132469755089 31.940202024535417
860 119.05532031950239 32.09220926402189
861 118.51697457441777 31.73746113606754
862 118.90553744804124 32.03584512764004
863 118.64709776103139 31.972395292958907
864 118.87513535112748 31.901728599533612
865 118.60993363783749 32.277000560054454
866 118.75056608676628 32.204733124714906
867 118.72839008742785 31.687500915633546
868 118.77469707350407 32.315967892851205
869 119.16883698000841 31.572404198055832
870 118.59165537249419 31.780506018088207
871 118.67374561933299 31.701956299945635
872 118.98219315440788 31.864483671186502
873 118.7609537581765 31.696787784441327
874 119.14091806725347 31.813284960120562
875 118.73142562564715 31.934884144893726
876 119.15912166814408 31.966665510394773
877 118.59444917597571 31.827707297104674
878 118.82342620545262 31.657181544142382
879 118.87010106021353 32.022201019089806
880 118.9388932616325 32.076490424489414
881 118.77989152207802 32.1125942459355
882 118.87662512196809 31.600708842609755
883 118.64219380580137 31.685218359516167
884 118.66074073839664 32.13057618029634
885 118.56946257834953 31.73562740533411
886 118.87424909427574 31.698801100847792
887 118.8287206135841 31.943771828056725
888 119.19665943462716 31.9005482796512
889 119.057395796392 32.12987595703713
890 119.00077294493721 31.634200074447136
891 118.71892809176201 31.792843132774852
892 118.67226464947717 31.792215248955426
893 118.97725625983504 31.848372489127083
894 118.66513707346729 31.589339394137927
895 118.5182918512859 32.03814316344615
896 118.71942911777303 31.593752548053246
897 118.87019439517631 31.82600365318182
898 118.6216171365619 32.31971477085204
899 118.58082601341069 31.70682719498364
900 119.13449503195943 32.14367353777297
901 118.827466613658 31.96651274386743
902 118.50699866067336 32.31625921780676
903 118.66541578730522 31.964174680853183
904 118.53670829517955 31.780720182051628
905 118.70358111352054 32.41191205248296
906 118.78518100662478 32.170498321604974
907 118.59154296079814 31.718954194078314
908 119.13872073993019 32.04355654633472
909 118.82988812866509 31.859737647452757
910 119.10239025261183 32.31555632225165
911 119.05928831889204 31.72665656545466
912 118.59413512454967 32.09960409016952
913 118.54058758849149 32.346265995985554
914 118.91079843079223 32.34161883767531
915 118.5333654473903 32.30351656885483
916 119.06824822042537 32.09827054423131
917 118.71704545393607 31.857840478486406
918 119.04079924005592 31.649114827299172
919 118.63127425789567 31.747727332313794
920 118.71238121762856 32.30628073378507
921 118.94140460215138 32.163274971620844
922 118.65147368873379 31.672191357677058
923 118.66780073170027 32.37761651377834
924 118.74781286028724 31.99589438621659
925 118.54577966005114 31.74425155357777
926 118.98436606090979 31.97256381620604
927 118.57468512874301 31.94356955683726
928 118.67561228628664 31.77602621207955
929 118.53123099420286 32.11555411890445
930 118.82042236877723 32.03833459964945
931 118.71236132552546 31.824391563017933
932 118.85999635261777 32.206237276983565
933 118.96284960643392 32.035084611215396
934 118.63848907123909 31.876148407755103
935 118.74511515408138 31.712413365683567
936 118.86217029059951 31.987351470500823
937 118.66788670894012 31.730614809883768
938 119.14714615661292 32.325453128692374
939 118.54273196550767 32.013942410636716
940 118.61209271303362 32.33234984124695
941 118.70183793142448 31.84930712104188
942 118.93822691241013 31.940829073715516
943 118.54059067687055 32.03349734178548
944 119.14313757208802 32.30729639194518
945 119.11988135827892 31.712538264270172
946 118.9612227498047 31.911083940485153
947 118.76026009954802 31.681018224030627
948 118.68645018106051 32.339773687905314
949 118.71450015454491 32.25295770582835
950 119.1149829745275 31.918544809204494
951 118.8794578721964 32.11273650840047
952 119.16122704612225 32.055627984358544
953 118.8583790408147 32.07819237781851
954 118.64291829508184 32.24722231643636
955 118.57646283381847 32.36839000829553
956 118.96631519576276 31.647445768935054
957 118.72188593360274 32.047047634259364
958 118.96172515958892 32.33087148383197
959 119.17149709168781 31.91453218235295
960 118.51834546338006 31.78119640131082
961 118.57757405690099 31.676352700711877
962 118.71195717699783 32.12398248391358
963 118.70871858788384 31.73738854440265
964 118.77327634353841 31.890277302555383
965 118.80086204651624 31.89955399155573
966 118.77534577162814 32.099105836712006
967 118.55635438832819 32.38291832114945
968 118.73246938058007 32.39267059180991
969 118.6080326622727 31.850256596047828
970 118.61784722092038 31.814173643124985
971 118.9163439947262 32.182837143814666
972 118.5293587872235 32.15248935571716
973 118.69146437612726 31.828268419748586
974 118.935249646521 32.361195711551815
975 118.7010666070068 32.2435943597736
976 118.85977549909025 31.750506763474057
977 118.82934166032547 31.98100460742065
978 118.92538409027661 31.653451645699228
979 119.07335505394536 32.03693962402071
980 118.68692336209611 32.0403926167035
981 119.1425772265898 31.776878045145118
982 118.97003291473109 31.667337431184563
983 118.7841232676277 31.710113989790703
984 119.08629241391277 32.03068707976115
985 118.78269235424696 31.64109874479161
986 118.99851070166947 31.750275594517102
987 119.11857249678269 31.730914316958092
988 118.69639383543715 31.9245764495981
989 118.83484241831822 32.017426394343104
990 118.7757818237513 31.87331723655297
991 118.5618265010029 32.10088280297744
992 118.57057321336715 32.33652935249695
993 118.56789506099526 31.799823980497262
994 119.12734614834369 32.39200653712761
995 119.11828889937438 31.879222149430937
996 118.74209386834177 32.0870216389044
997 119.08580467736736 31.88937716513784
998 119.16742812415781 32.1590959895236
999 119.02551980511203 32.288611392657145
1000 118.66927394314352 32.24230740876165
