1 118.93804841226928 31.944665112104225
2 118.8935923224286 31.614010102633596
3 118.6162305396496 32.049674310768765
4 119.05751054465975 31.971032060321736
5 119.17667123395059 31.939041249220683
6 118.96067101182189 31.871529759838666
7 118.89643154485796 31.75812701736515
8 118.60065412581031 32.07773849541658
9 118.70164185070439 31.833282957001668
10 118.74708019513811 31.811458487378548
11 118.61971800640428 32.09887733957879
12 119.19792503332268 32.02017419291765
13 119.1402941918437 31.71710620952439
14 118.7626358967117 31.987450650304595
15 118.6006193602164 31.730938484547774
16 118.78261643536645 32.227484032112216
17 118.63490325236727 32.305178351679885
18 118.87499538742142 31.99597319240218
19 118.65199489058578 32.28522042377706
20 118.53677724786162 31.671541743539017
21 118.93016411390552 31.99131462975719
22 118.75184061072035 31.647206846017934
23 118.97925433087163 31.939292859629433
24 118.8601128074729 31.679539119554587
25 118.96844056724828 31.69080073484521
26 118.72238127314381 32.08495225419633
27 118.90023122532055 31.77678375432403
28 118.83515718744555 31.669178636846414
29 118.92200234275349 31.776454642905403
30 118.51713877294993 31.873801493338338
31 119.18392940858311 31.97393805595456
32 118.67905878831397 31.765632877936188
33 118.55838327253464 32.10274544685779
34 118.7100610367207 32.01387059329619
35 118.98932646283136 32.023030810670726
36 119.13712565817947 31.916865196034372
37 119.09385676256805 32.21654065179558
38 118.70468914889557 32.05461661667608
39 119.09793307916507 31.71413819231917
40 118.55643123686647 32.14728912505639
41 118.55437889590549 32.37336315291904
42 118.62772762163794 32.00964104060858
43 119.04066351313647 32.3084292688196
44 118.99369087302478 31.86406260460407
45 118.58560219564875 32.06114499513121
46 118.99943641355048 31.945984495435233
47 119.03663214633094 31.925826115172157
48 118.60495666002998 32.24305075672143
49 118.9613978168066 32.031800520777146
50 118.78832583666869 32.35377015932529
51 118.54006592836207 32.02281149666277
52 118.87133137315925 31.673749275763164
53 118.84635103927647 31.899313520835015
54 119.10774932758329 32.270530952121696
55 118.9413711737399 31.9470942076661
56 119.10753114290885 31.621095239172515
57 118.8564019801705 31.817744246377586
58 119.00634078178464 31.643934398972096
59 119.17450257651542 32.37633379271661
60 118.51851994667294 32.374327611412475
61 118.79541330949871 32.24613424735669
62 118.80632417033513 32.080252305001416
63 119.03963241910188 32.21087218804985
64 118.52386173131127 31.74915651753127
65 118.90505569872992 31.827890307377768
66 118.6804534981903 31.99941101127095
67 118.80021148044035 31.88530778821857
68 118.97136762644625 31.64976327273334
69 118.93546034180876 32.354894989823656
70 118.66599358714423 31.96647094290454
71 118.63704795159522 32.00451488510696
72 119.0746448015336 31.87097088810897
73 118.85048773863522 31.823269933215933
74 119.17520672300331 31.887523325434934
75 118.9621056796171 32.269301611890164
76 118.65044168023283 32.2200947753206
77 118.61787752629157 31.872815455393354
78 118.73135215469895 31.618400671892477
79 119.03751395558857 32.22410681163448
80 118.82866751911567 31.801187842149734
81 118.89361464227177 32.07046485101812
82 118.92416797900584 31.611856266527397
83 118.65107216227219 32.108428215189875
84 118.725238840109 31.930314210837945
85 118.71068322563642 31.984160781229754
86 119.13673818901913 31.941318817170426
87 118.51348980166203 31.886148681602087
88 119.17519898152027 32.02301826571611
89 118.61355033518902 32.38788200913612
90 118.85353494026884 31.706422318724634
91 118.68962890711526 31.868294917024237
92 118.70029467765983 31.636008272438204
93 119.03176495991201 32.2121968266338
94 119.0025847880812 32.13088928501223
95 119.03025091325145 31.77037714024134
96 118.60572390871656 31.9068829885668
97 118.6493280058999 32.132777406569815
98 119.0290527211628 32.14569553015773
99 118.57340425817102 31.731152267651485
100 119.09576766911994 32.31961789031149
101 119.10634806693417 32.22444231392478
102 118.85472647282113 31.679626713656408
103 118.9776549655409 32.28909260067559
104 118.7279882719196 32.20705398004201
105 118.95563946141685 32.25443557581013
106 118.52735014598055 32.03549971112347
107 118.67965648759123 31.783300951188618
108 118.78495505852348 32.360643428547526
109 118.86558844905299 32.084671530838534
110 119.202568804758 31.870928682722766
111 119.20862699064763 31.83339843479731
112 118.58887333132236 32.31667766421743
113 118.702222952483 31.961429497729693
114 118.5587116808052 32.0406940228899
115 118.73335666534837 32.10031084182326
116 119.15706803282131 32.27480462933158
117 118.91172818473443 32.07900255511696
118 118.5282814737747 31.73461852701829
119 118.87210747858708 32.066616153143855
120 119.16199142485219 32.00259583354051
121 119.18366717206071 32.04104657754077
122 119.13529157193936 32.161900029593255
123 119.02924259659777 31.791161747116522
124 118.66672434230081 31.746698731481736
125 119.13857241664707 31.683873360475935
126 118.72530827753384 31.8310133899722
127 119.1137328336435 31.607020906601893
128 118.52457695957632 32.08987113356023
129 118.54858804931698 31.83542795155767
130 119.0543595143163 31.74270041709216
131 118.55469494944529 31.675378648124425
132 118.81206921126808 31.80853137538903
133 118.74507106394739 31.787629152212457
134 118.67080136576368 31.820520546107517
135 118.74892859997927 31.954847028390667
136 118.83694709079396 32.01828338967808
137 119.11755062809225 32.2620154580156
138 118.93572352280323 32.378713375547456
139 119.14070122042538 31.644477175946545
140 119.10609448000959 31.801045732820786
141 118.58340883768706 32.10070752502919
142 118.77640306456729 31.76218252441292
143 118.86007716891314 32.305049782372656
144 118.68249712399964 31.753896586278493
145 118.88311805685758 32.17287931844797
146 119.19716871406177 32.10253979411061
147 118.6510855746804 32.23123446303248
148 119.05312747215493 31.630796608122846
149 119.20146505010119 31.78418792349305
150 118.66078760456368 32.17511860634805
151 119.10595989119922 31.70876469837135
152 118.62339605711125 31.636595534066007
153 119.14891902239648 31.885589450825606
154 118.6923054185121 32.090090456653186
155 118.69332275938962 31.606904309727256
156 119.12155925655568 31.677978351769458
157 118.70094462686183 31.622774706099573
158 118.65175664533419 31.920275290009986
159 118.72526596864087 32.1491573419098
160 118.99091994070247 31.761207518331663
161 118.51149605263501 32.28284335312635
162 118.62341010623788 31.954104239012892
163 118.57318356758394 32.102441335912616
164 118.84170506872557 31.82908376149223
165 118.52580660378598 32.10395976435058
166 119.15024118216897 32.38378156762333
167 118.82527939002323 31.970434980196572
168 118.91546270897055 31.769127386594974
169 118.6578855720613 31.957428828064792
170 118.99371790593906 31.933788147782703
171 118.49527158135456 32.013099668283076
172 118.55461598677097 32.0207780544912
173 119.14972115730343 31.644948317204808
174 118.61586553427364 31.72757729375531
175 118.84461965694483 31.966768107682018
176 118.90059947235788 32.163414679441495
177 118.61725247866846 32.23174377437595
178 118.91786436072516 32.205195646174026
179 118.68319575418249 32.01595218712875
180 118.95415560294211 32.37387772714219
181 118.70056385970952 31.849957648063988
182 118.77900471074254 31.976851361605082
183 118.84324326441565 32.2343281726589
184 118.51218375779972 32.25333675018447
185 118.58166090255783 31.911789819599772
186 118.5495199291418 32.28074296589021
187 118.7987325973426 31.970565039621363
188 118.87892770705538 32.17953128876004
189 119.18031434598 31.59369214787519
190 118.73393351497826 31.609077330441416
191 118.61833518241244 32.32552567687695
192 119.17487900111483 31.697998899267443
193 118.88071965005447 32.15475516483154
194 119.15828977775892 31.828001593917943
195 118.73357272455866 31.75880514721908
196 118.54771900949893 31.88221529660361
197 118.83669131389676 32.34887566941237
198 119.22058678195758 32.05600042093052
199 118.54718466293856 32.32190466771481
200 118.86874134044254 32.16848315533035
201 119.09209450141879 31.982332477928654
202 118.65716742804665 31.9977702428326
203 119.0633599287233 31.79024491840661
204 118.54554086939581 31.61840784121603
205 118.7125073204713 31.91214711107619
206 118.62731384922458 32.04376122290471
207 119.16571633534052 32.30266255451392
208 118.93426785261614 32.126593579790345
209 118.69932868783152 32.2571944006315
210 119.14108723399777 32.32203731711946
211 118.89439029634717 32.33503033533352
212 118.7665037228649 32.237820543442595
213 118.98990551146768 31.710678311059734
214 118.95650731554132 31.878782744980864
215 119.18948278943613 31.747636434421423
216 118.51470616813646 32.29680743532962
217 119.09281542491819 32.21530601411069
218 118.97523151642075 31.886714517701094
219 118.60395557555596 32.049364531288425
220 118.7560542399679 32.26026843245104
221 118.5218728650864 32.27270570356747
222 119.10170910069407 31.751934551875284
223 118.55825908006756 32.21104012027099
224 118.63667331654031 32.258654299741245
225 118.98140526213597 31.658128283625377
226 119.03724808256207 31.67511385148498
227 118.68079963597295 31.935233924020483
228 118.62969672761226 31.77582616475988
229 118.52134799434504 32.30795275976705
230 118.53782617068103 32.1837055803908
231 119.12507933708 32.17066278133749
232 118.64272761319222 32.20781348202281
233 118.78322168902251 31.840619344833023
234 119.04543581445567 31.7832977699501
235 119.1710368890898 32.078257436593155
236 119.1297150164808 31.915857651717765
237 119.10674528550402 32.33328729168796
238 119.07068878249227 32.1243669489243
239 118.74464820244499 31.897815211404087
240 118.94718330213415 32.257053920349094
241 119.00127616449171 31.903868622579715
242 118.79896420626795 31.732710465179107
243 118.9436428901789 32.21112327369634
244 119.18765103983615 31.995830058591004
245 118.71480012398055 31.797589258263976
246 119.15869322803053 32.1474095484888
247 119.18901222165903 32.38964306532687
248 118.89011953588853 31.80141794224431
249 119.1468256421513 32.22610065884747
250 119.01087691127584 32.193586871120786
251 118.98403229236781 31.702795193643805
252 118.57310657266308 32.27473406449108
253 119.01918025831834 31.976795697456925
254 118.61283759317227 31.67999140587511
255 119.02562851274728 32.03009371011682
256 118.53267145354098 31.859778076666966
257 119.12384252057412 31.715476843963152
258 118.62003636470641 31.658805746470808
259 119.08999575509536 31.76580271473614
260 119.11572580075828 31.95284138695072
261 118.56433052259446 32.119414170314045
262 118.56197467655186 31.6731528993104
263 119.15928473271401 32.16610172325158
264 119.17954554893298 31.681854115981665
265 118.54498785804468 31.741499849877233
266 118.9388721843364 32.187550247680406
267 118.77663897800794 32.28625818295017
268 118.54028661256815 32.35496071280566
269 119.09552954756661 32.121622674647355
270 118.97036212851076 31.969198782779042
271 118.55620563559097 31.686681143597138
272 118.81886065581519 32.05962345251048
273 118.79036148052643 31.720206466306198
274 119.18335018951255 32.00256137732862
275 119.19521096097073 32.076500580345346
276 118.66018477688678 32.26414046349226
277 119.02962561399968 31.852965751731617
278 118.95272264800957 32.37910694306197
279 118.82264219764639 32.36391674500665
280 118.88842088985263 32.27048304499413
281 118.77044164509152 32.17147383244526
282 118.52316967884043 32.175877531602616
283 119.03163918821178 32.304095920335875
284 119.04451876625181 32.35966290618974
285 119.13819758433657 32.26651751364807
286 118.84439494048338 32.122150374798196
287 118.55552504569097 31.69482209467536
288 119.1616951249701 32.10536949186555
289 118.68636441861518 31.88312108382266
290 118.58135600352212 31.708631536144015
291 118.59560756485807 32.3098849609631
292 118.92055137821177 32.25867110310572
293 118.7582470394677 32.0083012554378
294 118.97298935311923 31.972847580948205
295 118.53862561913041 31.995984528961817
296 118.50337286460909 31.81760654498287
297 119.17846807542762 31.90027485936297
298 118.54622884248765 31.96122109340445
299 118.73364745039328 31.621654775889436
300 118.51432549494024 32.31553365339889
301 119.13853628108754 31.63994767258017
302 119.10891972906832 31.91010076726817
303 118.89706923187823 31.692374380939835
304 118.59412828053271 31.781137567429123
305 119.08859459684119 32.36038543414986
306 118.54980908020173 31.904074398504815
307 118.81629212911942 32.1604925636398
308 118.71518394832913 31.689707585801997
309 119.20668471175635 31.776111192482922
310 119.17922565230074 32.30419422317134
311 119.07096324206738 32.30665534314616
312 118.8153732709409 31.795507806328082
313 118.85326381492759 32.377149166565026
314 118.89789380276454 32.15051208819265
315 118.8881352741527 32.01840666105988
316 118.6259125378045 31.881138856988628
317 118.67944280551194 31.875330690896167
318 118.98952992550984 32.37843853893371
319 119.09457979329227 32.164550174872964
320 119.17285256115962 32.012575026037815
321 119.04867079299552 31.629941434797527
322 118.9136215227771 31.799308244176583
323 118.54159136563898 32.34187951136256
324 118.5590514244955 32.03576342083086
325 118.63209058299333 31.866685547622584
326 118.99134803716701 31.63529246447453
327 118.70411382524841 31.81317161929239
328 118.77422490307997 31.79190050673673
329 118.60319677779763 31.730716876552712
330 118.65977267164398 31.87578868283748
331 118.75908212290851 31.745592021677364
332 118.9431242865962 31.66598040663539
333 119.20439982110092 31.706579763184852
334 118.59538854419611 31.985038497609708
335 118.72424575287732 31.650499042065633
336 119.19864958054805 32.346029489836454
337 119.09892970213316 31.764197457532482
338 119.17677285654787 31.98828594554589
339 118.86343769528861 31.925382320606584
340 118.66814028139436 31.841203930861198
341 118.64654560285867 31.869462243144437
342 119.05657759837669 31.796611194236803
343 119.16339744081357 31.81651098313459
344 118.93013049038125 31.69985351693694
345 118.97145681662151 32.14362909329982
346 119.12638293148007 32.092464474215134
347 118.67538738351898 31.845050387536862
348 118.91708121399722 32.32576497008444
349 118.88922987961985 31.916862181498402
350 119.13742201920886 32.094116898306325
351 118.73287744832679 31.99699987827859
352 118.58733376178323 31.86242040998435
353 118.59852942324787 32.304524245317424
354 118.6905301804882 32.29043062936405
355 118.54591037320034 32.27445687412044
356 118.72980713293161 32.39246202918223
357 118.8803728164495 31.633633362253104
358 118.80226883313212 31.980828752290414
359 118.95045053063966 32.368820052953964
360 118.85806297874574 31.699710889642116
361 119.01290749751863 31.802722700040825
362 118.8204305843916 32.00342468833804
363 119.0504204570186 32.11306601558236
364 118.80727379340208 31.88457643618879
365 119.02434030024742 31.844761411612314
366 119.01064053378705 32.232974922893426
367 119.09226253270094 31.618130893361627
368 118.62189140947838 32.241300313793545
369 119.00459142570425 31.933163535432854
370 118.50432804825124 32.10727744786744
371 118.77342520795429 32.174031696826034
372 118.91213756964028 31.681735390821565
373 118.50144836714256 32.345952231582544
374 118.54230813223165 32.2607199245733
375 118.65664307393145 31.8866849407857
376 118.78888798706909 31.754710578584753
377 118.989073296807 31.660676705759396
378 118.64786502633802 31.83777305316967
379 118.77784482041194 32.17832681054955
380 119.13533495339628 32.28178701279488
381 118.73428810994164 31.83904842162342
382 119.04128644110543 31.792921460595505
383 118.91413735806111 31.854863954346946
384 118.55083387141896 32.377215685079896
385 119.1727955754739 31.67749535226279
386 118.58434691816969 31.737755512556756
387 118.74391121065104 32.1573525295819
388 119.18892901923623 31.709364357786722
389 118.6791337579591 31.786744740663973
390 119.15250297647269 32.2607776882755
391 118.96415727410064 31.845150408687182
392 118.62548707031122 32.080949724694484
393 118.59370725028784 32.032522239850245
394 119.17804652362508 31.83153494610488
395 118.80931602917953 31.805162173644007
396 119.036721086917 31.791170698881235
397 118.59739670850784 32.298590742827045
398 118.86271544978642 31.609608279951868
399 118.5813517274155 31.69114117522794
400 118.82319246567907 31.870695391009995
401 118.4994593039638 31.764930393923862
402 118.51082466126115 32.04884236520488
403 119.13876757302424 32.02472056635135
404 119.13809882925231 31.99781818115098
405 119.03123672827566 31.841210665829227
406 118.84926675949524 32.01622442448186
407 118.64953982505385 32.22119315728807
408 118.99848991578293 32.23491254496791
409 118.6436983783515 32.03516647171907
410 118.54912696171256 32.24004086335215
411 118.70456653538125 31.669995044572495
412 118.90847921327544 31.73679861475131
413 118.89874077286622 32.199694882736615
414 119.06706795277638 31.91783898172323
415 118.7586266257676 31.856292162912876
416 118.59509540492029 32.063086666578045
417 118.54292174047008 31.909132657590803
418 118.65417752963276 32.332844826212174
419 119.15288567331203 31.899848242929853
420 118.51642097804717 32.258392524518904
421 118.93737096976469 32.088415401373254
422 118.82264301530442 32.33947087684954
423 118.64044162119278 31.993029138457793
424 119.00042228434285 32.37488137417654
425 118.89522674090728 32.04280153440798
426 118.56878900362146 31.62974454543364
427 118.96858964294225 32.18231574496225
428 118.53267203196772 32.307753482726774
429 118.66498670761558 31.657429061716545
430 118.88609472697692 32.382972092349085
431 119.0145064728264 32.069174869931125
432 118.87288698480614 32.19846849513367
433 119.10914769201457 31.778742907515298
434 118.98440799144119 32.3487089859634
435 119.18379365403533 32.11710394397297
436 118.68459567844167 32.03993285202456
437 119.18337258691825 32.37948904451112
438 118.65545513934575 32.04171929781517
439 118.63678667710721 32.008410466868646
440 118.61877424753331 31.633494649111142
441 118.58486157708438 32.052410391509014
442 118.93852726430852 32.18640263794511
443 118.50407722070963 31.899220287133492
444 119.06856536477333 32.14961487784038
445 118.94167154352974 32.03902850747726
446 118.72274941197766 31.761465809609604
447 119.11950345987566 32.032041403493054
448 119.09286565432595 31.976122763615372
449 118.93104740613937 31.859218046553426
450 118.53565320572632 32.128984153271865
451 119.19175775973092 31.652571290925085
452 118.92013294795167 31.88409601405748
453 119.15067630413064 31.95170635844847
454 118.5974971952174 32.38257869808264
455 118.52165677621147 32.1629008884411
456 118.7172895579366 32.10476485879871
457 119.04409529182281 31.726634772108238
458 119.07400331526158 31.9614225590752
459 119.10933226586816 31.904832576263487
460 118.71850117961579 32.36136514175104
461 119.05918136929459 31.960444105759795
462 118.5935354517092 32.276117908752404
463 118.89096939330192 32.14203921472929
464 118.52865826744069 32.273167386293515
465 118.99881076991363 31.58449604576472
466 118.75291852526122 32.352385946102046
467 118.57518507619109 32.364242060431
468 118.972660903223 31.71338653898172
469 118.7764001901227 31.641609814793053
470 118.69935933788165 31.863912925005245
471 118.74717783884566 32.03090642187589
472 119.04786611734193 32.01673643610885
473 118.79286537976306 31.959450374099323
474 119.11877492377636 32.3214361591497
475 118.60919794812654 32.05252802680439
476 118.78470724370486 32.335611928612664
477 119.11918129764287 32.0605945180332
478 118.9130488585841 31.755269846831883
479 119.0069731765717 32.399165854202955
480 119.08478305813257 32.396981014464345
481 118.86572352671307 31.949428653956094
482 118.60773368737944 32.19621439844931
483 118.7211033446193 32.12725310444218
484 118.65240586999414 31.74174622863785
485 118.63325491878867 32.06391872914312
486 118.91559586095646 32.11849657822005
487 118.63881596828409 32.07928882987072
488 119.07333126431203 32.027689818521814
489 118.8124662642143 32.0675206843205
490 119.07318176727937 32.17627294209003
491 119.09641532242271 32.21059973998689
492 118.98008067356066 31.678960478245212
493 119.04820552988377 32.34086569980962
494 119.05983705550324 31.989713785386744
495 118.91349775230637 32.14897998121213
496 118.7221802548601 31.910975192496213
497 118.79537289314796 31.650535137975112
498 118.70999398743751 32.12059258697794
499 118.8235929952028 31.900734591155842
500 118.7523258396317 32.02262825988595
501 118.7554978337191 31.809233455133064
502 118.55884444714246 31.765514430947597
503 118.7772447863014 31.826336974759794
504 118.58775557920877 32.29950027099892
505 118.75050713989552 32.35449664909224
506 118.58790919575927 32.369900065743096
507 118.76100504142362 31.93672726449848
508 118.87913826290267 32.23045939029412
509 118.55417269015447 31.753820329242185
510 118.66510523174458 32.19704160754709
511 118.77969146393167 31.925824729251886
512 118.68806426015131 32.26207228421238
513 118.8840467708116 31.774114407674638
514 119.08231893128622 32.249130376318895
515 119.0511057390075 31.67947196111031
516 118.6810340696721 32.30147003764149
517 118.64266644513408 31.95118681479973
518 118.91196612411042 31.73758370003568
519 118.77940423882609 31.840825165840855
520 118.54578252269498 32.18016390777814
521 118.65339675261866 31.951608988625864
522 119.16354691598822 31.77862336573436
523 119.15179904937219 31.81405523526872
524 118.75120270599908 32.142545486338975
525 118.52407518471465 32.12564601216814
526 119.04734997978034 31.64641687704649
527 118.67791855124788 32.264039971427714
528 118.51535860270363 31.690463657130323
529 118.68745507746846 31.77663572388656
530 118.59451202148476 31.62020240426309
531 119.12385769504384 32.02326690294897
532 118.63569699447605 32.291986132508114
533 119.01241161472261 32.3356320079328
534 118.6128134600999 31.97867097595959
535 118.56500115205687 31.70420234804028
536 118.77676813967453 32.00365706240684
537 118.93813424587815 31.828014606262585
538 118.88750288958992 31.841413049384762
539 119.05741681228497 31.77466688138098
540 118.78752547847927 32.35171432296224
541 118.92810669722274 31.91103055192413
542 118.54266155353889 31.58611202464134
543 119.01442279678976 31.99262262601978
544 118.97818628587066 32.13436150132133
545 119.06323397784888 32.238246756094036
546 118.55792814885265 32.19939715916655
547 118.82055410884631 32.14995861748989
548 118.96283970083714 31.78085288449494
549 118.49759959935612 31.872289675009004
550 119.11887885420954 31.942251880845063
551 119.06859873042774 31.728539355745518
552 118.86432726735 31.96077506649651
553 118.7410540890984 31.683114679713928
554 119.0000538555673 31.664016298748102
555 119.11833732414496 32.253327978183584
556 118.86287068466548 31.719962547236577
557 119.12166240621315 31.966748655863075
558 118.58716911021862 32.08611853494126
559 118.73004933603714 32.35623726450651
560 118.97594046238783 31.85737209090713
561 118.75598680844125 31.7398084302583
562 118.8640551910929 32.291685720673264
563 118.95583734119023 31.83460530144079
564 118.9068353727462 31.82900317472668
565 118.80909612352684 31.731470625914152
566 118.62246145832938 31.956684656532634
567 118.77159681306966 31.758751537353685
568 118.65793033728154 31.903827919544955
569 119.031372327188 31.85963236533465
570 119.0472518002267 32.11752820249923
571 118.65051265457618 31.95181098466675
572 118.90907806467978 32.12406378163039
573 118.99357489196596 31.84129167860378
574 118.82347666724873 31.897779158041516
575 118.55194854680681 32.38132336733051
576 118.9731725338396 31.79868660597157
577 118.55014305379424 32.20606492946823
578 118.97196952169362 32.15541746734436
579 118.57465554938858 32.10687496773912
580 118.95669403858315 31.69251566922792
581 118.68475424467258 31.59794119289094
582 118.7647774311799 32.18868478028448
583 119.18254461482445 31.65203377123182
584 119.15652330135488 31.798441578128692
585 118.88602060293601 32.37072435586118
586 118.9509992585836 32.376189861003304
587 119.06141410170214 32.34425740216054
588 119.00829960737384 32.04940960866962
589 118.58259625769766 31.956608243885892
590 118.79444387088778 31.97506288823197
591 119.07907283997747 31.875600130873906
592 119.00919509453486 32.38698093587985
593 118.62007030299537 32.25157276210179
594 119.09003410708279 32.42159132246586
595 118.92816966317604 31.83970431795899
596 118.70946442647526 32.074105438605734
597 118.53076471813766 32.123855235826014
598 119.02491107204723 31.916106159916346
599 118.82446109532468 32.07282219327694
600 119.18906103802236 31.733444166402574
601 118.67404514929285 31.851343724178303
602 118.56177207251865 31.706436067955227
603 118.66071772080244 32.076568152799915
604 118.79647387303595 31.875712376420136
605 118.5296933654874 31.933070389046065
606 118.74023562214309 31.911324863226397
607 118.65470580888157 31.64449658047229
608 119.17127722254249 32.32647483706175
609 118.64047640459145 32.162449748350944
610 119.11781852796334 31.846852906733584
611 118.57662537351098 32.301726573024894
612 118.9033066859397 32.16278499072087
613 118.93920450941137 32.38807647926625
614 118.88867695317562 31.991536256736154
615 119.16642046610843 31.69206521711238
616 118.80308525181992 31.69287652090582
617 118.9437395232863 32.18405099038667
618 119.1116986210775 32.05387104547097
619 118.66221633955927 31.77146555751911
620 118.85465284611035 32.014938957409235
621 119.18002411743856 32.01966849025217
622 119.04743584322222 32.30599195136856
623 119.00458570631751 31.607358868694895
624 118.79469019248884 31.696758100133017
625 119.10611181237878 31.925685167685188
626 119.07460886126137 31.70549565339229
627 118.80881133895164 32.36978025638097
628 118.88885956480428 31.765830126972283
629 118.96349046168436 32.0952722704441
630 119.034414111944 31.950897999709742
631 118.81719680096163 32.22100912102819
632 118.73717622691989 31.628671891348077
633 118.60737596895459 31.85568127444469
634 119.02170144022618 31.978682501193276
635 119.02524777327098 31.683003009931774
636 118.62146338589159 32.082147127423454
637 119.1029970272978 32.00926092157611
638 118.6049489595682 32.26654002640214
639 119.07773303015914 31.972987372255133
640 118.61139788784234 31.858435457619606
641 118.94960685354948 31.832878263948817
642 118.86586800703911 31.822273288503915
643 118.60391790104305 32.34575929859055
644 119.01467694141363 32.23360475292967
645 119.01219190163128 31.87260361795065
646 119.12857377227637 31.957034536314765
647 118.81867740286043 31.680395716038166
648 118.87965908836684 32.075457085262755
649 118.95648213307709 32.189225071240735
650 119.10646447089275 31.806715933211102
651 118.77738971232807 31.975787927926707
652 118.96567399649449 32.128947875795895
653 118.9076703116119 31.97837857531693
654 118.64261457287236 32.02951059001569
655 118.98513410505666 31.750084992460025
656 119.08520010809711 32.22184631530854
657 118.82188712984423 31.685328674695466
658 119.1844787106299 31.97526285754586
659 118.88112182462896 31.84169550976658
660 119.12738014184448 31.69797827514165
661 119.01891671559214 32.290648740290145
662 118.76882707331085 31.759038066597515
663 118.73626302188877 31.977379203991102
664 118.75916907129302 32.09730476974222
665 118.74337207025805 31.843436816115233
666 118.52481634354521 31.99842108266479
667 118.50948045998958 32.003238954913364
668 118.79194561300378 31.93950533696369
669 118.62873762322452 31.88608378284588
670 119.08535626217702 31.788140587174258
671 119.16802605544619 32.32016109474454
672 118.7050915841088 31.99092636077382
673 119.02884801170502 32.15532524248819
674 118.75136021784571 32.01239238745549
675 119.10703570380925 31.844868831568085
676 118.8249796184735 31.992457748164252
677 119.1470153784642 32.24592263134264
678 118.98674180569179 32.28851620068778
679 118.58441214164925 32.355054298301
680 118.59546754725984 31.801650842144685
681 118.80404032502763 31.869603048944423
682 118.90899685765397 31.686758732462057
683 118.85722824279817 32.41098704335614
684 119.12085017185322 32.12397972146437
685 118.51477052712684 32.152656942396334
686 118.58814650658965 31.965595064369165
687 118.69357923003543 31.821232844120892
688 119.11241861448016 31.92076497781187
689 118.49736140615059 31.856837040711312
690 118.87899021270772 32.0360966309717
691 118.50305685113678 32.24494437314355
692 118.89053402939633 32.2750046143196
693 118.84046962760797 31.841709455866994
694 118.58822559840105 31.7386492597341
695 118.9165197138727 32.18843388825922
696 118.93528730560193 31.935248502396956
697 118.81092768110442 31.74684031816111
698 119.04342359833255 32.11219254009387
699 118.54138794420697 31.6844625642966
700 118.73258704990053 31.679350846296295
701 118.84092259329435 31.593773308869697
702 118.70819628883176 31.746349666221345
703 118.5878693421945 31.97657312815161
704 118.57963146849616 31.744157248497757
705 119.0480247706871 31.644125874387335
706 118.68470185319 31.993679733586728
707 118.96106064580866 32.31600471910493
708 119.08515243704771 31.615083996935866
709 118.71530061388522 31.791643189339286
710 118.62107845890561 32.33312357862415
711 118.89308598138247 32.11668421254264
712 119.07570699527874 32.244262053814424
713 118.76738446981254 32.31754294721411
714 119.08661360790633 31.77012306120076
715 119.1917790269328 32.20467851271589
716 118.9826558991515 31.813962930296533
717 119.11683710814607 32.33358891052922
718 118.55215460540569 32.35603342181403
719 118.76951389879217 31.732104265164526
720 119.11459716025682 32.28783241254431
721 119.01994861326315 31.654912512998653
722 118.5857497423186 32.078361584992976
723 118.66969202966267 31.970934085153644
724 118.71793761171507 32.069365609810916
725 118.95007288032885 32.20598885624618
726 119.02126857739329 32.30440298749951
727 118.84536926192355 31.99389213815399
728 118.52699389803672 31.642414477723506
729 119.13424083737586 32.34827639022919
730 119.16474773847062 31.636927173693053
731 118.73421582006839 32.239081753973025
732 119.07994766889293 31.71873186010221
733 118.8589204496864 32.33388902307138
734 118.82393436102132 32.092265059110815
735 119.17191016296051 31.842941289405246
736 118.48472474666703 32.27198110696578
737 118.79323290300644 31.730018378623942
738 118.64783605894907 31.776589606153532
739 118.8241421288129 31.834847750961465
740 118.81430376688434 31.90952545272889
741 118.62411766650898 31.79484325630348
742 118.91755797379881 32.32911869107073
743 118.76038953378601 31.961067289698004
744 119.12652471449505 32.36556372529576
745 119.15718042856108 31.837156485201657
746 118.76045843256756 31.968618925744277
747 119.0271478439258 32.27618880964609
748 118.94352788981608 32.388332862863145
749 118.76155526387244 31.974902418987053
750 118.70280731325873 31.975575287627397
751 119.15020335305437 32.350359259664586
752 118.65124187140326 31.947051669787715
753 119.05145248033405 31.949295486435823
754 119.04906579232039 32.37879130038316
755 118.62746627471722 31.98040627991147
756 118.7647482258051 31.685299350747634
757 118.80592732944909 32.3613984802536
758 118.86526359748257 31.95889385844304
759 118.92504041354066 31.87564590940471
760 118.76254007951007 32.31855034886015
761 118.92326693137609 31.600473970762067
762 118.79820999310476 32.37794422103859
763 119.16468825949494 31.662386439173595
764 118.95983380257991 31.652469917188157
765 118.86495866844282 32.328659981475425
766 118.88808958891121 31.96194065296298
767 118.58394266333468 31.726797757407702
768 118.68015252568213 32.37811690378684
769 118.99350701242314 31.84630886005173
770 119.2157676282347 32.34546464389282
771 118.72727129123636 31.983580699593656
772 119.20950396607593 31.92139980275867
773 118.74689203754583 32.04833592340949
774 118.81088286902725 32.324989636060494
775 119.17745725805338 32.38800141754946
776 119.07095054676117 32.142380370028384
777 118.88527077963445 31.909511205471066
778 119.1790106431723 32.25938224886326
779 119.20073791119434 32.33754837628369
780 118.61959036506452 32.04656463952511
781 119.05293838138189 32.185485626963256
782 118.6778611149078 32.31149581102444
783 118.70905936870712 32.16426656779421
784 118.80969521577994 32.111486834829634
785 118.83205073968098 31.88681931420073
786 118.59390591216 32.081133928453
787 119.0275324937923 31.775925706434176
788 118.51036631817901 31.713371313269576
789 119.19925968095758 31.796195109030005
790 118.66868242897294 31.94529249852874
791 118.99265099535276 31.87891050635175
792 118.86066457990094 32.17064987485686
793 119.08733247186498 31.90626857495852
794 118.6173846514501 31.974109887866426
795 118.5221023560461 31.811864582431323
796 118.62613444554003 31.6677823446312
797 118.98041704892054 32.17297169390036
798 119.08180669155763 31.77536101847263
799 118.60933995706618 31.972897211313214
800 118.91581957148496 32.07436617050234
801 118.51317224437707 32.13646468848926
802 119.06977052836817 31.93865733250072
803 118.5878515194257 31.802687591090894
804 118.61934229601513 32.3173832642196
805 118.94301335101731 32.14060334561712
806 118.81004303604239 31.79498313526029
807 118.69093928924256 32.24256162103821
808 119.17036409548666 32.04973049837608
809 118.86935136416992 31.95716444537756
810 118.6132615521317 31.69507872830066
811 118.79400541198235 31.784009684151474
812 118.98806677839251 31.694890702727676
813 118.81512613262996 32.13697054258816
814 118.59075855207236 32.17681798266032
815 118.61323740612639 31.968950473695042
816 118.65818016831567 31.647835129594096
817 118.88184006908423 31.717271019058956
818 118.93692596883407 32.34101499270587
819 118.83525084341989 32.31284223720662
820 118.62772361524617 31.923155193328153
821 118.73828733984429 31.71453412703426
822 119.11816240366949 31.966669083394905
823 118.67638713487837 31.942584154954176
824 118.973657267885 31.616073018525825
825 118.75711964471598 32.18724379587411
826 119.19942943119942 32.105533790376725
827 118.49791437287433 32.04561233596471
828 118.7048841039077 32.25363992581024
829 119.04858542090912 32.280780643303224
830 118.53668515415026 31.769145305016064
831 118.76471763119524 31.65940204490559
832 119.17380040027786 31.904471875389753
833 118.98542289801341 32.2771598848639
834 118.59485747188859 32.21671253680184
835 118.56332086468812 31.805923958693057
836 119.17825434965033 32.22058397249482
837 119.14325952065525 32.06781124909762
838 118.62184126923869 31.815335472937196
839 119.1166479588384 32.1519543138359
840 119.01987128200183 31.845927117167218
841 118.7897658356536 31.855402006846308
842 118.66257859841855 31.76917183891831
843 118.59441449918869 32.052230603441
844 118.66106387031927 31.989613605828676
845 118.8359869611135 32.091778919327545
846 118.53278827914265 31.60683693621091
847 118.94099320152064 31.91659038646216
848 118.92850008935534 31.629014026196018
849 118.92176082271168 31.84832330067555
850 119.08033197040838 31.67754038866082
851 118.55630793546544 32.054626755755685
852 119.19448035622963 32.35035406842153
853 118.82969407267676 32.272895149845134
854 118.85304863899893 31.9923759146691
855 118.60319149674565 31.888721210290264
856 118.95268911727425 31.61230834448327
857 119.12754683143899 32.12947814708971
858 118.55578283313399 31.84796389543062
859 118.71149098912645 31.936318549603694
860 119.05097375786053 32.08742326374774
861 118.5106871487227 31.748640503037254
862 118.90973601961865 32.03570126165068
863 118.65464084855402 31.952657767083434
864 118.86300042810545 31.918329481805273
865 118.60498889506793 32.2712928719169
866 118.74284120725908 32.19922474889535
867 118.73385758976593 31.69561815088332
868 118.78274914724291 32.31635691251573
869 119.16799779441493 31.594772659516074
870 118.58466159590476 31.780627563413482
871 118.69239839074521 31.699498684900174
872 118.97531381634045 31.862215643443328
873 118.75474214995025 31.68848458738478
874 119.1436144827153 31.827704151692124
875 118.73233238306854 31.916292217572657
876 119.1557980707139 31.9839626489964
877 118.59665735262583 31.83424796473502
878 118.8176846139845 31.65483336644274
879 118.85320520873208 32.013859906275485
880 118.92060691418239 32.074196303589
881 118.78103096268751 32.118253936419215
882 118.86543536219695 31.59518558158657
883 118.64712990218139 31.680061153923305
884 118.66635207277446 32.13212396804159
885 118.57858805802968 31.72310786115618
886 118.88327370384933 31.686876012188666
887 118.84589660941403 31.949115558358702
888 119.19870068233193 31.893699105884522
889 119.04882817958575 32.11815464622972
890 118.99424678952454 31.621936394407925
891 118.72519773585638 31.7961257059808
892 118.67297172141963 31.819746292126165
893 118.9749688475856 31.85102557953569
894 118.65674427370034 31.609632802857316
895 118.5365212539773 32.03725239109227
896 118.70846798618909 31.605412299832192
897 118.860906279293 31.832586881937843
898 118.62533150878438 32.323296705927746
899 118.57859444449079 31.727896569643292
900 119.11803985649861 32.14887497551924
901 118.82906495029508 31.98896548534519
902 118.52259291943626 32.32278553413623
903 118.66631864593467 31.949570271955213
904 118.54387759296739 31.751571686827305
905 118.69204779254414 32.40247715674659
906 118.79952997415523 32.16274034576871
907 118.58306937557215 31.69980807044278
908 119.14104164098448 32.02661749656073
909 118.83506843750342 31.867077826256562
910 119.0915517915418 32.30854763594368
911 119.07442882838706 31.729620132868735
912 118.58904607265785 32.11048770513812
913 118.54711333683494 32.35834640873622
914 118.9059725684876 32.34377849205301
915 118.5149813265639 32.319453750209256
916 119.0561895037072 32.120351510635004
917 118.71370432205171 31.84764050962178
918 119.01939477148619 31.650251155558806
919 118.62616130465665 31.745390583005843
920 118.72610244368666 32.308776627718366
921 118.94575268764098 32.1619626948046
922 118.66507873267055 31.662954157105986
923 118.65583538976264 32.379487370628304
924 118.75020686652299 32.000654124359016
925 118.53278245875333 31.75268682223682
926 118.98716099417555 31.974459414850834
927 118.57684256785018 31.934221585873924
928 118.65660762032864 31.78223795451975
929 118.55468662453681 32.09946868773308
930 118.81569053011056 32.03481533162835
931 118.70016439367309 31.813237085426486
932 118.85505679026308 32.217986622456195
933 118.95167196518823 32.034211403042484
934 118.64136675790559 31.884405356265727
935 118.73910733310828 31.72166103460545
936 118.88676406386092 32.0009779653687
937 118.67006096088541 31.716723588369923
938 119.1281831153848 32.32301384211939
939 118.55332215224895 32.02180800408046
940 118.59856663498373 32.32333912178156
941 118.7132268626513 31.859021191280704
942 118.95294357441244 31.95096786439041
943 118.54374719614587 32.025559796505945
944 119.14594812645582 32.29673343979408
945 119.12565578786545 31.701643635669082
946 118.95652162550834 31.916889888197623
947 118.75628062749256 31.67952608425992
948 118.68559404294786 32.364138244448334
949 118.72995967640357 32.25178039760438
950 119.1211743993871 31.930092557892188
951 118.86012319785068 32.131156773505865
952 119.16197756575741 32.04978823944765
953 118.84723687981841 32.078792622987244
954 118.64697320578993 32.26439684929365
955 118.58201818024413 32.378387380529595
956 118.97199941107446 31.664471041857283
957 118.71917760753311 32.045983509259415
958 118.94988834015471 32.326501082048736
959 119.16050013079187 31.925272963064856
960 118.51066918638962 31.79420352716161
961 118.56770060889554 31.6947038226857
962 118.74256158418217 32.11269654695357
963 118.71068621957946 31.755996070761014
964 118.76614654864446 31.892753579192675
965 118.81682922412138 31.893933718847123
966 118.78256681139396 32.09232719502844
967 118.56616117921014 32.36771186238534
968 118.72673369446287 32.397497003683945
969 118.61404948817544 31.83630069522844
970 118.61584953527648 31.817102173069244
971 118.91233338425486 32.18130590384063
972 118.52237423991079 32.15167987038057
973 118.68219121913286 31.833559668343312
974 118.92240365565935 32.359789815567915
975 118.68808362014211 32.2486319456315
976 118.85272885337143 31.740906602314027
977 118.81893779449547 31.99962247635095
978 118.93707242389802 31.658309679715142
979 119.085360801249 32.03660621826207
980 118.68855760260622 32.04517056058719
981 119.13295373841846 31.759315334037076
982 118.97630511951691 31.65756358384473
983 118.78622907496971 31.723973182989095
984 119.08266338484896 32.02199841355418
985 118.78406695244705 31.64649123342317
986 118.97836254561146 31.7513370031962
987 119.12842335054007 31.746463216361853
988 118.68939465488127 31.9124338390638
989 118.84208481460115 32.022994144165395
990 118.77285407871908 31.877396343984366
991 118.57449483211968 32.104679460565244
992 118.57882683437023 32.32528512071627
993 118.56546024337726 31.798869263280547
994 119.12055101025578 32.38464839784157
995 119.12804425721518 31.859340250000486
996 118.7324927091204 32.09517290149098
997 119.10901463463674 31.886915881817362
998 119.17245137031968 32.15411196288328
999 119.02580184615721 32.28439712298115
1000 118.66611461389296 32.23975415344042
