1 118.94637890131666 31.93639014924866
2 118.89139546204063 31.613113381868718
3 118.616182326268 32.03606437398338
4 119.07408461171622 31.974952874757946
5 119.17651089991887 31.950939225980445
6 118.95072032383877 31.867841088377133
7 118.9037989243698 31.75187825213358
8 118.6015273390024 32.07201296563924
9 118.69199867419438 31.829913598448897
10 118.75881553261955 31.803734386564354
11 118.62778218944771 32.100109969265034
12 119.1991287627522 32.02126270924855
13 119.14057864653525 31.71855187894389
14 118.76753756786343 31.99302382786093
15 118.60508318324538 31.745016817615305
16 118.78216674229866 32.22742714746691
17 118.61839077349843 32.29624705114694
18 118.87876342902435 31.984705867072385
19 118.64149378359221 32.28872487423449
20 118.55634540241734 31.65986506515869
21 118.92835413328399 31.99357617921022
22 118.75477340607766 31.660150751017987
23 118.9868405483701 31.949268358578152
24 118.86681310716274 31.6742700347597
25 118.94913795495597 31.697669869556755
26 118.7213983426568 32.08596401757528
27 118.90037621616341 31.776205126316388
28 118.83089364617896 31.680069102804918
29 118.91504561429382 31.7717541029607
30 118.51952703448714 31.8744088034448
31 119.17690896771796 31.96765512087938
32 118.67490787199539 31.755361734874874
33 118.56202288616528 32.094876924843234
34 118.69854334547847 31.995068589001487
35 118.9942887367974 32.01803820146949
36 119.1510453429441 31.905550129156683
37 119.09301075680244 32.22524214576011
38 118.71662132576334 32.06853266804837
39 119.0941674473798 31.71571438995817
40 118.54856676364115 32.1582181461793
41 118.56150084950279 32.37351817133145
42 118.63563172805033 32.004582034400826
43 119.05612588740591 32.30517433808734
44 119.01011031334161 31.865546858249775
45 118.57945322383044 32.044053646100814
46 118.99688729214942 31.951524376034605
47 119.0363216574057 31.946633614267093
48 118.6039789146799 32.236031148229266
49 118.95336260008611 32.0172045475007
50 118.78659948878838 32.35107141381314
51 118.54631204258479 32.035235270965366
52 118.85989604544399 31.671490859903894
53 118.84139865205324 31.89756733510969
54 119.11554550991319 32.269637665077916
55 118.92335079050963 31.931870771640707
56 119.10575746284758 31.624778832369493
57 118.83060734451922 31.808370897258346
58 119.00561148761885 31.640767311578127
59 119.17417699087312 32.37543789124745
60 118.50886187159358 32.38132554789495
61 118.79223852126908 32.22844305162916
62 118.80562309124976 32.09213800505241
63 119.05148101568611 32.217380091823316
64 118.51089688229109 31.72893734625229
65 118.89250874129544 31.82570580688645
66 118.67641103243663 32.00507307113666
67 118.81503345499674 31.88129208963203
68 118.97883856858493 31.648034244144288
69 118.93811068111116 32.36975904150931
70 118.65820743930783 31.97441612946982
71 118.64203716344791 32.01592112778109
72 119.08973937648157 31.864383014498035
73 118.84725218183523 31.81153986337708
74 119.17044508477778 31.901737576149007
75 118.95429303508547 32.276584480598686
76 118.65769852855942 32.22166186224638
77 118.61291623131183 31.879242617831427
78 118.72124600021662 31.610806956899527
79 119.02496344675922 32.238267766508635
80 118.82804048273324 31.795729770548235
81 118.90203530137885 32.06413375801329
82 118.92348777514788 31.606908905315304
83 118.63679866693512 32.11937938691399
84 118.7241955647363 31.916132611085303
85 118.7076744053079 31.987043293088583
86 119.14868261133272 31.92708239589733
87 118.526255222502 31.870892963326092
88 119.1766467403565 32.031423815266145
89 118.61580762514609 32.37888229974491
90 118.86720953946343 31.701714440690267
91 118.69435722905914 31.873482244010603
92 118.70401703558795 31.62783650662579
93 119.04049796833661 32.191286125030956
94 118.99410200256722 32.12918474761534
95 119.04078430779676 31.773958497845427
96 118.62611519734978 31.924746775228435
97 118.640924098431 32.13571352958093
98 119.02506802731787 32.1291609845253
99 118.57766031016966 31.747245008850477
100 119.10655647383179 32.30581055397298
101 119.12846633970129 32.22896365398259
102 118.83993163098256 31.68522700382657
103 118.98497097684877 32.30173741241668
104 118.73279083014094 32.19240368406122
105 118.95998570377843 32.244908623382464
106 118.52787728375701 32.02838659012138
107 118.67009188217696 31.78703036828196
108 118.7996412297204 32.348047609131555
109 118.86632924342041 32.06897740451479
110 119.20021173224967 31.869250751484824
111 119.20516286621921 31.825978479690345
112 118.59485571923679 32.31844642210185
113 118.70128380363685 31.955619478413535
114 118.55474208886899 32.03382691919929
115 118.72851133201986 32.09984007003842
116 119.14528726970075 32.269929499477115
117 118.899707693078 32.093903313243146
118 118.53704615004906 31.74645728097247
119 118.86453649262668 32.07884599540178
120 119.15534498080763 31.99824621544025
121 119.18633727618794 32.05345287067548
122 119.13989646963792 32.161008285409885
123 119.04052160917666 31.793063725113637
124 118.66364604541657 31.75707234038526
125 119.12460766751357 31.694531518733807
126 118.7214029218203 31.825630655837223
127 119.12136504114389 31.602463708503603
128 118.52842427462924 32.08277197259362
129 118.54278632051165 31.843035744762386
130 119.06375754443157 31.75222421601061
131 118.55347996708485 31.673241020495897
132 118.80025999423076 31.816206000186778
133 118.73746070603336 31.759784151353756
134 118.67784026202179 31.831255443709498
135 118.74742522207653 31.96109717700534
136 118.83934243770251 32.03601012043688
137 119.11056184774246 32.27167965745889
138 118.93978348591165 32.389260181916406
139 119.12587456192968 31.638937032224266
140 119.10185783680375 31.79734198043611
141 118.5890168394469 32.10167213861935
142 118.77406831634053 31.75079129540542
143 118.8605803244537 32.29641371069564
144 118.6823648666692 31.772739826860988
145 118.88764385916154 32.173745234915124
146 119.1879456554688 32.11717404614849
147 118.64194018051802 32.22545351033356
148 119.05584634781229 31.63965409186071
149 119.20241264320495 31.782556780025846
150 118.68285293642312 32.16302085647475
151 119.11202336453437 31.68359031801806
152 118.61378453996991 31.62201726963908
153 119.15668547364692 31.88621792147008
154 118.69757949567062 32.074689895996364
155 118.69158993476796 31.62441912068516
156 119.1367609482334 31.662040897273258
157 118.6883252655063 31.629602076405313
158 118.64277353430955 31.925800570180694
159 118.72640664974844 32.1448268175414
160 118.98411981190591 31.77020335403399
161 118.51322214843411 32.2905161264713
162 118.61696531722063 31.960729840012167
163 118.57963055330532 32.09244371594996
164 118.8544390299061 31.827985083204688
165 118.53154394446508 32.10472179373259
166 119.15249268971584 32.38412358406404
167 118.82931738110784 31.961207027089905
168 118.91778789098045 31.778273103001496
169 118.66298649459807 31.939218983939703
170 118.98908999088206 31.94964111165958
171 118.50444613679716 32.022990326288514
172 118.55730135938745 32.005827794543094
173 119.13700117484382 31.627057261262106
174 118.6278536354697 31.721915826442366
175 118.84044967183665 31.953470423229515
176 118.8798997221702 32.163865361854405
177 118.62564646469355 32.22509738709768
178 118.91076009829824 32.21059941089606
179 118.68422439089804 32.01860297731148
180 118.95816487630093 32.36376052049177
181 118.69607028529049 31.84975603630405
182 118.79451577405224 31.975378956429047
183 118.83855651054537 32.22048457339316
184 118.51708937853174 32.26821947738641
185 118.57903623585696 31.909796419995374
186 118.53959415596294 32.29124946113808
187 118.80033920112318 31.977091564763665
188 118.8763474413176 32.1744600689787
189 119.18349646827448 31.609071932580136
190 118.74644454645252 31.601695033152446
191 118.62554969460646 32.339170692351566
192 119.17155713921288 31.690559075350663
193 118.87227755161842 32.13882278316328
194 119.16250903613292 31.826585018166615
195 118.74140824176366 31.764762249926346
196 118.55918861152497 31.9004520805938
197 118.82296756160113 32.34473568370778
198 119.1993110957956 32.06079411085826
199 118.54359224942044 32.33553082958865
200 118.8412715425371 32.16130301614638
201 119.08466952019876 31.984135927129344
202 118.64474002197424 31.98825449504465
203 119.05445702695188 31.78124535421004
204 118.53892454128486 31.60248997547112
205 118.72900244230627 31.930057741012863
206 118.62630035366666 32.0352005070851
207 119.17373663853492 32.299018500061464
208 118.93022251074049 32.13173842888891
209 118.70477776334188 32.274146547321486
210 119.14172399434153 32.33208033401629
211 118.8975070364176 32.34734600152805
212 118.76099246604204 32.2530371659519
213 118.98746959091456 31.701843097060422
214 118.95305253720826 31.88416604277271
215 119.1864824053469 31.74893536350294
216 118.52683630835199 32.297280259839184
217 119.10762145303717 32.22583085943518
218 118.96769933440248 31.885009125605617
219 118.61000392636645 32.04132101471231
220 118.76603464250346 32.252170672096646
221 118.52208884992606 32.28743654063641
222 119.10038656800522 31.76616630194462
223 118.57640492110549 32.18978814519889
224 118.64960534252802 32.24655795716144
225 118.99267759659777 31.64482001859078
226 119.03412347278015 31.68401099074589
227 118.68305482959803 31.9342925419123
228 118.6133533112514 31.769243736788898
229 118.51999064974197 32.303632046380464
230 118.54503783806699 32.177314542016205
231 119.11755162901437 32.17003688291512
232 118.63671637796787 32.22730783467351
233 118.77988756352904 31.866852910596474
234 119.04848099745669 31.797128084282427
235 119.181339095193 32.09027197014771
236 119.11851245933516 31.922804203849754
237 119.12613230267463 32.33662440789425
238 119.07401757711472 32.130901655248884
239 118.73737051864713 31.895907399720297
240 118.95290761504093 32.27634470685913
241 119.00579178727826 31.91779877956389
242 118.79296008535749 31.736208243383526
243 118.93121917470603 32.21800094767761
244 119.17171413301223 31.98330896978375
245 118.71664043287305 31.80720456785252
246 119.14807359971597 32.1645780824281
247 119.1908101137031 32.39174888561347
248 118.9052976459403 31.79669559779278
249 119.1341352583003 32.23201681819834
250 119.01028659551125 32.21667136872234
251 118.99499563412199 31.684364012095457
252 118.58222065647199 32.26049343233496
253 119.01784118116414 31.975768150818844
254 118.61241061152168 31.694714267442087
255 119.0281527070023 32.03054419980105
256 118.52583444475513 31.85681513180962
257 119.11593256431959 31.729096681799277
258 118.63638471196383 31.663768854555258
259 119.09593895122292 31.74671172825436
260 119.1207602188724 31.94804252782684
261 118.5773347223918 32.108872382624504
262 118.57063202476662 31.674143884066364
263 119.16426466159264 32.16694812901637
264 119.18282086291966 31.674289259032555
265 118.54969792795262 31.748185439328243
266 118.92550705850587 32.18372411665629
267 118.76138228254639 32.29447510834816
268 118.53989262138721 32.37136130964248
269 119.09771911069201 32.13280340227524
270 118.97331326735798 31.976902674795152
271 118.5557589892774 31.68364922838299
272 118.81792699053621 32.05151528643815
273 118.78141138187104 31.726900876303908
274 119.1970120412758 32.01295343784857
275 119.18867545112134 32.0890093844569
276 118.6692281230327 32.278152634089665
277 119.02357777070316 31.852245607562807
278 118.95564444880131 32.38579865814933
279 118.81520813120906 32.374609336119015
280 118.88977806131412 32.26749900434971
281 118.77788981752627 32.16121237776562
282 118.54846268529538 32.178338643321176
283 119.03794643699398 32.315200388401436
284 119.05823215267718 32.3570861744794
285 119.15492835116451 32.27653996317929
286 118.85953216094232 32.11554714567947
287 118.54508033817322 31.680890997626133
288 119.16039105813175 32.10853897795858
289 118.68166137981933 31.875498567216244
290 118.58860928922334 31.713787692174492
291 118.58443076488237 32.30711015771713
292 118.92311290841378 32.2653415897641
293 118.76404377690949 32.00816081217774
294 118.97541159817432 31.97835227625721
295 118.54542537404161 31.99495980377493
296 118.51301812535245 31.808852839833882
297 119.16984365113224 31.917675848915987
298 118.55793987216396 31.955387916482582
299 118.72938281295734 31.599005542606367
300 118.50867291970773 32.30994763626923
301 119.1315456785801 31.63906329414854
302 119.10038231551827 31.908645991486253
303 118.90365854694042 31.68962931899868
304 118.59940667357917 31.766698829713206
305 119.06341961539052 32.35600334281314
306 118.54353210985256 31.890882525037846
307 118.82304250818822 32.164850953450205
308 118.72504674153065 31.68950731141422
309 119.19889470942095 31.78473148517104
310 119.18074020094191 32.29988240680458
311 119.07720794283401 32.315468558358106
312 118.8128975906309 31.803931742900403
313 118.84741368979736 32.36821726103364
314 118.88841350508125 32.14162081734878
315 118.89281335560396 32.006842359904134
316 118.61654977449822 31.88626045086118
317 118.66570459464208 31.885802613821497
318 119.00585496673979 32.35884751848676
319 119.09077621733937 32.16507963704631
320 119.16843816698128 32.01177062293559
321 119.0289417344256 31.62767977023172
322 118.90326049883807 31.799376560531748
323 118.5606920919859 32.34683023608168
324 118.55897900583527 32.02902870952568
325 118.62219098346849 31.8826840781845
326 118.98704648813315 31.622801068413107
327 118.7051266337666 31.807316909550313
328 118.7866117553923 31.802715158131395
329 118.61175448561733 31.73146158345264
330 118.6576598358706 31.88423499505459
331 118.77885501010412 31.74958792257453
332 118.9486634440019 31.664454580815125
333 119.19795600739937 31.69216100832997
334 118.59441940698241 31.989278160835536
335 118.71898579141829 31.650800235810696
336 119.18617838048199 32.341284775132266
337 119.1120878808027 31.765183305183974
338 119.1688071129514 31.988972316171054
339 118.86155661353654 31.92661749000776
340 118.65036654042557 31.83597937507371
341 118.64817087951201 31.859455240789373
342 119.06972160248702 31.788450685334833
343 119.16555063518533 31.818498141970817
344 118.9281764615244 31.69945851772074
345 118.97070654514573 32.159240877094476
346 119.13329342454863 32.09563746000308
347 118.67775674243912 31.849257290429208
348 118.91441039504112 32.309310773249905
349 118.89567983370486 31.90513499433097
350 119.14351314629171 32.0926707807259
351 118.735734308409 31.999241394165246
352 118.60022371529426 31.859480987980728
353 118.58539474480116 32.327885719647874
354 118.68896950558168 32.28654297013983
355 118.55525187932706 32.26829472372859
356 118.72414463040232 32.37496335783035
357 118.88867122040534 31.60982551033869
358 118.79716903346161 31.98842235004298
359 118.93927813724797 32.358236388649
360 118.8621666807012 31.701062136806513
361 119.02338606877804 31.810656586867797
362 118.82220130511048 31.996433343483396
363 119.04623746732025 32.11566801174638
364 118.81047749034674 31.872909695434675
365 119.00809770920182 31.841902755302534
366 119.01797617128655 32.22625137327177
367 119.100187590824 31.60904681998376
368 118.61380675610772 32.236929871487895
369 119.01356011187615 31.93540837542407
370 118.48955828475516 32.10547561754154
371 118.77632479911163 32.159240104225674
372 118.90380773282067 31.687535244478553
373 118.51368296632067 32.33541718041146
374 118.53419162218619 32.25125637600079
375 118.656148770968 31.882305353697916
376 118.76906561446549 31.75022520538737
377 118.99612470809743 31.65368263562436
378 118.63454798667613 31.843621434235843
379 118.7816541886327 32.18321164413997
380 119.12828807140926 32.280989392173026
381 118.7412572285705 31.856227316687264
382 119.04120381872124 31.7818221348589
383 118.91451836782012 31.858061680732078
384 118.53731473151393 32.37228681592131
385 119.17802545932385 31.681118094038805
386 118.57835376968227 31.746518174482475
387 118.75130897238446 32.15405538747244
388 119.18087804484223 31.717294565935426
389 118.67512122425818 31.799104866292495
390 119.14919419724075 32.25509462202084
391 118.97002292602079 31.83691513265162
392 118.6357278145401 32.077665258953395
393 118.59949244780788 32.04105191779692
394 119.17748558984604 31.818125229129052
395 118.8200620168793 31.80058634595885
396 119.02620533938544 31.811673990472862
397 118.60388577954099 32.30278693046465
398 118.85368665451531 31.609490739777197
399 118.56890623537556 31.67996809129307
400 118.83516021923268 31.877363357427832
401 118.49787952557882 31.77241032419809
402 118.51959907653746 32.04911077469161
403 119.12553374941328 32.02964207284527
404 119.11251817245497 31.995540677529505
405 119.03041396950123 31.839449970069833
406 118.85164626139624 32.013105307704066
407 118.62807569400881 32.21562993323807
408 119.00327552010197 32.23764737184643
409 118.65539260759276 32.03535594688068
410 118.52993697898862 32.241682552634025
411 118.71848780391682 31.654119363238063
412 118.90339900923044 31.73312957048718
413 118.89492829653275 32.193135222144555
414 119.07751200076626 31.912103735003146
415 118.76695541562037 31.85284708071687
416 118.60882561442654 32.05874966004785
417 118.5339259296169 31.90851685740123
418 118.64024043840973 32.32873328848857
419 119.15801567906949 31.912157843834937
420 118.51397947466137 32.26796444367141
421 118.93665314508591 32.08115204853891
422 118.81884679870026 32.328924410354915
423 118.63953649093285 31.987940504432256
424 119.00288969682246 32.36938849318149
425 118.90048854617696 32.058198321012156
426 118.55299559717886 31.635477051317494
427 118.97496304566924 32.18146031870825
428 118.54977452041173 32.300959056204356
429 118.65629679447184 31.673332144761034
430 118.89172056495455 32.36354306700908
431 119.01329126664312 32.055420703787355
432 118.88789185944674 32.2008356264748
433 119.127331894352 31.764519726296317
434 118.98417448775373 32.3365672359082
435 119.18002818058109 32.120027009266515
436 118.69060318704103 32.037470045138505
437 119.18420951372309 32.37586752021799
438 118.65676839178556 32.04895991997737
439 118.62384472795338 32.01093782652444
440 118.62493407399229 31.642317486990912
441 118.57810488903593 32.04354893927202
442 118.93775408058652 32.19586484383681
443 118.4984440393782 31.894620232212
444 119.07648422765635 32.143110597935944
445 118.93857360979021 32.042104289753986
446 118.6976410752409 31.770896595766132
447 119.12236883758779 32.03688667209575
448 119.09647896485049 31.98538073381323
449 118.9282251368012 31.861661609028605
450 118.54618143418232 32.1339969823558
451 119.19332501291264 31.664429061834838
452 118.92432895363245 31.88699574688592
453 119.13501102087324 31.95124980533034
454 118.60412705839701 32.38953421018858
455 118.51700586542474 32.16386636403608
456 118.7135069888725 32.10336744954898
457 119.04927705174228 31.72847323859892
458 119.07312690688916 31.952788566989664
459 119.11643606335542 31.890293463937336
460 118.72872098954345 32.35433376610088
461 119.06460629977451 31.956838243260233
462 118.59725823493636 32.276223241892176
463 118.88007992232689 32.13287789625419
464 118.54418537624706 32.28533698849106
465 119.00816202576088 31.60003600602598
466 118.74789272355011 32.35241790313371
467 118.57756376113907 32.36816401220008
468 118.95241477065778 31.71817842840814
469 118.77903580364028 31.646688100127577
470 118.71539067000614 31.864937176582007
471 118.74178699473815 32.05190508494471
472 119.04285855328177 32.01824700904685
473 118.78603975500423 31.95772202623764
474 119.11770601605636 32.32236080045151
475 118.60202355528668 32.04735982632269
476 118.78318947173554 32.339012045259864
477 119.11490896063823 32.052171836143685
478 118.91216925728214 31.738640591024776
479 118.99782527054157 32.38478564580594
480 119.08738979499209 32.39432058013206
481 118.85949941545795 31.957060067371238
482 118.59859057665521 32.20162216952016
483 118.71517522643545 32.117740821291875
484 118.66194225281713 31.737481092114038
485 118.62104119444217 32.06105432072532
486 118.91924779958738 32.10693335459881
487 118.6445261890938 32.072394400233065
488 119.08635166391046 32.024516108147196
489 118.82112742696799 32.0676212440106
490 119.06579098869506 32.17118235990181
491 119.0878333888838 32.21551957953562
492 118.98059650070626 31.682395254872105
493 119.05834476288808 32.32979597880271
494 119.06839833156693 31.971323867699816
495 118.91970669300142 32.155298825572224
496 118.71999480039403 31.90961215338814
497 118.79568005247539 31.652233655176857
498 118.71532537234569 32.12945762328178
499 118.82994912280321 31.89651544647011
500 118.76579370905326 32.03301087041279
501 118.73380076298673 31.80468233048174
502 118.56676840683798 31.761188478534148
503 118.78564072369842 31.8161626647082
504 118.58820025446133 32.29949497280193
505 118.75067648395357 32.348852414718664
506 118.58084121472513 32.36631603182058
507 118.75721713521669 31.941442482964867
508 118.88423887015976 32.23878107350568
509 118.54062365658376 31.74062298892384
510 118.66349174254412 32.18876728284906
511 118.79020927665863 31.940799370508813
512 118.68489806424542 32.27171271879
513 118.88866197082382 31.75723912010512
514 119.07982176462986 32.24862072178755
515 119.04728310711903 31.658982241674465
516 118.67127174617009 32.28989128781142
517 118.63893034095362 31.93296799467482
518 118.88982331245414 31.7130829877138
519 118.7710562401923 31.826716576749263
520 118.53076236298108 32.176965758828324
521 118.65285366450419 31.954209619900553
522 119.172463375611 31.787632546802126
523 119.16003050146311 31.804332710201344
524 118.75697141962138 32.14565043287322
525 118.52539869702562 32.116649081328845
526 119.06272954747801 31.657117492634214
527 118.68551131634416 32.25289922957066
528 118.52020793857895 31.703076564727564
529 118.68118436393728 31.788367422361635
530 118.59368959215757 31.611168480813546
531 119.12448010252864 32.02775269654269
532 118.6280863667686 32.283059402431284
533 119.0267994046597 32.33464431616756
534 118.60274342450595 31.96168016283377
535 118.55534527611364 31.68942456993624
536 118.77022842147535 31.992422968549956
537 118.93130888286109 31.81914835063628
538 118.87363896058024 31.85374253160163
539 119.06951291125037 31.77739801839191
540 118.7931958261512 32.35783206798108
541 118.92721538079718 31.92981148156088
542 118.53390781527821 31.594032761665826
543 119.02565749166413 32.00224116329894
544 118.98649412028443 32.156835690942465
545 119.06181238522079 32.25480435876159
546 118.57384203517711 32.199612130343375
547 118.81507363318676 32.16276540337651
548 118.96606789246675 31.761196355774462
549 118.49345586171735 31.86347849627172
550 119.10665494574705 31.95774172829529
551 119.06572326249896 31.722517914410084
552 118.86576960160194 31.947463688373894
553 118.73860914420399 31.681904714484546
554 119.00126984523644 31.668339301793228
555 119.12579486243746 32.26428249674187
556 118.85276221373863 31.726893736581204
557 119.1215957628426 31.963494339232245
558 118.60201245035434 32.09340925511882
559 118.72498872445904 32.3548388456737
560 118.99284553726193 31.851280509429415
561 118.76352402470803 31.756369862783234
562 118.86359292109798 32.30097697577569
563 118.96165460746326 31.834761350211483
564 118.91023551490677 31.821829079328868
565 118.81772200704408 31.72161453234006
566 118.60974467481637 31.966317023827592
567 118.77966435413249 31.77580979065913
568 118.65212437657631 31.891501678842438
569 119.04431278376208 31.859728663535876
570 119.06233822222835 32.10108495529166
571 118.65062149858277 31.954877113435206
572 118.910410479949 32.12728180312353
573 118.98318406429046 31.84135846119691
574 118.82039057549038 31.880164923141148
575 118.54909496929903 32.38509827144568
576 118.99320096309424 31.787124309166725
577 118.54851359298145 32.21079742018674
578 118.96921022268619 32.15945436178358
579 118.57594945684387 32.10159543428479
580 118.92862558753028 31.692622169134637
581 118.69218074723632 31.582336301374195
582 118.76251681920765 32.19526667201936
583 119.19131690204935 31.654994455917553
584 119.15778301674347 31.80161862338004
585 118.90159469012318 32.38910435556133
586 118.95982679115833 32.37569572594245
587 119.06572329065979 32.348913273338084
588 119.01157564484394 32.051898857062476
589 118.59257900348518 31.973076417523565
590 118.79578569437172 31.956370191843956
591 119.07907266269306 31.866578333474482
592 119.01690297395943 32.379237627046244
593 118.63189451347796 32.236876269379216
594 119.10138043389 32.40899218147449
595 118.92652014617126 31.84346821368581
596 118.71040529496136 32.0674939934423
597 118.5275233022819 32.13447250652789
598 119.03052580782516 31.90832002461387
599 118.80348155146787 32.06237649436562
600 119.18068717925547 31.735818655571446
601 118.67478366845528 31.85298010440259
602 118.55628739317036 31.715403917900876
603 118.66737102200298 32.10330696149519
604 118.78715819187805 31.872325527059026
605 118.52186410194211 31.932657924556622
606 118.74978579373771 31.893176890804355
607 118.66695560916702 31.652519483978143
608 119.18259088840352 32.32142571734765
609 118.62200562159936 32.17910771054703
610 119.10568191716631 31.859066374510654
611 118.59568842636138 32.30640580116499
612 118.90327093602681 32.15112649184588
613 118.95863945083237 32.382923965987274
614 118.88861633498192 31.995949682441
615 119.17119697600694 31.692377979650633
616 118.80935960163781 31.68231687525463
617 118.94664512807964 32.198668662893056
618 119.1066219885363 32.05762351792146
619 118.67268062683677 31.769029270890808
620 118.86713563734617 32.02249431644258
621 119.177217722879 32.02474049948862
622 119.03564387289973 32.299653206884294
623 119.00498087351076 31.63533535426971
624 118.77146236705524 31.684183322005214
625 119.1106438962148 31.94952967063077
626 119.07832244197702 31.70236423906451
627 118.80504206302066 32.38671019701667
628 118.89717547581255 31.764203411155478
629 118.97145134844538 32.09523472698928
630 119.04034120192006 31.945618306048917
631 118.82091786211485 32.22850789499949
632 118.74522481694294 31.6311161889055
633 118.60362472392342 31.853319182474117
634 119.018933222014 31.97872406662124
635 119.036885560022 31.697264122010637
636 118.61887150506696 32.10033121661067
637 119.11316343342739 32.02034096796992
638 118.61008140224871 32.263141218058905
639 119.07812861682827 31.95967480623705
640 118.59795391019566 31.851913823838718
641 118.94413182879718 31.83729749624768
642 118.87146550902493 31.80189582442986
643 118.60039075745313 32.34736624670052
644 119.01715556814786 32.24034656625004
645 119.0272236532642 31.875045014019975
646 119.12170153829469 31.94633529545642
647 118.84169973306503 31.677383410002232
648 118.88308050590577 32.07806947925999
649 118.95236418867836 32.18303658580581
650 119.12154722514951 31.796178908863144
651 118.78346297574944 31.968844485367157
652 118.96527732274227 32.13266108444143
653 118.91405194098678 31.965852839143192
654 118.62847065140332 32.02838233604133
655 118.98591060173496 31.749992704005656
656 119.08960348375254 32.2289816230533
657 118.82361784689918 31.682212036019422
658 119.17678290657439 31.983727621575337
659 118.88737193468027 31.85200152362333
660 119.11167585170386 31.686083297292143
661 119.0284764774007 32.29515965417156
662 118.78029438075339 31.744455248228316
663 118.72391545755664 31.97321251447564
664 118.75983851005363 32.09531871398075
665 118.74321816745865 31.826855573073573
666 118.53012024776706 31.991860265162813
667 118.51117549732736 32.01577012838663
668 118.78789226528535 31.94449289372376
669 118.63435051543026 31.886895831132335
670 119.09276588265438 31.793203215086805
671 119.17714158227366 32.34070800846049
672 118.71051879619854 31.993758118784175
673 119.02659448798167 32.155278482863366
674 118.75494720896312 32.01800651229688
675 119.10160207107229 31.844558090413173
676 118.81993152243896 31.99396397491015
677 119.14953918483953 32.2553616342036
678 118.98000863744132 32.2921541122842
679 118.5828257822082 32.34267395402665
680 118.59897896996014 31.771399552098007
681 118.7979066105838 31.87025063774098
682 118.90921440374996 31.68707708162423
683 118.86356400747917 32.398787707185804
684 119.11212112941756 32.10760072324575
685 118.51092013807853 32.168630225222124
686 118.57957796987498 31.95739610774695
687 118.712040341293 31.807524524381027
688 119.10131860888916 31.92930870774003
689 118.50302838095483 31.837304105385396
690 118.88942508665852 32.0163569666328
691 118.50183587304424 32.244238033282436
692 118.88478255130353 32.260905780755415
693 118.83905065943623 31.84023756312732
694 118.58246544236704 31.73700235254245
695 118.91234053024333 32.19090486363973
696 118.92998745765755 31.935267262469317
697 118.82057305100942 31.746870447293492
698 119.05250438089752 32.11486427807636
699 118.552337822564 31.693604350834995
700 118.72787511943558 31.68698569106178
701 118.84869843575088 31.60454390013317
702 118.72480928443791 31.742867620943496
703 118.58967446236498 31.974439552034386
704 118.57545662114758 31.73549178822781
705 119.04370581617398 31.643048467375984
706 118.67325850869571 31.99108652105531
707 118.95264919876989 32.31920107870714
708 119.10586027446865 31.594632138975836
709 118.70916735581214 31.791517048590073
710 118.6292175613491 32.33499062578663
711 118.90057517764585 32.120995632187665
712 119.08223987433576 32.25685485352843
713 118.75955877023473 32.32259257645931
714 119.08273239802519 31.782017981054008
715 119.19566749688978 32.204529363037246
716 118.9701326107319 31.812315841229896
717 119.12664282013868 32.34606052569463
718 118.56900508271195 32.3661456407677
719 118.78281896506162 31.725609295663688
720 119.11583658742936 32.268883455408876
721 119.01372494866189 31.662164804051233
722 118.57058051539313 32.08103493933388
723 118.6694238872548 31.980718569375416
724 118.72378468875107 32.06630214541009
725 118.95246626822836 32.203768598755104
726 119.01592359707985 32.31044711500555
727 118.84111236604531 31.98900583156026
728 118.51933269603408 31.653581002826996
729 119.13358352612447 32.33565649383784
730 119.15441829370562 31.644550715988245
731 118.73467162270688 32.23785684374212
732 119.05726805833307 31.711903070477927
733 118.86795930036084 32.33011659517542
734 118.82973574974268 32.090477913083376
735 119.15665905588112 31.851138735435832
736 118.50364256420788 32.28840816609492
737 118.79655795942385 31.731192286590478
738 118.65735300898451 31.779500533653586
739 118.83191258682601 31.850393017760307
740 118.81816610401737 31.933089094867174
741 118.6197742958876 31.782304101418422
742 118.90081499593236 32.327324636457455
743 118.77053097163635 31.958449905856554
744 119.1388435129732 32.35816773539112
745 119.14661899181631 31.81381589376096
746 118.772839427563 31.967774298356957
747 119.03545984041938 32.256121294992546
748 118.9421915101976 32.39219854747888
749 118.76192555375638 31.972034078566118
750 118.68220423735816 31.989356628667014
751 119.1464172672842 32.3646650637908
752 118.64888455685305 31.943547226625075
753 119.04146762647325 31.947838737054994
754 119.03914227553068 32.375576013345096
755 118.64261477332016 31.995302262510513
756 118.76351652535705 31.695396650441058
757 118.79771154595996 32.35812409621339
758 118.85012467274447 31.99962240903333
759 118.92049202260915 31.88392957257524
760 118.75230839579403 32.329782264654725
761 118.92299614725329 31.606181564838934
762 118.805853558822 32.35369003374457
763 119.16893674752122 31.66995409449925
764 118.96729820344189 31.65364275055824
765 118.8732602831817 32.336740013459284
766 118.90699005065107 31.970062353795548
767 118.58243436304929 31.734721335968366
768 118.68594842124634 32.38676768681803
769 118.98720805448733 31.85644095844568
770 119.20595081799908 32.34055134179355
771 118.7218883641843 31.97432063470757
772 119.20262293025925 31.903992167075113
773 118.74991151914925 32.05143566836199
774 118.80822125157133 32.32349969394333
775 119.18218276460836 32.38721996138918
776 119.07305228363533 32.143882901232686
777 118.87649365144254 31.90169095554213
778 119.18003289466864 32.26530679236694
779 119.19594536512787 32.33314236264523
780 118.61086240649159 32.04977575424046
781 119.03994647652208 32.174606636664606
782 118.68586733248203 32.30133260935644
783 118.71717550617348 32.147897118254
784 118.80808064120873 32.10633544860888
785 118.83208403703128 31.904894370524463
786 118.59852546152135 32.07761568624218
787 119.02354737835087 31.775320567874
788 118.51304007943956 31.71231746812235
789 119.18469758954281 31.804262374197435
790 118.67917985942377 31.95400378278592
791 118.98565352804991 31.865419200499353
792 118.87121151535867 32.16877140336756
793 119.08731200120019 31.907364419294222
794 118.64016849936733 31.979276882920836
795 118.52246134907257 31.81242697824558
796 118.62400227004649 31.657383408773857
797 118.97535842927348 32.17195196073071
798 119.06259041692958 31.776361237535188
799 118.60695900404583 31.97876831134064
800 118.90626318906801 32.08571020980957
801 118.5259411814823 32.142395943350365
802 119.07560380251444 31.94865068127305
803 118.56912076071083 31.81419600023373
804 118.62721108190476 32.31354842078913
805 118.94924071784381 32.121716053403084
806 118.8243941699452 31.805695712106033
807 118.7038186047114 32.225608714183636
808 119.15999949113157 32.03064043946637
809 118.8697995740561 31.94431770854755
810 118.61566977137494 31.68541694993193
811 118.78956122689968 31.782352799441494
812 119.00395118643685 31.699406710953483
813 118.82741533763426 32.145102090843615
814 118.57452488500972 32.17307451347721
815 118.61150967231396 31.971644825171612
816 118.67970833585343 31.649688377574435
817 118.86875462636404 31.73678639357841
818 118.95071412760228 32.344137563243336
819 118.83694601565092 32.304849280726685
820 118.64272278289958 31.91214792345633
821 118.74676940598829 31.702048575904982
822 119.12041409203853 31.955043889768156
823 118.67314172651412 31.938140523009192
824 118.96788107428017 31.61476987414952
825 118.76506745608614 32.171791707710504
826 119.19216870027127 32.12235666063349
827 118.49507351492909 32.041576471645115
828 118.705530058563 32.239931457234164
829 119.04049844277412 32.262098176118414
830 118.52643776382737 31.767677849977094
831 118.77266495278512 31.668653071574486
832 119.17264824548216 31.901010285185727
833 118.9742033824077 32.29071775821092
834 118.58572512834999 32.215749885711375
835 118.56492023567445 31.796459857348786
836 119.16600824090808 32.21427532389553
837 119.13844186257951 32.05779222218101
838 118.63400499089111 31.819420309207334
839 119.11719255769921 32.16757331228367
840 119.02115726793919 31.84520123582005
841 118.78433371003668 31.86360377579811
842 118.66543040473469 31.77060319487016
843 118.59781828849654 32.06046192418129
844 118.64752698635877 31.97038989243833
845 118.85038877076694 32.09085993875347
846 118.53300523839819 31.624564134113932
847 118.93606681354211 31.929581156228103
848 118.91138595769736 31.633745918428534
849 118.94707571674392 31.860566640598705
850 119.07802044782017 31.674531047070523
851 118.54654989983032 32.028533086033455
852 119.18277824487363 32.33435607599052
853 118.82905299695435 32.282995982816026
854 118.84149803453305 31.997852585033062
855 118.60813409961757 31.881579084891055
856 118.96060319691763 31.618518524868765
857 119.11532482826932 32.1221658320127
858 118.55630960750509 31.83487775437841
859 118.71504142932851 31.930008087239607
860 119.0480729781456 32.09760090266065
861 118.5218739893554 31.745341771101764
862 118.91092570690856 32.031657192867684
863 118.66059115365256 31.977768888079318
864 118.86173439371544 31.9128779450629
865 118.61039526893171 32.276466672675674
866 118.74474183142962 32.1937464371505
867 118.75266625164372 31.706857963285778
868 118.77623482892662 32.31236389127369
869 119.16880127739418 31.604413889353815
870 118.59292193120429 31.79309904007249
871 118.67286237861155 31.70928136636095
872 118.97593316695657 31.87261894856677
873 118.74864981686106 31.697022882255297
874 119.14270296162191 31.82308320125544
875 118.75235354959459 31.91042197358383
876 119.16244835042657 31.979943717392835
877 118.61445934449921 31.820315114453006
878 118.81731212564029 31.657429378549203
879 118.8665153742462 32.0061094664842
880 118.90541571372718 32.08314447662991
881 118.77079007849758 32.1179517393776
882 118.86197155004945 31.61165538936296
883 118.66784828106222 31.68937744599051
884 118.67271567366966 32.13140393510982
885 118.56131320741639 31.706152471552446
886 118.86952471993803 31.676190892115176
887 118.8448122791244 31.95814480030604
888 119.19925945056823 31.895479712865082
889 119.05311101705448 32.130044769460156
890 118.98644018803874 31.617509740469153
891 118.71240148122838 31.801072285882448
892 118.67930597837857 31.823752129054444
893 118.98001669522853 31.867687876478136
894 118.64324169300684 31.596327850471003
895 118.540313792411 32.03983958651229
896 118.7155808864277 31.60369199573288
897 118.87885433200026 31.85273727025815
898 118.62915374191807 32.330659416220186
899 118.58182103669799 31.732447010231336
900 119.12163228000598 32.1228206911091
901 118.84186335138232 31.98323397330194
902 118.50720706001313 32.33273673191674
903 118.67129909130823 31.952366099891158
904 118.5431084785996 31.74948044605286
905 118.67645427107425 32.39776342677007
906 118.79735688091118 32.172946902514326
907 118.59580941366133 31.700395713880468
908 119.13745405875913 32.02163702107495
909 118.84559701336535 31.859097449950504
910 119.09353973271315 32.29809841828284
911 119.0841910821257 31.73778602108257
912 118.5857450701169 32.11322663230747
913 118.54709477582179 32.358698895954156
914 118.8990813667466 32.34063662970851
915 118.51329158669321 32.32658533074793
916 119.05793352790855 32.13363734377627
917 118.71603236636803 31.848620777631638
918 119.00634586642288 31.65853497828192
919 118.63141523097077 31.733712674274024
920 118.72251457216795 32.31505747246935
921 118.94324857052263 32.16571824228113
922 118.64971472553377 31.675051999432682
923 118.65191934985423 32.38567506034135
924 118.74716153576885 32.001322364463704
925 118.51221473567875 31.740137420447923
926 118.98057767038814 31.980148524095497
927 118.58005912003807 31.923875218949718
928 118.66046183076436 31.780009393141295
929 118.55257906355192 32.096230785684945
930 118.81551478778798 32.02166303553315
931 118.68298475950664 31.80894907935667
932 118.86118822567946 32.222422813317344
933 118.96094174032945 32.029160186958826
934 118.6492913119359 31.871338429273116
935 118.73213857283145 31.72747218310275
936 118.88884763254167 32.008130203726786
937 118.67568204295728 31.716665754398154
938 119.12979130273484 32.31858689348211
939 118.53447934549519 32.01124396592936
940 118.59958065008973 32.34667701432331
941 118.71343844372164 31.85721995468431
942 118.95018573331812 31.949431871867414
943 118.56064996069003 32.023783984800545
944 119.13335594191885 32.312405531908894
945 119.13116949797408 31.697618545613082
946 118.95845391931167 31.913539815104876
947 118.76607489571319 31.669284896273027
948 118.69147964057012 32.344969073970105
949 118.73088689701018 32.26034942971788
950 119.12026529237774 31.914333874782784
951 118.86904502171747 32.13017274418671
952 119.15116990243027 32.046427995940135
953 118.82943671539114 32.07834730738549
954 118.6459855914166 32.254453992903564
955 118.57437296583288 32.37178607813346
956 118.97460051207209 31.661927382787265
957 118.70260845153571 32.06023071994955
958 118.9507646771471 32.331016715210275
959 119.15488273409724 31.925625477401297
960 118.51819372723777 31.794802012653868
961 118.56399826491612 31.696560441503852
962 118.72709406327556 32.10098538527117
963 118.71631990144287 31.770400636387926
964 118.77317997347892 31.89624898646647
965 118.8118661090919 31.901628479272745
966 118.79486789271165 32.0896427058476
967 118.56687223890779 32.35876166744956
968 118.72705521102395 32.40177348874349
969 118.59069019563846 31.837746572174392
970 118.62902485991954 31.814786512844194
971 118.9096639179004 32.19219787187087
972 118.52798988184914 32.163365509827656
973 118.69441025290428 31.82799614055387
974 118.91531705181372 32.35560466264658
975 118.6928700728752 32.237134953528475
976 118.85394882281265 31.765590054603134
977 118.80789405708038 32.00138357004512
978 118.93219099226488 31.66377206586049
979 119.08958515056598 32.02879785252541
980 118.6957601092322 32.045935437033094
981 119.13816378132002 31.761007357081567
982 118.96177274612305 31.673142214304352
983 118.78511400782543 31.73812842639149
984 119.06988802244125 32.00977907764124
985 118.78750189968373 31.651240478050127
986 118.96973255335615 31.75095971221452
987 119.11815715838891 31.7387571054385
988 118.7020785205465 31.93450915680009
989 118.83320227071962 32.01975689584506
990 118.76877518731219 31.880123691973633
991 118.57570501470327 32.10993560687453
992 118.56935368977462 32.33313141900048
993 118.56841260108439 31.788677354524168
994 119.10599512622484 32.39024729286027
995 119.12833890132431 31.86061194850244
996 118.73481230188558 32.09161677291571
997 119.13179148279534 31.89152751671569
998 119.16721853984072 32.15193398836555
999 119.04054679041974 32.29176312360797
1000 118.64998686225998 32.24277338108413
