1 118.93700907203414 31.94093346693906
2 118.89360411091563 31.612466348925064
3 118.61796859126392 32.04181690181222
4 119.06798559727586 31.973921364952616
5 119.17607162349638 31.94901503460066
6 118.9483910261719 31.869880226696832
7 118.899262948591 31.753672818159863
8 118.60733952641498 32.07975073306365
9 118.69630940046467 31.83296587151079
10 118.75089849634448 31.80256392328784
11 118.62550695835452 32.098494177892576
12 119.19954207715436 32.02919202584874
13 119.13957169147128 31.73271911328002
14 118.75731052792167 31.978367496303374
15 118.60146311965111 31.734938355764484
16 118.77672414575457 32.22688071476177
17 118.62388290256763 32.29978547343515
18 118.86430383870335 31.996535563079338
19 118.65219285626961 32.285631643115906
20 118.55043694959093 31.66806925787548
21 118.9420738705082 32.00029860832074
22 118.75612885431734 31.65344997155007
23 118.9848517386917 31.950860506891082
24 118.85982225979443 31.67476690421163
25 118.95440143292413 31.691838700610262
26 118.72414059183889 32.0864596049358
27 118.89437392658178 31.774508322473178
28 118.83270167381174 31.663549100368513
29 118.91314456067482 31.77068985309066
30 118.522571046566 31.879474104199044
31 119.18485621160161 31.96759709951897
32 118.67345595376723 31.757931017282925
33 118.56077485383314 32.10011118322318
34 118.70602678432667 32.004429386587816
35 118.99185763187603 32.01616032610906
36 119.14676790093594 31.911471475117562
37 119.10138575614374 32.221245703444914
38 118.70928952387243 32.071944343433174
39 119.08683643149014 31.72141358720197
40 118.55062452492942 32.158419868928426
41 118.5495564473811 32.372139116328604
42 118.62982403299064 32.00470316860952
43 119.05202580902059 32.304042089917985
44 119.00188214984301 31.87431464854687
45 118.5857228741979 32.053995956408016
46 119.00244519202987 31.944746774310662
47 119.04350224353803 31.936478048720712
48 118.60427111196417 32.245644579727994
49 118.96377874047917 32.02159538555603
50 118.79343752479726 32.360793435328276
51 118.53561015988632 32.03245150446287
52 118.86523150065842 31.668481322812497
53 118.8369488579403 31.904941369108233
54 119.1103762273512 32.26355170356971
55 118.93197314828953 31.93477306688318
56 119.10838165425139 31.623596297360343
57 118.84625236980973 31.811247364472003
58 119.00970125983848 31.640010750515618
59 119.17182166123659 32.38090773448784
60 118.51199392935335 32.3886627942613
61 118.79265380343877 32.238162643212426
62 118.81386567680096 32.085875065033996
63 119.04739244777014 32.21750049259876
64 118.51146743363354 31.72556433583553
65 118.89122337790354 31.833383064391047
66 118.67821924780327 32.00955967429393
67 118.81754018496034 31.88472710644181
68 118.98023623426542 31.63772739967881
69 118.93240656597163 32.3675558490563
70 118.6672343400923 31.97339894536978
71 118.64125670147466 32.011367039988954
72 119.08655063577575 31.873941530975532
73 118.85328695329845 31.819213632667932
74 119.17700088491513 31.89667625252402
75 118.95925590399051 32.266536854692326
76 118.65802052813312 32.21855257773566
77 118.61173497666059 31.87988197338983
78 118.72014363878505 31.606895340345144
79 119.03499625542409 32.2249417017235
80 118.82773508520609 31.798267186339036
81 118.89427282939283 32.06340274032628
82 118.92415151696437 31.605721527418634
83 118.64326918867472 32.115060934511106
84 118.7310072400023 31.924124058157908
85 118.7020019761788 31.9917535469047
86 119.13529098283277 31.934668631657917
87 118.51149367409928 31.88248258554462
88 119.17557764633808 32.033936494812615
89 118.61871601067581 32.384097562005294
90 118.85797271474331 31.710989606161363
91 118.70305305413727 31.865391867473893
92 118.70481414253616 31.63086169368912
93 119.03579876200327 32.19121103175331
94 119.00084690104993 32.12031073254351
95 119.0385976114969 31.766808559198154
96 118.61016018200203 31.90986324300735
97 118.64378734754816 32.14547762935083
98 119.02218789001469 32.13530516984035
99 118.58380162822378 31.744678972371048
100 119.09664860930104 32.30744266030077
101 119.11405544133598 32.226509360339875
102 118.85434659755947 31.684706862380796
103 118.97915643277327 32.2975541355746
104 118.72839024257134 32.20189376120916
105 118.96597964149038 32.25298790512183
106 118.5254083545304 32.04072883930493
107 118.67497866923681 31.77813886280233
108 118.7967396515034 32.35327633127123
109 118.87037613695553 32.07365942552407
110 119.19120175164011 31.875228856260307
111 119.21580410952284 31.834185542753332
112 118.59314809618675 32.30192923647904
113 118.69468477223035 31.951197594449017
114 118.55057120430389 32.032412479904224
115 118.7312296443592 32.10319083715756
116 119.15639301374907 32.27500940588175
117 118.90683919177769 32.09723586026059
118 118.5352464116145 31.738761543670364
119 118.8691141809957 32.07565634167906
120 119.1710941305526 31.99839611057303
121 119.18648070624293 32.04053384779237
122 119.14034219512415 32.168198854787946
123 119.03434627287969 31.78973197543249
124 118.66353976093497 31.755144384713113
125 119.13056166397996 31.691221495724264
126 118.72205807919337 31.83091538606913
127 119.12437050897258 31.605692121801606
128 118.51706268920177 32.091590820661125
129 118.54212776867244 31.833900342624293
130 119.06192385458786 31.748117544205996
131 118.55155103061949 31.670285755020924
132 118.80829277944187 31.816642088352694
133 118.73426632964008 31.771787195634253
134 118.67764205589773 31.835671481598364
135 118.74914126348388 31.956455939024927
136 118.83870621203985 32.0295748595009
137 119.11875240619261 32.2591395546761
138 118.94691650729906 32.387138066959224
139 119.12865748777733 31.64209900662961
140 119.10023751149936 31.791838170895666
141 118.5929694761286 32.109080907880475
142 118.77459776386476 31.749278048127035
143 118.8563012230077 32.302198535824296
144 118.6787367898031 31.768633543464357
145 118.88712074333773 32.17218726551626
146 119.19232595605641 32.09901401618081
147 118.63991694762962 32.228351902896975
148 119.05891557844792 31.645472579431512
149 119.2077815676013 31.782100272987194
150 118.6751029263225 32.16885482617126
151 119.11377209658512 31.685552976901487
152 118.62630731090047 31.62887458369824
153 119.15478613540643 31.882374694610593
154 118.69601666881356 32.082790139640124
155 118.68828189513533 31.614698517709567
156 119.13131410466879 31.668282225844617
157 118.69808927686941 31.63375665674484
158 118.6422503111498 31.926459802293937
159 118.72947528810175 32.143365733676376
160 118.98884405518737 31.765495912708392
161 118.51765443796961 32.280455905549566
162 118.61823464687359 31.956513403642205
163 118.5750041668156 32.09472649009191
164 118.85195586011918 31.822138863990666
165 118.53014715975443 32.1006918037182
166 119.14858095350351 32.38793334650871
167 118.83073999288686 31.967228722952935
168 118.92741716485698 31.77147956653062
169 118.65549608180235 31.940457372521394
170 118.9874193561513 31.944471365356797
171 118.49570604706392 32.01595675763265
172 118.55507582823131 32.00643140996549
173 119.14493893400355 31.636947766714474
174 118.62538503860647 31.722358249818893
175 118.83322570675595 31.950447642256524
176 118.88630587864249 32.16578998762502
177 118.62881801959963 32.22662878984592
178 118.91319341653943 32.204769444731404
179 118.68006460494362 32.0236698365113
180 118.96448453318041 32.372347224381684
181 118.69606565605237 31.847697420699603
182 118.78131404783767 31.971265036067873
183 118.83955598049869 32.229937391656485
184 118.51380652366115 32.25690984321998
185 118.58535302005141 31.912814878882145
186 118.54293279195556 32.28830085882899
187 118.80208066355964 31.96506444784766
188 118.88293824667717 32.184668566605616
189 119.19363672894664 31.60555722273541
190 118.75357341909256 31.606232637408368
191 118.62532152997379 32.333233828486556
192 119.17819316311699 31.697352631640626
193 118.8830469977987 32.15471489257099
194 119.16233888617047 31.83157365490452
195 118.73208924311996 31.7637275413229
196 118.55361025973849 31.899324134283862
197 118.84308258890701 32.34714552509174
198 119.21084278087346 32.05888819218444
199 118.5420553576834 32.330675065764225
200 118.85817647949936 32.167739326355814
201 119.08940794569193 31.98077177720914
202 118.6582801909866 31.993661904551686
203 119.05713309001789 31.782673082267287
204 118.53550968255585 31.61077175480954
205 118.72125279901138 31.925073353154094
206 118.62357954667583 32.03404298930759
207 119.16935673086505 32.30279519252561
208 118.93182638540401 32.12513441697008
209 118.7001698130828 32.2637220051844
210 119.14745853821188 32.322602381348624
211 118.89596906320631 32.34506567711921
212 118.76682954457772 32.24208367873999
213 118.9861792282495 31.700445238802143
214 118.9518730208742 31.88087767612405
215 119.19171689367398 31.745598479087544
216 118.52670821967247 32.29388932195927
217 119.10145729577626 32.221867261347015
218 118.97144127427434 31.88440030469216
219 118.60708950992856 32.0558436633051
220 118.77784619941755 32.25538555684509
221 118.51897391136006 32.28069659001388
222 119.10117944249392 31.76269467985815
223 118.57172069345141 32.1909251080438
224 118.64485506515267 32.24848383515011
225 118.99337642882652 31.652924540400967
226 119.03712032330927 31.683110532882495
227 118.68936263401307 31.937932242749373
228 118.61342726267762 31.773585005351542
229 118.51986776514423 32.299550918627084
230 118.54396546048491 32.17627408339021
231 119.12106729934766 32.170882224944876
232 118.63583849603299 32.21994307776454
233 118.78617692734443 31.863736805142263
234 119.05499182666853 31.79374689322428
235 119.17943656089909 32.09234441046316
236 119.11822854310266 31.916218016959043
237 119.10868173543412 32.32708259735844
238 119.07842324027986 32.126950111926924
239 118.73916151858019 31.907141651583576
240 118.94498926011342 32.2616156857626
241 119.0024976330304 31.907651598026312
242 118.80189899756567 31.734798364167172
243 118.93469922835801 32.21830488401373
244 119.18309466068455 31.985893854957165
245 118.72680264180532 31.805315080669942
246 119.14934909641079 32.14931152444099
247 119.19795329702329 32.387343248426546
248 118.90476668117557 31.793035510493436
249 119.14437015043633 32.228348788443434
250 119.01205895917552 32.209162387236255
251 118.99130157414848 31.686561079439784
252 118.58163891127529 32.2715563512218
253 119.02388442997791 31.979170512807734
254 118.6209775093645 31.690095809970487
255 119.02398834020698 32.03034768063762
256 118.52830779247519 31.863511780745686
257 119.12458093656066 31.72814269657694
258 118.63013629766068 31.664531230493218
259 119.10007854741306 31.751923993646784
260 119.11532245980598 31.945757297806413
261 118.5734080006748 32.11648503522785
262 118.56578246664938 31.674373387455763
263 119.16139639022298 32.15429498146367
264 119.1887592198681 31.67095383713343
265 118.54683316447286 31.74481546802124
266 118.92423521041069 32.17894143001063
267 118.77534441212995 32.29348084638304
268 118.54100511992343 32.367534919667065
269 119.10043594604343 32.1422902549034
270 118.97845050662465 31.971051711902742
271 118.55305783060155 31.685550782632248
272 118.82050243374053 32.05635658318436
273 118.79214844075966 31.722720802798985
274 119.18902599478733 32.010383447597704
275 119.19500342743365 32.08957070487926
276 118.6671550741507 32.27575331180871
277 119.03183778874119 31.861842260852807
278 118.95726988150527 32.37713018719683
279 118.8135291309818 32.37120334913986
280 118.89153550544725 32.273047876276976
281 118.77204581547207 32.170778594773736
282 118.54077386340553 32.177825187143064
283 119.03090207256487 32.30133874883714
284 119.05203584804731 32.35155205678656
285 119.14023153284063 32.270782347642644
286 118.84404585734553 32.113897400912656
287 118.54779246880689 31.688217323243894
288 119.16662089655928 32.1072394272232
289 118.68407994162283 31.877376610072755
290 118.5920393736897 31.70641191624077
291 118.58547884784078 32.307508387217425
292 118.92654673325148 32.26702572052963
293 118.76475762588754 31.99636856895286
294 118.9658159384855 31.969948843530354
295 118.54138532911148 31.995514368367818
296 118.51204079213619 31.809273022879026
297 119.17348843769933 31.907195849978063
298 118.55698815767464 31.949661443474845
299 118.73097864002786 31.60853961902687
300 118.5207330554603 32.31399031748872
301 119.12577298048335 31.634369438260624
302 119.10083574037634 31.90857974753769
303 118.89629259992284 31.689177643906987
304 118.59935228871076 31.77259121964165
305 119.07447613771713 32.35738280201576
306 118.54870073295649 31.898807726185996
307 118.82661205859505 32.15458785848251
308 118.7211567390926 31.684710580907957
309 119.19759662060933 31.782025393935857
310 119.17476632349857 32.29418369718802
311 119.07044580432799 32.3056411430681
312 118.81872397184347 31.794010838647974
313 118.85075771117228 32.36806849950513
314 118.89053690719336 32.137152537243836
315 118.88907917364742 32.01140060541325
316 118.61692136390033 31.87878016414338
317 118.67741853943514 31.877939442460537
318 119.00686315227287 32.36137397529496
319 119.0887463255234 32.16807279634316
320 119.17546810556502 32.01261861617973
321 119.03511068986263 31.638125639805278
322 118.9050575386843 31.797364965495035
323 118.5499174755693 32.3470266309926
324 118.5500447045769 32.03241227123468
325 118.63040039607446 31.87990603783352
326 118.99216239299685 31.635400799257006
327 118.70148954987195 31.813171722356582
328 118.78387796630902 31.804310183090426
329 118.61196944275588 31.73074336112384
330 118.66259621958717 31.875833137821157
331 118.77147519661774 31.755762266907787
332 118.94624342295413 31.659124379914527
333 119.19610779215928 31.70183681922157
334 118.5997018363882 31.98375595963292
335 118.72432383058812 31.6550528823234
336 119.19147989171118 32.345845990237834
337 119.11536657462013 31.760460359240945
338 119.18436720688611 31.99498426514685
339 118.8592217934357 31.927654846557886
340 118.65640009852952 31.837153946406715
341 118.64672013224046 31.870292491671087
342 119.07083139443031 31.784935300785936
343 119.15975289590486 31.812663596697927
344 118.94010514485905 31.706815438298456
345 118.97612354383683 32.16418443318326
346 119.136966712101 32.08769868340366
347 118.68287119342547 31.836835074128672
348 118.90981116767861 32.31500486182287
349 118.88753790781405 31.906615908203868
350 119.1396555951661 32.09309841541999
351 118.73192764618507 32.00151486879375
352 118.60375301061305 31.863237764843845
353 118.58501713215821 32.312060477850395
354 118.6869119842356 32.28007258365324
355 118.55731687003977 32.27789742912624
356 118.72947965162443 32.3836596884766
357 118.8919452097631 31.63083884090723
358 118.80303556777267 31.987997934519516
359 118.94336414533934 32.367046343623656
360 118.85988761658948 31.704381670294147
361 119.02025791961636 31.814240543239
362 118.82012598315468 32.01396632691386
363 119.05272917491729 32.118527887004646
364 118.81494551209065 31.876018249644247
365 119.02254870376976 31.845643663378933
366 119.01074228930685 32.22388346439919
367 119.10295359555238 31.6131961973319
368 118.61757679159963 32.2395083008033
369 119.0110097776909 31.928081997509402
370 118.48882537056168 32.10422180471943
371 118.77881726881502 32.162767144219444
372 118.90549995942077 31.686229770969323
373 118.50848900948563 32.333466659385145
374 118.54352293880436 32.24496891821527
375 118.65329822140313 31.887390696664554
376 118.7793607889606 31.743860837261888
377 118.99656295777882 31.652705304693853
378 118.63788049708249 31.84300035578615
379 118.77816455498622 32.17983610052262
380 119.13366170698181 32.28497433886193
381 118.73973941676024 31.838432434055726
382 119.04207784240222 31.781593978298993
383 118.90501956631186 31.862013579114148
384 118.54068717707015 32.37710768429647
385 119.17775841517663 31.674518781553743
386 118.58178171227715 31.74547792086647
387 118.74941128135187 32.153581769497556
388 119.18699453094712 31.711839846773643
389 118.69010988713656 31.787783095416756
390 119.14296590452582 32.26261762833461
391 118.96439075659295 31.851202199681808
392 118.62645617148083 32.07881838127529
393 118.59727566104186 32.04037199369673
394 119.17704646013222 31.83050411946202
395 118.82034107499015 31.801299072494928
396 119.0354308760545 31.800680375755565
397 118.6079490776738 32.30638562381812
398 118.85580973936858 31.608670943802288
399 118.5737465360212 31.690050598409062
400 118.82824438527487 31.878203992413795
401 118.50237310401714 31.767964710747542
402 118.51840060949003 32.04555354229955
403 119.13370078421491 32.02686529388806
404 119.11658340123617 31.994633371295553
405 119.03080147719511 31.839584208353976
406 118.85507127286769 32.01227524046749
407 118.63995467933964 32.22543540688236
408 118.99222667761813 32.2477439176062
409 118.64820483121753 32.02960587999258
410 118.5338338078028 32.23690689455804
411 118.71655012397144 31.661380846494257
412 118.90873493669123 31.733641062603013
413 118.90230619486555 32.199815583908865
414 119.07803084675112 31.908615841719673
415 118.75882896833723 31.85270610152941
416 118.60929606369169 32.05873365634493
417 118.54461592965937 31.911716507867833
418 118.64695737482367 32.33250851900892
419 119.15377374319455 31.908035177078652
420 118.51037936487644 32.26232910604591
421 118.92760473885232 32.08725893107744
422 118.81661401691339 32.325365456225846
423 118.63824183624108 31.990145927543654
424 119.00160734116503 32.37880542784137
425 118.8995245515333 32.04867445594984
426 118.56237296786053 31.63572182349782
427 118.96570319547158 32.18038992128407
428 118.54055275972256 32.2981311853897
429 118.65848314838601 31.664948704945303
430 118.89173952218032 32.36868676008363
431 119.01001530144383 32.059249690107585
432 118.88299384750594 32.199007697671554
433 119.11137897401893 31.77533008309085
434 118.98540308938173 32.34139830024677
435 119.17641089637124 32.117308111216126
436 118.67834258653255 32.0316634855728
437 119.18387424274933 32.37495552229112
438 118.65320733458766 32.050855991693645
439 118.64316499283233 32.00966309595254
440 118.61293558102018 31.632179072678774
441 118.57440041064415 32.04524282742833
442 118.93884979715173 32.204201549487486
443 118.49810518668757 31.894630865217355
444 119.0754282934751 32.13956894804982
445 118.9357377315743 32.034015795700945
446 118.71960350466469 31.76660351953139
447 119.11662548307427 32.033769673078865
448 119.09392665943537 31.98429111979761
449 118.93174947715633 31.860134657540744
450 118.54330523170857 32.12928245620678
451 119.19185086666397 31.66210508999388
452 118.9192165452137 31.886678289343653
453 119.1359540690947 31.960674743406273
454 118.60362093906541 32.38858755498793
455 118.51262460406781 32.16686992714698
456 118.71029902838328 32.094147709347844
457 119.05206562277297 31.73517451478928
458 119.0730515608116 31.958032345649375
459 119.12055423405918 31.90016992632866
460 118.7236595861704 32.35497328753091
461 119.0598243985545 31.95709212775609
462 118.59278433942187 32.279650296445254
463 118.87891451912269 32.136443082056275
464 118.53630958992615 32.279480913872746
465 119.0022413194184 31.58951412248061
466 118.74836266620075 32.35231486428969
467 118.57332349426336 32.36530974194644
468 118.96172795044068 31.714795653602447
469 118.78353331669157 31.64207441754045
470 118.71443652220287 31.865040532829006
471 118.74105345884084 32.04825716129933
472 119.04944905780971 32.01770637189752
473 118.78781698841745 31.959938503063896
474 119.11980465490517 32.3214361428214
475 118.60673263421486 32.0451259878314
476 118.78635449419411 32.347382327440684
477 119.12141861058025 32.050853477874426
478 118.91655215755867 31.74470022477434
479 119.00191920684867 32.39710673155596
480 119.0833004994644 32.39422446577488
481 118.86175773247382 31.95450327855268
482 118.60065045207412 32.195584560174936
483 118.71895471281967 32.12163985587138
484 118.6566207363979 31.73775358578649
485 118.62617027066676 32.06573411042405
486 118.91517853841849 32.11497514521048
487 118.64193497629422 32.06555314318039
488 119.08448098617919 32.02784319242738
489 118.8084606822563 32.0634728050667
490 119.07629804160563 32.169514743638324
491 119.09504172998803 32.22041220991219
492 118.98375817123151 31.680292973070166
493 119.05113722272766 32.32947709283111
494 119.06198994757314 31.98573882326102
495 118.92036740289348 32.15028161479663
496 118.71658189578233 31.909109083626447
497 118.79618745060321 31.655019093697025
498 118.71448613708137 32.123426177173
499 118.82456185737487 31.8940119960914
500 118.76757532167726 32.03481698042122
501 118.74217038518388 31.803413244743947
502 118.55998553020149 31.7654277239522
503 118.78658061509479 31.81464666966166
504 118.57643228750771 32.29570504059916
505 118.75128981592988 32.34315582191456
506 118.59246152110657 32.36847659362364
507 118.75695827014256 31.934720928693388
508 118.8803017145136 32.23421927364222
509 118.54106166728359 31.745234133812623
510 118.65751768250598 32.186459383520166
511 118.7904194400884 31.942065958511673
512 118.68843301341705 32.277983584062014
513 118.87972229806658 31.76944568686674
514 119.08248511074254 32.245953037430624
515 119.04615613062818 31.664822277180672
516 118.68020515585597 32.29491800138511
517 118.64481764857518 31.938335431147
518 118.889671424831 31.723183970932034
519 118.78363922636696 31.837328357925603
520 118.54238065831036 32.174504547458575
521 118.65514604455502 31.95590769440428
522 119.16951876688107 31.783327005456133
523 119.15322168202059 31.8105190020867
524 118.75364950524127 32.143467660458086
525 118.52140398276318 32.121028087201076
526 119.04741169493704 31.64717379481741
527 118.6879704238499 32.26675330147617
528 118.51638723967251 31.700172315369837
529 118.69333455249442 31.781419279267954
530 118.58960707069495 31.62132458685214
531 119.12321464323414 32.03328222272051
532 118.63791062101733 32.290239898615006
533 119.01547695075021 32.347532599085
534 118.59712151820047 31.967577076738106
535 118.5553594947366 31.693124398073817
536 118.77877437246092 31.99524527148802
537 118.9370271998274 31.827259641073397
538 118.88010752510912 31.842821661725843
539 119.06640185156249 31.771885201375355
540 118.79585293089708 32.34864426284863
541 118.92467465290399 31.91691596455534
542 118.5443769931768 31.5924309151836
543 119.01885799875946 31.99655854862035
544 118.98644430477816 32.139795000206234
545 119.0583527030219 32.25007246546544
546 118.57124252936515 32.20123179513537
547 118.81129482320661 32.15601296670439
548 118.96429741673019 31.770267848380865
549 118.49475390796033 31.86426758977255
550 119.10658131974739 31.95362358517558
551 119.06711375513885 31.722819224800578
552 118.8635879784032 31.949809032815434
553 118.7383551797548 31.68222477783324
554 118.99279057082228 31.66867584264358
555 119.11699319397113 32.26366108623385
556 118.8502108708109 31.72256860739031
557 119.12977932911254 31.964897249943952
558 118.59189282918861 32.08561440568416
559 118.72751321616688 32.35862584583073
560 118.98003551125247 31.846874365473376
561 118.76073613668939 31.752370009162103
562 118.86483626762897 32.299661367910446
563 118.957440364872 31.835251471493635
564 118.9102963911189 31.826280505420765
565 118.81722888135965 31.72482218843001
566 118.62001761554288 31.960991067617538
567 118.77889831856665 31.760116205805744
568 118.64833170018348 31.89817467711186
569 119.04006939049142 31.86290930362732
570 119.05503531307963 32.1061381126549
571 118.64203393275152 31.950471952964556
572 118.91506685885935 32.12541731271286
573 118.99130798803121 31.840138367859
574 118.81627481034977 31.89407173021395
575 118.54896841801104 32.38114795980654
576 118.9812504180529 31.789487405240923
577 118.54705265705135 32.20239592791704
578 118.96341763150278 32.153725499206935
579 118.57177547358319 32.103843529852035
580 118.94954118592347 31.7006171857122
581 118.68540901025524 31.583556768957724
582 118.76349243680404 32.195126070149996
583 119.18660593321584 31.656988666020236
584 119.15948391725327 31.80849499868752
585 118.888242811395 32.373933796973105
586 118.9521567107253 32.3742249785401
587 119.0717847002474 32.33991056755254
588 118.99531259624482 32.05176256037213
589 118.59314833886845 31.961070997224684
590 118.79953088963556 31.964411920414616
591 119.0859608495192 31.86488756078855
592 119.00837531296747 32.383153900947164
593 118.6258801780392 32.251634026429805
594 119.10306315796329 32.41371194982738
595 118.9305608649023 31.846720716164665
596 118.70850381938332 32.0641795881203
597 118.52581855714936 32.12882819110922
598 119.02552262720222 31.915759189192222
599 118.81252160472471 32.07013211866122
600 119.18300690805643 31.736716575689858
601 118.67584408978524 31.84418821759429
602 118.55600394268892 31.715976212842637
603 118.65112979590063 32.09243057354133
604 118.78874445909653 31.874089553572627
605 118.52230063799075 31.934655883121835
606 118.745634830431 31.89881154552995
607 118.65663405692216 31.64208133797346
608 119.17714591060243 32.32633416294496
609 118.62993200755533 32.16389103385822
610 119.11463959069046 31.857442378294575
611 118.58405383634596 32.306693234558196
612 118.90261535443396 32.16177089726695
613 118.94889963837615 32.38209006532495
614 118.885323443427 31.99339442550328
615 119.16522273147196 31.70004255737925
616 118.80363547839316 31.68943479951682
617 118.94093904838641 32.19506739378482
618 119.10990606188363 32.0493002700336
619 118.6667720475551 31.77632258624331
620 118.86198700972325 32.01849344321633
621 119.18281308291178 32.017021571953414
622 119.04157510102687 32.30239992728964
623 119.01364272297894 31.629354479651063
624 118.78221432715435 31.69219457146105
625 119.10764276895422 31.940385409172325
626 119.07165907711219 31.709501795384533
627 118.80447677811198 32.38014514512696
628 118.89027053277314 31.77071295949576
629 118.96373046827797 32.09957340571419
630 119.03302484697562 31.95145113011068
631 118.81976534534405 32.22427418887256
632 118.7438229376267 31.633965525403706
633 118.60403520171862 31.85009999036595
634 119.01874947288044 31.989639967636332
635 119.03478026260998 31.691794708277673
636 118.6194719983245 32.08107052854571
637 119.11152746756595 32.0164834926158
638 118.61026062856428 32.266370652292366
639 119.07578438162918 31.963830113226326
640 118.60502857040007 31.844431394639685
641 118.945780343264 31.83364513017719
642 118.86815881661161 31.807083063148102
643 118.59687054172353 32.34771616380113
644 119.01521490182672 32.23256554684781
645 119.02142454688003 31.881352727859696
646 119.11708156156222 31.949463145864065
647 118.83109414124208 31.682380543958946
648 118.88151424260123 32.0803336219448
649 118.94910037411942 32.18908089797667
650 119.11136481197694 31.799739705329184
651 118.79218523494039 31.9732960655406
652 118.96779640476136 32.127210986912885
653 118.91589920686148 31.97355206470443
654 118.64230515198699 32.032649313062144
655 118.98156722139815 31.753313323579206
656 119.0994272324121 32.22079789990082
657 118.81488712489092 31.685173231748657
658 119.17473161604596 31.984372896185835
659 118.88120967257514 31.85009230077189
660 119.1283880245802 31.690591556788696
661 119.02945740214871 32.29182293438985
662 118.77530621347334 31.748484420804267
663 118.72520033519153 31.9699104058016
664 118.75263505428546 32.1010445742076
665 118.74105411163747 31.83428667640822
666 118.51841760387222 31.982389877431068
667 118.50515582954051 32.01439727141433
668 118.79102357738267 31.948344811658146
669 118.63774463208466 31.888195590223578
670 119.09367756969196 31.789516063321784
671 119.1724381744522 32.32923427332114
672 118.70981729338682 31.994847230315187
673 119.02731508955125 32.15916301300489
674 118.75318856988076 32.01135548603819
675 119.10661744300401 31.836896381453126
676 118.82310947490407 31.994855890294815
677 119.15614628069694 32.251901754155305
678 118.98188693015244 32.28615356152651
679 118.58358928317915 32.349555173719445
680 118.6035495889781 31.78501395628877
681 118.79929955744294 31.8750646694474
682 118.91388559925291 31.690211704181607
683 118.87242780331152 32.40507062341299
684 119.11474245647325 32.11791309315639
685 118.51332350141742 32.1628150846719
686 118.58260919019756 31.95611591541263
687 118.70923809225901 31.811698523973792
688 119.10300329166549 31.92998593760794
689 118.50028658171115 31.849453275136344
690 118.87394057713605 32.02605236490929
691 118.50465327466478 32.24639282603024
692 118.88486216500442 32.264583834522305
693 118.83470392687526 31.848304619771454
694 118.58730123506919 31.74033054867826
695 118.9160140792093 32.19507574074803
696 118.92758798905268 31.932711187839168
697 118.82134732384228 31.741810970007535
698 119.04874240691399 32.111856129454594
699 118.54666150727735 31.67788268761206
700 118.73769577958964 31.683132540183294
701 118.84758790545074 31.60064518125391
702 118.72215986076486 31.74818164588049
703 118.57986670940953 31.96640314798342
704 118.57519004583845 31.74947127631071
705 119.03780781875007 31.64291968305413
706 118.67044169358354 31.99608993178005
707 118.95964108425682 32.31818536865049
708 119.09691488053846 31.592021996568377
709 118.7145086452226 31.785924172913056
710 118.63005391146102 32.33969551827866
711 118.89378154277588 32.116097081118774
712 119.08108951386383 32.25773252890196
713 118.76419528985878 32.31881668003789
714 119.08882533119139 31.7846104908325
715 119.19145419898358 32.20562552035197
716 118.97723703335559 31.81680104161858
717 119.12591180186298 32.33933229688378
718 118.55843851271797 32.36139801370154
719 118.7839507782223 31.729737495197124
720 119.11318848324115 32.27344574121373
721 119.01306634147737 31.65546130142251
722 118.58211896698766 32.08507407080988
723 118.67527544801659 31.98111051959491
724 118.71683509142723 32.06174469862468
725 118.9558659135123 32.20296918455835
726 119.01722275987169 32.3086363229108
727 118.84434681211104 31.994975409525225
728 118.51997817034426 31.650128941682038
729 119.13630987248433 32.34707601699074
730 119.15613907021118 31.640898711130664
731 118.73245303434162 32.23670931527714
732 119.06951217051372 31.722560455513282
733 118.86217062304482 32.33228467878196
734 118.83609100954838 32.09558644339769
735 119.16682180679776 31.842962651223974
736 118.50465848426775 32.28226626792626
737 118.79497328716593 31.727944485527434
738 118.64069024146549 31.779148302984424
739 118.82621462571214 31.841679928393766
740 118.8022407489047 31.918974497635546
741 118.62508506880236 31.790934147719863
742 118.90482856585281 32.32375512448838
743 118.76653175585328 31.96609149579037
744 119.13832270681802 32.36524873386171
745 119.14402593718779 31.825015473644715
746 118.76837132704813 31.9730196990214
747 119.03292053306633 32.264821012860324
748 118.93737576456977 32.38874478845215
749 118.7630349581456 31.964747591509333
750 118.68401230428691 31.98452849718241
751 119.14592927536049 32.35874767570214
752 118.64721489731498 31.948817607444344
753 119.03399949902618 31.94867695751037
754 119.04228778682803 32.37819852531988
755 118.63154965489052 31.99981366782558
756 118.75915370728363 31.69425185400588
757 118.80022712906607 32.352987167777485
758 118.85700190008846 31.975668878834433
759 118.92738346581564 31.88183555939765
760 118.7545852569959 32.32163420819795
761 118.93074615230636 31.606917058909094
762 118.80298738352731 32.357150966188286
763 119.16419201272684 31.669925860654963
764 118.96644866066434 31.65828337746475
765 118.87016081292445 32.328804874112954
766 118.89884555892117 31.967520533354417
767 118.57857360158323 31.740320562718672
768 118.68701918395699 32.38363047063487
769 118.98780138288006 31.852804331782153
770 119.20996497996872 32.34390593997115
771 118.72646731178996 31.966523960627814
772 119.20626807918624 31.917280234386418
773 118.75091660387267 32.0575375835312
774 118.81414750593555 32.3234636067389
775 119.1793459545133 32.38386621365469
776 119.07189995218225 32.14678746904024
777 118.88051427616134 31.907256112229085
778 119.179163737245 32.259937901580884
779 119.20292183653947 32.33967409456878
780 118.61326788470294 32.04924555154597
781 119.03831767564166 32.17512338656879
782 118.68084801151082 32.30427910204012
783 118.71280765977616 32.15089432330276
784 118.80676511449298 32.09649880783532
785 118.82781088538907 31.896188338997064
786 118.60021899412696 32.083989149243926
787 119.02305827009347 31.77192831521258
788 118.51137109218884 31.710013985015895
789 119.19569838743418 31.797749073120194
790 118.67575986895935 31.960292595973534
791 118.9863975636451 31.8718228408036
792 118.86728231328202 32.17967766986685
793 119.08255234792298 31.912987003193123
794 118.63461045249235 31.966127916922957
795 118.52409627889087 31.81379441269193
796 118.62566740360022 31.6558829748222
797 118.97483494077012 32.16982523515673
798 119.06768194464935 31.778553343257492
799 118.60479126378284 31.987120498257468
800 118.91904112203588 32.08145428866886
801 118.51695974675992 32.14018056917475
802 119.07053068919856 31.939516474289928
803 118.58032638192866 31.808141467449325
804 118.6168016872308 32.304978208944846
805 118.94937850595534 32.132942884009594
806 118.826553652038 31.806867760924604
807 118.7040088851264 32.229365277816555
808 119.16233030815636 32.0330339840241
809 118.86975148003668 31.950366049308744
810 118.62336286516566 31.693337908499334
811 118.7902639161279 31.78033913901271
812 119.00980455310075 31.69670950182303
813 118.82585631908992 32.15057699983198
814 118.58047358161615 32.179070216419454
815 118.60975652250256 31.97116294241006
816 118.66365607657673 31.63779962321443
817 118.87045484790728 31.727884632766397
818 118.93858247041906 32.348461664975424
819 118.84062320403267 32.30664285715448
820 118.64696734874202 31.916624138867917
821 118.74153807260342 31.702814680612555
822 119.12075030666833 31.95852591610038
823 118.67168333445474 31.94294840672091
824 118.97274517630328 31.616448278782823
825 118.7579300341024 32.18057583871932
826 119.20013801446427 32.128545022059946
827 118.49321424494826 32.046725482324796
828 118.70995338102804 32.24523382546797
829 119.05010230045136 32.265452344925
830 118.53372297092966 31.75904902098053
831 118.7741909766124 31.67065845137856
832 119.16897382367522 31.899781286602728
833 118.96504570263349 32.28574581314932
834 118.58595526610823 32.213578741869036
835 118.5654795338774 31.796432978355856
836 119.16201926347513 32.212479874483435
837 119.13779945245304 32.06064529058119
838 118.62734154446142 31.817764409965633
839 119.1140772205637 32.16299995925211
840 119.01815840587949 31.83790224354852
841 118.78021738523742 31.851919844210826
842 118.66067130428392 31.773517090406962
843 118.59885610863856 32.05302697016514
844 118.65180177921607 31.980814379123654
845 118.84165241439835 32.09294943446001
846 118.53153336779086 31.622126731161288
847 118.92985347536174 31.92213287586986
848 118.91838041279222 31.635975628818976
849 118.93531693604359 31.856600960013253
850 119.07949661169975 31.67024020066932
851 118.54544986331169 32.0414304262442
852 119.18636028224698 32.337799083856154
853 118.82926067399846 32.278082087212304
854 118.84073000647149 31.992170048203572
855 118.60868305266715 31.89678581445624
856 118.95846379443107 31.6205884191548
857 119.12877453674768 32.124265686527
858 118.55377406484988 31.8383996245067
859 118.70953578022545 31.93597405538202
860 119.04697792493465 32.09599327566575
861 118.51665704897279 31.752740270578276
862 118.89879224457977 32.033069691872804
863 118.66698679009225 31.972483086235282
864 118.86414235944306 31.912175765382834
865 118.61119249813866 32.277879209125274
866 118.74169309480253 32.19511135437923
867 118.74033052804894 31.709366089355463
868 118.77423886502575 32.320511863039194
869 119.1666057765361 31.591197717014314
870 118.59212993741197 31.782487041284327
871 118.68169757033063 31.70413766868189
872 118.97150256186121 31.860427929172328
873 118.75326422780773 31.682596007579797
874 119.1503082879713 31.822803735951684
875 118.75046812567821 31.906323223071087
876 119.15993558432606 31.984447811544047
877 118.60277146108149 31.829334438778655
878 118.81604908359324 31.650222417726326
879 118.85816515521695 32.008336979647126
880 118.92298842630557 32.08558904262471
881 118.78137285861648 32.11426393865074
882 118.86044422125285 31.6098573846686
883 118.65939447829851 31.686566482171237
884 118.66594994017868 32.1397371116706
885 118.56940444597802 31.712491973938818
886 118.87051259712312 31.680768690706035
887 118.84260646684633 31.951881037574
888 119.20115975998857 31.897156617848715
889 119.06173625663001 32.12581508914336
890 118.9892975716305 31.6244046904477
891 118.71422429828098 31.802027430988655
892 118.6719330508034 31.814636924104043
893 118.97798099107979 31.868905084271347
894 118.65497026862462 31.60971755097889
895 118.53750845155925 32.03141093359938
896 118.70274712925487 31.60014186434747
897 118.87088072093636 31.84195952636684
898 118.62501265024113 32.32568435873849
899 118.57920371159324 31.72330271436754
900 119.11548767017669 32.129132869631334
901 118.84101226248565 31.992109698943707
902 118.51398341496302 32.333037556042036
903 118.66904485614342 31.950177797554513
904 118.53526876097712 31.740990896083662
905 118.68384234789757 32.398313797772936
906 118.80032049066494 32.17619844315492
907 118.59030598045574 31.700220757549133
908 119.1420994565635 32.02842855369226
909 118.84335493796596 31.866280557765922
910 119.09083037410687 32.301174677004475
911 119.06920612532879 31.743515135330345
912 118.59453391085434 32.114567608315596
913 118.54868480176961 32.3658747359278
914 118.90353655737833 32.34028841201654
915 118.51338116135969 32.32894669554503
916 119.05685074465966 32.120442564756026
917 118.71774472125871 31.85662905120212
918 119.01210552128234 31.65246990349932
919 118.62621794517024 31.74135465537473
920 118.71530353723809 32.31332258894704
921 118.93896219663424 32.17650673824665
922 118.66065869804149 31.667852772393378
923 118.65798601714462 32.379010130235116
924 118.74797523391058 32.00253568374062
925 118.51975539773083 31.754065843715438
926 118.98183115456791 31.9762613557515
927 118.57501556021356 31.934097694847576
928 118.65618998226938 31.784105469623604
929 118.55315299988393 32.1006023853126
930 118.81585967257188 32.01480410010876
931 118.68640229809218 31.806112109369273
932 118.85487659281384 32.217633323882986
933 118.96080370626703 32.03162430162848
934 118.64661056146507 31.872049605904564
935 118.73274530525057 31.726131033525323
936 118.88803810358162 32.00236767091756
937 118.67427964254371 31.71155750887655
938 119.12486059681402 32.31676144281654
939 118.54397044334038 32.010885690225265
940 118.5959548556451 32.33878505304447
941 118.71538872969421 31.864169318331427
942 118.94598218010438 31.95437400459906
943 118.55234875579386 32.036011046518745
944 119.13861030287848 32.30533939621621
945 119.13631693893282 31.69778717960513
946 118.96093951392233 31.917575992317886
947 118.75301258638551 31.677824618751668
948 118.68396510307724 32.348142268894726
949 118.72651402045923 32.262876066666976
950 119.12797445493048 31.92905008184569
951 118.861168132829 32.13153774535125
952 119.161610480078 32.051185210276444
953 118.83787781896632 32.080162315578924
954 118.64593414901853 32.256667129435094
955 118.57993996689122 32.37704976950806
956 118.98070982291102 31.665181525589045
957 118.71335073698239 32.06458616392096
958 118.95444609652411 32.329311855241315
959 119.1594199338916 31.924552128736188
960 118.51567836602055 31.795513674362155
961 118.56728494475483 31.6905094437153
962 118.7290262165952 32.11116387531468
963 118.71649583442849 31.759198876108876
964 118.76307050587884 31.893632323091236
965 118.81555356878008 31.90265611640143
966 118.79393734615923 32.09380921427495
967 118.56291880184278 32.3600852601459
968 118.7263521531588 32.39983755103292
969 118.59758394710161 31.831579572771506
970 118.6311579137352 31.81405485343266
971 118.91448459874326 32.19104880624937
972 118.52571185824468 32.162891561331186
973 118.68509242477563 31.825597377560104
974 118.92292097055078 32.35731374881114
975 118.69928008741459 32.240411674344486
976 118.84499078698525 31.75003302626274
977 118.80737661031387 32.003339936428986
978 118.9368808507584 31.665467481913122
979 119.0859853883757 32.03700569173523
980 118.69288952032718 32.04387063251303
981 119.13380224236157 31.758294560646576
982 118.9683153618226 31.654333412553836
983 118.78445373446635 31.733354100973887
984 119.07900340786509 32.0094409345341
985 118.7928979943541 31.64406705784178
986 118.97613130768626 31.747951377916497
987 119.12859634275414 31.745485798837304
988 118.69452903714584 31.924807978340972
989 118.84154502911795 32.019346515367026
990 118.77107219626112 31.87660998433145
991 118.57832575599345 32.099655579000334
992 118.57023938198176 32.326285836292534
993 118.55371469889435 31.794283524528566
994 119.11707285686866 32.38787812030313
995 119.12374009265416 31.85401852491226
996 118.74043155289405 32.09545998416926
997 119.11048183248137 31.887272223275414
998 119.16711149905511 32.147167910547104
999 119.03959657999637 32.292748436645525
1000 118.65747754225077 32.24119360958321
