1 118.9399581159766 31.946117144303507
2 118.89573318355717 31.614664811062333
3 118.61435059583512 32.050753827442485
4 119.05435338744972 31.96881972792524
5 119.1673238803436 31.94337611814915
6 118.95935997818837 31.870273158011134
7 118.90676197576616 31.752311789316618
8 118.60812080088877 32.072634418678156
9 118.69951477728891 31.83294452673753
10 118.74948787063457 31.813013116282782
11 118.62576723182586 32.094320104067286
12 119.20375675282159 32.025859146331015
13 119.146589116982 31.715310517316688
14 118.76681605311892 31.9896730925585
15 118.61024055958106 31.731244107054028
16 118.77139139225787 32.23204042314483
17 118.63335359186381 32.303970251217834
18 118.87196590158138 32.0033838863195
19 118.66028626945909 32.28195764849302
20 118.53574402946695 31.666509218530265
21 118.93208994183647 31.990531550862254
22 118.74674516768968 31.636290461247143
23 118.98044696726411 31.939249535348313
24 118.85887336801026 31.685918178750434
25 118.97173703572042 31.689638081837987
26 118.72436779293213 32.087518746099164
27 118.89705338200692 31.7772969247148
28 118.83795239906888 31.668378443314538
29 118.92301656457755 31.777607859933852
30 118.52085805460538 31.871030663137464
31 119.18774839601159 31.97836206950995
32 118.67193091151 31.7644459258662
33 118.55527957562144 32.094353606161874
34 118.71003228249225 32.004882333355894
35 118.9939750165838 32.031181229637696
36 119.14310789576254 31.91262715240078
37 119.09042406064566 32.20516584589307
38 118.70712276637192 32.05346299971908
39 119.09594212476897 31.710948800262877
40 118.55990596827209 32.14806709299391
41 118.55709136426188 32.372176431047734
42 118.63308927692692 32.016891775109656
43 119.04148335556906 32.30252824574786
44 118.9925644812074 31.871214851003053
45 118.5877650435796 32.0623977033632
46 119.00880112278507 31.939497319729824
47 119.02959238291025 31.928524323210926
48 118.60114666389737 32.241966385769366
49 118.96436343422319 32.03209467159178
50 118.78351376101237 32.35519120214269
51 118.53712966421999 32.01870586805315
52 118.8716007783607 31.672718851721626
53 118.84566533838971 31.89615433872321
54 119.10139168875396 32.27938107544795
55 118.94436798783109 31.949697004626838
56 119.09983470832209 31.623195914176154
57 118.85605656366089 31.821159066291486
58 118.99966753809034 31.63937441896004
59 119.16937180353915 32.37931174219175
60 118.52621963603644 32.37886277895782
61 118.79780204544753 32.23924690502688
62 118.80943746756314 32.07621866584211
63 119.0390264288524 32.218002871270166
64 118.5304821503678 31.74780987779588
65 118.90260037863023 31.833928676602387
66 118.68584657020732 32.00243194763372
67 118.7977674757695 31.885141428983886
68 118.9716730244114 31.652929390201464
69 118.93089384042318 32.35482347294708
70 118.66254958440693 31.973174169408892
71 118.63404108282022 31.999122149397085
72 119.07340425950103 31.874008061418092
73 118.85092866143877 31.82031073279701
74 119.17526837297 31.888940592023353
75 118.95868508518377 32.26916952225549
76 118.65283530413147 32.22295857700761
77 118.6207490022529 31.877959864702515
78 118.72836733641287 31.61677318169882
79 119.03679515773621 32.22645250284099
80 118.82416129727686 31.806496935326408
81 118.89539344353852 32.07288687814662
82 118.92642305466516 31.611909131361724
83 118.64973763568334 32.113437786607854
84 118.72325415762474 31.931936220968808
85 118.70992298306214 31.976735605885516
86 119.13590686602258 31.927208364788637
87 118.5202117749062 31.88313306623819
88 119.17662629037869 32.02264313374852
89 118.61228095327601 32.392166972106466
90 118.84917488513616 31.700708045583355
91 118.68248692587224 31.8617650148123
92 118.7015932484746 31.630687591103953
93 119.03241647185857 32.20734145449445
94 118.99884888752726 32.13584100546614
95 119.02810059574453 31.767998311214765
96 118.60039538838801 31.9052385022155
97 118.6534365787252 32.13599412834995
98 119.03374233599082 32.13635005376967
99 118.56808698310995 31.729198265630977
100 119.09021036048982 32.32005708282238
101 119.10441355915023 32.23202727507282
102 118.85950439434359 31.686511320588583
103 118.98153500377302 32.28511203173046
104 118.7260384616585 32.20512841821832
105 118.94428413106709 32.25111704462803
106 118.52956608480487 32.02750571008677
107 118.68053731260574 31.781084097850453
108 118.7921092773733 32.36172816002704
109 118.8688780334586 32.07917307398745
110 119.19816772831085 31.872065168361072
111 119.21770797433287 31.833836758284757
112 118.58567353875769 32.318189484952875
113 118.7021995117817 31.955570688308367
114 118.55255141869108 32.047153706837385
115 118.72608591846671 32.10874822263357
116 119.15774858057253 32.26774198360794
117 118.90940259865359 32.09140943824897
118 118.52737046291352 31.738317748223288
119 118.88256409227192 32.062730160923024
120 119.15926291924758 31.99523057008387
121 119.1912024364703 32.041206909962106
122 119.132188439585 32.15717109909097
123 119.02987087764052 31.79342286345869
124 118.66447380826935 31.749595867993808
125 119.14056285048183 31.69431846894131
126 118.72624521494473 31.83598829968848
127 119.11721639378275 31.606659649201763
128 118.51936436450298 32.091020035839826
129 118.55198113232679 31.835951907975428
130 119.04906019154325 31.748011753904606
131 118.55159245425396 31.673054437155475
132 118.8084749074422 31.814857382452935
133 118.74455366442297 31.77847517465006
134 118.65600333158228 31.830663942776674
135 118.7486679286283 31.964202852033708
136 118.83854551000539 32.01854893504176
137 119.11892780658319 32.25664762999824
138 118.9413138508023 32.37243817475103
139 119.13994618142914 31.642469883951094
140 119.10588797861682 31.799400893224202
141 118.59071907046109 32.09635685244843
142 118.772580072139 31.760940521274172
143 118.85882237274605 32.29905467089821
144 118.68645488672335 31.752855104598403
145 118.8780998828976 32.16878928720392
146 119.20099879247861 32.097094925386614
147 118.65756503227533 32.231084519713185
148 119.05517016465677 31.632151837767662
149 119.20260931445054 31.79324081036114
150 118.6617133563898 32.177560655974716
151 119.10579978893577 31.703324646525466
152 118.6241493571938 31.636075848347474
153 119.15322057115061 31.885689644468318
154 118.68797845545085 32.09871097118759
155 118.69755184224785 31.60621418187915
156 119.12560391503426 31.676610742600413
157 118.69619808391602 31.621079173284468
158 118.65926041012658 31.920972185456524
159 118.72756711147629 32.142459455713194
160 118.99718270760056 31.761691329948565
161 118.5124197553937 32.27705997113121
162 118.62220317772562 31.949943916518613
163 118.572218028713 32.103972185724835
164 118.84012314986927 31.831726700089636
165 118.5229122505118 32.10922415351244
166 119.14569056828714 32.38484691483687
167 118.82448044122222 31.966332576512656
168 118.9180184647095 31.769084778574005
169 118.65801626936357 31.955841810051012
170 118.99808828929247 31.939171492895206
171 118.49862409016485 32.00534506717
172 118.54937383996803 32.01516927106329
173 119.15170197569591 31.64435520001498
174 118.62262787850388 31.724917339104408
175 118.84750220948811 31.966960711946452
176 118.88844013406103 32.162144396356176
177 118.60849874893194 32.23293345829522
178 118.91341550363583 32.2077343976474
179 118.67904295592005 32.018326535196536
180 118.95702631556226 32.371847189314934
181 118.69554391322828 31.851272439341944
182 118.77433311528382 31.981605102645947
183 118.8453690033408 32.23617376994816
184 118.5026653937126 32.25283245001375
185 118.58479346756224 31.910677706693303
186 118.5495078831491 32.28634134518869
187 118.78831080251273 31.957481875904996
188 118.88659265151824 32.18145147321727
189 119.18153598372393 31.59560483900386
190 118.73819221358252 31.62200267640972
191 118.61589539767878 32.33055957388001
192 119.16357072140045 31.692796462910778
193 118.87821567044108 32.15437269749601
194 119.15956713373538 31.83469639531494
195 118.73622284602119 31.756950006371838
196 118.54706964638642 31.87897503538043
197 118.83766334582374 32.34756544403094
198 119.22385171044903 32.060915965132125
199 118.54143547415592 32.323973396956205
200 118.86460309957687 32.16914468529484
201 119.08710901467838 31.97282061579181
202 118.65558879593009 32.00252590490604
203 119.05995748282028 31.782820974019277
204 118.54497564556166 31.61346523039375
205 118.71209977175683 31.908135957988726
206 118.6196945207272 32.039860941782386
207 119.17007875093856 32.312780899573966
208 118.93340222411761 32.125970130767236
209 118.70339956948753 32.25990313836941
210 119.13354081137469 32.32598693745035
211 118.89559939826545 32.33105733252542
212 118.76516611230083 32.238671348018904
213 118.98540017848828 31.713571016465863
214 118.95479077957918 31.881181034717493
215 119.18529845344779 31.750741781774458
216 118.52049076423845 32.297638990707306
217 119.08733822223215 32.21315194038683
218 118.97828020352976 31.88381039279401
219 118.60210916337418 32.050626144032364
220 118.75875452854274 32.26283286033386
221 118.51831750142617 32.28062003137704
222 119.09581484213538 31.74880144651924
223 118.55216600345626 32.203594667037045
224 118.63401088917492 32.26097452207823
225 118.97977091737792 31.669262727885886
226 119.0347881448994 31.67461172371466
227 118.67435043555875 31.937208555881536
228 118.62903773467731 31.779296687799146
229 118.52281945597531 32.31127764436406
230 118.54447532573002 32.19174879308452
231 119.12518505735906 32.169775366380016
232 118.65240044882025 32.205635677207916
233 118.77909077444258 31.83928153389354
234 119.04599973339462 31.78133970073168
235 119.167147408932 32.08347095261253
236 119.12789132856521 31.91155971689735
237 119.10820845789223 32.326713069285624
238 119.07411264880439 32.120271675948736
239 118.74665182273888 31.896510518609666
240 118.94970592875866 32.26191836370849
241 119.00887933068606 31.9103579492275
242 118.79392149681638 31.724818327907688
243 118.93860764615042 32.21905212153011
244 119.18662400386994 32.002250071797626
245 118.7206953222226 31.794598059628388
246 119.15880824346831 32.14863923314888
247 119.19102511780864 32.38939782081204
248 118.89064125814167 31.805391924874744
249 119.15729519085103 32.22622458153437
250 119.00729828556354 32.188593570208816
251 118.99402782976665 31.69859703326778
252 118.57344537799791 32.2794065705196
253 119.0239275530851 31.976904630120266
254 118.61788494002937 31.683803590857487
255 119.0332203994357 32.02132281119632
256 118.53279090201013 31.853010674707207
257 119.12485947776933 31.71971972361295
258 118.62269960111884 31.659496461246246
259 119.09316006613092 31.77432931207478
260 119.11170712292133 31.955463019500915
261 118.55106827063442 32.11527503248532
262 118.56065002368969 31.668786818794047
263 119.164625264091 32.16127334488997
264 119.17984726207153 31.685927615074725
265 118.54878469123656 31.74174182936179
266 118.94291542619943 32.180701283032214
267 118.76889851691018 32.28964252960844
268 118.5399584718571 32.35079461552016
269 119.1005501384561 32.11557241899459
270 118.96911363007344 31.968573197577314
271 118.56340048959433 31.686468293375306
272 118.81984528855081 32.05563580906207
273 118.79204082677091 31.72094237528689
274 119.18201786533461 32.00833790877858
275 119.19023722283394 32.078855264839966
276 118.65742747649108 32.27292389017929
277 119.02984746877767 31.854228775759285
278 118.95808486517505 32.38111496024256
279 118.82768305983093 32.36762311732613
280 118.88953650209078 32.27293020565634
281 118.76941133243393 32.1718896763858
282 118.51741706190496 32.16958899754055
283 119.03201325870545 32.30671945424457
284 119.03967634073807 32.36629780901309
285 119.13958292674175 32.26166915083543
286 118.84216413445534 32.12518721822573
287 118.55675627085267 31.692407746042665
288 119.1669705799808 32.10363461914826
289 118.68997304601719 31.882710617840562
290 118.5889930356894 31.715890951795238
291 118.59510389977329 32.31389086540393
292 118.91928819956675 32.26181715694453
293 118.76129125130977 32.00840094231525
294 118.97356917511827 31.968982132945595
295 118.53636587416597 31.99881562962863
296 118.51535246746377 31.824336987029902
297 119.1800217028741 31.896968944839355
298 118.5479782666614 31.963521966721043
299 118.74419026097063 31.62110144024053
300 118.52958342628196 32.309305519912996
301 119.14165452865853 31.638520476320828
302 119.10691209353763 31.915686217310267
303 118.90229810107257 31.687240029108192
304 118.58888808200032 31.788322801237257
305 119.09266291560856 32.356637961344354
306 118.54983438532823 31.897248123178052
307 118.80997346496477 32.168475202796365
308 118.7150110358168 31.688592209450643
309 119.20792439318345 31.778577475111362
310 119.17668608176318 32.30098316095134
311 119.07110755141116 32.309930352805765
312 118.81292044306838 31.78903861649727
313 118.85847558979223 32.384036557552335
314 118.89676888294258 32.14899017506745
315 118.88954072165778 32.00189272923755
316 118.62684127197248 31.877732345848052
317 118.67537882155402 31.876018712440743
318 118.99346211124266 32.38315976160397
319 119.09546101305864 32.16180348164732
320 119.16816743878283 32.01272933842326
321 119.04767457088306 31.631346987339324
322 118.92172036534545 31.80425783693539
323 118.53713521779484 32.33493994604029
324 118.5605107446009 32.038162428990255
325 118.63191131231262 31.866451777369416
326 118.98716645004691 31.639814840669807
327 118.70534906157286 31.81683115518141
328 118.78167925890682 31.790475689843877
329 118.60102434599506 31.72966996798449
330 118.66535162301972 31.87867975797955
331 118.75209012264499 31.739308512839802
332 118.938381111691 31.66494290431203
333 119.19928501295954 31.714369920084216
334 118.60133112026504 31.986990323182212
335 118.72272387674494 31.64861986792278
336 119.20300210572474 32.34264716652249
337 119.09967598536441 31.770419220408815
338 119.17649326279265 31.991186436275715
339 118.86323994521364 31.918695830354217
340 118.66527266653497 31.83925949194197
341 118.63710697480239 31.869786360427646
342 119.05671601815473 31.7990317941812
343 119.16179532683863 31.819584285451963
344 118.93105962751261 31.703761592953597
345 118.96148275370112 32.1386733759026
346 119.1325800072468 32.09286849231912
347 118.68045952899733 31.84549908013976
348 118.91495134699409 32.3189110441599
349 118.88339806195397 31.923198361496276
350 119.13775217700285 32.09474829410168
351 118.74059459225242 31.99416551507936
352 118.57811681370755 31.86195713221694
353 118.59373009039926 32.302925261905656
354 118.69051975429781 32.28716577028548
355 118.55669556302328 32.27560620624412
356 118.73063073602829 32.395572163389595
357 118.87719464328056 31.629293709582875
358 118.7988331342072 31.98498821830124
359 118.9494178829553 32.36487609486576
360 118.86364039605255 31.702734011838704
361 119.01933244900665 31.79482574649978
362 118.82717992210102 32.01250509121234
363 119.05494143751793 32.11372346176086
364 118.80187075774079 31.87260914672783
365 119.02676707903636 31.850467720006105
366 119.01377104443588 32.23486979387691
367 119.09510067055957 31.618284401490197
368 118.61910638735935 32.23662732008284
369 118.9971276162023 31.936378838360813
370 118.49332240057808 32.12196796958828
371 118.77294773776887 32.170232123390775
372 118.91437578722194 31.68333613356106
373 118.50500083312896 32.341761019003954
374 118.54001996725142 32.25684046831194
375 118.6515536721999 31.876580134586533
376 118.79028819378289 31.754577991760073
377 118.98806600163527 31.663295195254317
378 118.64805548300514 31.835925746883632
379 118.76790120068372 32.18106304261172
380 119.1346678083246 32.29026376151771
381 118.73089157563025 31.835878041844996
382 119.03981691563808 31.79557069248909
383 118.9137095453969 31.85268244730641
384 118.56092506248717 32.37238094358975
385 119.17083461717438 31.66654797359969
386 118.59004422966106 31.73487265577434
387 118.75293555308569 32.15624554133239
388 119.19131368392989 31.701451166529083
389 118.68265208766724 31.784543848961853
390 119.15228584331773 32.26646539863034
391 118.96664588241241 31.84339853161933
392 118.61762892759725 32.08624065541844
393 118.59063961044207 32.02504605220956
394 119.17758229107909 31.828323374033857
395 118.81385754849684 31.802992223301903
396 119.03817215265629 31.785986383166122
397 118.60715589175551 32.30142440718617
398 118.8646766578813 31.61469704293653
399 118.57869092858473 31.68854235202929
400 118.82946822618938 31.871395020403625
401 118.50664480607985 31.768806253725057
402 118.50139781072387 32.048791245226255
403 119.13200331788927 32.0243892666868
404 119.13331517557835 32.004733837615866
405 119.02543700809915 31.84432118719792
406 118.85291447162042 32.016350219298744
407 118.64502321832494 32.22231792860732
408 118.99557826454742 32.24057861611827
409 118.63878860091107 32.039446511300916
410 118.54821328446899 32.23842411374087
411 118.70949495658391 31.669984670843203
412 118.90833600726101 31.736780128510535
413 118.90574772420567 32.2000373422654
414 119.06607115616501 31.920058407496573
415 118.75492712918007 31.860238582327362
416 118.59184026889429 32.06184130743123
417 118.53849522866123 31.910483437981817
418 118.65133721947242 32.331591927637604
419 119.15236360874053 31.902880658077194
420 118.51267148480687 32.25378015369
421 118.93624778341545 32.095129171887805
422 118.81298979096802 32.34139072276416
423 118.64004242400766 31.984589175750305
424 118.9974564379089 32.36831543902813
425 118.89762460484783 32.042787031404686
426 118.56863966531125 31.62669953259112
427 118.96634944094708 32.18764576180937
428 118.53269834403817 32.30294015513941
429 118.65982285029524 31.65883419965665
430 118.88077661449788 32.37871525574697
431 119.01756474178904 32.06399839299682
432 118.87311575150021 32.19355370375451
433 119.09691072897554 31.778971950722287
434 118.98195168833408 32.34972317949643
435 119.18218267692623 32.12024884597547
436 118.68747216326929 32.05347782182471
437 119.1842859627751 32.37381909983605
438 118.6594173512275 32.052824989004954
439 118.63723838091117 32.01464672940082
440 118.61748151201962 31.629524344688143
441 118.58652008995601 32.04482695415123
442 118.93919525451776 32.19421913369939
443 118.50164736122275 31.903601051393
444 119.07061574446875 32.145566264240365
445 118.95230377018012 32.042319072856465
446 118.72541681864875 31.761819331123274
447 119.12222567967335 32.03905912751448
448 119.0942464592216 31.98244337815414
449 118.93131234327811 31.86084276193936
450 118.52732765034803 32.1294991946157
451 119.18528597872196 31.660567746859364
452 118.92460566268093 31.889717610417417
453 119.15547336132565 31.94380742241913
454 118.59389696666055 32.37793920642948
455 118.51454158588164 32.161429099924085
456 118.71845569532843 32.109500907760136
457 119.04227568268885 31.72127644391456
458 119.0685601105421 31.960047696178396
459 119.10113485985741 31.89999442818123
460 118.7156937637913 32.36239436317853
461 119.06041399535852 31.95905746541359
462 118.59596394898813 32.27349444468018
463 118.88576742342181 32.145175768838236
464 118.52669973195334 32.274375091017575
465 119.00217691083068 31.581048130579422
466 118.75447454282642 32.35513148387983
467 118.57353306613822 32.36047927176008
468 118.9752505332624 31.720515819472492
469 118.77971890743395 31.635959375935855
470 118.70223711885937 31.86201047785494
471 118.74962706320238 32.02683256398551
472 119.04882507413488 32.0184662180322
473 118.79636516978177 31.957228063387692
474 119.1157642581606 32.32575072042536
475 118.60386307056191 32.04334617283582
476 118.78639303752482 32.34687746839421
477 119.13137865285226 32.06474678680605
478 118.90714865004387 31.753908537210215
479 119.00351145704431 32.40016887627763
480 119.09591075758767 32.39215690729059
481 118.86981819031945 31.950935484074332
482 118.60591918337241 32.19699429210456
483 118.72319114159069 32.12202517971616
484 118.65432490696632 31.750810426035443
485 118.62953025961981 32.06717166743751
486 118.91066557162915 32.12145222519186
487 118.6348920827376 32.083703615095196
488 119.0689783022486 32.03096745587697
489 118.8143177053644 32.066653334533115
490 119.07288119291655 32.17751858599734
491 119.09391528962068 32.20870728639878
492 118.98018645056634 31.682680830434915
493 119.05256284487312 32.33033344950627
494 119.05764179864589 31.998045645616514
495 118.91741904069357 32.15682690520367
496 118.72238366275522 31.908881623079434
497 118.7987767997687 31.65436690706112
498 118.70435652131572 32.118240566048385
499 118.82348198176456 31.904242665306928
500 118.74816646434778 32.020014193931935
501 118.75364196988436 31.808321476930775
502 118.55295666056243 31.76871449516503
503 118.782589474131 31.8316612037687
504 118.58180672080292 32.29487229023461
505 118.75232349365592 32.345755562133384
506 118.58725355678743 32.367573549905664
507 118.75979669900337 31.93705950646966
508 118.87587467142681 32.23772000030148
509 118.54419257734988 31.74370358204039
510 118.66238431985623 32.18224001111632
511 118.78814487159677 31.920855839603483
512 118.68703099746551 32.25743086179453
513 118.88464040075273 31.784344381510888
514 119.08460049491559 32.25072777571144
515 119.04867529082233 31.675220278431166
516 118.681807439912 32.3021168479456
517 118.6443157284403 31.95453791154436
518 118.91134758874436 31.74102873297746
519 118.7735960955993 31.841576890387305
520 118.55396634399057 32.182190460127146
521 118.65512455334444 31.96398316116196
522 119.16371903354651 31.78543064776928
523 119.14878000972078 31.813744982097028
524 118.74818006169087 32.14622087151162
525 118.52475261796558 32.12566934767641
526 119.03900392755459 31.642636776990805
527 118.68703951975641 32.2684443509245
528 118.51676264378128 31.694428413593496
529 118.67959952679493 31.775718735467528
530 118.58652389552492 31.61974796326535
531 119.1313664453136 32.02586587625632
532 118.63550629768594 32.29774250139792
533 119.0087317748618 32.330145207680005
534 118.62441597307098 31.97615114316356
535 118.5534099593196 31.697258831423714
536 118.77058290441886 31.999095264940376
537 118.93806000251239 31.82813511414077
538 118.89234679310988 31.84500306842973
539 119.05375686536951 31.772676516863754
540 118.78379176572582 32.35096642609373
541 118.92681935360407 31.910501187111667
542 118.54298853158143 31.58670926725857
543 119.0074483370465 31.979958113324017
544 118.97405262853145 32.13803476709729
545 119.06326947553262 32.242531813040706
546 118.55277888069388 32.19131361960011
547 118.8206032747023 32.151003797306736
548 118.96107973956906 31.790136788520094
549 118.49530603318384 31.875746685511473
550 119.12706713502008 31.93562108906638
551 119.06935152219992 31.72889469168595
552 118.86445696302353 31.966864081643273
553 118.74602086533561 31.682327886263504
554 118.99554106779733 31.66649326786169
555 119.12005674696913 32.255329207695034
556 118.86628850327439 31.7258584194589
557 119.12329731278666 31.969519618511956
558 118.58412625508386 32.0755537905085
559 118.71954434029766 32.35016939870999
560 118.97422703480072 31.863413223081647
561 118.76228212413294 31.740189805542627
562 118.85847019748469 32.28820872616808
563 118.94975620382324 31.835485106954312
564 118.90347409259071 31.833289415336505
565 118.81272427368106 31.733239633599194
566 118.61675081438779 31.956908987396254
567 118.77891704992354 31.758958125407425
568 118.65356183710773 31.902587726292182
569 119.03131850281116 31.86127433694093
570 119.04947703097095 32.121783155118855
571 118.65245037598979 31.955068569598517
572 118.91195003809403 32.1146520914902
573 118.9933748555812 31.846437629042306
574 118.82377490311774 31.891783370077913
575 118.55632138242645 32.38172403271882
576 118.9691129440189 31.798895886623768
577 118.55195277728514 32.20580085158737
578 118.97066570998702 32.15849954451167
579 118.5759751245519 32.10194008544816
580 118.95333342917513 31.694586732102866
581 118.68680263690769 31.598542941025315
582 118.76463776441757 32.20228180291552
583 119.18595352045617 31.650233173434366
584 119.1574265393021 31.794886443068645
585 118.87977084072912 32.370203754354165
586 118.95233171223626 32.37963586580263
587 119.05413907866165 32.338515691684144
588 119.01088851374931 32.050153024186464
589 118.58777042005725 31.963268450621655
590 118.79019944720002 31.975095071886077
591 119.0817175093348 31.875797849387027
592 119.01424553980581 32.39080620108892
593 118.61470128270119 32.25209413572098
594 119.09187215408855 32.41927525933543
595 118.93822545746794 31.8471883061038
596 118.7034175585897 32.06855942738117
597 118.52860565804303 32.12392545757292
598 119.01792592676864 31.91866558372786
599 118.82280777282433 32.06641534726476
600 119.18248080394086 31.732671885423073
601 118.67333214703733 31.85438448084248
602 118.56296964554345 31.71043604543172
603 118.66321864014633 32.07483051711878
604 118.80014727249132 31.87703818384071
605 118.53435326044803 31.934337427576185
606 118.7399452060909 31.909519625756825
607 118.65523364996342 31.642837498178615
608 119.16949159773824 32.332917854506775
609 118.63045644148968 32.15846910026117
610 119.12149486737674 31.846571036288466
611 118.57260189416928 32.320014934031505
612 118.90225255988534 32.163835133863444
613 118.94011383427198 32.39433832978422
614 118.89108560191245 31.98720274777976
615 119.15605947346339 31.684121760904567
616 118.80639876806534 31.691166403806932
617 118.94803654121682 32.17328850605569
618 119.12007232647973 32.05033670487209
619 118.66051319405311 31.773030916325766
620 118.86286991293888 32.00855088296078
621 119.18749309544691 32.01856200268232
622 119.04927505985619 32.29664980473324
623 119.00365339532772 31.605268241935665
624 118.79875082935567 31.700641467488353
625 119.11022307420939 31.923975954041676
626 119.07805350381457 31.69378715783764
627 118.80380547795147 32.37040452179924
628 118.8867575942206 31.76641996417187
629 118.96368245987912 32.09750137226164
630 119.03683675603781 31.951291430952125
631 118.83065597081622 32.21672602162174
632 118.73975945521786 31.625722809175812
633 118.61263646913524 31.861464868622402
634 119.0284451616711 31.976707848115094
635 119.01992360408519 31.682762879486987
636 118.62432483776803 32.074582669017104
637 119.1110914297395 32.003161022582326
638 118.5997677341211 32.26208811736864
639 119.07988717055213 31.974644556865098
640 118.6121829798204 31.854425997381522
641 118.95204372326357 31.83950844301293
642 118.86063310369815 31.822085404378182
643 118.60209679060526 32.34888678507242
644 119.01642842937673 32.23501237143408
645 119.01281317860294 31.864917790369752
646 119.12674614930094 31.952334846973816
647 118.82924148737705 31.681757468308376
648 118.8767740081878 32.07026016346733
649 118.96755329273736 32.184787137611586
650 119.11006553553325 31.803738292175737
651 118.77719648991746 31.977995636757303
652 118.96224021995224 32.126958969001706
653 118.91772920731262 31.983246642335075
654 118.6358968496097 32.03197244987706
655 118.98531912068889 31.76198662203394
656 119.07861746342606 32.21360637773338
657 118.82212162926271 31.684807162311973
658 119.18548390142823 31.971694258244355
659 118.87777093346027 31.84240619572127
660 119.12537683214373 31.69468051471116
661 119.0199546193211 32.297831075039404
662 118.77182969418985 31.752927501166763
663 118.73347921392747 31.97958777587528
664 118.76029276240101 32.09436549264054
665 118.74457627685959 31.841666357160108
666 118.5294391594181 31.999004446037688
667 118.5109690417615 32.006336240164735
668 118.7915047391456 31.944473791015756
669 118.62172132123764 31.882304924975326
670 119.08003068608136 31.78864292138322
671 119.17123239774317 32.32007990274408
672 118.71148862925014 31.989812142007814
673 119.0260779511132 32.15167290338554
674 118.75180632816452 32.01548018353646
675 119.10608503565183 31.84449449904871
676 118.82733559917709 31.99358428467644
677 119.14986476303227 32.23352960287642
678 118.99679716935287 32.286017681942425
679 118.58335408962493 32.36375223225952
680 118.59790148818077 31.787806791666075
681 118.80287543231529 31.868519403085187
682 118.90300925638013 31.69003052729725
683 118.85520320173883 32.40718813771083
684 119.12959085210004 32.11300500834082
685 118.51323875184309 32.145402218275585
686 118.58199708336988 31.96791158887622
687 118.68706714800992 31.819680863498416
688 119.13025257561317 31.922855797534616
689 118.49220820167433 31.85706630024147
690 118.87878357221533 32.03594792228057
691 118.49597122984864 32.25462640385215
692 118.88908056795823 32.268843782615555
693 118.8456024501353 31.83995569907046
694 118.59341251089414 31.727979199008413
695 118.91644102562775 32.1935059641235
696 118.93336390325676 31.938487924580052
697 118.81608399523805 31.741081235392212
698 119.03873875436919 32.10960802775787
699 118.54356349967595 31.688097021462614
700 118.72523569040335 31.683166493789994
701 118.84036693804924 31.59281181053051
702 118.71301828679091 31.745567202558217
703 118.5872103186943 31.967437476670618
704 118.58191241873809 31.746154289891134
705 119.04410209628416 31.640838132213993
706 118.69143706291145 31.989905503305682
707 118.96397914645289 32.31420242752316
708 119.0889517126339 31.615708005190953
709 118.70913802442432 31.793549653215468
710 118.61834123367309 32.33781179919847
711 118.89333631362508 32.10991664808997
712 119.08264173928757 32.2473770863131
713 118.76654472797078 32.31515519329196
714 119.0783412345437 31.775429621620223
715 119.19134707352674 32.212329234777215
716 118.97839899927077 31.820210115838385
717 119.11812407394137 32.32270409132708
718 118.55021997310044 32.358021721996636
719 118.77084779186681 31.734480321922025
720 119.10427079508939 32.28463573178537
721 119.02464309543696 31.651885176398945
722 118.58167371835731 32.08224113767862
723 118.6695458174302 31.982205054228235
724 118.72079200761083 32.075486879259934
725 118.94422114464312 32.20516002579604
726 119.02371987857065 32.3090844772856
727 118.85114118303282 31.99415961412377
728 118.5258835543887 31.640582451308642
729 119.12760587186281 32.35374560989068
730 119.16270574602049 31.64067613156617
731 118.73452823946879 32.2379018929332
732 119.06919270560901 31.717006086183872
733 118.86972472978246 32.32371134486644
734 118.82410429520253 32.08855571306128
735 119.16841527397794 31.843631716009536
736 118.48900948096133 32.27603488362367
737 118.78361964955691 31.72761232112275
738 118.64167606934882 31.781512676189163
739 118.81981959274279 31.832345638990923
740 118.80955715054853 31.90726098124701
741 118.62709200963246 31.797914977115585
742 118.91222071406192 32.3237240535994
743 118.76607432203939 31.95243469751871
744 119.13123135195913 32.36368706179355
745 119.15963007954429 31.83801071683323
746 118.75328978680798 31.968955507198192
747 119.02632260876143 32.27659922456437
748 118.9456003044006 32.38563059246696
749 118.760849137103 31.971948982407078
750 118.70196629826444 31.968022679573146
751 119.14684883251505 32.34833953638061
752 118.66247064690776 31.941026602869027
753 119.05420896408316 31.958859619947294
754 119.04231697019812 32.3733334372327
755 118.62816041264334 31.98990730433649
756 118.75953296806465 31.676468105582927
757 118.80790446481524 32.36719206807037
758 118.86655282863873 31.959017149438452
759 118.91978579817264 31.88288541456424
760 118.75666467697937 32.3247693550978
761 118.92554930989121 31.6009509153471
762 118.80499640210344 32.37128731909861
763 119.16272255528723 31.663922655154497
764 118.96736782454039 31.652260151934893
765 118.85261042358005 32.328068533700275
766 118.88420235381349 31.961710495738668
767 118.57859515190685 31.73154578182352
768 118.67864309576828 32.377206488064985
769 118.99571758654955 31.846131947508084
770 119.21363705621376 32.34426543626223
771 118.72751123946503 31.985074148747735
772 119.20540122073326 31.91972011076249
773 118.74394521988177 32.051827368292855
774 118.81070992997236 32.316495613626195
775 119.17702230748279 32.38380744068796
776 119.071059971782 32.14398044673988
777 118.8804859989433 31.90416566415615
778 119.18313374789675 32.26727009684027
779 119.20551691453095 32.3426144722252
780 118.61913094207229 32.039648178039734
781 119.05871717074751 32.191447943566054
782 118.68619738933967 32.31670134355789
783 118.70795132074637 32.1688737407996
784 118.80013360190323 32.1105260353138
785 118.84081516601599 31.886118919762335
786 118.59349788465983 32.082643919535315
787 119.02898206680786 31.78252925717742
788 118.51566179729689 31.713262314616916
789 119.19692236396605 31.801777867502153
790 118.67406949537776 31.943338206164196
791 118.99840187981354 31.878553684187043
792 118.8566956241783 32.167962106614624
793 119.0914714838185 31.91654840144091
794 118.61624684300658 31.974498037097135
795 118.52078479176619 31.812441296799523
796 118.62604378592656 31.669130048395868
797 118.96489765281589 32.17584458581769
798 119.08024256446946 31.775360402067744
799 118.61516816865415 31.97124054855418
800 118.91914230398788 32.0852575321215
801 118.51398751134795 32.13981963820373
802 119.07321107674294 31.941397138770665
803 118.58136921933308 31.794814600342352
804 118.62202076330821 32.31702280999965
805 118.94817289268816 32.14457853045384
806 118.80783313171641 31.794049104198344
807 118.69875008612777 32.24798079820384
808 119.16917558085892 32.04941560741382
809 118.87334170403403 31.96612246865942
810 118.61711449721861 31.694932262148882
811 118.80580097270096 31.789630337162073
812 118.99062126460676 31.6906351969572
813 118.82026426870536 32.13930131078654
814 118.59264221447657 32.17379519670232
815 118.61156551026313 31.96541490328931
816 118.655033363172 31.646408863700355
817 118.87732631780234 31.716862288780266
818 118.94095686540179 32.33840822213005
819 118.82814631720285 32.31242396562716
820 118.6273881798058 31.918636760642418
821 118.7398980828729 31.720396407949455
822 119.12143905922971 31.96707460024053
823 118.6766907037511 31.938141317086934
824 118.97696237797703 31.6189746397092
825 118.75544635187383 32.18284707157779
826 119.1941665927621 32.09934309246591
827 118.49182913181482 32.04603244459472
828 118.7065927873598 32.253215358683825
829 119.04750319012982 32.277577804177
830 118.53846964523464 31.76950575726469
831 118.76633577275352 31.656291259194713
832 119.1707285293325 31.90869681734638
833 118.98357703933945 32.27963686054132
834 118.59546557689238 32.21271837702413
835 118.55405395141072 31.806689111017644
836 119.17423475956465 32.22274775957259
837 119.15409961214075 32.07570368001413
838 118.61740102918661 31.806650449863252
839 119.11990806825922 32.14869789938829
840 119.02441170931351 31.845523884033163
841 118.7967218006712 31.86307030948364
842 118.6667416505479 31.770760411504835
843 118.59093650261651 32.04568707283719
844 118.66054486373928 31.99101404739853
845 118.83348897508654 32.094080365295916
846 118.5333208237902 31.603165548200167
847 118.93339165827967 31.924803539212515
848 118.92891383899084 31.635572599649723
849 118.91257164238854 31.851957139888427
850 119.08354894327186 31.675773894194638
851 118.55933153531251 32.05877448986701
852 119.19003461916394 32.34731350122072
853 118.83020964704708 32.269534072086046
854 118.84805249219502 31.99425267632619
855 118.60378188903212 31.886833376554417
856 118.95026677119566 31.60556194148008
857 119.13262266777633 32.12680424477803
858 118.55902080437798 31.840037267122113
859 118.71086942265501 31.94256056969593
860 119.05951912811769 32.08431666483253
861 118.516731701111 31.753206066351595
862 118.90547725428456 32.03613724130371
863 118.65805664899361 31.957953514151697
864 118.86056019522157 31.914024128587073
865 118.60154152703505 32.271856811456686
866 118.74522161454138 32.2006143051149
867 118.74172129827356 31.693658931214287
868 118.77993367447357 32.31647270190432
869 119.16742701522269 31.58465779239973
870 118.57981206759234 31.785926724204867
871 118.69563781465509 31.701259892421625
872 118.9797523924393 31.862193630415085
873 118.75862074796008 31.69018629913156
874 119.14831659638949 31.824373411836444
875 118.73609949884823 31.927888094341355
876 119.15154404389554 31.984910461634566
877 118.58777646956386 31.828972632338182
878 118.81850266600735 31.650349198829414
879 118.86291761935415 32.011730326556595
880 118.9219152271042 32.0805466675281
881 118.77936349921174 32.106256903052014
882 118.86584461253578 31.59829890238167
883 118.64669337773296 31.68111179122343
884 118.66582044763166 32.131337191718465
885 118.57899655275865 31.725952223669985
886 118.88166105709465 31.690976359158437
887 118.84403797185145 31.949319747768588
888 119.19849712572797 31.902611850484135
889 119.05336592039428 32.124917672498164
890 118.99723671645975 31.618289802216125
891 118.72838616256183 31.798489696119088
892 118.66889787145848 31.80768550742228
893 118.97175376062805 31.839996625771363
894 118.65963696546358 31.60752253918542
895 118.52584002572252 32.04142338493842
896 118.7122015272001 31.603911503145785
897 118.85994718992293 31.83374662121497
898 118.62359774518518 32.32321961187385
899 118.57549832823152 31.724567555230895
900 119.12517666173449 32.14838771856749
901 118.82575458099983 31.988014574060323
902 118.52893623049457 32.32685013397326
903 118.66820446661463 31.95354416234824
904 118.5353033704989 31.756691608052144
905 118.68939048905538 32.39893234975425
906 118.79309067609171 32.16187918106102
907 118.58374278885721 31.70589426183138
908 119.13939590847544 32.03233325474339
909 118.83270996297072 31.867415578166305
910 119.08862570086009 32.30882151812381
911 119.0717467172111 31.735826571352753
912 118.59413704396518 32.10643015156398
913 118.54131512942442 32.35617629356776
914 118.90258973878709 32.34743041540789
915 118.51372317446679 32.312925095358835
916 119.06511918891673 32.12003327903515
917 118.70878296120028 31.841649153631764
918 119.03224269476796 31.65030215855767
919 118.63058134991233 31.741356462814338
920 118.72431081432892 32.309824963849756
921 118.94329257153751 32.15081241295302
922 118.66193824888379 31.660476472940868
923 118.6675714536642 32.37683329966537
924 118.75267150170644 32.000408990993236
925 118.54129043110532 31.748993230270404
926 118.99453684443021 31.977531898775368
927 118.57339887577842 31.94281390023364
928 118.66185088204281 31.77076956117208
929 118.54889394114323 32.104065545151215
930 118.82543627050217 32.02850361944043
931 118.70447564219246 31.811605836463446
932 118.85254808408077 32.22088948081338
933 118.948666540015 32.028850950206724
934 118.63511238001693 31.882099427314987
935 118.74002049424458 31.721651098831813
936 118.87403108508009 31.99421429328008
937 118.67342028351375 31.722217143989596
938 119.13326398229415 32.32839374155838
939 118.54732772428065 32.02796557251242
940 118.60614302439288 32.33118316416679
941 118.70573267462554 31.859058737625777
942 118.95036853774002 31.947929578987146
943 118.54539332649348 32.02222929760226
944 119.13311198638591 32.30433251457296
945 119.11771115119952 31.704146786471846
946 118.95468233337431 31.914779003635157
947 118.7541370337549 31.6774298462161
948 118.68884817464553 32.36487442529534
949 118.7228602065908 32.242285869535664
950 119.12368103460066 31.934480217529607
951 118.87006030276818 32.12513285250279
952 119.163743601074 32.05286312970211
953 118.85030639398333 32.08236571796046
954 118.64382985355084 32.2631333127929
955 118.57556161097929 32.37642752465912
956 118.96478365233925 31.663386044070933
957 118.71738140892832 32.04527568728292
958 118.95136498337658 32.327110338437876
959 119.16575452200493 31.92261003513796
960 118.51652090069369 31.791174888003162
961 118.56930235374614 31.69235225742965
962 118.73150259491366 32.121268263407146
963 118.70759622926754 31.750889180726745
964 118.76396204199627 31.885448573229258
965 118.8121970171633 31.89765923907399
966 118.7813893768003 32.08872898065398
967 118.559790743815 32.381508489555216
968 118.72991409540727 32.40093102321678
969 118.60606361960456 31.83790735576726
970 118.61753269564426 31.811765024622797
971 118.91577081557224 32.17823628074817
972 118.51882066376832 32.156918282809734
973 118.6804411285854 31.831078820998535
974 118.93509430150971 32.36122121823219
975 118.69194554269595 32.24250494960058
976 118.85244559471299 31.744908673418983
977 118.82477901027428 31.99894494456937
978 118.9299081525453 31.65209719010497
979 119.07645975968654 32.03362916175978
980 118.68422348922148 32.0447349250006
981 119.12784840955618 31.75903486908272
982 118.97092658775898 31.658476594498214
983 118.78302998732089 31.72975961596349
984 119.08810119495612 32.02000702766389
985 118.78061452348376 31.645094814713236
986 118.98221668660419 31.751318553231943
987 119.11296764168043 31.752042317104344
988 118.68914699165563 31.913466369233138
989 118.84254838135351 32.020770467291634
990 118.77440948637903 31.878048790789492
991 118.56912225167979 32.10075392305026
992 118.5746881208758 32.32826412767058
993 118.5675481936841 31.792207868059748
994 119.12836318753115 32.38889328009433
995 119.1251808771112 31.866793464350028
996 118.73846702715842 32.09467914689987
997 119.09840160223189 31.886834662114897
998 119.16588567866705 32.15350608980799
999 119.0273300099268 32.2910359253646
1000 118.66858812859417 32.23820618150841
