1 118.94050879927468 31.946969757413232
2 118.8923433620836 31.605420643475203
3 118.61771171766969 32.0451376902534
4 119.06318510189794 31.975217422360764
5 119.17380951730846 31.949500375785156
6 118.95112591778324 31.869169264428134
7 118.90042794947979 31.755020140405655
8 118.61065794912224 32.074981492469924
9 118.69794898728112 31.842065282434998
10 118.75232202123766 31.804845153915394
11 118.6221543529633 32.09283288091155
12 119.1962006115054 32.02665335231069
13 119.14346166565063 31.72884729159747
14 118.76039604248001 31.978151177238455
15 118.59959556796314 31.731624508236802
16 118.77377691870869 32.2296458543672
17 118.63052922540315 32.303807545282034
18 118.86605089319849 31.99817641779598
19 118.6567288128539 32.28236443542864
20 118.54696170237645 31.664853259692883
21 118.94085109326429 31.997016093325286
22 118.75843239406919 31.655074874686562
23 118.98491466628137 31.94321284343592
24 118.86102619964299 31.67690667238835
25 118.95759765604545 31.693079995016006
26 118.71660988842157 32.08313914487668
27 118.89925050852102 31.771805437294294
28 118.82968018480989 31.660350322301078
29 118.91181817689738 31.77878692466249
30 118.51726789746749 31.880416842855702
31 119.18796344710339 31.970554037116585
32 118.67317323856967 31.75893108163171
33 118.56341628729842 32.10553359956274
34 118.70480174488573 32.00623117739375
35 118.99100976022694 32.02173566621917
36 119.1439629883948 31.91765588501589
37 119.10466465095755 32.223837645999026
38 118.70565512950189 32.06954119146005
39 119.08911414572154 31.715796786827273
40 118.55267396495327 32.15892139454856
41 118.55568648625277 32.369646459975264
42 118.62567977901205 32.01209694890398
43 119.04575650424366 32.30087906602932
44 118.99805386162214 31.86904210112641
45 118.58731564358717 32.05203180104317
46 119.00096114017504 31.94227006925899
47 119.04303553166247 31.93606487752631
48 118.60034186209644 32.241740619394534
49 118.96023967555875 32.02075286933846
50 118.7890448618826 32.36035180330921
51 118.53898269642116 32.031459907509706
52 118.86680008589984 31.667514659360837
53 118.83465177253356 31.911415643633312
54 119.11316294359621 32.26413723799366
55 118.93022125002415 31.937205527915847
56 119.1071545212263 31.625378932761976
57 118.85304760378104 31.813163955726775
58 119.00247769765136 31.639530728096474
59 119.17646188477802 32.37855855814197
60 118.51718076373291 32.382687097779716
61 118.792499181568 32.23792911963555
62 118.8075571471262 32.09264091734023
63 119.0431050155331 32.21686035216905
64 118.51951492173883 31.729527427743044
65 118.89211174593594 31.831793789056608
66 118.67900613428814 32.00590963095014
67 118.81695398304224 31.87890715611402
68 118.98205156655389 31.63483055476114
69 118.93143455303208 32.36414475165136
70 118.66267385312527 31.972144961014454
71 118.6372918701917 32.009472414108
72 119.08633118603811 31.874003567767517
73 118.85328063274396 31.817654178547816
74 119.17542636894926 31.888512321827147
75 118.9615021036149 32.27018158485287
76 118.65536736298473 32.21849409945316
77 118.61539453524924 31.882472124726604
78 118.7274696127927 31.608329343278225
79 119.0387146694772 32.22310544566524
80 118.83512331973049 31.79566384497702
81 118.89138868287068 32.068488750717094
82 118.92366358365639 31.608551681456575
83 118.64411339069791 32.11289029346977
84 118.73013363676215 31.9220851780677
85 118.70329344314851 31.981745214501363
86 119.13801016460778 31.93674371025413
87 118.5127197545102 31.882408528170245
88 119.17417028878977 32.0291043146133
89 118.62477426554874 32.38954406171667
90 118.85025912391488 31.70786599899393
91 118.70266118275498 31.86829711533064
92 118.70861995589577 31.632064359659072
93 119.0398812804881 32.19055575329638
94 119.00750569541134 32.12449418473202
95 119.03819176946651 31.76672279346405
96 118.60902862842948 31.90492020396219
97 118.64512139568781 32.143340185680515
98 119.02504943450903 32.135002096755954
99 118.57636575660558 31.734849513016766
100 119.09775361152522 32.3112819498163
101 119.11772715475963 32.2291609688212
102 118.8585134243627 31.679472769277677
103 118.97834377601502 32.2980809354411
104 118.72354484275621 32.20660282305794
105 118.96442005541921 32.25243410893913
106 118.52198192086625 32.032811569482824
107 118.67480141102706 31.773388766392753
108 118.78786792897428 32.35951130119499
109 118.87130859580729 32.072167834746686
110 119.1976914132215 31.864465442905228
111 119.21950010535328 31.837687565784748
112 118.59349243706248 32.30450750378557
113 118.69465850793617 31.95743240945032
114 118.5474405400419 32.03154496948095
115 118.72872928273875 32.10085670798375
116 119.15395827032319 32.27379019078628
117 118.90752368606407 32.09678916617168
118 118.53254442448294 31.744623975527436
119 118.87739355473008 32.07467002142706
120 119.17174610138515 31.999536233378365
121 119.18488600941534 32.04294338369222
122 119.14406090990049 32.16606201147361
123 119.03096633875835 31.789661980636925
124 118.66800392244096 31.74654826677242
125 119.13099674243198 31.68180240432757
126 118.72098546844967 31.8270870510247
127 119.11854271330468 31.608524889060984
128 118.52011951448092 32.08824702933163
129 118.54620868164533 31.837158741740915
130 119.06068398668631 31.750175404340943
131 118.5472923751704 31.677686046473937
132 118.80608607908601 31.812814126388297
133 118.7345960220334 31.783882260308495
134 118.67682797127469 31.82950142946615
135 118.75152482036513 31.95128032542914
136 118.83776137509949 32.026987815156865
137 119.11200837714743 32.26350428921479
138 118.94125960713703 32.38854729590121
139 119.12834659274486 31.645866218673603
140 119.10228246946373 31.7925909972529
141 118.59549507015441 32.11165744355103
142 118.77012872883313 31.748496200548484
143 118.86506480249218 32.306896126073035
144 118.67927234129407 31.761505173337948
145 118.88410201469756 32.17057992625874
146 119.19448787745844 32.09391217456153
147 118.6405866192346 32.223497240605646
148 119.05460266423816 31.642386341443697
149 119.20571800931484 31.779950184274856
150 118.6686547522405 32.16817380874264
151 119.11007019550783 31.690776828477937
152 118.62548031025558 31.628488094936976
153 119.14830404794108 31.88576643293087
154 118.69622412831941 32.07621714287478
155 118.6866336443154 31.61034982923606
156 119.13094923714263 31.66918816319766
157 118.6958688221528 31.629593608331835
158 118.64236143812553 31.924774066848755
159 118.72111624273153 32.14769701434634
160 118.98444858048286 31.760364047586314
161 118.51577275386803 32.285395437920776
162 118.61884975446338 31.952877402552275
163 118.57142202673192 32.09179681995772
164 118.84905818852239 31.829134571446897
165 118.52551980315383 32.09365540201929
166 119.14643093060867 32.388760802257394
167 118.82735813050165 31.968526992301644
168 118.93010703570108 31.768208963436237
169 118.65357385624364 31.947855419381415
170 118.9894405038316 31.943217972469522
171 118.49588055717145 32.010474883253934
172 118.55034176920621 32.0101278942985
173 119.1514603357694 31.642163017670487
174 118.62307369923187 31.722363917216335
175 118.83265313629354 31.960654789812228
176 118.8922050737524 32.15801224375601
177 118.6277106384435 32.23429111392865
178 118.91453906906705 32.20863003298793
179 118.68050729376507 32.02128059027325
180 118.96512179031863 32.37850687461806
181 118.70019774356965 31.84887397275555
182 118.7845353259828 31.973455266572483
183 118.838015633243 32.227391365159384
184 118.51579543092862 32.25619414571617
185 118.58635911846487 31.917595677525718
186 118.5446108079682 32.28701929914734
187 118.79810364615423 31.973196014359655
188 118.88127092414697 32.18071518649699
189 119.18895016053129 31.60780411569683
190 118.74332878974178 31.603091945007023
191 118.62508745424864 32.333422027271745
192 119.18199087102047 31.694164258394217
193 118.88572040865077 32.15015554027188
194 119.1556672199322 31.833771577892346
195 118.7396056449749 31.763384267498676
196 118.54733092565992 31.901801430434816
197 118.8473431751011 32.346158788207276
198 119.20911063126721 32.059385798900834
199 118.54354810618513 32.33020035684125
200 118.85870130741874 32.172554087280716
201 119.09907972888949 31.984613052183608
202 118.65530108706443 31.995766990490964
203 119.06079894951908 31.782554601003646
204 118.54063432885866 31.613330171289462
205 118.71804181677315 31.919821711643955
206 118.621001752721 32.036691638218194
207 119.16921145185074 32.30204312028522
208 118.93270139094008 32.12672614301704
209 118.7008043684071 32.26439303213697
210 119.14646359555661 32.31810362460099
211 118.89570460073611 32.33864352208695
212 118.76795546430826 32.246386092887185
213 118.98912392918767 31.70106074393616
214 118.95158141422492 31.874334961717803
215 119.18474599302677 31.74730288826098
216 118.52669250654806 32.29122273302983
217 119.09686938803723 32.2224031659602
218 118.9729583495207 31.88656845476963
219 118.60901376158228 32.046187520943285
220 118.7693656036753 32.25165905626222
221 118.5187062842601 32.27687638455978
222 119.09853330668639 31.757936764905903
223 118.56616093990931 32.199377891124485
224 118.64332960379386 32.24821697615846
225 118.98793154760773 31.653613548308684
226 119.03436721275033 31.675310379813492
227 118.68510764198597 31.938456036029315
228 118.61778952731306 31.771753040197783
229 118.52416275118878 32.3004215075314
230 118.54407584840062 32.18394133443471
231 119.12184437225953 32.17333197795779
232 118.63971955186933 32.223224854587734
233 118.7909145606697 31.854333826737843
234 119.0518641478185 31.79495295074222
235 119.17623541940699 32.09141657956635
236 119.123625602715 31.922737163610297
237 119.10266515541524 32.330905456685294
238 119.07313512652685 32.131721315023
239 118.74155096104121 31.900759051359024
240 118.94577659870005 32.25949306082724
241 119.00303839549723 31.90185022718924
242 118.80249783625494 31.728636124497314
243 118.93768912649351 32.21506050995668
244 119.18682817619036 31.985523246755303
245 118.72779613004214 31.797470244733457
246 119.15070281124262 32.14861278463736
247 119.19297438972376 32.388322942698736
248 118.89929007380015 31.799281912517852
249 119.14387855785358 32.23103093941161
250 119.01013644778489 32.20643846504729
251 118.98826309310508 31.69399070904731
252 118.58079834264392 32.27523650014675
253 119.02250155749651 31.98108801823575
254 118.61565174078643 31.68501815490171
255 119.02665225895754 32.03116161038401
256 118.53062907483321 31.861661179082294
257 119.12610952377793 31.727468485046916
258 118.6225378225455 31.656225734862492
259 119.09908474485627 31.75175261909042
260 119.1211659806961 31.94526575588918
261 118.56925839977215 32.12374381292419
262 118.56716638589128 31.672693799925213
263 119.16578004637778 32.15935373096175
264 119.18740393075124 31.67169034219876
265 118.54935139886595 31.743301180029526
266 118.92623817532268 32.182542411938
267 118.78064183995399 32.295256798705935
268 118.5370648859331 32.362147083273385
269 119.09614109530686 32.13327840201539
270 118.97002357242545 31.97486597707655
271 118.55629070476795 31.684679279800456
272 118.82098330924876 32.05504662089472
273 118.78761342913866 31.72760297996371
274 119.18191077744797 32.011167517108994
275 119.19475264215876 32.09022152748961
276 118.66212591554314 32.27922036438555
277 119.02640811636935 31.86161611927135
278 118.95543310046274 32.37501494682566
279 118.81765592936338 32.37242034368358
280 118.89013986596575 32.27119040324939
281 118.77599729103628 32.1745807365622
282 118.52960284353901 32.17410788053425
283 119.0281413992692 32.30025518514717
284 119.05538957931847 32.356249027629374
285 119.13981231344457 32.26945689909897
286 118.84473483451826 32.1138489413309
287 118.54543337975306 31.691654976947454
288 119.16939795992106 32.10215540292766
289 118.68816282605044 31.872607794457455
290 118.59175067008871 31.706564004122175
291 118.59310686370684 32.30530058470993
292 118.92561004713308 32.26405056404687
293 118.76306960161368 31.99926806204552
294 118.96502029479315 31.97205501578504
295 118.53978900580117 31.99759203465501
296 118.51267847623585 31.811662592651977
297 119.1766560687994 31.905397591231978
298 118.5538666562778 31.952039756907716
299 118.73344460016393 31.614729546395658
300 118.51281153640215 32.314116513355984
301 119.12693154066932 31.63743036249666
302 119.10144861474868 31.913137856324013
303 118.8954767730039 31.690246455577224
304 118.5973603298504 31.77223287515299
305 119.07465675853483 32.35521279348012
306 118.55205274397296 31.89785577190717
307 118.83442731162289 32.15523081980708
308 118.71879156243195 31.68592440316543
309 119.20767781318717 31.777102053163055
310 119.17393131124116 32.29857262960161
311 119.06293684918695 32.30197572256132
312 118.8185121539045 31.79253519397747
313 118.85053898397116 32.37448242840575
314 118.89359117738054 32.14140806186877
315 118.88713855960587 32.01080766241993
316 118.62593558748624 31.882343307150705
317 118.6795844768518 31.88053664430562
318 119.00528907654088 32.36580419617442
319 119.0944646897497 32.165275034777025
320 119.16955263323956 32.01151951373586
321 119.03689197531223 31.636684952920202
322 118.90881528795727 31.792056145303498
323 118.54247791365573 32.350681659581824
324 118.55146023498973 32.03209245662832
325 118.62500255349444 31.873625064386015
326 118.98961617431254 31.630746182778957
327 118.69963493801114 31.81739300502735
328 118.77564880718421 31.797090099576327
329 118.60681616827476 31.72701559618385
330 118.65902627413601 31.877566109427388
331 118.77233121446622 31.74992565607444
332 118.94399604625944 31.66402863015673
333 119.19809897276019 31.699198455794775
334 118.5985033365217 31.980842002197733
335 118.72878698014638 31.652938353018502
336 119.1923113441965 32.34458704544098
337 119.11284682640854 31.75709488757889
338 119.18007435500044 31.998146613933343
339 118.8631648052444 31.92189606835659
340 118.65956607792101 31.836420737900248
341 118.64834849430406 31.870288224672354
342 119.06549376079481 31.78887877483774
343 119.16036614450928 31.812760056168134
344 118.94233129455901 31.712096172100622
345 118.97820426530728 32.15588377964791
346 119.13477515631071 32.085309006709196
347 118.6776559738178 31.84507394372133
348 118.91940674424121 32.31913265058771
349 118.89135635493419 31.90656247733325
350 119.14012288044069 32.09300838123316
351 118.73013781736292 32.002243975158756
352 118.59781637148086 31.86252393221818
353 118.58649904741458 32.31062280731875
354 118.68578145455413 32.288420578940084
355 118.55028367230602 32.273265974545644
356 118.72565951505193 32.39194462153231
357 118.88839961293972 31.624689030637256
358 118.80098737570195 31.985303494723976
359 118.94312052814135 32.36069028570928
360 118.85822522159566 31.701165164147312
361 119.02019006788645 31.807827589653527
362 118.826093980256 32.012151019635816
363 119.04831053699847 32.11803153171567
364 118.81508073229038 31.883838027161506
365 119.02195573153634 31.84854027085738
366 119.0126312887224 32.22893931184124
367 119.09971395719487 31.61894087103448
368 118.61594929431037 32.243471909857554
369 119.01239483965256 31.928856210216342
370 118.4946669798478 32.10112360383243
371 118.78033658427815 32.162697048069035
372 118.91041150394268 31.68457912204293
373 118.50367006857674 32.33824494109984
374 118.54340206698716 32.24931327241561
375 118.65721315350234 31.884871418609283
376 118.78007039740157 31.744716310839227
377 118.99569499217397 31.655954076479723
378 118.64178676472528 31.839566982118733
379 118.77478175968209 32.182077226321105
380 119.13270773967801 32.28871985452548
381 118.74233402358009 31.834057069598156
382 119.04281611046073 31.784636410005252
383 118.91102476007978 31.866081269330248
384 118.54180248946926 32.37550862416715
385 119.17721031994868 31.67716016570275
386 118.58076260201634 31.741690634268277
387 118.74788307751133 32.15400963503598
388 119.1857736496543 31.710968968024837
389 118.68972782295799 31.784986885707983
390 119.14807825525243 32.26242040601313
391 118.96486941614164 31.856375909954398
392 118.6320704134353 32.07924427603528
393 118.60025528649147 32.043785652453586
394 119.16978809530276 31.83094379278581
395 118.82091944096642 31.800345582084482
396 119.02381260046398 31.80635331512387
397 118.60061527456676 32.3013296677712
398 118.85344623026374 31.6078025092572
399 118.57334401680151 31.688455839806462
400 118.82484083200217 31.87693323205164
401 118.49930723791866 31.770948725832717
402 118.51296092024309 32.04487284359659
403 119.13642104379798 32.021394442806624
404 119.12547865025911 31.99685388746689
405 119.03330200057084 31.843304892026254
406 118.85361586136823 32.01209849283865
407 118.63930623251795 32.227718559203026
408 118.99828770724905 32.24342785947492
409 118.64245334683605 32.034779966848745
410 118.54150756328796 32.23857090803888
411 118.71418996663621 31.659643903254196
412 118.90668971216351 31.739240301202802
413 118.90001146353606 32.19509242934743
414 119.07021993985902 31.91075802607941
415 118.76023426899344 31.850250959606807
416 118.6077424030311 32.061858060399814
417 118.54218223243959 31.9138719575216
418 118.64990790761713 32.333669362000414
419 119.15227243084497 31.906123562963856
420 118.5091586359668 32.2605866273969
421 118.93399004840313 32.08195670715215
422 118.81863414552402 32.32173406127989
423 118.6363891656819 31.9943093220944
424 118.9983714194 32.37600058049538
425 118.90084893729066 32.04445031446339
426 118.5648229013802 31.627889161702775
427 118.96990973860777 32.180905564617625
428 118.5394447952031 32.30174667940788
429 118.66057577039622 31.663142760838767
430 118.89390864980035 32.374633562148766
431 119.01064698436187 32.05711232651486
432 118.87696359970005 32.19636758573294
433 119.11037384311823 31.770218523257984
434 118.98371125138395 32.34505635221724
435 119.18044071409199 32.121705501080086
436 118.68254765767158 32.03454127094696
437 119.1876205854383 32.37796470314747
438 118.65896822064312 32.04866872970375
439 118.64359463322761 32.007345109683236
440 118.61128470636606 31.632318262774763
441 118.57825813551275 32.04738404760718
442 118.9386202645478 32.20215505109807
443 118.49784018439281 31.89196037816542
444 119.06594507559232 32.142077801324376
445 118.93781848877487 32.036724052558974
446 118.72189138616298 31.763600668811517
447 119.11511927669622 32.03625138983808
448 119.08977919374881 31.98370445398005
449 118.93195953519096 31.856073865367705
450 118.5411801544261 32.126666300395875
451 119.19297251364614 31.657187383819277
452 118.91533600469344 31.88630756630434
453 119.13695392383713 31.96252147368935
454 118.60144044663619 32.38665031323669
455 118.5135945519143 32.17113199049073
456 118.71131270772426 32.09065483431965
457 119.05134126751916 31.731178956731462
458 119.07522311992403 31.950861265627157
459 119.11119127221534 31.901724626022837
460 118.72488433136013 32.350092504418164
461 119.06127125891175 31.957183618050028
462 118.59484282834408 32.28361823975512
463 118.87956074386165 32.13627218175678
464 118.52804636003964 32.28342086602915
465 119.00362958160682 31.595184188084872
466 118.75147334802953 32.35260602484687
467 118.57346238402504 32.36820213031134
468 118.96619582016989 31.711748191686517
469 118.78271183526192 31.64190348903086
470 118.70788847447066 31.865895479460395
471 118.74142686424652 32.04202794082595
472 119.04931398074089 32.0079139676715
473 118.78498766751152 31.96344940649664
474 119.12354072634005 32.314600467770084
475 118.60894995893553 32.0467708958209
476 118.77938887586396 32.342794390687594
477 119.12267330940381 32.052849869306115
478 118.91806236155207 31.743229012029794
479 118.99637942430311 32.402876218560365
480 119.0848793193903 32.39328261401751
481 118.86392676160813 31.954798720102485
482 118.60257726628679 32.19905795763633
483 118.72093416002521 32.12031681385971
484 118.65336553612572 31.73686880089415
485 118.63039386243128 32.06345976450695
486 118.91831847915947 32.126708930776694
487 118.64645519499854 32.07004219422086
488 119.07960975900528 32.027237944306414
489 118.81297804200803 32.06960095553143
490 119.07569033035927 32.16965164010171
491 119.09544706730179 32.216921868020705
492 118.97672686477499 31.67699564674453
493 119.04466549271635 32.33726063687163
494 119.05614142749499 31.985182972934293
495 118.91572584172202 32.148847882588186
496 118.71708567747649 31.91336861222029
497 118.7981373888588 31.6562136094876
498 118.7165170883764 32.118479255315066
499 118.82711294603381 31.901291026498765
500 118.76690934192791 32.032256636056715
501 118.74760679878277 31.804048303252866
502 118.55509491774045 31.76382718578066
503 118.78432363209139 31.82039696949955
504 118.58215082287076 32.29795259969922
505 118.75063385197133 32.35126686472794
506 118.5903884000324 32.36530869657935
507 118.76024374024202 31.93306332150955
508 118.87929447826964 32.233900028313066
509 118.54865099780538 31.74977712674373
510 118.66821683473526 32.18600179928426
511 118.79362110454115 31.938650288831184
512 118.69055401673751 32.27076000583207
513 118.88178085103003 31.770122523679134
514 119.08410247464539 32.24962876272849
515 119.04899499642434 31.668714325937795
516 118.68257542227278 32.29788384405312
517 118.6417082453215 31.940349850578606
518 118.88984193560617 31.724050004246926
519 118.77995078859955 31.839587067341654
520 118.54505767257224 32.176577329371085
521 118.65240283438538 31.9520124015892
522 119.17460633004534 31.776008032058318
523 119.15329192438647 31.8165030124102
524 118.74603935959067 32.1419854971611
525 118.52062556666586 32.12096603932973
526 119.04708994796134 31.6491835782933
527 118.68086506096756 32.26191668024347
528 118.52183600367597 31.693739923059297
529 118.69460727616449 31.777337584465457
530 118.59264301371581 31.62278438437603
531 119.12578267247785 32.0319254589897
532 118.63466472028794 32.287996513641154
533 119.00999149651992 32.34357470854535
534 118.60356237482678 31.97070369586787
535 118.55875726897541 31.692641678081316
536 118.77709120257714 31.997468552411277
537 118.93466162037649 31.826507885362343
538 118.88143564977814 31.844581308561196
539 119.06412053372772 31.772420137228433
540 118.79424602758851 32.34837820163824
541 118.9183775346843 31.91563009447799
542 118.5483221056781 31.590827632280085
543 119.01383980991451 32.002057224701126
544 118.98098897455819 32.13626115690113
545 119.0594567891167 32.24416840207353
546 118.56757533919168 32.206963995770764
547 118.81314818018926 32.15608266432715
548 118.96457331163208 31.77423247248206
549 118.49200917706762 31.865958525388997
550 119.10939291462284 31.950183347609343
551 119.07183022321921 31.727012647702697
552 118.86485947718516 31.952752611457797
553 118.73742337070557 31.679575183294528
554 118.99596626588645 31.669930521376667
555 119.11716741747532 32.261563937931456
556 118.85277884330272 31.725046440341078
557 119.13295974803324 31.96809064892726
558 118.58400944322864 32.08608652565505
559 118.72914081767348 32.35525386896547
560 118.97457076712907 31.854063654108437
561 118.76365410378298 31.742614058489266
562 118.87108315611282 32.30148411354873
563 118.95268589452215 31.83637567000381
564 118.91410620594026 31.829784561068386
565 118.81466973926639 31.72731038499931
566 118.61447997096545 31.95788000054426
567 118.77332718405032 31.7590812028006
568 118.65457232417009 31.904692632434884
569 119.03638293830545 31.86302862589172
570 119.05557008878425 32.115070836307034
571 118.63990702456252 31.955294846191276
572 118.91096975074016 32.118337050140745
573 118.99216642747626 31.84153782645409
574 118.82068548573007 31.897440897791245
575 118.54768697798531 32.377039587366376
576 118.98305311039367 31.794073633001112
577 118.55178574221667 32.20206294072854
578 118.96396504302677 32.15502935829649
579 118.57359785392077 32.104832329429804
580 118.95275069903224 31.701486273160842
581 118.6843251497859 31.580497745831615
582 118.76022690876655 32.19360569096809
583 119.17648092954134 31.657193397551453
584 119.15858666304851 31.804070063217836
585 118.89491455818927 32.375529538257894
586 118.95124257152008 32.368773313460146
587 119.06525003646301 32.34239932325343
588 119.00302613007611 32.05504118478701
589 118.58759163739626 31.956282006832673
590 118.79581743559221 31.968944883020615
591 119.0849443824094 31.865505163125665
592 119.00790940027764 32.385941756826824
593 118.61977633234524 32.24854388558463
594 119.09236516803493 32.419813822445924
595 118.92528359466009 31.848781249424288
596 118.71022016231515 32.07013817462338
597 118.52421173401795 32.122210717794225
598 119.02719952440252 31.913381367347586
599 118.8148186989806 32.06596293485013
600 119.18021039336912 31.730181757871758
601 118.67889665659463 31.846139220731814
602 118.55068593665602 31.714509728907558
603 118.66166502390519 32.09599336091385
604 118.78952455103773 31.869764226695445
605 118.5175626005608 31.929604018055695
606 118.74179799849281 31.900554895808902
607 118.65788007578249 31.649988014189503
608 119.18021734431412 32.32281479195186
609 118.63156000349389 32.165179857311514
610 119.1139196697843 31.853630303100477
611 118.57973101746697 32.30408268633606
612 118.89744344623831 32.16660949757868
613 118.94641324028403 32.38141474757417
614 118.88469882233301 31.988610665826073
615 119.16721388343854 31.694968348591523
616 118.81075040444341 31.693618681373785
617 118.94271425965859 32.18665384863189
618 119.11342835124815 32.048326473179394
619 118.66091049953104 31.774084137967662
620 118.85708887673785 32.02072920425684
621 119.18460502103613 32.0227239651506
622 119.04236251907587 32.2993373687975
623 119.0118330449959 31.621940930015512
624 118.79088508051635 31.69339305801114
625 119.10982025319585 31.937985266303098
626 119.07086917571907 31.70336851443038
627 118.80758914253205 32.37295606075726
628 118.8852312225453 31.772661458576316
629 118.96121342495614 32.0984204420948
630 119.02676466461496 31.95594763454681
631 118.82283210582628 32.225807490183676
632 118.74316271877063 31.634879222770103
633 118.60858082217233 31.853858462702178
634 119.01802966771002 31.984295052737284
635 119.03329207252293 31.686568857204488
636 118.62213170057937 32.07707284412063
637 119.10877901859278 32.01568951597766
638 118.61020578488692 32.26836786002596
639 119.0752056142469 31.967556185796994
640 118.60786778396552 31.843588063267575
641 118.94615949855344 31.835086579608614
642 118.86710576697085 31.81388128623022
643 118.59839621158413 32.3463177248846
644 119.01251516893699 32.23444730890544
645 119.02538207831675 31.872791257666684
646 119.11974564892301 31.95066405250082
647 118.8306017464368 31.686457383850342
648 118.88478346831536 32.08169407471715
649 118.95017659440356 32.19238493284704
650 119.11047169774662 31.79936856646578
651 118.78801957327636 31.97165897750768
652 118.967762416889 32.12351664873511
653 118.91034754356721 31.975117274464345
654 118.64263288950373 32.027630371658425
655 118.98035656178206 31.75529418116993
656 119.0944680807715 32.21525263577048
657 118.81721444759236 31.688439351046803
658 119.17672794515042 31.983489905270552
659 118.88153627441176 31.85157517335085
660 119.12226173712781 31.69579512673133
661 119.02198110739612 32.293209755185195
662 118.77190010922413 31.74698590083352
663 118.72711210625083 31.9721337477603
664 118.75453862723077 32.10505080636799
665 118.742291662804 31.83673489113395
666 118.51738682778677 31.988706364109444
667 118.50807955189734 32.01112205158735
668 118.79002599934138 31.946846113721065
669 118.63263443576477 31.8875788920524
670 119.09058286305869 31.788815475384357
671 119.17259132312573 32.32623781818459
672 118.70654078521761 31.992212985233525
673 119.03165904249805 32.16338933294336
674 118.75447559774427 32.01347184622127
675 119.0993104889368 31.840627296635077
676 118.81810229649716 31.993645000656496
677 119.14854393383995 32.25611475843017
678 118.97986561371872 32.28143430366589
679 118.58303065324326 32.35266860446818
680 118.59974195921829 31.791488356418537
681 118.80750940173813 31.872619743840364
682 118.9067183483511 31.688322052268855
683 118.8726057254363 32.40731871036761
684 119.11512763254962 32.1155110988127
685 118.51539802818111 32.156438006265184
686 118.58805095217522 31.956651168075208
687 118.70244811640133 31.81093853465986
688 119.10674488701781 31.927936758465982
689 118.49948616428043 31.852154561842667
690 118.87672241737177 32.025816840856244
691 118.50751754592785 32.24610822189821
692 118.88578374804095 32.2629255261032
693 118.83530318420341 31.844318488373894
694 118.58795716363568 31.73861883641194
695 118.9183867550283 32.19805746141606
696 118.92822137743862 31.935465140825983
697 118.8165102742482 31.743861940355412
698 119.04378728561258 32.11177862701455
699 118.54223270911541 31.681928394737007
700 118.73640182396947 31.67875679974592
701 118.84330528023196 31.59631692292489
702 118.72165323141743 31.746118051400288
703 118.58083214151831 31.970187012164445
704 118.5788186092659 31.743008023862632
705 119.03714923858537 31.642659979613736
706 118.6829805805852 31.999006453445393
707 118.9589944302783 32.31904366551428
708 119.09589653432434 31.598225161533797
709 118.71262100234969 31.78849051254476
710 118.62330173900867 32.33865530344562
711 118.89781759672016 32.11733704915505
712 119.07973261357745 32.257132751237
713 118.7592494412673 32.31537796687468
714 119.08715587280486 31.783290464799368
715 119.18638436841577 32.2003647236424
716 118.98596163158287 31.81299973746241
717 119.120192416168 32.33755930741733
718 118.5569443737132 32.35647899059296
719 118.77922463839708 31.7327211541383
720 119.11468247316347 32.28048696659116
721 119.01375762779656 31.656437376210008
722 118.58354965285933 32.0857564401978
723 118.67022892023857 31.98031009498813
724 118.71978053070735 32.06342682577496
725 118.95250064940988 32.20573389333438
726 119.01894613199742 32.30878945230305
727 118.84668418367708 31.993023403860605
728 118.51845585361428 31.64404529889509
729 119.12972562827908 32.34902646978171
730 119.15980773989087 31.63745696226449
731 118.73113397616821 32.233205590505136
732 119.07923262818767 31.71930737841598
733 118.85861335128023 32.331512895826215
734 118.83234851583407 32.095871215091236
735 119.17113969959769 31.836516787387662
736 118.50213909498355 32.27691703939414
737 118.79792033810588 31.732914491691027
738 118.64413438603098 31.77851031199542
739 118.8248838114066 31.839566448515416
740 118.80439029184518 31.91711404806567
741 118.62192141300251 31.792496927937034
742 118.9074130668355 32.32321705693499
743 118.76564016116929 31.96848341791385
744 119.13796966405774 32.35964154770003
745 119.15578124404597 31.83093523337322
746 118.76413554030981 31.96909953956503
747 119.03339139279295 32.26599904878634
748 118.93881239528596 32.38105342107065
749 118.76434324074145 31.96470529825066
750 118.68853234856138 31.98352748158362
751 119.14748294901683 32.35351220983201
752 118.65605872015976 31.945157189358024
753 119.03807466413508 31.94969804569655
754 119.04457721715762 32.38001684565185
755 118.63171268576816 31.997907919116802
756 118.76036574762763 31.69527044161447
757 118.79994054002485 32.359223775017576
758 118.85652422358001 31.972571345777546
759 118.92733259817011 31.8858357731414
760 118.76103843300874 32.32054671132083
761 118.93067616394731 31.607398644500222
762 118.80470537765429 32.36852093714591
763 119.16326403115372 31.666531331586665
764 118.96216192495906 31.658458692667196
765 118.86903612175291 32.32778895615688
766 118.89730508525183 31.96098458949489
767 118.58038800948691 31.731604318388655
768 118.68200119860455 32.38122893070983
769 118.99190906943491 31.85118026760693
770 119.21474618911692 32.33705853750006
771 118.72424245723171 31.974733734671617
772 119.21036618280242 31.91601246885582
773 118.75068073882669 32.052262129797235
774 118.81599799520536 32.32138894589979
775 119.17583389802049 32.38512669460066
776 119.0709967673398 32.14369736613707
777 118.87855531102394 31.902279873852518
778 119.18250871774059 32.258750626846314
779 119.2036409906174 32.34195543299113
780 118.61806286478689 32.04889798770684
781 119.03857995614547 32.18000473448873
782 118.68629031953532 32.304098094818876
783 118.71370222292747 32.15438845196773
784 118.80987732557251 32.10097739921062
785 118.82473053462121 31.890894564991758
786 118.60100051165936 32.08422102912353
787 119.01972251252091 31.772591643998794
788 118.510534697428 31.706335237193827
789 119.19725562790906 31.804888936583716
790 118.67310996365877 31.95068115263917
791 118.98787462082396 31.877155019144105
792 118.86589474044104 32.17689417976477
793 119.08644627821454 31.912335005588208
794 118.62688544934761 31.97035154457152
795 118.5172371523236 31.812408520030274
796 118.61948972809485 31.66419650212528
797 118.97671476362746 32.16817699947046
798 119.0717354472142 31.776711723777048
799 118.60365401875492 31.980913677141892
800 118.91623767846228 32.08296826430146
801 118.51252798937946 32.1451568240439
802 119.07129355084956 31.94058919670649
803 118.5811826737361 31.803348561858034
804 118.62026987872254 32.30778349004712
805 118.95088933403338 32.14178367881988
806 118.82413041521893 31.807158467693924
807 118.69493889675412 32.227119135279146
808 119.16555765397385 32.03661047902399
809 118.8707303377708 31.94343023574357
810 118.62108277387837 31.69637804247764
811 118.78802967565261 31.783838247469795
812 119.00447148924474 31.69622623875191
813 118.82535724729195 32.1522999796598
814 118.5849813675243 32.174617408518394
815 118.61291996372256 31.972693048589115
816 118.66398782387502 31.63866368365479
817 118.8771373876593 31.72566591205068
818 118.94242952435029 32.34704928450755
819 118.8418525353274 32.30333530880748
820 118.64140951173627 31.919037340865458
821 118.74034274446551 31.706097958338994
822 119.11597290606117 31.95838193644199
823 118.67107678346099 31.942437026301352
824 118.97023327503817 31.612693174900283
825 118.75837429107234 32.18725065920786
826 119.20545567191292 32.121651972612796
827 118.49515031041328 32.04619001236477
828 118.70824618011395 32.248196268780454
829 119.04885984139706 32.27275666372369
830 118.53472618375972 31.761577547466345
831 118.77409529283018 31.665636935319554
832 119.17224941192923 31.90548609150146
833 118.97576283340207 32.28066405390818
834 118.58695836702336 32.21613623075762
835 118.5640235036011 31.793437410644586
836 119.16789765064892 32.20861960333805
837 119.13891477793443 32.06835651652533
838 118.62350537895085 31.8222307047107
839 119.11677720581969 32.15546747519559
840 119.01623725386256 31.842592787480086
841 118.77857117733214 31.85413114625924
842 118.65963561399528 31.7694971100617
843 118.60103312912567 32.056242083926406
844 118.65478339566353 31.981558599059593
845 118.84224488658431 32.09158074581279
846 118.52847025455733 31.61944424685222
847 118.93032398563099 31.91868808345698
848 118.92396606019771 31.62692002855505
849 118.92923287578353 31.85710575832298
850 119.0769187492177 31.67515396108204
851 118.55080734825857 32.04701025301025
852 119.19164490295977 32.34062213074969
853 118.8222746725515 32.27499853502566
854 118.8442405399331 31.992916899932496
855 118.60665517929186 31.897688953099628
856 118.95577021798272 31.616645011692974
857 119.12546547884088 32.12767524574819
858 118.55330037528216 31.84422477366095
859 118.71324313552911 31.93462820269525
860 119.04897969625311 32.09853559870817
861 118.51269929333311 31.74963920686418
862 118.90242006483183 32.03920399814813
863 118.6651949349535 31.97003243518618
864 118.85938106831081 31.91392842616856
865 118.612001547023 32.27873877220203
866 118.73975444567216 32.1958683423404
867 118.74276684696679 31.707340413845255
868 118.77441442862732 32.31888649477808
869 119.16486457648726 31.59321785004218
870 118.5906228808756 31.783715003805387
871 118.68082526513686 31.70595650378202
872 118.97245293417245 31.862637462970202
873 118.75187402584956 31.687119010795364
874 119.1507387816094 31.826083013697463
875 118.74297485856661 31.907130046214526
876 119.15696928902283 31.98577671421887
877 118.5931586460079 31.831648471848254
878 118.81506579976518 31.656022490977858
879 118.85205260530387 32.004241334722686
880 118.92417681916727 32.08073969385301
881 118.77829656030856 32.12163036636033
882 118.86014154338423 31.611837638785676
883 118.6535944537653 31.682569762985054
884 118.66386489054406 32.134663743828995
885 118.57364861293507 31.715691717045953
886 118.87452179405071 31.67989110690979
887 118.84603359170865 31.947460671646468
888 119.200714832976 31.900282617671518
889 119.05792957207507 32.121653767545624
890 118.98787557533822 31.628343319464964
891 118.71659008235673 31.80200700649534
892 118.67077218224263 31.81781788459651
893 118.9759761514851 31.862408414973174
894 118.65415394970537 31.60873690754165
895 118.54044422752388 32.03202735245237
896 118.70507056856124 31.59508599500283
897 118.86485623506435 31.836075001776766
898 118.62286408297821 32.320389235700674
899 118.57953454018549 31.72285086684733
900 119.1175253814834 32.13772028124641
901 118.84000986050934 31.994507573151346
902 118.51909967544435 32.32798328817815
903 118.66452536426199 31.950023096187444
904 118.54058496876787 31.743321762136468
905 118.68540448185038 32.40295303078713
906 118.80640303841813 32.17311122653042
907 118.58874274693035 31.70066635227044
908 119.1391236458754 32.02365039051866
909 118.84070356726454 31.869890069929188
910 119.08969981015258 32.30619626817351
911 119.0599545965841 31.740242347244827
912 118.59435362778945 32.11987853887392
913 118.54624509217889 32.36302361686923
914 118.90499607956521 32.34196838453808
915 118.50880692069323 32.322657965925984
916 119.05592935387833 32.12205626485884
917 118.71526143082704 31.852971460813677
918 119.01416479719005 31.65120231515098
919 118.62876567565465 31.744941737753344
920 118.71686431424182 32.30940676560179
921 118.9431797437775 32.163936346279705
922 118.66415130305943 31.666360790425294
923 118.66309683018596 32.373425661338814
924 118.74805187070251 32.000590733824666
925 118.52660888746301 31.752088026459877
926 118.98510793002887 31.97747989393313
927 118.57646511486803 31.937044869608606
928 118.66414244058971 31.782705761311135
929 118.55468427599605 32.1045982827087
930 118.8175731681511 32.02554970115177
931 118.69034353539735 31.811612883394275
932 118.85776888797787 32.22157226558533
933 118.95952847618784 32.03415802643822
934 118.6510916812568 31.87911761521692
935 118.73923481780314 31.72399341645758
936 118.88757848204197 32.00455357244695
937 118.67019354606452 31.714627688190255
938 119.12339214383702 32.31743054681415
939 118.54805428498027 32.01107201785159
940 118.59886493816798 32.33691579057611
941 118.7152779060287 31.859542201758195
942 118.94879706881494 31.94841399727108
943 118.5523034097251 32.03335923569425
944 119.13809685190961 32.304625988128294
945 119.13820261615976 31.695400667039653
946 118.96120093836362 31.912682554874692
947 118.75778593915265 31.681902881501728
948 118.68530918576526 32.351641845081424
949 118.73053371724492 32.2569898917839
950 119.12780937169903 31.92938834380605
951 118.85821918244027 32.129395977421616
952 119.15874749633996 32.05515397095588
953 118.84486319271537 32.08267062915961
954 118.647540975206 32.25741099683885
955 118.57724971327642 32.380145553217424
956 118.97367898788453 31.659857633141783
957 118.71197341665135 32.0529382274729
958 118.95716232968871 32.32887965779054
959 119.1609424148659 31.92037215296263
960 118.51240174298667 31.791610579141977
961 118.56084410357683 31.69171346780816
962 118.72836754028951 32.114610378513206
963 118.71504806946511 31.75717449520611
964 118.75987591192582 31.890916639066205
965 118.81654046321003 31.904024585405267
966 118.78774205639657 32.09788787159857
967 118.56596823895777 32.361763326806454
968 118.72427807274175 32.399858453876945
969 118.60212246704175 31.83301284834391
970 118.62857802981378 31.81280830989857
971 118.90956273535431 32.190687265921824
972 118.52596398399207 32.16047761488778
973 118.69077723898589 31.832819666295084
974 118.92396429011974 32.352632846051044
975 118.69450947267872 32.245282790666394
976 118.84741488160337 31.749168013303407
977 118.81564491866283 32.003506582717904
978 118.93282191573539 31.670319727803104
979 119.08573808831734 32.03416752018726
980 118.69369533808481 32.04680308253093
981 119.12826585457317 31.75709910398239
982 118.9694443897742 31.65895143594262
983 118.784972283737 31.730151479976552
984 119.08560136664595 32.01011422626845
985 118.79086354314713 31.64499855532106
986 118.9787956825973 31.740997622083302
987 119.12800298002267 31.74816022104044
988 118.6903856717486 31.921129084465996
989 118.84027432729339 32.01813232942435
990 118.76980028182972 31.878067114710113
991 118.57485910159683 32.09952780590692
992 118.56836009721634 32.33028843879084
993 118.55209862528412 31.792885393083704
994 119.12490151098808 32.38599240084177
995 119.12073862607906 31.857458278994265
996 118.73676235817251 32.09106682477069
997 119.11198100966901 31.88924476311513
998 119.16919493051986 32.14810010235514
999 119.03118448647058 32.292949014929036
1000 118.65623439690536 32.238763719248944
