1 118.94591832674308 31.966032847864827
2 118.8976023881506 31.62656185440318
3 118.63023920903476 32.05536933425999
4 119.06105383011676 31.971641156442136
5 119.15857747488141 31.972982311075395
6 118.94531978600713 31.87161694062037
7 118.91148587702098 31.748987713851854
8 118.6190058216134 32.06504570410432
9 118.69829577529735 31.83924784480124
10 118.75826964410929 31.824641567066035
11 118.61674548297425 32.11154021553864
12 119.20277444805514 32.042063638989646
13 119.14832709676772 31.72220164175815
14 118.76357505927763 31.992880137950007
15 118.61870921697468 31.73965021652782
16 118.76424141173368 32.232596341213615
17 118.62753722689611 32.31047941914351
18 118.87484374675903 31.981817861354806
19 118.64041592465394 32.27892740502265
20 118.53817782630173 31.686417760620426
21 118.93749569654724 32.00726797511662
22 118.75386890866048 31.623528279548374
23 119.0078974837253 31.92588667108906
24 118.83954982068022 31.700266566322945
25 118.97847767570866 31.692178546509037
26 118.73962234519543 32.096647834344544
27 118.88674557868059 31.798089236729766
28 118.85938789598285 31.669465468734735
29 118.91415912976235 31.783688693746154
30 118.52440211315407 31.868676650307737
31 119.18827544694564 31.99392684354282
32 118.65914181762228 31.739200825478967
33 118.54830295422386 32.123379516914575
34 118.69792309508469 32.003874069296096
35 118.99175098520399 32.02991998195074
36 119.16740556892769 31.918233934847205
37 119.10603165394544 32.21117453609504
38 118.70328741013938 32.06957428956049
39 119.10371873469046 31.71429199468739
40 118.54214720744805 32.17435232472136
41 118.56821070280476 32.37719874714773
42 118.62965668664853 32.02201156142387
43 119.04819550304533 32.29835975623496
44 118.96942927416512 31.883137247745626
45 118.58031709499687 32.07378465291851
46 119.02092457619197 31.936422997726883
47 119.02766575874548 31.922072230694848
48 118.60840555107671 32.235620700599405
49 118.96675738269519 32.02546975124912
50 118.79353963663483 32.35146828240468
51 118.54434846439119 32.04729268365427
52 118.88247877287135 31.671062070041838
53 118.84609405509737 31.876754696567687
54 119.13259150751287 32.28640046061317
55 118.93945637592219 31.96550003639055
56 119.10640293409982 31.59120609517114
57 118.86669905907654 31.808594178946688
58 118.98413820234984 31.655655368952107
59 119.15507371210448 32.37815777689466
60 118.50389063655048 32.38185369790657
61 118.79031991159705 32.24761830448782
62 118.80735011153114 32.07074648565578
63 119.04519468841569 32.23548924329538
64 118.51902825666535 31.745800292489417
65 118.90034728479854 31.849101003150203
66 118.68825539314707 32.005396289923084
67 118.78434626307975 31.87433484212819
68 118.96751015889856 31.667285205334416
69 118.92291217873074 32.3403684581729
70 118.66380653220308 31.97190680798377
71 118.6009924349669 32.007528824275624
72 119.07654607769919 31.87394592494824
73 118.86488666307973 31.816388530516665
74 119.1647738728409 31.90086916243186
75 118.96961610444191 32.273184364232996
76 118.63790316784821 32.21986446875999
77 118.621103096653 31.869943381346303
78 118.73340209775698 31.632266083419083
79 119.05460837585638 32.229438638040726
80 118.83708244083864 31.811440817055672
81 118.89461386880043 32.070651802197034
82 118.91521363557688 31.616019760655004
83 118.66506772627528 32.11652034419148
84 118.7389073957522 31.933911208546174
85 118.68990488557604 31.980660580680723
86 119.14351134136567 31.940927554145052
87 118.51367428759804 31.880872473691042
88 119.18308282668359 31.999476239284874
89 118.60733523042813 32.390849690930175
90 118.83444707328385 31.730494651102727
91 118.69383308586335 31.85907234847768
92 118.69133287429236 31.605585483468143
93 119.02776539960993 32.203992862086736
94 118.98552144889126 32.14070125207215
95 119.03616692748234 31.77302827315521
96 118.6153785392126 31.91240078169595
97 118.6613229879426 32.12471871366088
98 119.01499761338127 32.15485162952431
99 118.56994636095901 31.707352548035036
100 119.09774957478919 32.33817470060353
101 119.11996843136711 32.24498492131353
102 118.85175488346448 31.674597911756685
103 118.97110527987027 32.280863301748184
104 118.7450982685873 32.22221685533593
105 118.9401221797512 32.254025046320365
106 118.52113856205754 32.02179827466532
107 118.68148101866869 31.790817799411993
108 118.79552869355366 32.38049519246175
109 118.87539622137811 32.09843424349403
110 119.19875189987543 31.881585205512355
111 119.1934556892764 31.836144050141687
112 118.58064981263821 32.309854976464834
113 118.71517702690528 31.960743631844206
114 118.56025848140014 32.03228606050401
115 118.72644967322752 32.118547193520605
116 119.131566023388 32.29471110594734
117 118.9159619264624 32.07786866918942
118 118.52987270590503 31.763174410493644
119 118.90581178397821 32.06044771081476
120 119.17133415703523 32.011494925397464
121 119.1950897265706 32.02713309938912
122 119.13165826754546 32.145066267216606
123 119.02751200613152 31.795830778105586
124 118.66225114579986 31.753738412590014
125 119.12345866204997 31.67483057256304
126 118.73311861316664 31.84627861228724
127 119.1257563028845 31.6011359407983
128 118.52130775908101 32.075851450434314
129 118.5679562625014 31.838776978755583
130 119.05789907682144 31.758426417980285
131 118.54539894599945 31.69353292330607
132 118.79119434330967 31.806958943386693
133 118.75140301188969 31.776564568645878
134 118.64661830051462 31.81802722372401
135 118.77259797666208 31.969258298269807
136 118.84383186137342 32.036666329588364
137 119.1009413936312 32.240884956790055
138 118.9409750897824 32.3784929421538
139 119.13351153040254 31.641440149315507
140 119.10767836805576 31.79812584455735
141 118.61425048162559 32.09489238893207
142 118.77845650020978 31.76885623106964
143 118.8457861389058 32.304038124515046
144 118.68896186157744 31.747409169068025
145 118.8927786962757 32.18526063002541
146 119.19260572971037 32.08313346906398
147 118.66027781296584 32.216833711239346
148 119.07153825056336 31.635392147791247
149 119.21355922972835 31.8004713676852
150 118.65546029379266 32.164923711565365
151 119.1225242346961 31.698119202010908
152 118.61891833531597 31.627495061786483
153 119.14539969123024 31.898889919090823
154 118.70419396113874 32.08821077409532
155 118.67141949059643 31.610748473563277
156 119.14098537280103 31.669525324713305
157 118.69993709189312 31.597342799317705
158 118.65794731702934 31.908877124478973
159 118.71501288042298 32.153532998085545
160 119.0031007650782 31.76233775284264
161 118.51627970781226 32.27705126360242
162 118.63429764345982 31.93029535411811
163 118.58056076277248 32.098988918679275
164 118.84468558817773 31.829392832644952
165 118.52253120019178 32.123054188813086
166 119.16210990002313 32.40303650428313
167 118.83486415076288 31.96005518523474
168 118.92492312022613 31.760587457423362
169 118.64341080378328 31.96775636267194
170 119.01426337066832 31.948749699664987
171 118.51555090893713 32.01945993874492
172 118.55092583076657 32.01782936158167
173 119.15834250114197 31.621458001580944
174 118.63229083628296 31.70021922176638
175 118.83519415006673 31.97135902211393
176 118.90083973289309 32.171079614962736
177 118.62199705307968 32.25843356188545
178 118.92103695889045 32.179810939684636
179 118.71724300518468 32.02197286955877
180 118.979347005152 32.37572084862755
181 118.70110441504323 31.857021647295714
182 118.79571563595034 31.983825085766632
183 118.85322759867223 32.23008957124871
184 118.49517928366524 32.252384453017484
185 118.59009841140202 31.914782893356378
186 118.55758588112631 32.27864677763743
187 118.81028455711315 31.943730379145393
188 118.87789398296702 32.18665690797122
189 119.15926903950175 31.572068012149277
190 118.71041060738482 31.60484672554771
191 118.60943711938053 32.33539531653979
192 119.1596825197078 31.689964248175976
193 118.87831280328403 32.15935476621238
194 119.16126024442175 31.837224667906057
195 118.72403231977692 31.749789829581836
196 118.54746412710396 31.894009589060513
197 118.85674691646953 32.33921448506723
198 119.22377610999355 32.0695500623714
199 118.53687952891866 32.33589856454151
200 118.86023549721003 32.148112118000704
201 119.08574078580271 31.974274231227554
202 118.68382148332856 31.99598899468045
203 119.0617889757861 31.76382999315913
204 118.5427987065593 31.626068464208874
205 118.71247894681645 31.912785083144197
206 118.62558939301925 32.036927117874484
207 119.16256262736182 32.32231068082612
208 118.95723127380118 32.13422399733813
209 118.71533425190759 32.25885353349099
210 119.13412779239674 32.30210886609974
211 118.8673351315139 32.321830128365455
212 118.74419733593648 32.25102945259761
213 119.00941256290717 31.719982403379145
214 118.94245509745775 31.866510649154538
215 119.18853408640643 31.750457049686215
216 118.5280449950271 32.300128676297064
217 119.08384879885817 32.21619318723798
218 118.9727026039407 31.89965412282709
219 118.6012452631253 32.04893824413597
220 118.73928887834342 32.27565948131307
221 118.52572776501837 32.29416303606024
222 119.09099871158256 31.746001890416117
223 118.57622549091427 32.21252506062595
224 118.64816106397996 32.25806108072377
225 118.96227189281554 31.681284676589794
226 119.06006073656802 31.675192785558558
227 118.70108517769334 31.946506497700295
228 118.63305163537368 31.764971460808287
229 118.54306620956339 32.294718952255266
230 118.55377794435815 32.18783062719317
231 119.12690950442095 32.16603017457991
232 118.6674566434096 32.19541406405387
233 118.76547753209441 31.820392468748324
234 119.03788616048284 31.778059167629838
235 119.16643777451559 32.08653398099579
236 119.11736588363193 31.903230512163308
237 119.09985985159591 32.34896751478706
238 119.0847847019406 32.15321995921716
239 118.7535531785007 31.89549510170592
240 118.94739498510434 32.267276072664814
241 119.00075239958592 31.92897488849614
242 118.79735952431002 31.721809847983547
243 118.95752160541664 32.21748713066997
244 119.18540100840653 31.993850105561776
245 118.7160892296411 31.795951379267507
246 119.15642981189198 32.138715897711954
247 119.16769634800812 32.393350887286864
248 118.90994684486533 31.79786859686301
249 119.17027219196898 32.24174511038807
250 119.00301761368527 32.19932768626889
251 118.9801919010972 31.69728819829902
252 118.56685722702892 32.29052644341215
253 119.04094503253648 31.96886720045018
254 118.59379484777358 31.676873980334328
255 119.0474224180533 32.025934814497305
256 118.52186040250122 31.884673982562195
257 119.12470896147376 31.714097091061237
258 118.61603562919238 31.640481596284722
259 119.08337777850957 31.786927861648625
260 119.13640829731804 31.95066063818245
261 118.53494460585138 32.12384265118779
262 118.58269504116207 31.674967816509156
263 119.15847412046057 32.152361910498676
264 119.18637655551456 31.684939188588295
265 118.55758724450152 31.73033997420366
266 118.94939858644038 32.180219617962656
267 118.76878444084447 32.278387156732755
268 118.52287967439581 32.33882953974823
269 119.09805048185122 32.10385126033456
270 118.96268742756794 31.973577696229516
271 118.58778968501721 31.686400533282793
272 118.80992932339655 32.07813914935401
273 118.79177687247105 31.731328799351243
274 119.18139139055128 32.00376108599527
275 119.19926120100136 32.08696058377585
276 118.6553167123586 32.273365416539356
277 119.03043830548212 31.86289837984638
278 118.94042787410932 32.4010983423054
279 118.82421216828814 32.37653662879116
280 118.87749183876205 32.29817102655512
281 118.80597675269321 32.19078239482459
282 118.51929066107536 32.153508163142
283 119.0284077818839 32.30616644404637
284 119.0422259804621 32.35504132433726
285 119.12540346888721 32.25525618336352
286 118.83898601659017 32.13589135816218
287 118.56074034657075 31.71231648793356
288 119.15657217871113 32.08395458473555
289 118.69967523249178 31.86613163904433
290 118.5696419096979 31.717004626406585
291 118.59603648870458 32.29571967870222
292 118.9320756090278 32.260975132656625
293 118.76384181862996 32.01490853520313
294 118.98512639325722 31.978252904410162
295 118.52746887884936 32.01364111127851
296 118.51198681072482 31.811531666413373
297 119.18525888269004 31.91458648944681
298 118.53269766295273 31.951442837019354
299 118.78149087198733 31.626489176405844
300 118.5294682561336 32.30136564905355
301 119.15418624318775 31.63857480127675
302 119.09808507976663 31.926859793805185
303 118.90771981632446 31.70185058079119
304 118.58309298419802 31.779835228548507
305 119.07379062282611 32.363669948046216
306 118.55500914063278 31.89879168795875
307 118.79507479665708 32.17621533433297
308 118.73436896470054 31.686643193675632
309 119.21891908595272 31.776880206145425
310 119.19316788113242 32.290856114323944
311 119.079135152979 32.32030901210333
312 118.81988015011005 31.80078147254299
313 118.85291664532768 32.37377458275201
314 118.88703862758715 32.14553242309723
315 118.87909237885044 32.01999809815028
316 118.63747321450299 31.886608094156184
317 118.68889816058493 31.85250945327942
318 118.99133636457981 32.384901549870115
319 119.09809103042035 32.17033400122918
320 119.16479163915868 32.00383106507373
321 119.040139882634 31.628338556229306
322 118.91512806382129 31.799258497334467
323 118.53233831380767 32.358963381595935
324 118.55702412108221 32.02725979504396
325 118.63601261517225 31.86894212425726
326 118.98232200795219 31.624677092474133
327 118.68675505147348 31.832621603640998
328 118.79599491701654 31.79439407010547
329 118.60137275921169 31.735843092206938
330 118.6493303343147 31.883328345621422
331 118.74719028208267 31.750612491595042
332 118.9279165616142 31.647717400210322
333 119.20850492090581 31.698016124686177
334 118.61282689825109 31.982413563209622
335 118.71601357644943 31.6428385358882
336 119.20215976763751 32.35118802559911
337 119.11341132707753 31.75627755733066
338 119.17620032307771 31.9998022940603
339 118.87117744335106 31.93377649605213
340 118.65168588303834 31.847444391085997
341 118.64182863899502 31.857755467613035
342 119.0647330890067 31.806837141217084
343 119.16579900989284 31.83825832166973
344 118.90790152723471 31.70075927901391
345 118.94858274535935 32.13871654702106
346 119.1633363671649 32.09048387230191
347 118.66629072170238 31.834057186261997
348 118.88524612000282 32.321014447012864
349 118.87600273417866 31.918392120144105
350 119.14130327551149 32.1026682868835
351 118.72193965296991 32.01666959961293
352 118.59017596364022 31.857163762415915
353 118.6030518493372 32.3152358218382
354 118.67543232219369 32.291966287754406
355 118.56420902046048 32.267816520743985
356 118.70379995724215 32.365750579294044
357 118.87836405110113 31.630259720659502
358 118.8152255942484 31.993783038047397
359 118.93738812776797 32.35026129260478
360 118.88150129977534 31.700906420649897
361 119.03175030556523 31.77785399026902
362 118.81183824695496 32.01907861549167
363 119.04074802852023 32.11827633286456
364 118.81121423673034 31.87580903992529
365 119.0231572879847 31.835908716982058
366 119.0120066473671 32.22664253501726
367 119.10294398445079 31.607329972588687
368 118.62405378725568 32.23248379347305
369 119.0039217711309 31.95307568629036
370 118.4817552407172 32.124499773144784
371 118.76426952173207 32.16136119832102
372 118.91697108858911 31.677589994846898
373 118.485706499862 32.34781892111272
374 118.52387513128015 32.24853485210882
375 118.64551233859743 31.8757335697853
376 118.7932852877439 31.752362052528373
377 118.97365863759006 31.659088696968418
378 118.64887125175144 31.870556057202094
379 118.78634118489684 32.175305040645846
380 119.16107640046076 32.28004513095248
381 118.7218217288031 31.851566069318114
382 119.02576943057892 31.790839717909176
383 118.93038900364354 31.85121556074191
384 118.54888279513204 32.39402300239398
385 119.18070758717717 31.658985275537983
386 118.60193117051945 31.732711143042998
387 118.7658338365483 32.16176925726311
388 119.18412588865675 31.681364906314943
389 118.67641872138722 31.77357957928137
390 119.13885226860747 32.27620687360211
391 118.95322204838911 31.857129619339194
392 118.60330412157309 32.082678388856266
393 118.59692591639019 32.043944812188386
394 119.17302879352556 31.827188361214198
395 118.80120008114132 31.796743138730708
396 119.05422161507546 31.7988936239732
397 118.58837847218113 32.3167513716426
398 118.85906718795833 31.611074382815534
399 118.57824099993437 31.698711988012448
400 118.83763786041104 31.90062619400874
401 118.51347383735056 31.760378551966603
402 118.50413341039992 32.03047043461782
403 119.13291793151714 32.02656266716895
404 119.12726095565799 32.014674880786316
405 119.02101197710427 31.836458806449134
406 118.84225314050124 32.01684977370065
407 118.62878965346982 32.21490907306814
408 118.99202495467797 32.23727688311871
409 118.64841372783873 32.03839513913071
410 118.52274963300184 32.27362942327242
411 118.72374362926672 31.665330302301594
412 118.90037273499382 31.71712364987807
413 118.90587264081165 32.20113159985605
414 119.07321753049479 31.89633318044488
415 118.75815992983355 31.88781523894244
416 118.57021092595261 32.06802225418296
417 118.52865987174121 31.921684868971173
418 118.64591871031817 32.328907496108734
419 119.17849292819973 31.898544435592818
420 118.50252321781153 32.262152576957874
421 118.94112261148734 32.10238127302027
422 118.81339668600789 32.33135389066026
423 118.65697560873488 31.988632894332614
424 119.0008672606418 32.35721534695693
425 118.91045994688778 32.041909892188535
426 118.55586212102524 31.611684609988146
427 118.98329683343125 32.19506043110544
428 118.51310686554474 32.276790250766254
429 118.66566607432844 31.65821836570911
430 118.88764939753601 32.36373171187459
431 119.01076482762879 32.051891886972584
432 118.88478991677616 32.18704735966776
433 119.09524761933314 31.787988835501555
434 118.98963997024383 32.35089359057708
435 119.17717998060301 32.12251189943554
436 118.69194162659895 32.06508384787412
437 119.17960190004125 32.347194993260416
438 118.65672733601187 32.049718847501175
439 118.63713798919085 32.02309859181821
440 118.62174439487544 31.622695225452247
441 118.59225429875757 32.0244930037106
442 118.95006363385194 32.18754192909728
443 118.51298017034512 31.894794464326157
444 119.064482751363 32.16397175052762
445 118.96375290462308 32.04778423446233
446 118.74098105084951 31.775403642106877
447 119.1283727747261 32.037737016213235
448 119.10685339969123 32.01056701784711
449 118.94479711011424 31.87573944600189
450 118.53132331496741 32.1368848634568
451 119.19256485663011 31.65985901348489
452 118.9188658532852 31.89456679831635
453 119.1611153205097 31.942819008665065
454 118.59978748987652 32.38588374382558
455 118.51064811873128 32.161022811732394
456 118.72827973978424 32.117161997317886
457 119.03522324794359 31.740946204439556
458 119.06197518648308 31.963825435007756
459 119.09640337392798 31.8985103581652
460 118.73323755405524 32.348164224224504
461 119.03284446812035 31.95457348542235
462 118.59449862753713 32.28759305252753
463 118.8938939950562 32.14850641651076
464 118.52039805566402 32.273279208749116
465 118.99125208312664 31.579064139263696
466 118.75777533329574 32.33473219271314
467 118.56234297989774 32.3526196268883
468 118.98629202667243 31.72394329192381
469 118.79823414800805 31.635896197021236
470 118.72375565586374 31.858633458050356
471 118.74974886900644 32.03574734464371
472 119.05299363941228 32.03944357549655
473 118.80734830742595 31.976181646444033
474 119.12134331755088 32.31242500621592
475 118.61165558202747 32.01317968673002
476 118.79117263926622 32.334564611714164
477 119.13611226794401 32.056683023074285
478 118.9077744731417 31.759050939752434
479 118.99743813274041 32.39192017226397
480 119.09347554232278 32.38509299423193
481 118.87056283001603 31.96167119339324
482 118.60491719619215 32.22759876107858
483 118.72387242863321 32.12994174107676
484 118.67251117366874 31.748404917508505
485 118.6214548552196 32.06012049541208
486 118.89367135202225 32.11280000499598
487 118.63913726292272 32.08882299290684
488 119.0787362755611 32.04644454951216
489 118.82580415062583 32.0647549749811
490 119.07153296664268 32.16930722298349
491 119.09975246765676 32.19427695292572
492 118.95825536557219 31.667987822019526
493 119.05379443834322 32.35816791619207
494 119.06865233536979 31.998926820432672
495 118.92339555474562 32.16957435954283
496 118.672310159364 31.911651028044318
497 118.78330104500603 31.66144434634027
498 118.72027528891546 32.12398152685716
499 118.81989295349905 31.91645310057062
500 118.75070594806637 32.013722946198904
501 118.76094548618896 31.795875688145472
502 118.58217903341937 31.77109699853062
503 118.7883377923757 31.82969283641451
504 118.59092872287941 32.31592938161914
505 118.77085804793406 32.347051380833456
506 118.5686533867015 32.3524673433133
507 118.78256653423358 31.948176724013514
508 118.897758617228 32.20939858422674
509 118.537130535032 31.729915777047893
510 118.67541380972398 32.19420507424039
511 118.77935098839053 31.94980186892944
512 118.72427083639086 32.249203766128936
513 118.87984477062139 31.766023427924807
514 119.0575156629911 32.25635057962777
515 119.02582338898455 31.682376008379688
516 118.68143066518401 32.293810637200856
517 118.64152030609785 31.946692601678254
518 118.91874046110428 31.743091083519747
519 118.80317022499212 31.827752744393596
520 118.56356897762684 32.16054061731911
521 118.63954611122435 31.96073616456915
522 119.16529994096072 31.78691962260953
523 119.1424713172907 31.813992178824012
524 118.72918525336709 32.14961737116216
525 118.50745397066216 32.11598663330845
526 119.02309516885249 31.65529279689249
527 118.67680626415252 32.269318325979114
528 118.52494463494925 31.698262295841644
529 118.6717606938811 31.783838206949792
530 118.58388152787236 31.620166988337253
531 119.12864141122228 32.0266299919594
532 118.65202342893568 32.31435965729266
533 118.99888934960748 32.33617631607705
534 118.60624752366591 31.968132245045137
535 118.56910625455991 31.698005957488707
536 118.78308227224319 31.990655817969415
537 118.93728524565817 31.82671233780378
538 118.89784190050385 31.844470775294962
539 119.0363287698374 31.759989799506222
540 118.76558095898507 32.35535377591499
541 118.96795554338551 31.924528150647703
542 118.54120325848788 31.598071479746622
543 119.04168396720665 31.973760551908228
544 118.97415326634565 32.12255040161712
545 119.06256847411154 32.24081023704565
546 118.54440610223334 32.18501671390207
547 118.83109150670327 32.15772587946413
548 118.96203344864874 31.788795205529915
549 118.46083351215897 31.855213448671655
550 119.11192836531396 31.931994007487383
551 119.0665273712737 31.747153189156876
552 118.85320631519934 31.96945228966749
553 118.74429686241496 31.68271545747495
554 119.02463082672162 31.68701669533046
555 119.13059073416824 32.252604235295564
556 118.88229323939873 31.70897383855862
557 119.13289105361422 31.9560525567225
558 118.5774456806175 32.07294935305587
559 118.7260884361874 32.36166411662631
560 119.00034071852969 31.864506640945102
561 118.77039603452985 31.721552105030657
562 118.8663061097615 32.30374857851984
563 118.95852936012963 31.83901359293245
564 118.9048515391713 31.83026172218717
565 118.8188880113904 31.737158431992306
566 118.62367892090748 31.951840786542416
567 118.77667360165506 31.738832941005672
568 118.62605680773677 31.92095479109595
569 119.02605831273897 31.85925692775162
570 119.05656497940186 32.11920607719577
571 118.62890006871275 31.95385659726838
572 118.92332100264896 32.10198546864566
573 118.98201477500044 31.83884950669091
574 118.78036861565161 31.903634259045923
575 118.55097268977123 32.39117002619175
576 118.95383655750106 31.802923314145083
577 118.55479527000638 32.20425279169884
578 118.97005458265049 32.17003482463027
579 118.5698195492258 32.10091311072624
580 118.9522294336633 31.6934297328453
581 118.68150156442968 31.60811876772157
582 118.75047688044619 32.2008641412299
583 119.15927603601992 31.63551957779773
584 119.18581933989913 31.80143483699807
585 118.87266388377816 32.36474892680845
586 118.96327432585315 32.396510294506136
587 119.0632518037955 32.353468325385926
588 119.01804780137375 32.05075912768629
589 118.58088037664744 31.981686256761666
590 118.80390430556893 31.96912818318967
591 119.09182493763863 31.88577516275584
592 119.02887768006826 32.38629478427614
593 118.61583344724447 32.227473718869646
594 119.07886164376217 32.41965794469286
595 118.94333687437009 31.82334113822385
596 118.69062339232646 32.08799851209369
597 118.5275278480647 32.12034574558635
598 119.01306756306883 31.923802679829144
599 118.82881159894734 32.06208127602603
600 119.19099040430312 31.737340619316406
601 118.66710471999849 31.837121927861336
602 118.55979945103716 31.725643699835157
603 118.66450952889602 32.069800806733554
604 118.79549242497373 31.87350624414128
605 118.538965268814 31.951855249828125
606 118.73085720981004 31.887657680927017
607 118.65698107257597 31.62284791833933
608 119.168875477545 32.32856388232417
609 118.6287151198287 32.16184664307999
610 119.11689488591688 31.854375136070747
611 118.55610811194482 32.32888040719045
612 118.8993941179173 32.14491461789259
613 118.93059474127084 32.41417351051022
614 118.8960877522546 31.990103404089087
615 119.15082139155696 31.675842933676154
616 118.794065524535 31.69548083467533
617 118.93021756323036 32.17790422895579
618 119.12402679838935 32.055170026300004
619 118.66216532547324 31.773214970338802
620 118.85379674983355 32.008916501710274
621 119.17988579810317 32.02765401011693
622 119.02505221078177 32.29548757691949
623 119.00413445484259 31.606272531271138
624 118.80328583489816 31.697097178638703
625 119.10035533932086 31.91475917655527
626 119.06578389627067 31.689389385865425
627 118.78662689812505 32.37145255464721
628 118.8970261222769 31.764908301446937
629 118.98425515053917 32.07829526147549
630 119.01437298252682 31.939133072633116
631 118.84129252758909 32.22439411668879
632 118.74608061813954 31.634113756657975
633 118.61467648569192 31.861182115473564
634 119.04087448615546 31.97357390347694
635 119.01882516649475 31.683695185687025
636 118.62726731001986 32.08788082831937
637 119.10349256993956 32.01172202995883
638 118.61473401160814 32.272817643398376
639 119.09258187475832 31.95225495541373
640 118.60071900490115 31.872526622920557
641 118.95414009613899 31.864685607202247
642 118.86862440832608 31.821010659620203
643 118.60796547735384 32.346678071989146
644 119.0389176041092 32.23613340953292
645 119.00423804302966 31.87716269418941
646 119.10109785423916 31.95335858479015
647 118.82676623216845 31.688187275369376
648 118.8729705722349 32.072157834047694
649 118.96538205669759 32.19071214565038
650 119.11248780793395 31.797466351670174
651 118.7744826048063 31.95831308758678
652 118.98127346244696 32.13997557715753
653 118.92127404669733 31.98166412546381
654 118.65077665363708 32.03229027464355
655 118.98055648306153 31.76083465380538
656 119.0761581676003 32.21594359160703
657 118.81772443673555 31.68908995238302
658 119.18243916321342 31.971693727936316
659 118.86123994339857 31.84225334921191
660 119.13250918662405 31.697425505316087
661 119.021738974119 32.28752682197543
662 118.79774162205865 31.779230793608832
663 118.70875198054239 31.9893334677201
664 118.77980089165828 32.08615492946333
665 118.73458787015764 31.83908976751459
666 118.50984438911418 32.00089447917121
667 118.53657036526418 32.01246133374022
668 118.7851293845382 31.935407727734106
669 118.60653509227897 31.88377709235234
670 119.0817489759029 31.79785905051239
671 119.17107141712242 32.33829880879305
672 118.73605892366412 31.97508150852016
673 119.01142202527062 32.134230712058084
674 118.74188600045248 32.01976905250189
675 119.10782309345781 31.853275269555517
676 118.81494107366382 32.01244510752738
677 119.13881567898505 32.241756645346214
678 118.99736816438508 32.28773313835741
679 118.58422794887862 32.349732250776746
680 118.6066286180695 31.80559327900458
681 118.81670709881286 31.893180920667078
682 118.90529084909802 31.67237744947278
683 118.8565924154888 32.42608395519023
684 119.14494484888085 32.11896206091503
685 118.49372599164218 32.15984695160122
686 118.59162930675592 31.958167147652446
687 118.70197683096434 31.807197296020128
688 119.14881404729208 31.928494337285155
689 118.50318394180374 31.834816644974772
690 118.8765526582982 32.019743608654075
691 118.49848690456461 32.267506970769695
692 118.87482796016215 32.250835481375674
693 118.82931928969408 31.853127293929177
694 118.58805808369426 31.73037093200803
695 118.9551610492478 32.184034709879285
696 118.92705319239744 31.938203874387746
697 118.82820673091287 31.724874284338227
698 119.04920877567844 32.104397382055254
699 118.54515218983781 31.679881094403818
700 118.72798588685514 31.670841894374433
701 118.82335817709014 31.592589582921274
702 118.70411572104014 31.758358744224573
703 118.58150082479229 31.970315513622978
704 118.5841876512651 31.75591868430216
705 119.04712685756611 31.64118003751064
706 118.69163994433113 31.99089171874484
707 118.97213391148986 32.321475479424606
708 119.10821125552383 31.628016570152116
709 118.71040485406897 31.79195230590581
710 118.63848771757846 32.34814172587533
711 118.90123775515909 32.11572797935173
712 119.09408365681418 32.239866482166626
713 118.7713008205084 32.308042720108766
714 119.0680354390029 31.76363290511256
715 119.2033688780544 32.20664258790686
716 118.97738427904544 31.822404379349216
717 119.12719596104506 32.32177390046785
718 118.55316989366726 32.34063054127103
719 118.766799948226 31.725577159777686
720 119.10367738091755 32.296868506302786
721 119.02856283644273 31.631057868592087
722 118.58514770794105 32.072759140713025
723 118.6643793821064 31.98220528079949
724 118.72445968010607 32.08757994258892
725 118.94567242773888 32.18723527618982
726 119.01919200751894 32.3002407268325
727 118.85925738941032 31.994886117293948
728 118.52779894497333 31.64313819623897
729 119.14208763556309 32.350766503513206
730 119.17485143572463 31.640433633261726
731 118.7255683834144 32.24186668360467
732 119.07179084435005 31.713567626394738
733 118.874008213183 32.30037759192028
734 118.82642927116369 32.10297432941778
735 119.14788384618717 31.852877088433416
736 118.491119024883 32.26587649297687
737 118.76603284306856 31.739443970782514
738 118.65577035213273 31.778947480598823
739 118.82170372582301 31.824437023961995
740 118.82242936182229 31.907291373783085
741 118.6364431152651 31.80167446238197
742 118.90684728357165 32.321583599332705
743 118.74737162234706 31.962552291109628
744 119.12359466673175 32.37988452480683
745 119.15347206930338 31.84109361298799
746 118.74902756166094 31.97459628321209
747 119.0191143314319 32.27916750066643
748 118.9515564746632 32.39028059948415
749 118.76505138523643 31.965971007410936
750 118.72441632091443 31.97440892282583
751 119.16865501799094 32.35152926003175
752 118.6597200605293 31.93807885668988
753 119.07652783867421 31.958332643305056
754 119.035909021508 32.38779579714913
755 118.63146359574199 32.00039370494772
756 118.77570894522147 31.680528782557044
757 118.82115765894906 32.35993476046595
758 118.85926071818027 31.953362361520284
759 118.9371026306328 31.886567929834673
760 118.77074711394289 32.304226333599956
761 118.94063654089726 31.6164265930257
762 118.79653744603006 32.37662226184971
763 119.17907410899333 31.658853817305516
764 118.97020806170693 31.631729959747876
765 118.81604183802962 32.31622666798786
766 118.88574972837463 31.97093992268135
767 118.5884646683902 31.72655372824064
768 118.69826971146828 32.383914303423786
769 118.99191872743224 31.849573340254185
770 119.2259495360976 32.346984819844316
771 118.75470359219702 31.980371500159254
772 119.21024040976783 31.91354501405189
773 118.7616060264424 32.05770833235286
774 118.80072513798652 32.331105863959195
775 119.18711850196192 32.39367672758409
776 119.05824307512852 32.12931292558426
777 118.8945842917942 31.894867243397897
778 119.18589895300737 32.267174770227804
779 119.2044754697995 32.34853534071816
780 118.6173356433898 31.999517974978414
781 119.06609462649621 32.18559914792003
782 118.69167362863415 32.345182714777884
783 118.7119067337533 32.15311752931798
784 118.78777761874659 32.122199367257274
785 118.84719549224047 31.880570352808245
786 118.58189394664949 32.09690609767991
787 119.0264101544909 31.775086067191932
788 118.50043795685055 31.71024994511981
789 119.19670913185841 31.792873074666453
790 118.70431824120077 31.943395166343652
791 119.01775118951177 31.86868205527419
792 118.84795747750286 32.15368010061437
793 119.08589208273806 31.909189635696112
794 118.59482291119389 31.96137860982271
795 118.52460378479867 31.82419379377641
796 118.62148391583283 31.708347058478918
797 118.9712240316206 32.180205744357096
798 119.05992273145313 31.796673974624248
799 118.60468553369937 31.96081309891892
800 118.91525023205251 32.08754192575889
801 118.51502300161182 32.141219734477765
802 119.0604190146478 31.944068485912158
803 118.5587305295943 31.809285267431026
804 118.63681598024048 32.30457529026547
805 118.95614485186529 32.14506066441394
806 118.8308776680251 31.776133317450014
807 118.69151559125558 32.23492934084562
808 119.18012759298028 32.04512173694942
809 118.87434883441922 31.957884353778248
810 118.60985829105375 31.716976061022034
811 118.81305918206746 31.784633887586633
812 119.0004392201935 31.685269816813882
813 118.81413607383564 32.13545398809694
814 118.59250067966063 32.19623320382788
815 118.60252888733982 31.97337096092111
816 118.67057474497877 31.648851089198022
817 118.89586724755847 31.70955295677246
818 118.9421723933167 32.336357758066775
819 118.82049931859243 32.31661921485086
820 118.63023587069868 31.913727742928465
821 118.73440140464392 31.696100388844652
822 119.1399137093493 31.9759637695995
823 118.68211142440498 31.918536117471206
824 118.98378797356406 31.606574794120128
825 118.74269223845708 32.192923253266876
826 119.19978336567885 32.09926619471565
827 118.51927599462445 32.0326875105739
828 118.71452858291279 32.250113404670685
829 119.04636696052475 32.29720504068666
830 118.5324245513522 31.777558666037187
831 118.76274595838466 31.66081795435803
832 119.17713748539491 31.90786494741846
833 118.97451198902789 32.280591177773175
834 118.59514561888695 32.20436163473904
835 118.5604600578587 31.805680900295286
836 119.16783646947157 32.21629017174102
837 119.1488203859422 32.069382882421934
838 118.61717347383264 31.78729291856122
839 119.12167965361469 32.13698445984268
840 119.00874253220063 31.83169145331881
841 118.80004380664737 31.875999568080665
842 118.64060321847053 31.756429603212283
843 118.60443368704628 32.05601520224923
844 118.65697006781014 31.975441998369565
845 118.80005988370569 32.08232083165138
846 118.50969969930588 31.59291215360823
847 118.93627024834375 31.92826848144245
848 118.94890672164554 31.663325800196528
849 118.8949495087996 31.8504705816327
850 119.08958263689988 31.67436985615103
851 118.54894152902564 32.05675075932509
852 119.192065996442 32.343700374019804
853 118.82142701456807 32.26262474458988
854 118.83732643955175 31.997665694255378
855 118.61955741803249 31.878839211312965
856 118.966959385663 31.606024069295568
857 119.12458071338007 32.12672073522393
858 118.55476672824739 31.84309284143605
859 118.69879379792727 31.93321648857485
860 119.04276190026214 32.07859237888543
861 118.52755513439975 31.740575296487485
862 118.89769186176872 32.04228247584589
863 118.65888117850268 31.948208753239676
864 118.87252968092359 31.90248856800036
865 118.61699201292487 32.2870981591532
866 118.75790666160759 32.20140362352647
867 118.7333204921794 31.684934191185018
868 118.77337814981865 32.321269808686424
869 119.17183037445237 31.571183988708157
870 118.60736660604559 31.764490279479123
871 118.67663978497062 31.70726503296413
872 118.98546923540881 31.866934851308006
873 118.77156992102654 31.71018669946681
874 119.155583382347 31.820868929463053
875 118.72432418719312 31.919759807771133
876 119.16643894999183 31.96081254088638
877 118.60760950204453 31.832116808757906
878 118.83625309122226 31.646523180828833
879 118.86581161516581 32.01892752133712
880 118.93931483418032 32.06651426705802
881 118.76945839038491 32.12836260639195
882 118.87531629591507 31.594609369713393
883 118.6308132742474 31.669915879377804
884 118.65941304006346 32.14049184616881
885 118.57012040003863 31.732447952638108
886 118.88305433772517 31.690288867783643
887 118.8283689648851 31.933779452084583
888 119.18201929288449 31.910387495711852
889 119.057778668909 32.12292743757855
890 118.99531475152116 31.631159696121134
891 118.71135924564699 31.79456134925334
892 118.66091127021062 31.805707347962084
893 118.97303854808028 31.850020279093673
894 118.6731880594129 31.581279370616578
895 118.50612046809147 32.02364768898997
896 118.72171856081462 31.581403659264556
897 118.86520993794704 31.822103366632845
898 118.62759848451466 32.31370074602851
899 118.57218154942808 31.70233223323945
900 119.13945886520601 32.135647897708964
901 118.82028350875326 31.96871315842511
902 118.50226499275713 32.32242530494012
903 118.68292285322 31.95934083249562
904 118.5488641027325 31.765946968794637
905 118.70436063474426 32.411214835954155
906 118.78028490022382 32.1645401762658
907 118.59648423504727 31.719674691418728
908 119.13031750091947 32.03449579318633
909 118.83730816319081 31.847813828711374
910 119.08626602481309 32.316038222502755
911 119.04841628300233 31.725975587722168
912 118.58499430231682 32.08851058988973
913 118.52820871479331 32.352938939584405
914 118.91976860570885 32.333610995390465
915 118.52835569988392 32.31481347284665
916 119.06889688183932 32.09238829779052
917 118.7211826237805 31.864497259876494
918 119.04432736899872 31.652040613839933
919 118.62632160014975 31.745817684854426
920 118.72703792518573 32.29814827109018
921 118.93472535497804 32.16299605876555
922 118.64793414152732 31.655733152045066
923 118.6668099134265 32.369664818947385
924 118.75327361008195 31.996471965678317
925 118.54880048478881 31.74835202644625
926 118.99168334448906 31.960369750092195
927 118.5899494492141 31.95138945600756
928 118.68356377362257 31.776370128136918
929 118.52304675502792 32.10882702791055
930 118.81806216475648 32.04784827714135
931 118.72063218376567 31.82337681093356
932 118.86297450074561 32.2003378051187
933 118.96841150875696 32.030829513834476
934 118.65672297669383 31.87833318772319
935 118.74643616315291 31.70883924603292
936 118.8718753159529 31.99216124040679
937 118.66768844530199 31.721517985898856
938 119.13672815267914 32.327220862238086
939 118.53603423499159 32.02726649865307
940 118.60788549461914 32.34417776929318
941 118.71690599166843 31.863873695074595
942 118.93565209332608 31.94905678667695
943 118.55318497937257 32.02491962680133
944 119.13514800732364 32.31317217950951
945 119.13865503968003 31.71820344869352
946 118.96710573238641 31.90867236836823
947 118.76518656425164 31.68325957785671
948 118.68417080265577 32.332169290844575
949 118.7096316601391 32.25708837259628
950 119.11328386326055 31.93730193221138
951 118.88827066545035 32.11348526262348
952 119.17017651522735 32.06620959816572
953 118.86026326619388 32.08449105736827
954 118.64940077121732 32.23729858441592
955 118.58407476366092 32.36347583077603
956 118.96751663408513 31.652699752818496
957 118.73155222782478 32.03888680611182
958 118.95409915902248 32.33547044288694
959 119.17760952403214 31.91019510097417
960 118.51578201663104 31.799342292955483
961 118.57433183638732 31.667354328670342
962 118.69744101577226 32.117909186547095
963 118.7130860355776 31.73310843526388
964 118.78148457208843 31.88961289965734
965 118.8051942087535 31.895487696707015
966 118.7658186706003 32.10682889453319
967 118.54161706875107 32.37906027102025
968 118.73588793564105 32.37950926096386
969 118.610636299516 31.861179774783288
970 118.61783616113935 31.801531850758014
971 118.92104671937702 32.17069487035978
972 118.52266027923471 32.166396425508616
973 118.69365823582181 31.84080200009217
974 118.93848863967715 32.35991795879976
975 118.69431053109234 32.244028055359955
976 118.84864543240164 31.748751846995834
977 118.81254004574926 31.977384037516273
978 118.93556427751518 31.66437174098785
979 119.0808048043547 32.04072843746507
980 118.69848648401837 32.03513594472511
981 119.15369065024036 31.777746384912632
982 118.97669559033687 31.677423883197488
983 118.78189647128112 31.695200460036528
984 119.1014831944147 32.025559313923125
985 118.78317164920279 31.628939185922583
986 118.99565268143343 31.759247528322195
987 119.12963669849412 31.730672766300682
988 118.69625626549775 31.91464183721384
989 118.82850852333607 32.01566693285308
990 118.76414685681894 31.884057885919027
991 118.56353396960276 32.10313262962121
992 118.57756971047264 32.328618610630826
993 118.56287920500324 31.791408672263195
994 119.12432520416574 32.38322448444199
995 119.11612556557432 31.877922681675386
996 118.7517498227766 32.08938788037744
997 119.08654996389164 31.899520955449578
998 119.17233626398057 32.15524608672699
999 119.01185159881493 32.29335792116137
1000 118.65772413683497 32.24383780316008
