1 118.94497629742612 31.950905356826407
2 118.89691408721025 31.6178114958393
3 118.6117545382176 32.035248906010494
4 119.0765856072728 31.962007422734146
5 119.18116292959493 31.943136484472085
6 118.95893211361536 31.867113646443578
7 118.90319992262391 31.758138624386934
8 118.60565943366534 32.08051550395276
9 118.6882689593603 31.83722730167401
10 118.76581071592587 31.80796164867324
11 118.63553382183825 32.09431267412662
12 119.19957785791557 32.026948288719026
13 119.14533232512306 31.71464992886667
14 118.75656595735518 32.012630193300076
15 118.6013341988047 31.74778010897304
16 118.77937928265914 32.229359180776264
17 118.61961215443065 32.295054220155734
18 118.87454863796556 31.996459817403156
19 118.6434585962331 32.286812973116454
20 118.54639830606418 31.653097941223045
21 118.92816671829839 32.00239292720887
22 118.75828388021677 31.648436270846254
23 118.97359764231203 31.94358674904916
24 118.86953968028075 31.6708381655747
25 118.93973757520386 31.697237512932052
26 118.7208376095517 32.07591256029375
27 118.8950060217442 31.787743501569043
28 118.83801454578764 31.68089620362768
29 118.91070550385224 31.76994072092197
30 118.50979818755785 31.873237161380892
31 119.17534518956413 31.95912022050399
32 118.67280123895334 31.75926697134121
33 118.56129277593534 32.1037759430607
34 118.70115769311379 31.986275610729
35 118.98751510972774 32.012466335007645
36 119.1428391242957 31.896545150966233
37 119.09433344326608 32.237955042125996
38 118.71733133825208 32.062782896109404
39 119.09120602153314 31.722188417711575
40 118.5467612317735 32.162915236951086
41 118.55799463084485 32.37370029927635
42 118.6237683501532 32.00989374000743
43 119.05243137715583 32.30238015488692
44 119.01554918710687 31.87951188353322
45 118.58919300202852 32.053834978617445
46 118.99332114909232 31.941472961461397
47 119.03373698885918 31.95070287655537
48 118.60653822468858 32.23345260421072
49 118.95870084876208 32.02936213955781
50 118.77420877134874 32.36585312965486
51 118.5457334265131 32.04640249133432
52 118.86798760247292 31.67581643033908
53 118.83098628961851 31.892931709116134
54 119.099136444677 32.27309868513914
55 118.90790143837076 31.929708018351636
56 119.09545453103044 31.627243754046507
57 118.82965183701262 31.810298912119052
58 119.00010461387578 31.643091596708956
59 119.17780105213662 32.37459886873439
60 118.51048099248219 32.381947629647655
61 118.8025495023904 32.24498026616641
62 118.80143904400805 32.09189460987133
63 119.04090086228568 32.20452733080066
64 118.512678501328 31.73752633935478
65 118.89391758836463 31.831108245501646
66 118.68308607544674 32.016495360517595
67 118.82928200016845 31.89126609956511
68 118.99144337842368 31.644161698888606
69 118.93559546557869 32.373931871408274
70 118.65962623508373 31.96976817801815
71 118.64083758166454 32.006285594737456
72 119.08667784773121 31.867114882306463
73 118.84659599737041 31.814653185101413
74 119.17076064009424 31.89878189107016
75 118.95655950799566 32.2654787143048
76 118.66015133285988 32.20552855983328
77 118.61119311793058 31.895322409078894
78 118.72483270534835 31.616920488724293
79 119.02622245346753 32.239403461330376
80 118.82276500457785 31.810371128821572
81 118.89834921749113 32.07016963618649
82 118.91183036245934 31.605643237162525
83 118.63240056357613 32.12311457398865
84 118.73766328188407 31.91142637068003
85 118.70655407497267 31.993448602006428
86 119.14548502408009 31.931302903684323
87 118.5230655835801 31.8750221997043
88 119.1747849848757 32.038079253238905
89 118.59971177717983 32.37903246018353
90 118.86991561724182 31.69758831779278
91 118.69639709912286 31.859146398867573
92 118.71418961940351 31.624683706710897
93 119.0319337427087 32.19961165480859
94 118.99161909428587 32.125520841745576
95 119.04104123254692 31.78184562346088
96 118.62894702872688 31.921306503859654
97 118.64253868160006 32.12960058371599
98 119.02211319703244 32.129061841258476
99 118.58406463595429 31.73600317208549
100 119.1154969073029 32.29684210264522
101 119.13380798829951 32.22613731448312
102 118.84924488857278 31.699293419145693
103 118.98275450037976 32.29964145284973
104 118.7288968293678 32.1955289213436
105 118.94966168345175 32.23376207557051
106 118.52319844392727 32.02633892242888
107 118.67373773066177 31.782218329256924
108 118.8038015451241 32.325724549820734
109 118.8519031779699 32.07777082985211
110 119.18864812491272 31.86760852454033
111 119.20487821333616 31.815394507725113
112 118.58594315423113 32.31584116921619
113 118.69621631569667 31.950359571092
114 118.55533733653446 32.03892610210786
115 118.7331684752202 32.096411060653494
116 119.1639706088151 32.265078833257
117 118.90467315210148 32.09189281447856
118 118.52961114189328 31.745156842430372
119 118.86652267062546 32.07167856465488
120 119.15883215554815 31.999562671396205
121 119.18770335824742 32.04938498102545
122 119.14456941084761 32.16038646498656
123 119.03641407682076 31.794661501614996
124 118.67224342537243 31.761592695837088
125 119.12095717590088 31.6872248605865
126 118.71807288816149 31.825310170419666
127 119.11532202616091 31.606190251224426
128 118.5231981953288 32.095287737799886
129 118.53859511893457 31.835964882872215
130 119.06406004502402 31.75706004007751
131 118.5662854038702 31.673239237441333
132 118.79213795009498 31.822998810812724
133 118.7370671809472 31.763711697253214
134 118.681922891547 31.838762979218508
135 118.7556076927136 31.968772662744847
136 118.83621116110251 32.04686309791483
137 119.10034129143149 32.273833149570265
138 118.93403231627026 32.390758860239565
139 119.13691815029811 31.633596625955416
140 119.09101888448582 31.794131565907346
141 118.59722034453551 32.114886520422324
142 118.78636384452393 31.74055239014648
143 118.8760136349863 32.29572620635576
144 118.67834079017722 31.765528917928638
145 118.88635253537024 32.18608797153111
146 119.18035766958691 32.11710480373687
147 118.64565358827954 32.22713840798263
148 119.04082037228555 31.63112034380981
149 119.19958899928416 31.78966175547431
150 118.68172832473762 32.16999659132151
151 119.10429310528153 31.67886409078834
152 118.62247819076612 31.624706429003837
153 119.15161924074785 31.88484540359135
154 118.71224941075027 32.07924869239197
155 118.68833798571315 31.635293514223978
156 119.13606190916148 31.65289226036335
157 118.69761447558776 31.63403347704947
158 118.65434911570263 31.929777467839095
159 118.7154464697069 32.141282211729454
160 118.9748520668541 31.762959594611843
161 118.51275721219899 32.28963408624552
162 118.61115638927183 31.954233490195257
163 118.58238940441528 32.102118984381754
164 118.86405235757925 31.83585879032522
165 118.53285524346346 32.09263518750516
166 119.1465903155807 32.37687691648109
167 118.83186266547132 31.95846479928132
168 118.92888137509317 31.777402340446766
169 118.65459939567297 31.938851697437368
170 118.98229952153868 31.951001053038933
171 118.51499293565602 32.01790007055111
172 118.566076118256 32.01551590734968
173 119.12533518669515 31.62587797082361
174 118.63961560884361 31.725880700316523
175 118.83985218918836 31.95849262003476
176 118.87130833293145 32.172738987955924
177 118.62440474831097 32.23496265686063
178 118.9040657445998 32.212676696566554
179 118.6884220164665 32.01783937322489
180 118.96492125652915 32.36717096872604
181 118.68854028243018 31.860079065901747
182 118.79641208167246 31.978231342457427
183 118.84246747933285 32.19406566340734
184 118.51166294686439 32.27659980423896
185 118.56622512879599 31.92034918244185
186 118.5434061751116 32.28509549332449
187 118.81091128435433 31.958745335313207
188 118.88304008471829 32.17584356947711
189 119.17703626371035 31.61599155346253
190 118.74889994212111 31.609546237861405
191 118.62764998565954 32.34543281103459
192 119.17103492016413 31.682955073037856
193 118.87793781727085 32.13484266918464
194 119.16848066658615 31.824167589654365
195 118.74285018441614 31.765979365193097
196 118.55062979227542 31.90977538707424
197 118.8122038484913 32.34300839509854
198 119.1946287860719 32.05427829228761
199 118.54841092620251 32.33265108533744
200 118.84120717540837 32.16835146373623
201 119.08725978496491 31.988523951223733
202 118.64110773196215 32.00096241255767
203 119.0538695941057 31.773424213739318
204 118.55126219244913 31.599875899156384
205 118.73064373876538 31.93597936701745
206 118.6320816753958 32.03963033309098
207 119.17827817730472 32.29983165449681
208 118.93456110908168 32.12627941488958
209 118.69726093138885 32.26807828783925
210 119.1420212402338 32.337248020708735
211 118.89430708577635 32.35165100136661
212 118.75744934647942 32.257254483009326
213 118.99001613287884 31.710693213843665
214 118.97153253698313 31.879126337001846
215 119.1806272206513 31.753721685913067
216 118.5355878021399 32.29289215487717
217 119.11391989740335 32.226111322437276
218 118.95727600780914 31.884649892941994
219 118.60456199659193 32.0534881171075
220 118.76806745582401 32.244369114159966
221 118.52719258995877 32.28088375032758
222 119.09831347724219 31.775859671378257
223 118.58364671971052 32.188579496599345
224 118.6518431392871 32.24518909559534
225 119.00056816886593 31.633022739618504
226 119.03281105099157 31.680259414754936
227 118.675188471063 31.938929571063913
228 118.61412608636405 31.764224945043875
229 118.52020481567223 32.304508904217975
230 118.54331411924076 32.175768935576514
231 119.11930736726546 32.177720963332405
232 118.64114595871737 32.22780024154922
233 118.78046200285725 31.85912036919616
234 119.04668710193356 31.794153365906517
235 119.18458018785205 32.08342837102109
236 119.12024397789145 31.92764480348866
237 119.13044837922433 32.33674199231913
238 119.08407875463494 32.120741880255196
239 118.74187919785601 31.90633120447093
240 118.94998739859213 32.284507124123984
241 119.00233422971915 31.91671621872472
242 118.79650200817687 31.741075371091085
243 118.92861657621556 32.22520473825155
244 119.17199339439145 31.97712150557449
245 118.72169858418968 31.810123030668205
246 119.14814850292527 32.15597339863711
247 119.18781783040791 32.39476652254468
248 118.90681377189236 31.795619744107505
249 119.13366465636314 32.234437165415606
250 119.01947195020205 32.207812915100554
251 118.99558532544779 31.6861462305264
252 118.57674463463438 32.26862414659296
253 119.0160746048257 31.965457880055187
254 118.61467919149806 31.693792154439627
255 119.0231180103761 32.03997595420956
256 118.530036149476 31.847201580563492
257 119.11638717639471 31.72226791548961
258 118.62985127805186 31.65683189820773
259 119.09249336738543 31.747576126474428
260 119.11804246016197 31.945165448172084
261 118.57451422202996 32.11255653004369
262 118.57246647217596 31.67037636380641
263 119.17396643186494 32.1709015946571
264 119.1886291565629 31.67740169464235
265 118.55012161648727 31.744025147702565
266 118.92753676472472 32.17701768008247
267 118.76195933387734 32.29375240306151
268 118.53845166857677 32.37310519513732
269 119.09667501868847 32.1302918364437
270 118.97023735191206 31.97690148194005
271 118.54443998502583 31.680176482083365
272 118.82299782743249 32.04328597752936
273 118.7811956808976 31.743408686244614
274 119.19434194729297 32.0132758597798
275 119.18691463832207 32.084469397757076
276 118.66608584666895 32.272302736905054
277 119.03199318368142 31.84885394401395
278 118.96015042662484 32.38535106909962
279 118.80682306089899 32.37810570625433
280 118.89354089150395 32.2663165765927
281 118.7729287915729 32.16266627249847
282 118.53816717571488 32.178893287364964
283 119.03104789881957 32.313892948226794
284 119.06283686420662 32.35986916718078
285 119.16072424130336 32.27173883376625
286 118.86608664033821 32.11208424727442
287 118.55018938132856 31.664662193971097
288 119.15790878967483 32.1061892148911
289 118.69014883836145 31.889805202523362
290 118.58906538628871 31.71155605573494
291 118.59962584949889 32.315293788054
292 118.91106969569817 32.263049580149506
293 118.75928383616122 32.007031628904016
294 118.97966128747274 31.970822073209494
295 118.54471020297294 31.99690591327028
296 118.51433090642469 31.804595239839397
297 119.17197018170637 31.91718675060449
298 118.5590969950788 31.940943834299937
299 118.73236924323432 31.60915778294283
300 118.5113223731396 32.317262102210016
301 119.12485283693358 31.6299894364854
302 119.09223406352616 31.90255177145073
303 118.90350489543734 31.685949639164235
304 118.60959894629002 31.760873175571415
305 119.0552505137075 32.35584012386368
306 118.54218055110184 31.890225441086386
307 118.81946675325666 32.18550827147642
308 118.72984227686851 31.693283459337373
309 119.20741557111413 31.790809681780242
310 119.18097758803465 32.30262558404142
311 119.08507740779501 32.31831807476542
312 118.81605198889757 31.820845617325062
313 118.85241133451277 32.37392591505377
314 118.88255100666035 32.132605009433185
315 118.88967173336549 32.00259473211732
316 118.61490252522981 31.889039684896797
317 118.66151079989017 31.88249632142881
318 119.00343200659232 32.358787921838626
319 119.08367666667236 32.15871591093758
320 119.16630227297237 32.01701338160231
321 119.02218597465371 31.62602527767761
322 118.89512283177571 31.799861239897698
323 118.56458577535082 32.34843854899166
324 118.56327162331966 32.034496720155076
325 118.61223430926006 31.88729181850811
326 118.98839225844485 31.618090600098157
327 118.69431650677105 31.806003425733405
328 118.78988037084424 31.801940655682422
329 118.60966283184834 31.7452926603759
330 118.65600971669886 31.882574066560345
331 118.77179477949704 31.752644201475743
332 118.94877962288011 31.655628849135365
333 119.20208019015516 31.68487269208458
334 118.58355003723585 31.992586974425503
335 118.71013805744906 31.65133008094748
336 119.19164546550276 32.34541939198253
337 119.1083492937967 31.75974200040089
338 119.17312049381891 31.981547724564635
339 118.85922942980525 31.928249691128606
340 118.65751370713845 31.8412209518763
341 118.65871425860993 31.85328505358974
342 119.06715604205662 31.781495105554185
343 119.16275440589219 31.8270615530503
344 118.93556185126901 31.68334382431904
345 118.96800845065668 32.14849582834641
346 119.11951432197516 32.10489451671939
347 118.67864499556731 31.857942672550916
348 118.91504486741034 32.31771632631689
349 118.89446116935926 31.903148980311702
350 119.14392001855806 32.09235667114113
351 118.72790235298608 31.99719895870466
352 118.59599980981064 31.864620899180345
353 118.5721176439744 32.33690969399289
354 118.69323123136668 32.276401220350344
355 118.55572181487935 32.27522976486044
356 118.72742871181833 32.365299579989376
357 118.90125561808371 31.610847677253165
358 118.81109754021256 31.987655926527598
359 118.94632866333423 32.358370958857776
360 118.86268120172507 31.70183326499349
361 119.03119164225919 31.80169738982655
362 118.81950318178714 32.000409234737866
363 119.03959390651315 32.13079311518139
364 118.82321766665315 31.864763461750716
365 119.0118597975818 31.83584568623916
366 119.0345996241108 32.22640473026559
367 119.08976501586396 31.609581260512957
368 118.61592842440564 32.23153738547364
369 119.0101443888042 31.93980147456921
370 118.50177755428005 32.10214537400932
371 118.7823237752871 32.167184434657614
372 118.90589112205899 31.691550609639762
373 118.52851237318957 32.32340200558194
374 118.52608302180488 32.252981780512954
375 118.64874584811297 31.894203696692994
376 118.76527959236887 31.740933335698475
377 118.99367473301615 31.656602297110325
378 118.63243239265512 31.836827466941084
379 118.78030115020333 32.17928991710426
380 119.12963309091839 32.26536544829145
381 118.73735939190125 31.856262455686725
382 119.0346992766148 31.775779816550894
383 118.91592471469968 31.85616655683591
384 118.54130279632463 32.37429988981948
385 119.17900994335739 31.68139844947215
386 118.57755802223132 31.73990001263268
387 118.74955189606398 32.15097277231355
388 119.17750088233802 31.715985985408217
389 118.6699399322656 31.806450354934036
390 119.15946684391957 32.243468206705934
391 118.97070646678766 31.842117497315787
392 118.62091600534032 32.071913626308145
393 118.59650460779623 32.04651592661221
394 119.1776828482189 31.818900802575804
395 118.81972846138224 31.800240990418065
396 119.02167244319335 31.820913666720788
397 118.59568408719679 32.297667601959475
398 118.85568972103496 31.61898299539764
399 118.56325322425339 31.683959198017337
400 118.83735795039208 31.879608242889777
401 118.49813677217168 31.776660380427536
402 118.52049921592905 32.05044864277441
403 119.1397091684015 32.03242854182819
404 119.10896338808077 31.9936686297113
405 119.0327640779409 31.837675265109382
406 118.86045347187991 32.007037252183146
407 118.62707780549468 32.21641085643111
408 118.99676101336598 32.23842958988807
409 118.66050145216693 32.03717334745328
410 118.52946384503522 32.2513528954508
411 118.73035140747997 31.651279822240127
412 118.91153084732841 31.736105009640067
413 118.91302830156144 32.19119002314519
414 119.07791557457413 31.911419698701
415 118.77600873387398 31.856650019342407
416 118.60184791525687 32.06562797815013
417 118.52789917760073 31.910052829368727
418 118.6374252080195 32.33215379032555
419 119.15164288327594 31.913920031471335
420 118.51713612665345 32.260701719060684
421 118.9478811943098 32.0829897863781
422 118.81220193958656 32.32202946695545
423 118.6338578147333 31.98418535557622
424 118.9932650448027 32.3754803115803
425 118.9141578361731 32.0531135520326
426 118.54719158715132 31.633938750125317
427 118.97606625003439 32.184084974756715
428 118.54076600984094 32.29605009272769
429 118.64822460214016 31.681550545717823
430 118.89662640844726 32.35239791793216
431 119.01556444702824 32.05655928319871
432 118.89207141973154 32.19331399699982
433 119.12769290856774 31.766539756594934
434 118.9908506007444 32.340318732990575
435 119.17117203087145 32.11732411829179
436 118.68821541619401 32.03220371434846
437 119.1884823887874 32.37452015935209
438 118.64938696419506 32.054314466178184
439 118.61757660883075 32.013236217244284
440 118.62301842288929 31.643527910551633
441 118.57952340513583 32.047618642250804
442 118.93855220009583 32.19204696598849
443 118.50146321007358 31.884419660509344
444 119.07799704937824 32.13893764864172
445 118.93294047571007 32.05130499949123
446 118.70263331615843 31.774029229370207
447 119.13017147768022 32.04261842915204
448 119.10063955935465 31.98309091878453
449 118.94280799522137 31.86677784776559
450 118.55450857082907 32.13573101198594
451 119.18364293289164 31.65582407149027
452 118.91855685790935 31.888802410658876
453 119.12409077819555 31.943193470687422
454 118.60440036266456 32.388481075821794
455 118.52652940038999 32.166571952379925
456 118.71267264781082 32.09536485237806
457 119.05556753007569 31.717137204830532
458 119.06275279611079 31.954379231937928
459 119.11876183088576 31.901407778122252
460 118.73331958100769 32.35462814270475
461 119.06485077749359 31.961076205817214
462 118.601421004427 32.291278438593224
463 118.87902960861989 32.1191413167595
464 118.53349044828816 32.29323028733552
465 118.99033442211926 31.606710916954007
466 118.74502779713036 32.3452764560542
467 118.57532635127578 32.36382754408718
468 118.9493966121152 31.72083785898062
469 118.78304647914143 31.651922980143937
470 118.71167829761949 31.861206484381633
471 118.74283089222463 32.06675193534208
472 119.0431502472387 32.01937465432785
473 118.79137731311909 31.952957188902253
474 119.12077637942856 32.329159473319244
475 118.60235041415771 32.057725641892375
476 118.77392217992208 32.34085391910738
477 119.10889352459313 32.05112260945441
478 118.91677107525807 31.74209964426182
479 119.0005794338113 32.38485828616352
480 119.09022607916052 32.38733093516629
481 118.86075276161102 31.958897227331043
482 118.599543190562 32.20378821316064
483 118.71813347899658 32.11249305969696
484 118.66537324472196 31.742641953539938
485 118.61074699362743 32.05901065372796
486 118.91632539053118 32.12095828717878
487 118.65147999566106 32.07786967177756
488 119.08263779818044 32.03044224334229
489 118.81928309162255 32.07069408249671
490 119.06307999371943 32.1665393993767
491 119.08433442950118 32.21518143025771
492 118.97497610829623 31.683570508231437
493 119.06378138192726 32.326847371012136
494 119.06403160952773 31.9667658900862
495 118.90590622639002 32.15966120391629
496 118.73793112004067 31.91102774801274
497 118.7923386162649 31.644864501516025
498 118.71357472784807 32.128501702056056
499 118.82459098819061 31.898288404618064
500 118.77451069566486 32.0435641924775
501 118.7296370176988 31.810050089907065
502 118.57729820345672 31.765379678460764
503 118.77678317640894 31.81901277747476
504 118.5889425148801 32.28667561685426
505 118.7503331360232 32.33572081511618
506 118.57616534906514 32.37330246559582
507 118.75850170450217 31.939878808595264
508 118.87948480766077 32.22430856840439
509 118.54472238450491 31.735407040266864
510 118.6722991071566 32.18853871773398
511 118.79855838975887 31.945673448954356
512 118.68439666219976 32.275469479924915
513 118.89293968166284 31.756194238345817
514 119.07398317219725 32.24967360048392
515 119.05280363278315 31.663735961225406
516 118.67000362317098 32.290776520033724
517 118.64084703606872 31.93554087717527
518 118.89165566713251 31.70750006543576
519 118.76784549672647 31.830392109921267
520 118.53623207860257 32.17798210690728
521 118.65951716102461 31.952191308533386
522 119.17130768239174 31.790016822401036
523 119.164374416918 31.794846111703976
524 118.74951920371335 32.14750251017258
525 118.53658379493886 32.110869804455454
526 119.07240190423241 31.646479750318075
527 118.69420909856079 32.25845140328429
528 118.53552804598215 31.704760178660795
529 118.67149963374993 31.78630666788091
530 118.59545125186419 31.61540975586673
531 119.12402575042601 32.01961282960065
532 118.62975827214139 32.274754663810036
533 119.03614669769816 32.33053571112268
534 118.59641684935886 31.964306340638
535 118.5519088325256 31.679585184923383
536 118.76674321897116 31.994055951394344
537 118.9333218746761 31.832785537809837
538 118.87112870723615 31.849578727422024
539 119.0737047099907 31.78606851994335
540 118.79616930493819 32.35619834316986
541 118.93402275900594 31.91398600687568
542 118.53469344484039 31.59954091481015
543 119.02007623042206 31.994693078657363
544 118.9774996839648 32.15287467979222
545 119.05961836720172 32.24576407007983
546 118.57082154464536 32.20169684773574
547 118.81481966786535 32.15620365862763
548 118.96124928894973 31.756653323595977
549 118.49960174510157 31.87170896659146
550 119.10336433404481 31.964416518895618
551 119.0682974685952 31.731409828996824
552 118.8630266525347 31.935422177580993
553 118.7467936538029 31.680347272149664
554 119.00081587376961 31.666258802886684
555 119.11422673712337 32.26050871933856
556 118.84216930007386 31.733433830202635
557 119.11628801809141 31.97332771121907
558 118.6156723148955 32.1008193177305
559 118.72137739874599 32.361352856834905
560 118.99404751229714 31.85092056272627
561 118.75473043988576 31.754535974072766
562 118.85533110429992 32.303281042647306
563 118.96139140618304 31.84949947072168
564 118.91702627467359 31.809408666697884
565 118.81078990093953 31.715613340650474
566 118.59981310515383 31.960721511896075
567 118.78691642007358 31.77830647817435
568 118.65624970586957 31.889951629856824
569 119.05260811461338 31.86503097679098
570 119.05767304743084 32.09786467320035
571 118.65252405645111 31.952872462020725
572 118.90680126387045 32.13671515245959
573 118.97210644975924 31.840628761618728
574 118.81234527551116 31.87035620952738
575 118.5623655903317 32.395540883389955
576 119.00124605334373 31.795667296773498
577 118.54205620833676 32.21216392740146
578 118.96838274541668 32.16198223777245
579 118.56462566226452 32.11241708695678
580 118.9268818559707 31.688655210587495
581 118.69148332740916 31.59938541654738
582 118.78074783741116 32.201410794655466
583 119.18813692844104 31.67239603786493
584 119.156662906816 31.794946430350766
585 118.90001430210745 32.389242291771986
586 118.9737417851947 32.372224809961544
587 119.05838272335072 32.340408916478516
588 119.00241120167034 32.063384995896435
589 118.58694435947014 31.981754799371704
590 118.8067829413535 31.960899915195263
591 119.0854498094013 31.868333387097692
592 119.02641460306208 32.3641268191422
593 118.64085694763851 32.253739357469975
594 119.09790431675339 32.40463182667531
595 118.92895688398295 31.83745900123856
596 118.70293933990052 32.072270362460834
597 118.53215538249378 32.14336194879512
598 119.0209125185505 31.901405086998764
599 118.80315281425136 32.059243886604435
600 119.17879516889518 31.749013428620614
601 118.67317982376647 31.858637496413472
602 118.55367156607264 31.72216629657855
603 118.665703775823 32.11567391687224
604 118.78859537865259 31.868462775457292
605 118.52000398018521 31.932005025407825
606 118.7661385464921 31.894010623312422
607 118.67190674204492 31.647975329187094
608 119.19648004995848 32.3147518787853
609 118.62468449554491 32.17848788226133
610 119.09877751477126 31.852432665356634
611 118.6041654281261 32.30755868638204
612 118.90890921546756 32.14279254252304
613 118.95886983976163 32.3933100296123
614 118.88480714140276 31.986509614298946
615 119.16372093778784 31.688182366696164
616 118.80368804408107 31.69445758406901
617 118.94661895283187 32.19783497997993
618 119.10779688594766 32.05602873481501
619 118.6667110070803 31.770507699290746
620 118.8716549154204 32.035852927358924
621 119.17720116358876 32.02091480711768
622 119.02989126993126 32.29554203913368
623 119.00035686806977 31.63717567046456
624 118.77825421990957 31.68522033956743
625 119.0958022088584 31.94397885162366
626 119.07547809242593 31.70685004751492
627 118.8057793345706 32.392999873363586
628 118.89335317889434 31.759415439099556
629 118.9728152383117 32.08646043016571
630 119.04347053205935 31.950866497433474
631 118.8171572116419 32.23087735484197
632 118.74422689319577 31.635312938682276
633 118.60117782096873 31.855572027056066
634 119.01093042666966 31.982226456925392
635 119.02917541629672 31.690316351033136
636 118.63343842302753 32.10562764155526
637 119.10606885958732 32.02431667963914
638 118.60145495028873 32.260336669627875
639 119.07370657469289 31.955273841315037
640 118.59906347873408 31.83906816902194
641 118.94991112470765 31.849263798276187
642 118.87772966881664 31.792182203773788
643 118.59963664834598 32.34861049291522
644 119.0152164229565 32.237555614296966
645 119.0364860327877 31.88009708081119
646 119.11918124832368 31.95497359037988
647 118.84608935134283 31.681176933691223
648 118.87332402291977 32.074395114244915
649 118.95217615759472 32.190278104903385
650 119.13223305596105 31.797974493765143
651 118.77228412480403 31.963864423274018
652 118.96719255445184 32.134415110202156
653 118.92097925225266 31.97180695456284
654 118.62708220226882 32.03602679001512
655 118.97486421692416 31.757997750308892
656 119.09990211509454 32.229084396921216
657 118.83251687490842 31.680456276012322
658 119.17796792065683 31.97832921632077
659 118.89109448328773 31.83753919155049
660 119.11671175307576 31.68273585166149
661 119.03896967868302 32.281899687186666
662 118.7833875010551 31.74795215237147
663 118.7200122431645 31.97418845281833
664 118.77546923663553 32.09076744176631
665 118.73981648458762 31.828417511917447
666 118.53522903068756 31.986388234387295
667 118.51581478744399 32.026154002938526
668 118.77979621975629 31.944553216830414
669 118.63580436004388 31.886525559011332
670 119.09359386452951 31.798557517949455
671 119.1669769376874 32.34207345642608
672 118.69919086842008 32.010524134670064
673 119.01061260835039 32.16060102905143
674 118.76001609597711 32.01656451958802
675 119.10454824286094 31.84168838485199
676 118.8164296874074 31.987649701842336
677 119.1577017073 32.257564373305115
678 118.96707940258312 32.29177175776091
679 118.5854653355245 32.34803043550165
680 118.6012904371124 31.779198066580086
681 118.78483043059897 31.890187521280566
682 118.90609716682503 31.692517801344234
683 118.85797885043254 32.39101312167013
684 119.11375348564597 32.10272482313724
685 118.50167918935531 32.17035133430338
686 118.57911779924947 31.955044328793562
687 118.71783129764968 31.799977149484924
688 119.09597207718768 31.92591781543959
689 118.5054696006105 31.836863142870275
690 118.88394313987004 32.01651722607683
691 118.4901337660345 32.247177155176644
692 118.88520838141972 32.26204473063866
693 118.83337046913176 31.840953640978192
694 118.59282579905125 31.742302862667316
695 118.9159174648494 32.18504789578717
696 118.93453168027014 31.93860429671463
697 118.82329090493768 31.752955415547028
698 119.049522659599 32.093465971018176
699 118.54926885078568 31.68673051875585
700 118.72446106655673 31.686162168209727
701 118.84621437794468 31.603495026364072
702 118.7225400199991 31.745651093375294
703 118.58916582739826 31.98156343768662
704 118.5752680952755 31.738602477003006
705 119.03829012571073 31.64983483881622
706 118.68932782590885 31.990511259634005
707 118.95949036167526 32.32862128743117
708 119.1021510014179 31.60494307449938
709 118.71454055824341 31.780706697584677
710 118.62996521788921 32.32293711693849
711 118.89972984093171 32.11581565935459
712 119.06128454156814 32.26372304783843
713 118.75430799886186 32.325334717987
714 119.09036252900954 31.78059044588911
715 119.18810802049933 32.20600081659529
716 118.97290440398662 31.804487421376177
717 119.13055767556752 32.35601518926418
718 118.56979540064421 32.37066017211823
719 118.77341939741274 31.731857966047542
720 119.10421223869797 32.25754362914717
721 119.0025400132012 31.64397501837488
722 118.57287426475149 32.08013398597782
723 118.66034925971888 31.983962659477257
724 118.73233040349525 32.073070974977895
725 118.95098834575631 32.202193712760966
726 119.0217436929286 32.296977896171384
727 118.83450035059937 32.00539415990396
728 118.51806879898926 31.65092708039053
729 119.11862332944442 32.33462546131919
730 119.15148689394114 31.64423590850393
731 118.74534508461075 32.243315606747764
732 119.06386821340206 31.70161061241936
733 118.86678929716025 32.33071602101254
734 118.81902009033165 32.10779015255815
735 119.14654709615434 31.84831957596934
736 118.51132710572311 32.29138331844683
737 118.79208492098604 31.73512371449796
738 118.65823216919082 31.775047955908917
739 118.83577141901971 31.849758570818036
740 118.8270770630026 31.928835164578835
741 118.62991297142771 31.78205579054482
742 118.89634289760312 32.33014370586332
743 118.7762289914382 31.9544483517011
744 119.14912714261628 32.35553310912634
745 119.1576014206137 31.812111017580996
746 118.76772201114952 31.965368458119656
747 119.03517503468177 32.26005308518698
748 118.93845655317342 32.402974016534365
749 118.76605326731189 31.967850003610202
750 118.67742535256403 31.97791022710595
751 119.14762209615394 32.367974297112184
752 118.6422474217327 31.936754707345038
753 119.04730324588202 31.94932056639351
754 119.03727242837859 32.36665905097986
755 118.64529223742267 32.0036777797797
756 118.75370289465167 31.69721361470546
757 118.79806624315675 32.36897343761035
758 118.84897373943708 32.00478653079351
759 118.91762131522223 31.881654662237878
760 118.74599408908605 32.3239879047864
761 118.91959599300382 31.615852955291576
762 118.79184574513107 32.367677423516845
763 119.17076169349632 31.66921115790062
764 118.97068187362468 31.66390853626314
765 118.87715467068793 32.34373984514923
766 118.90616200326505 31.971135094947574
767 118.58581958941436 31.739843558621082
768 118.68871388226758 32.392174080501434
769 118.9949955741753 31.8549044727737
770 119.19937344712646 32.34784158463381
771 118.7212200226831 31.96805003519153
772 119.20348633165203 31.89526931398216
773 118.7471370389767 32.05520607240974
774 118.81541433868126 32.32586897178891
775 119.1844896270325 32.38632916608412
776 119.0729437627548 32.147846089131264
777 118.86992065208887 31.893116071517202
778 119.18446954374322 32.27374518815661
779 119.18524302286143 32.33593613751085
780 118.60871562070946 32.041917815489455
781 119.05165321772564 32.17062441145798
782 118.6843450042296 32.3020034700047
783 118.70638947737528 32.15209254220592
784 118.8098359210099 32.112850319845315
785 118.83323938078152 31.913917701562
786 118.60444438235884 32.08551873872152
787 119.02919956223145 31.784489222859673
788 118.50339577529772 31.70436478602288
789 119.17764541403922 31.799722170445406
790 118.67737518035624 31.95391219596606
791 118.99273996686694 31.865995229144946
792 118.87347098277426 32.16889541030903
793 119.08079078695624 31.907115830376767
794 118.64251314882547 31.993757941638417
795 118.52266627613793 31.819777869964334
796 118.62334445174216 31.665480205903922
797 118.98193659586818 32.174683779294995
798 119.06736138589864 31.765504715226154
799 118.60659484472387 31.97442096189684
800 118.90154200837502 32.07305934272768
801 118.5327859623374 32.14437251792224
802 119.09011020930303 31.94656841344209
803 118.56954229753094 31.813232824350237
804 118.62439883637859 32.31585737829897
805 118.94714901463688 32.11993194600942
806 118.8210793533668 31.811712774613863
807 118.6873880352624 32.21784947592813
808 119.15883401990263 32.018884923904956
809 118.88090208297459 31.934888252465676
810 118.61155717174486 31.679798901923142
811 118.79308100064262 31.780530942508875
812 118.99750423538876 31.68640379005831
813 118.82398046335751 32.15050279587334
814 118.56852082191446 32.188748410010156
815 118.61513172592488 31.9621923093958
816 118.66732000874578 31.64607811808027
817 118.87102007176966 31.735224387265447
818 118.95121002500063 32.34436971139399
819 118.83186438195628 32.30701059814203
820 118.64442559781159 31.918189015916234
821 118.73946397000498 31.701215993232772
822 119.11186581984627 31.95837077956778
823 118.6673278602059 31.947229643641013
824 118.95878998965287 31.611197356691676
825 118.75495314318924 32.169958883397385
826 119.17910054022171 32.1154546160907
827 118.49516508890743 32.05834024890206
828 118.71513730833546 32.24365509333969
829 119.04313717349287 32.25416840050974
830 118.52319548978072 31.75751023505975
831 118.77232128529613 31.659692115120343
832 119.16423294210287 31.906747300424545
833 118.96207625823946 32.296379404294534
834 118.5867320471785 32.21658894672104
835 118.56309522860332 31.793938946317976
836 119.1656388273777 32.20859142066325
837 119.14898827891965 32.05826063381024
838 118.62656298242071 31.818247795556196
839 119.10880611237006 32.16981596909607
840 119.02247259220437 31.835045245719687
841 118.7741524484387 31.870630146734268
842 118.66159179226086 31.765519399021635
843 118.59385093398501 32.048946222392416
844 118.63290449429587 31.97134939196974
845 118.86445442492544 32.0924519363172
846 118.52514823080445 31.61510778538404
847 118.9311382737581 31.923531027174583
848 118.91477483848522 31.63405401219553
849 118.94556556764904 31.855199944011893
850 119.07549323239759 31.66821225709026
851 118.53653861398043 32.02743930348175
852 119.1901416516546 32.33368327124815
853 118.83788820070133 32.28533351207454
854 118.83457466890704 31.995959626938035
855 118.60827895649282 31.882859864612353
856 118.95525783563609 31.618196911748107
857 119.10864887779881 32.122001213101704
858 118.54743030322278 31.838253232296807
859 118.71749030855109 31.919036066361304
860 119.04265977800101 32.10167872781638
861 118.51750593246727 31.74634797696625
862 118.90197609524068 32.03592701142283
863 118.66229880506724 31.96755280845434
864 118.86219358140006 31.906798124367345
865 118.59821880655196 32.267935128053395
866 118.73862948537622 32.191875256132185
867 118.75065420015349 31.71719980915129
868 118.7808606982738 32.32032084607849
869 119.17696598478376 31.601829969049327
870 118.6050922333487 31.79093167560888
871 118.6827204188866 31.71675273038221
872 118.98004371538458 31.866951469177398
873 118.75426106297456 31.708667134370273
874 119.15241097233178 31.817506125715997
875 118.76002450692637 31.908178963538635
876 119.17484196218281 31.982536668055932
877 118.62405668043594 31.822890344970173
878 118.82900494648115 31.653900573597593
879 118.86606123090895 32.018999783202545
880 118.90214524363142 32.089742602559134
881 118.77026792670995 32.123622422385154
882 118.87020667019472 31.615421570726863
883 118.66716262806393 31.687950886966096
884 118.66944153331882 32.123400727957964
885 118.55225006631713 31.691952688299928
886 118.87578012466061 31.670164672256888
887 118.84329100370991 31.95123305318277
888 119.18360836336501 31.892723546100175
889 119.05631473557337 32.13633082247409
890 118.99109444878346 31.62512671999507
891 118.7065926578814 31.79497250450681
892 118.66922669905138 31.824060053751683
893 118.97389195054947 31.85519226631614
894 118.65054657030487 31.610655338173213
895 118.54348699779979 32.03885805159205
896 118.72860219520287 31.60554618400907
897 118.87431711220593 31.8397117761679
898 118.63166265022419 32.33380526242146
899 118.58665963998855 31.732852628715847
900 119.12151388281451 32.1116860461849
901 118.83600388802208 31.971808289932905
902 118.51281427771971 32.339400955096664
903 118.66611212708045 31.94429284474175
904 118.53937626506386 31.76323518499096
905 118.67217477879925 32.389379498979906
906 118.79621766663472 32.17369838412777
907 118.59632745021258 31.70458083574829
908 119.14695638581685 32.02852211936109
909 118.84385846132861 31.849024580991582
910 119.09948952561523 32.30150923995046
911 119.08413662386107 31.730565629859786
912 118.57924082162273 32.111331651421295
913 118.55649303371547 32.36223089367256
914 118.90028184822772 32.34127390832521
915 118.50733353112258 32.32638714161625
916 119.05227279306337 32.1301881202632
917 118.72117139000026 31.844053043532654
918 119.00387456147588 31.65713888763491
919 118.63714380069682 31.73583476035683
920 118.72987543217025 32.32066562323943
921 118.94576998653896 32.17074313478995
922 118.64871825624222 31.67263320385871
923 118.64776687220132 32.3780394775552
924 118.75716697265074 32.00490023154067
925 118.50490191185195 31.74288610033875
926 118.97846964544385 31.977087920751917
927 118.58614342022364 31.928686045478816
928 118.66142305499307 31.77346458021981
929 118.54286355425323 32.09572125032141
930 118.81654100508838 32.020104394426895
931 118.67890929036282 31.82124905123598
932 118.86413844851543 32.22479105368379
933 118.96762212337742 32.02578270038576
934 118.64724400307745 31.871208001488256
935 118.73637669204257 31.735724572473273
936 118.8873082127747 32.011652770305204
937 118.67079659331168 31.71736937181424
938 119.14006200356103 32.324991694635195
939 118.53162070460507 32.004732904861015
940 118.5995158503171 32.34155186036437
941 118.70665758200911 31.85559703442857
942 118.9652158739205 31.96595149683092
943 118.56589915362358 32.02761601864345
944 119.12148203315522 32.30777180628818
945 119.13207553315864 31.70006639821081
946 118.95735733444369 31.91559543055558
947 118.76371143651451 31.66339848507652
948 118.69407924296401 32.33904771200045
949 118.73424746809665 32.26963667844138
950 119.11477938210463 31.916084505900734
951 118.86649213596262 32.126923815969754
952 119.15174797994783 32.04908631484946
953 118.83705135564378 32.0911496216198
954 118.65263202337471 32.26802411514007
955 118.56060108088263 32.3830938070491
956 118.97708066318363 31.663155233081767
957 118.71318668627508 32.05007183041734
958 118.94891698801509 32.324068248545984
959 119.14835686599392 31.912588573449085
960 118.51305321814375 31.80297041042943
961 118.55194968622322 31.696921451191685
962 118.73777098098415 32.106971647237685
963 118.71755312729357 31.771871737604133
964 118.76723015293445 31.901493201578354
965 118.81069238466348 31.917910556243417
966 118.79094801247884 32.08495623702757
967 118.56871156320511 32.36277769802922
968 118.73204632226424 32.391323003522864
969 118.58692113266264 31.83795879798156
970 118.63329526857474 31.814618565283364
971 118.91528226866689 32.1856545982856
972 118.53676081510447 32.15961353087377
973 118.69896501540038 31.823564615673266
974 118.91909544176335 32.35794421819497
975 118.69294623709084 32.24882051306793
976 118.86255116883636 31.76291496754895
977 118.79863750573396 31.99394777551608
978 118.92840851435449 31.66405139343811
979 119.09752672661782 32.01723294830918
980 118.70127595834293 32.04638350142878
981 119.12928136756243 31.759866189620375
982 118.96252809409565 31.675862731075277
983 118.78749039539905 31.745707822582666
984 119.07078943520331 32.00841567609697
985 118.79145920046167 31.648473388404735
986 118.97116870898992 31.748993202684407
987 119.11775117959411 31.745368685815844
988 118.71310569215106 31.93936364923772
989 118.83564008610705 32.02261135255522
990 118.77572625695186 31.886593686635777
991 118.57957872735535 32.11049468631357
992 118.57034934484591 32.33292267919324
993 118.58141741910349 31.790267483567632
994 119.1047098963526 32.39105957596353
995 119.12998139781237 31.873165444368592
996 118.74443107635213 32.08301542744875
997 119.13090470412328 31.888638369122962
998 119.16426713496666 32.146059673692186
999 119.03762180212452 32.29210443844513
1000 118.66013011329865 32.24255456662022
