1 118.94154950306364 31.9517299751037
2 118.89506709681406 31.62207025690529
3 118.61003383462014 32.04308526016081
4 119.0742712975484 31.955907207626726
5 119.18999190940612 31.9402458129494
6 118.9473275262939 31.868210896482754
7 118.89703962490258 31.766066608994375
8 118.601310910936 32.088582636800176
9 118.69412008152256 31.845840967700614
10 118.76011911156219 31.81889394113568
11 118.63083558909094 32.0952834111315
12 119.19712284611124 32.02890733050869
13 119.14644173777592 31.705999044277878
14 118.75849319276735 32.01435973999778
15 118.60415251158877 31.742260190440426
16 118.77387752744201 32.23143017227015
17 118.61514442463809 32.288618733189665
18 118.88040182724478 31.997213489698865
19 118.63084618973132 32.278698128507465
20 118.53529712125587 31.65883664755009
21 118.92609099240958 32.00606377608431
22 118.76389224175207 31.647982562568842
23 118.9790973399596 31.94235061652506
24 118.8640761115527 31.67270558729015
25 118.94336591146975 31.710389886932877
26 118.71823905940877 32.074548795207036
27 118.90514915968022 31.789207796128043
28 118.84188832637837 31.680353963622856
29 118.91597122274464 31.7752359548749
30 118.50780151633525 31.879034299609195
31 119.17459376506669 31.963702925908787
32 118.66622862591676 31.75676441806644
33 118.55487921694535 32.117671172526144
34 118.70652093865617 31.98507135785949
35 118.98121546528515 32.00650360643502
36 119.15600332175421 31.906984409082746
37 119.09266408523463 32.23359485104817
38 118.72423601724135 32.06450399545715
39 119.0855603583074 31.730472547876634
40 118.53696735734549 32.15746050224596
41 118.55893743621955 32.371413826722446
42 118.6293068622617 32.004810118477884
43 119.04856430391828 32.30664215077398
44 119.00754415954194 31.875261422428874
45 118.59544790451791 32.05779117559972
46 118.99576117596844 31.943774836146435
47 119.03556529146626 31.950543356160743
48 118.62584452998001 32.22623038307481
49 118.96399927519415 32.02467959594519
50 118.78530773816787 32.36444109617802
51 118.55829369435956 32.042277721878015
52 118.86279972054393 31.671461762562846
53 118.8423419319971 31.89345739843567
54 119.11271029240366 32.27993350127387
55 118.89564005833374 31.930203852755373
56 119.09384441542228 31.626239514005213
57 118.8277924547027 31.799238496153254
58 119.00274362441215 31.64349153140971
59 119.17847307628139 32.39431287897358
60 118.51458186729859 32.38159786028656
61 118.80721137732702 32.24337541308196
62 118.79623761481238 32.08656661595201
63 119.03739879967262 32.20782848138976
64 118.50814711001118 31.74033146548089
65 118.89729327114189 31.830941627696728
66 118.69008886562858 32.02041758462735
67 118.83002385419566 31.886653331508484
68 119.00077738412831 31.63787398934869
69 118.94068132123472 32.38520075677215
70 118.66858946716802 31.95477199105851
71 118.64289699008229 32.00705835626046
72 119.09197945941798 31.861717379170944
73 118.85578177812664 31.807953355867337
74 119.18106814452555 31.90463145428611
75 118.95915725940934 32.265297732819796
76 118.66126452633873 32.19257326888172
77 118.61753720616046 31.89517960558964
78 118.72496267114228 31.607887264823628
79 119.03426948612928 32.23283809534236
80 118.82529098918893 31.815555449734305
81 118.90061153096799 32.06981014499268
82 118.92030376732231 31.61676574216617
83 118.62082472326584 32.12955018429743
84 118.73886822972493 31.908290117086313
85 118.70337717996675 31.9979628669542
86 119.1454979484848 31.928432251825832
87 118.51142926643686 31.878757475301143
88 119.1729595536166 32.03821578275224
89 118.60173444421032 32.38407598210071
90 118.87814153897702 31.68954372223125
91 118.69386696841158 31.857687707364175
92 118.71598040756851 31.631376297993064
93 119.03537117335807 32.19236400825854
94 118.98435308970842 32.13446372915949
95 119.03732092906021 31.772866559330947
96 118.62687015179743 31.933044512258693
97 118.6447863351533 32.11550502647689
98 119.02766021978472 32.12669177633742
99 118.58950447475016 31.72950429830877
100 119.12616882923345 32.29641931988061
101 119.14263479482123 32.22651089456501
102 118.85022992925599 31.708540050746706
103 118.9947659395634 32.29220595960373
104 118.73066413506993 32.20574794840779
105 118.94627246603328 32.240109489758524
106 118.52159779854713 32.03621136032369
107 118.6570526677537 31.77744809662478
108 118.81158679050084 32.33479262853374
109 118.8373455147725 32.069251504858244
110 119.18515491262137 31.871117220548008
111 119.20664573944778 31.811387840674946
112 118.58206943628134 32.328621673560214
113 118.69835349208705 31.94085208954165
114 118.55638071408417 32.0282900455144
115 118.74011910133427 32.090002732049044
116 119.1665961257235 32.26357217594983
117 118.90763879178688 32.09464522363314
118 118.52579584742602 31.738511519225128
119 118.86336338468594 32.071442141269976
120 119.15848291689673 31.995429862286496
121 119.18566141545304 32.04268936369117
122 119.14235747712847 32.16087891390248
123 119.03592509954758 31.797667728324328
124 118.674415811848 31.75549856802492
125 119.12917967504147 31.691967715805387
126 118.71257096587225 31.8209325138451
127 119.10800501937157 31.60563392290343
128 118.52908549202274 32.10141353541451
129 118.53622629001033 31.835169941106585
130 119.06666592519207 31.753587417769396
131 118.57157998983377 31.672732535135175
132 118.80629071753438 31.827130766471562
133 118.74139314070679 31.766796389188908
134 118.69358466472087 31.83394166512037
135 118.76013256949587 31.973400913449915
136 118.83843110494347 32.04399137629333
137 119.09684912213055 32.273955417101085
138 118.92899324980695 32.394897694350334
139 119.13996085833229 31.636802974322457
140 119.08479320182362 31.791871230375698
141 118.59939114269415 32.1116868079708
142 118.79570420101977 31.734843558833678
143 118.87313921141768 32.29755086141966
144 118.67627385788138 31.774267548952164
145 118.89480650855354 32.188905035101094
146 119.18178506212125 32.118217646777296
147 118.6547454209492 32.23822471985676
148 119.04495817848736 31.624750963325422
149 119.19684496488834 31.79142292961075
150 118.67628191792247 32.166275781849045
151 119.09973312532168 31.67317095293448
152 118.61790148978623 31.622009425700785
153 119.149970747906 31.88477298515214
154 118.70781791412098 32.07208270290493
155 118.69654956428505 31.63980456108272
156 119.13559191620776 31.65310836646444
157 118.70601782349489 31.62564689805392
158 118.6551826019907 31.91834847703496
159 118.71583996424675 32.13809333241588
160 118.9721469668738 31.76458932755312
161 118.51409311481807 32.29769249613705
162 118.61152579383592 31.949283716549076
163 118.57665121601893 32.1047319491205
164 118.86954780686084 31.839280040881615
165 118.53851998417123 32.09221893797841
166 119.1423255708335 32.369891256120525
167 118.83219210499303 31.96180069251497
168 118.9347311112568 31.769372252684175
169 118.6413366385426 31.940309825735362
170 118.98567349870368 31.959492796688203
171 118.51134333583562 32.01049614320014
172 118.55448656878838 32.02695374667142
173 119.13411539866566 31.63325545479763
174 118.647440329827 31.72706930940744
175 118.8443487475494 31.959345387658054
176 118.86827891286714 32.16655867765595
177 118.62763728408335 32.22174865941519
178 118.90961012421668 32.22314161171715
179 118.68441603534313 32.001808123202075
180 118.9624712214088 32.36265532977976
181 118.68019750860545 31.868785049023312
182 118.80151369692655 31.98799051149101
183 118.84889044593902 32.20111402199922
184 118.50888878896887 32.28041040904474
185 118.57301067851253 31.926315943057844
186 118.56196263694568 32.28064655839679
187 118.81607280890576 31.95673256235355
188 118.87953319002943 32.173261881669504
189 119.18052325707376 31.614624918043287
190 118.74286579054959 31.617223829154728
191 118.62658072563782 32.35132120600872
192 119.17954343878483 31.68938158403776
193 118.87294578172607 32.128884749167796
194 119.17355796125804 31.82049363404621
195 118.74991578538017 31.765807218456672
196 118.55733771037873 31.90522528140176
197 118.81801621032999 32.34393450701531
198 119.18964498718623 32.05663146698406
199 118.54801398239833 32.33046187574277
200 118.83127272447666 32.165237968779
201 119.09612954144787 31.995969500719255
202 118.64343157577389 32.001167288326585
203 119.0497011534066 31.776852458161628
204 118.54837246026945 31.6028758856202
205 118.71934495606685 31.93588187662916
206 118.6225066513589 32.04663058600003
207 119.18296864854912 32.3032308335811
208 118.92330887704784 32.13269366379395
209 118.69497306318468 32.27439953316922
210 119.14463544643996 32.33391846525917
211 118.89517821077449 32.346976079112935
212 118.75124597434224 32.254943598481056
213 118.98984159211807 31.707281901517835
214 118.97408634354842 31.879241201093915
215 119.17783112026925 31.764845287993143
216 118.5435665816752 32.29038288977888
217 119.11452381171496 32.22646741367468
218 118.95920429022617 31.880716483508547
219 118.60547322491203 32.05622947803405
220 118.77324101652971 32.24142667380287
221 118.53635873250452 32.275128555854295
222 119.10493956624248 31.76779280228387
223 118.57123650081257 32.19200769426494
224 118.652707474411 32.239028003483
225 118.99447372651191 31.639633076985245
226 119.03737019367063 31.683030164993937
227 118.66381871273141 31.948922204386182
228 118.60934401813194 31.76749327710341
229 118.51592954686677 32.30221937147857
230 118.55636998510981 32.17868532546317
231 119.1216731670594 32.16966076693686
232 118.62893692659756 32.21896301494011
233 118.78155864566743 31.86435156418301
234 119.04328346399129 31.794137515460925
235 119.18532458248025 32.10186129249965
236 119.11200791849603 31.92827170731364
237 119.14403614960735 32.346904431549255
238 119.08087765346772 32.11263352499602
239 118.74318405088079 31.91063008686569
240 118.95150062694991 32.28751029772217
241 118.99766174786318 31.905837632131266
242 118.79407502806284 31.73344422774717
243 118.92207025709726 32.229130534392276
244 119.17696095905863 31.984841677640535
245 118.7298423827159 31.811570257725343
246 119.14525191469232 32.15263397129424
247 119.18647169744963 32.38972786609351
248 118.91074767282964 31.80011509049458
249 119.1412904523842 32.22731906290528
250 119.0219817557586 32.207646860668355
251 119.00173277255129 31.696393762800266
252 118.57462265899015 32.27273712116605
253 119.02391790360123 31.96357657301323
254 118.62340072158563 31.69640320364991
255 119.02362905364832 32.02902894372665
256 118.54288644474114 31.845998022675843
257 119.11761285267023 31.73141521845131
258 118.62715394963087 31.665076582203675
259 119.09542792889611 31.754832740816926
260 119.12163326735339 31.94297680325424
261 118.57191394450383 32.11112697722721
262 118.57993287446111 31.66293464216651
263 119.18342272273037 32.173198081052576
264 119.18806715468251 31.67900033739635
265 118.5608815183712 31.736974955527867
266 118.9424732878636 32.173002143473845
267 118.75817810502157 32.30150154293478
268 118.53782532539991 32.386319303557976
269 119.09000150923345 32.12778241982918
270 118.9666839924371 31.983568946395643
271 118.54653246468983 31.673681653236972
272 118.81219079393148 32.04962877259362
273 118.78929504037632 31.74977974002629
274 119.1922368775721 32.01982934706956
275 119.1982507472161 32.09130250354836
276 118.66092845691512 32.26556167819809
277 119.02979712244348 31.860684290127068
278 118.963742396688 32.39414175078349
279 118.80970254511963 32.3895499432132
280 118.90440040861843 32.26164667552024
281 118.78014703263949 32.155480465982116
282 118.52440466924419 32.18694485137614
283 119.02569190644408 32.30508889799969
284 119.05831613220148 32.35989892416639
285 119.1530760221022 32.28363368487558
286 118.86781922500592 32.11289499588255
287 118.54739826556907 31.6574192838684
288 119.15406032720009 32.101560569540815
289 118.68271009055361 31.885447922374752
290 118.59358668108753 31.727567462209215
291 118.61190646530432 32.31555670859207
292 118.91721496975384 32.261833008315364
293 118.77073002619511 32.01089263701084
294 118.98797259964952 31.963561938334625
295 118.55757303044899 31.99577169197284
296 118.5083109870164 31.804342896225684
297 119.17349398176502 31.92133744270353
298 118.56259158294503 31.942670764978782
299 118.73657460468223 31.611194129783303
300 118.51876316140515 32.31531187573294
301 119.11664610745642 31.62802852062787
302 119.09098407267993 31.898502721589438
303 118.90895925698322 31.678161743410424
304 118.61275933715707 31.75833924251803
305 119.05856800057298 32.353731279364965
306 118.5427163681853 31.893170969488445
307 118.81382354844294 32.183925681398705
308 118.72114608993618 31.69960488868526
309 119.20048273407261 31.79998263067975
310 119.18047132073066 32.301628117257714
311 119.08399478584276 32.3245977114919
312 118.81385749784268 31.831551593500826
313 118.85788778449991 32.38040648174623
314 118.88680038369853 32.13741158378655
315 118.8870256466177 32.00082104804776
316 118.62483113595368 31.89410233122506
317 118.65200142499538 31.875190153933772
318 118.99398747227858 32.36830857881652
319 119.08866105522034 32.14953834905627
320 119.17031324069482 32.020022169368524
321 119.02883064368517 31.632125372532414
322 118.8896443896932 31.800684007978457
323 118.5572741612809 32.35382539664064
324 118.56320935958118 32.039783886221066
325 118.60984793970984 31.886091102594328
326 118.98961684987722 31.60834756765023
327 118.69505446248783 31.803043191290985
328 118.79837042036434 31.804978493413703
329 118.60877101423418 31.740989378072
330 118.65605880158316 31.878571279978786
331 118.7635280306899 31.756813000867222
332 118.92975524100109 31.6539854235302
333 119.19362629609529 31.677081986272416
334 118.5901029636371 32.00395921247674
335 118.70697714479967 31.654461228635117
336 119.20031987762368 32.346661733731835
337 119.11504841939589 31.75962407398222
338 119.17078474459741 31.979143961944853
339 118.85983198335742 31.932630442036146
340 118.66525006668164 31.836772948459544
341 118.65234397279691 31.855513275752884
342 119.06046008634543 31.771968256955493
343 119.15622172314602 31.821944598188033
344 118.9253755121572 31.687284616997285
345 118.97521154783128 32.151531912843005
346 119.12517645278638 32.113372582051376
347 118.6802001203831 31.854535921849834
348 118.90994442772642 32.30960131668355
349 118.89829553394605 31.905616160096685
350 119.14503591855356 32.08974884113171
351 118.73048083738902 32.01103048046313
352 118.59387511919901 31.854347827376543
353 118.56418567062614 32.34649887615289
354 118.6992266130352 32.274646768565766
355 118.54581427590622 32.268154855409605
356 118.71933777685355 32.36003921781602
357 118.9007555132441 31.608107003751
358 118.80749387261554 31.990529988783738
359 118.94910778343268 32.35700818139532
360 118.86731057851385 31.710859838587922
361 119.03348045830626 31.794990422417758
362 118.81520422757426 31.999154325988478
363 119.04154481886371 32.136822390918454
364 118.83150093383294 31.866908881313673
365 119.01147587350788 31.839127444367925
366 119.04140952897724 32.22344590021298
367 119.09315226070244 31.61926199190135
368 118.61609503075248 32.22897535541087
369 119.00532507475626 31.94415113834741
370 118.50653366175136 32.099205430424
371 118.78200100926985 32.165392477384934
372 118.90025813094135 31.68726471902218
373 118.52080519108009 32.32194993818987
374 118.52661302929951 32.25492600928892
375 118.65909090903287 31.89920579791539
376 118.75441646215953 31.752371249892324
377 118.99197077716661 31.65322798616638
378 118.63468718977194 31.850923563072442
379 118.77389653942717 32.17296205146595
380 119.13282841133716 32.2515534823872
381 118.73090923643363 31.858383062449448
382 119.03597537083782 31.77846521882825
383 118.91835496049956 31.867216501173246
384 118.53760944325794 32.37019690788721
385 119.1782239113761 31.678287743029188
386 118.57432532744504 31.737761781290136
387 118.74159098717853 32.15891761054092
388 119.16622342604082 31.71560305841402
389 118.67016857180606 31.81652463769746
390 119.16328745160862 32.245540176873924
391 118.9648757182011 31.839478412471184
392 118.6294232634015 32.07685758258452
393 118.59524402437269 32.050080219998456
394 119.1855501334839 31.81573552759599
395 118.81880648289543 31.79824612775656
396 119.0153372913215 31.8321558431925
397 118.59098488639037 32.30349597806604
398 118.85701996903215 31.61720925263966
399 118.57448975529645 31.679521055688966
400 118.84671708899148 31.872612833631134
401 118.50389520346815 31.77943047655825
402 118.5308511807871 32.05034758019963
403 119.135487432469 32.02893270893851
404 119.11585594179749 31.996731192211904
405 119.04238075611504 31.839271777329483
406 118.86503903892262 32.00674559001597
407 118.61872005555408 32.2294103661684
408 119.00289808488422 32.248128517275134
409 118.64814705167258 32.02817899907196
410 118.53705114808884 32.24921979259786
411 118.72198441352624 31.639648378598753
412 118.90851153780488 31.726307342274655
413 118.91280519040703 32.19436146429411
414 119.08312163110405 31.907187334642828
415 118.774865938321 31.85593448965931
416 118.6014709935128 32.06028722087112
417 118.5245415545046 31.899405471429084
418 118.62767064295375 32.32833021768695
419 119.1554627096069 31.911586107377765
420 118.52759461447978 32.26925680862168
421 118.94960582153136 32.089520444419534
422 118.80692828866019 32.32234010220812
423 118.63512645780722 31.987626340687328
424 118.98547813889232 32.37042654049799
425 118.91285785656363 32.05690198166717
426 118.55130328372348 31.630743098415856
427 118.96613751388284 32.18544315053314
428 118.548961948586 32.29024071153066
429 118.66175705359016 31.681325790068005
430 118.89351654309263 32.36506881568664
431 119.00643626009395 32.05199372889517
432 118.89947452913768 32.18561770345475
433 119.12679527089423 31.781755172196256
434 118.9941595551578 32.34782441451031
435 119.1771736757439 32.118111676095424
436 118.69146422542015 32.03635626533668
437 119.18581852244887 32.36733039392012
438 118.64782159426049 32.04717983664965
439 118.63100213236139 32.01690049234097
440 118.62786596570584 31.640484084259718
441 118.57937956919905 32.03948905273283
442 118.93579381974159 32.19297290625573
443 118.50856592583911 31.888283132176067
444 119.07050108016172 32.139634423320125
445 118.91964410103274 32.052786081446506
446 118.70740511556903 31.76768219386624
447 119.12934676345196 32.03639905807564
448 119.089999436685 31.982390021093337
449 118.94274160044452 31.879135278224997
450 118.56011304542591 32.12974727407228
451 119.1769407418823 31.653754686235224
452 118.9246412943445 31.8985089733914
453 119.12057012831464 31.939542339153903
454 118.61224245405266 32.38310880455004
455 118.52668405032858 32.16545263797946
456 118.71242843586889 32.09638476740742
457 119.04410395092502 31.721585666124607
458 119.0754008441913 31.94930015667559
459 119.11525972696357 31.896785979299025
460 118.73921369555319 32.34915469071753
461 119.07102633447143 31.958445049105187
462 118.60757771519071 32.282981952568086
463 118.88178512740173 32.123569579317724
464 118.53917763648883 32.30453589152421
465 118.99992824856051 31.60037573943987
466 118.7479542529325 32.34259622483302
467 118.5791193690815 32.35736627366221
468 118.95807630352029 31.72296688580272
469 118.79354536810456 31.649668567303006
470 118.72081922589736 31.8580933445997
471 118.75321104691047 32.07425349746056
472 119.03626480314033 32.02474625766777
473 118.78892406654393 31.946294142292118
474 119.11253628117575 32.338828368698124
475 118.60313803014769 32.059792127359486
476 118.77194597069254 32.3499379969
477 119.10376861066179 32.05613525364127
478 118.90670731992984 31.747453319112324
479 119.00442738874318 32.38707770046935
480 119.08133125104638 32.395539579438385
481 118.87087547161376 31.957621340934423
482 118.58548149139162 32.2051847937924
483 118.72503361715648 32.110884651049055
484 118.67688409669194 31.751415555286165
485 118.60225119313833 32.06013991381911
486 118.92093329957709 32.12090268369324
487 118.64776341012356 32.07258218733002
488 119.10145337613459 32.029177737190686
489 118.82350206903371 32.07089199899027
490 119.06485655739448 32.16235945668804
491 119.0909593409893 32.21704686963209
492 118.96561179324773 31.672211831609633
493 119.07095240470146 32.32920350382443
494 119.06081120477096 31.96222740148525
495 118.90316079358507 32.15453960044674
496 118.7337912172746 31.90769036197228
497 118.78946544833056 31.63898323665459
498 118.71928265704256 32.132196226069425
499 118.83692207496493 31.899491788826868
500 118.77676610269752 32.043593990800765
501 118.73496386642853 31.812214967011837
502 118.57681033312556 31.765760497059507
503 118.78563518378354 31.833639752891177
504 118.59635205159677 32.27787159903167
505 118.75561231423339 32.34004418975564
506 118.58010975967561 32.37777194388585
507 118.77131572105377 31.931797436696094
508 118.87286197717145 32.21888781800555
509 118.54284571430026 31.72781287053597
510 118.67667731479473 32.18645105298935
511 118.79953950562755 31.93946249331197
512 118.69127474612459 32.27589211049172
513 118.89001896099738 31.75318848085025
514 119.06323100346061 32.25468005072821
515 119.0472460249596 31.661614913456642
516 118.65535210210884 32.283877066066715
517 118.63855716570248 31.93738079102349
518 118.89295346455462 31.707515083130605
519 118.75730758098578 31.836173997241143
520 118.52765835024856 32.16608235699998
521 118.6618283968416 31.961396325901084
522 119.16964926539748 31.785308449562034
523 119.1728129798013 31.789954900209064
524 118.75041473377821 32.14988931059465
525 118.53249223306007 32.11284043644313
526 119.06460222505707 31.653265338017633
527 118.69179921593602 32.24911924660523
528 118.53160178482798 31.71337549523547
529 118.66521330455505 31.797825144751418
530 118.60540741261178 31.610542387184662
531 119.13697123987762 32.009312297381264
532 118.62990800962312 32.2840406009175
533 119.03014646512764 32.34079302797743
534 118.5945438807723 31.969417793207224
535 118.55258541949947 31.681250779908613
536 118.75817123942093 31.98668558324315
537 118.93197085429331 31.83362960641949
538 118.87421254665179 31.84848549960033
539 119.08286305409538 31.794499454481095
540 118.7942741472513 32.35812457847258
541 118.9306333710284 31.91636686896561
542 118.53936387104491 31.60552364275933
543 119.0228651365188 31.996808757820013
544 118.98258785211276 32.15511172275844
545 119.06614014516391 32.251985393507915
546 118.57199351851078 32.195789876780026
547 118.82795973010171 32.15989195516307
548 118.9585604653824 31.76005657946096
549 118.49986747621735 31.88154108878572
550 119.09860530707083 31.967054036755666
551 119.07002877542138 31.721657714916912
552 118.86085169614194 31.94150979333038
553 118.745790138554 31.67714250695951
554 119.00131262396205 31.668850336754037
555 119.12121250930768 32.26548941163918
556 118.84003945988405 31.736839494278584
557 119.11312909696477 31.97306687258413
558 118.60347696083355 32.09458503708749
559 118.7282352374954 32.35411077160521
560 119.00401388275156 31.850234619188388
561 118.755560789294 31.755084431522565
562 118.86085253938855 32.304826493395005
563 118.95894905331681 31.848245498197553
564 118.91722652720861 31.81639599201717
565 118.80303351067634 31.716735709546356
566 118.59750276407863 31.957308698486
567 118.78092646857411 31.787265650328536
568 118.65806746852847 31.8862264938694
569 119.06241459526538 31.865634317495996
570 119.0566520301461 32.10159564212785
571 118.64906960894827 31.951104266731722
572 118.90706226355938 32.133550626321984
573 118.96328107211939 31.83774349506005
574 118.80651143240401 31.860432937058896
575 118.56201932787725 32.399908556440735
576 119.00472647886431 31.789107869768547
577 118.55589685606273 32.21148427535273
578 118.97321808178242 32.153684322023544
579 118.55970942730778 32.116671228420145
580 118.91721623085238 31.693803568893447
581 118.69446778273888 31.607240505174634
582 118.77545102303323 32.1976689271638
583 119.18873980417109 31.67115923650151
584 119.16127148181178 31.794627177313608
585 118.9048162608008 32.38783493457493
586 118.98139928398918 32.37536967106526
587 119.06298211446156 32.33184220518678
588 119.00173972509792 32.064545205774984
589 118.58903685825261 31.976550006178073
590 118.81616356670906 31.971391656514832
591 119.07954013271441 31.869962085750103
592 119.02180505466342 32.36859543602245
593 118.65656501248695 32.25350174659224
594 119.09639415588653 32.3948936621951
595 118.92989157331748 31.83167347580222
596 118.70489462278952 32.06569643914809
597 118.53632760287084 32.13936096225286
598 119.01684244765619 31.90895549173494
599 118.80316563490358 32.066676612555554
600 119.18381913795052 31.751482175822535
601 118.67912506249245 31.856960046367718
602 118.54746676939253 31.70982387407342
603 118.669601754913 32.11242328800907
604 118.78690792161859 31.86176058862902
605 118.52016692618693 31.934463273628054
606 118.76360154380862 31.89820936216274
607 118.67305067054754 31.64400685895978
608 119.19643795292284 32.31392907948189
609 118.62186392970116 32.18208926783212
610 119.09915223402004 31.854589982504027
611 118.61241362927736 32.31851658111314
612 118.90983971612121 32.143796216647004
613 118.95785494458423 32.39283333399738
614 118.88020350265192 31.972168281860395
615 119.16286712926019 31.68849482808534
616 118.80521376498292 31.69823943652797
617 118.95373929370945 32.1970663952054
618 119.10612146303902 32.0588042013348
619 118.66296932039577 31.78180177577978
620 118.87449028324014 32.03498293282996
621 119.18651166330487 32.02480968694174
622 119.02896735647928 32.29016364754045
623 118.99656094302101 31.64244490886279
624 118.77247043644573 31.69283141424577
625 119.09518618524872 31.94986165397558
626 119.08493870865988 31.713165512509306
627 118.81155556874187 32.39011244510448
628 118.89079778048391 31.760113598000814
629 118.97766712641119 32.09221374930495
630 119.04651301029529 31.95889761410651
631 118.81787066696958 32.226146762329314
632 118.73947713719852 31.637519170442996
633 118.59477331590938 31.85751136209772
634 119.00639647270002 31.979691507300103
635 119.02889950519533 31.69114337250202
636 118.63776608839272 32.105951991528535
637 119.10950050285912 32.02882344559334
638 118.60881841474213 32.26382291286232
639 119.07591411152538 31.950340483018664
640 118.58937519045843 31.841656239059112
641 118.95027654670513 31.847004643388814
642 118.86868123095057 31.79485648781762
643 118.6016419598904 32.34719587450465
644 119.00324997384078 32.240401068737846
645 119.03583229466372 31.87714798867944
646 119.12373543818464 31.95625903519916
647 118.8394680951055 31.682047476233947
648 118.86268079566284 32.071561072327626
649 118.95668915803127 32.18962865873402
650 119.12942286162999 31.783948183970715
651 118.76925467724591 31.961006808716405
652 118.97892659171922 32.14011333338533
653 118.9131374566474 31.965636761857127
654 118.6292222466037 32.04040881756484
655 118.98078682013762 31.75301024877674
656 119.09260762447796 32.23602719600791
657 118.8257016086951 31.683724310440766
658 119.16828037431434 31.970671667770382
659 118.88826073623135 31.83079428670072
660 119.11889224700374 31.682973302697945
661 119.03609369025227 32.28936119571332
662 118.7901551217805 31.75703852796232
663 118.7210975955498 31.970860965764317
664 118.77437740042924 32.08970337320783
665 118.74352039378668 31.82129234855067
666 118.53131514633284 31.988179118650063
667 118.51867879204136 32.02947165060728
668 118.77992211890968 31.951748848066348
669 118.62554432164079 31.8906732481803
670 119.09070591725668 31.796457322107894
671 119.17593839741964 32.333851801724656
672 118.69733870945477 32.008594873246736
673 118.99961709485567 32.15462531688198
674 118.75698467129506 32.02330472703891
675 119.10718327342141 31.83787749585099
676 118.80632385402475 31.982896343558856
677 119.16441811168966 32.258949445638045
678 118.95589699150528 32.29962068373893
679 118.58252850991495 32.361454433752805
680 118.59086976351344 31.773018629327126
681 118.78681226142297 31.88402269318113
682 118.89923378632965 31.68864862532139
683 118.86790523030008 32.39529007318404
684 119.11190522539043 32.10394626634803
685 118.50467051233719 32.16735172809406
686 118.57876181546987 31.94968335968612
687 118.72101639709024 31.791297455119768
688 119.09966864545176 31.910912112911404
689 118.50855861545628 31.83232790237428
690 118.87760116525234 32.02316647325603
691 118.4969834003797 32.254151504972675
692 118.87929595487594 32.263264033256334
693 118.83412182090375 31.830823732013837
694 118.59739911610046 31.745581618251634
695 118.91149466912316 32.18280376983375
696 118.93693524348275 31.937351338056715
697 118.81530353913756 31.743182804121393
698 119.0461460436029 32.08467115407778
699 118.54217919371811 31.68562722607918
700 118.72403605061672 31.679988912957235
701 118.83399193280259 31.611203903124558
702 118.72804601694747 31.7588432413279
703 118.58114263192027 31.98500676624494
704 118.58692580903275 31.734686389650335
705 119.04607178240899 31.655177714768644
706 118.68335374378225 31.996747316775014
707 118.963870151099 32.329803265666726
708 119.09061261086374 31.605788019691687
709 118.7061155334444 31.776247992933257
710 118.62352732729782 32.32437814927901
711 118.90293097634525 32.108440215428956
712 119.0577405010614 32.26822927326394
713 118.7490547852554 32.327171485414915
714 119.08418947460918 31.781664060616155
715 119.19135625909398 32.19117824145385
716 118.95449672171758 31.802851228906587
717 119.12748104397723 32.353677326164544
718 118.56715554686916 32.36861666293607
719 118.76960552491683 31.726341147434102
720 119.10359911835833 32.25652580640455
721 119.00660747912877 31.64000828886715
722 118.57108883745758 32.07975959446388
723 118.66302279366619 31.979907440425524
724 118.73072649321048 32.08331879738529
725 118.94083473857884 32.207267546080736
726 119.02407538205787 32.29305686989069
727 118.8444396195285 32.00473225628513
728 118.51987597019153 31.66000091146938
729 119.11229349566486 32.32676766944884
730 119.15444439379418 31.650274082600024
731 118.75408975035401 32.23678333602609
732 119.06578741715707 31.7004711132407
733 118.86168731969926 32.32055442412981
734 118.82917522440866 32.110750219198295
735 119.15738982298691 31.840296853254795
736 118.50558822731438 32.292390314110165
737 118.79221710252672 31.739412205017455
738 118.65754285985723 31.769979697676707
739 118.8311984338062 31.859755902112518
740 118.82174729441051 31.926854284965078
741 118.63505256912022 31.77743182021859
742 118.90311010379283 32.330385445518885
743 118.7797641553606 31.95355351681135
744 119.15364712135441 32.35769116852586
745 119.15195063732936 31.807455625664392
746 118.76484819584311 31.97249386428568
747 119.03190757968757 32.243665546082724
748 118.93082172116674 32.397962533397575
749 118.76453215377377 31.96661983410032
750 118.6801471044471 31.973505957709477
751 119.14546334007572 32.35696322721254
752 118.63617705124982 31.941272229457606
753 119.05255510389992 31.948051346085965
754 119.02928449392063 32.3630138400436
755 118.6448131084447 31.995309997218488
756 118.75810440584878 31.702284332326517
757 118.81148581230555 32.35564598934821
758 118.84695278866376 31.999421089146242
759 118.91944148775282 31.88543309485801
760 118.74394076184308 32.320951418876916
761 118.92514100826767 31.609323793210322
762 118.80536000635902 32.361390406988335
763 119.16864716634956 31.660773625167035
764 118.98570458549777 31.660998787605653
765 118.86855978319355 32.34522056822348
766 118.89452552737666 31.980072090650722
767 118.57687687572177 31.742519327658293
768 118.68919523754899 32.384746410007295
769 118.99829946740638 31.865446591884492
770 119.19373072636525 32.34462037575397
771 118.72419982654898 31.970281293940154
772 119.20599393339121 31.894162618201943
773 118.74731008972171 32.05796827306618
774 118.81148562923502 32.32746633900189
775 119.18599700309532 32.38440580634531
776 119.07615850271667 32.15114502425089
777 118.86795968055822 31.89599761570224
778 119.18455126431684 32.290224981214536
779 119.19146863266202 32.338783131669395
780 118.61040562926554 32.03134950354666
781 119.04699027498877 32.172107469093234
782 118.6885690397936 32.30585096765953
783 118.70772600356929 32.150402767874105
784 118.80711556776785 32.1123029648615
785 118.83258170064299 31.916084524902587
786 118.60229791286373 32.0857961486397
787 119.03662884924283 31.790874785129585
788 118.5137873515066 31.700708627982507
789 119.17304887699758 31.804020231629075
790 118.6776256506008 31.958313120394084
791 118.9945593507107 31.8739984685395
792 118.8767514420998 32.16378983976665
793 119.0838432857524 31.896976479507597
794 118.63906182117746 32.00595987771158
795 118.5191955519811 31.82778140599955
796 118.62019704173512 31.670974283919676
797 118.97944740176902 32.17733229913754
798 119.0681664711777 31.7704470252434
799 118.60829619275201 31.973658477993034
800 118.90612269132188 32.07106453026889
801 118.53874420428362 32.13576453177853
802 119.0814252324564 31.936317802606393
803 118.56146185761662 31.820028697551304
804 118.62593336116882 32.315877928128955
805 118.95151209365947 32.12085914466353
806 118.82287320682832 31.802734313002592
807 118.68971190210958 32.22040254424591
808 119.16156412018809 32.02803385640017
809 118.88834057949344 31.93336473551702
810 118.61144322293606 31.6827880472613
811 118.78669200077127 31.781169671584053
812 118.99590868550204 31.679911908652066
813 118.81850445866017 32.1534672727971
814 118.57220604571854 32.19360353544389
815 118.61975915775145 31.95353181162792
816 118.67182519383348 31.638413814465263
817 118.8781476004783 31.7412316068634
818 118.95305167484959 32.35966056310991
819 118.8357293735098 32.314251099969105
820 118.64677670189819 31.922122430975893
821 118.73671077901096 31.70425670325943
822 119.10570139724392 31.95998487927887
823 118.67182245287125 31.947512843618167
824 118.96356686160188 31.614621838701318
825 118.76137266560052 32.17447041155891
826 119.17497003830847 32.12422564679338
827 118.49862612737878 32.06542117188604
828 118.7182102759705 32.24571960808218
829 119.03161449829396 32.25350906344546
830 118.51988269111068 31.767525364421797
831 118.77445136798845 31.65040894134745
832 119.16549752917138 31.90090292140164
833 118.96423035779128 32.30400924432606
834 118.5824650856892 32.22248969541544
835 118.5637396865081 31.79840641117436
836 119.16241168005729 32.197760653828965
837 119.14986056203558 32.05641951353405
838 118.6235053005908 31.818471024320914
839 119.10342626051045 32.17769509197482
840 119.03077091313774 31.829212296793553
841 118.77658973820728 31.876100172065925
842 118.66106278955924 31.760758815030304
843 118.59585951813072 32.05003741419549
844 118.63901488025269 31.96543868827308
845 118.85945443072688 32.10517303848136
846 118.52128471628473 31.61170052745301
847 118.9418117556027 31.919592801870465
848 118.92169082245464 31.635171443378162
849 118.94474222664337 31.852203072887527
850 119.07854189661902 31.66905012236456
851 118.54016481306405 32.02819012143565
852 119.18224201695944 32.339179486088305
853 118.84661116694215 32.2783578150026
854 118.832563831496 31.994730156871046
855 118.61012596786787 31.878699753732363
856 118.96249922153174 31.611239048927004
857 119.10719280552766 32.12267100910979
858 118.55057746533241 31.8547796806499
859 118.71879566111348 31.91395887782704
860 119.03852750539018 32.099459735212434
861 118.52087642044137 31.742604986804785
862 118.90702342836411 32.04451099583811
863 118.65616826773136 31.964955482519628
864 118.87209782066665 31.90237463649598
865 118.59899918123186 32.267288438008144
866 118.7470892269335 32.18382382372928
867 118.75358197459455 31.721641531886235
868 118.77923316931195 32.32965476635446
869 119.18296406104425 31.598905181577337
870 118.59564675813472 31.79588091912147
871 118.68350889571649 31.710784695817043
872 118.98467590239827 31.871519447791666
873 118.74931027846799 31.71378893695148
874 119.14403463589231 31.82200879868266
875 118.7606206281728 31.916114679631118
876 119.17463187306295 31.9812578585997
877 118.63368140412935 31.81162898303774
878 118.82346124231726 31.65386119998667
879 118.87220330050499 32.03006675728208
880 118.90521017727548 32.102280812474504
881 118.77766515376315 32.12865391402272
882 118.87178177117913 31.6215134516056
883 118.66736560123199 31.689054572886498
884 118.67503110117971 32.12507624892316
885 118.55492995946948 31.68749923424634
886 118.87707559653096 31.661514258311847
887 118.83882351918282 31.958333924534386
888 119.18526252407524 31.89820793867349
889 119.04966166418754 32.13724954143743
890 118.99205731167787 31.630111538064824
891 118.70045080605425 31.78686112607657
892 118.65649079849285 31.827031495129592
893 118.98084145569746 31.85930753786571
894 118.6530720815501 31.61288458151611
895 118.55219306588172 32.04205947848779
896 118.72970507214325 31.6142103595392
897 118.88392303188121 31.83573088760435
898 118.6336760096268 32.33393613592198
899 118.58202111115399 31.72622823195252
900 119.11042771071244 32.10982178531011
901 118.82529915449987 31.96453546334429
902 118.50829801510336 32.33739455222519
903 118.66994131008275 31.94188895464054
904 118.5366949477619 31.764221107464365
905 118.67608286505804 32.39305190419781
906 118.79163316987125 32.180825721727395
907 118.60144426454325 31.70920590530418
908 119.1522279100933 32.020936048394354
909 118.8320154532925 31.849312752740055
910 119.11073639979901 32.30099274076909
911 119.08019164352983 31.727934621640586
912 118.58484836490018 32.11802738407507
913 118.56027360871944 32.361599005478546
914 118.90085406990448 32.334340323839285
915 118.51814641343047 32.324813683040325
916 119.0553362298144 32.131076179625026
917 118.72640025186608 31.842536513830662
918 119.00058040915683 31.66167854842357
919 118.63555933473582 31.735472910504953
920 118.72043013620342 32.31025426476787
921 118.95142996265525 32.16811160681801
922 118.65495795709299 31.68268108778222
923 118.64252118744601 32.37376235123347
924 118.74912613377377 32.003221437128296
925 118.5110960780554 31.738243559652027
926 118.98999294377487 31.97915142959127
927 118.58196634080682 31.919479773310947
928 118.66752593639434 31.76861718203118
929 118.53947220956829 32.107038526098606
930 118.80855550808246 32.025904424872856
931 118.68473495889681 31.813537289552585
932 118.86580324948174 32.22761175066635
933 118.97456627405255 32.03001137052409
934 118.64247060537213 31.870941996065802
935 118.72909472637197 31.72555354200343
936 118.88447748662253 32.00161911192956
937 118.66350295390895 31.720372997937282
938 119.13874002492034 32.331038372575556
939 118.5304045659564 32.00146251187268
940 118.60149692225137 32.32847498248193
941 118.70997520908561 31.85378995963834
942 118.9757967232891 31.960985605667204
943 118.56601332444181 32.01658303925412
944 119.12631824417116 32.32051770199092
945 119.1306811972807 31.706206177059553
946 118.95731195693381 31.92001758173583
947 118.76423763531017 31.665990643947353
948 118.69367090998605 32.33183033136773
949 118.7407648275735 32.25833869101936
950 119.11609993366773 31.915271035636053
951 118.87551579506543 32.132163406833925
952 119.15140602258909 32.035551216177616
953 118.8445789042392 32.09149059857796
954 118.64669354593902 32.271552107827475
955 118.56102852145611 32.384630267828726
956 118.97235209250398 31.665463681427397
957 118.70208252430201 32.047449861105676
958 118.94318717467937 32.31981604451685
959 119.14816858669457 31.913206309919374
960 118.51163937382607 31.798075836239992
961 118.5417118932443 31.701980174548954
962 118.74095553428813 32.10489443491398
963 118.71675442453697 31.7738311410999
964 118.77021887405851 31.90576352718583
965 118.80906697851903 31.91784183438084
966 118.79133512006489 32.099522548692114
967 118.56585035715099 32.359902806933704
968 118.73018131542962 32.39074097051264
969 118.58024309234939 31.833962700220525
970 118.63789090522657 31.815341066597124
971 118.91412238584303 32.17347288110153
972 118.53848514401946 32.15563751444189
973 118.69624791127261 31.8192028976363
974 118.9198222707892 32.36246059062806
975 118.69067771135963 32.24898457480539
976 118.86201140336135 31.761899044859316
977 118.8106656323708 31.997197632419905
978 118.93411289720147 31.67036212177856
979 119.08851638206305 32.017458987834914
980 118.70024266841604 32.05018125543102
981 119.12180333795675 31.747976215260902
982 118.95453640261267 31.665046388651405
983 118.78402990760249 31.743430152551124
984 119.06061638309409 31.99454362469832
985 118.79769617328819 31.64955174341236
986 118.96695154829565 31.744826809506183
987 119.11453328700755 31.7543530578268
988 118.72093994635988 31.94327580753725
989 118.82538580723141 32.028119976812214
990 118.77966792950977 31.88405847027954
991 118.58173457301925 32.115518630734016
992 118.57942817487768 32.341368724889094
993 118.5744705651844 31.787624232761228
994 119.11291466899964 32.388350751008645
995 119.12605414087794 31.869225870928858
996 118.73694826442292 32.08311699102499
997 119.12314017070332 31.882199143954118
998 119.15694661846652 32.14067328294935
999 119.03984602115351 32.28112995330296
1000 118.66227113481335 32.239750330826375
