1 118.94067739286103 31.942797543100394
2 118.89037691476086 31.60995104787056
3 118.61476515665044 32.046387752682094
4 119.06064864875002 31.974335514591946
5 119.17518475058246 31.94053496787419
6 118.95704838381374 31.869892974373368
7 118.89209430532357 31.75870402315357
8 118.60269578564908 32.07270306432677
9 118.69869577589797 31.83811785550899
10 118.74541763217874 31.809732601195545
11 118.61862329585657 32.09661839032042
12 119.19817100379929 32.02508078810461
13 119.14129907068066 31.72661819658128
14 118.7591689948795 31.984719418526787
15 118.60326854466535 31.734178969648937
16 118.78096344632188 32.228473101044194
17 118.6345363079086 32.303889470634374
18 118.87015281096278 31.99998406089917
19 118.65273132048479 32.286603608321734
20 118.5410577299923 31.666126408197186
21 118.93351371241512 31.9947647722331
22 118.75918316717458 31.65153173604137
23 118.9819340630058 31.947208035441147
24 118.8631590534519 31.678672280522054
25 118.9597779230822 31.694656703138932
26 118.72622836170963 32.084740576267606
27 118.89962703096066 31.770919926001888
28 118.83665285358437 31.661490564499434
29 118.91851401607795 31.77747127813652
30 118.51438105182311 31.878197366090586
31 119.18204827559943 31.974209016089716
32 118.67843942434038 31.75920271415889
33 118.56168881612767 32.10366994920213
34 118.70751358580713 32.01287672493359
35 118.98863112694907 32.015741152441564
36 119.13979917917077 31.91425397593339
37 119.10185406057074 32.218585482139844
38 118.70715432593444 32.057094904197065
39 119.08908525348396 31.715325052005728
40 118.55587568845056 32.15003585970493
41 118.55371343731619 32.36619989238407
42 118.6256957421783 32.01293404670669
43 119.04391124407675 32.30998543515221
44 118.99584141011272 31.872514439785043
45 118.58750480949537 32.06328598685103
46 118.99490343222774 31.949999750310067
47 119.04020674980157 31.923816349654047
48 118.60252133012642 32.24443023960095
49 118.95959674997722 32.028588012320235
50 118.79304704582184 32.35624098797996
51 118.53916063220115 32.031239340734835
52 118.87137067093137 31.6745157785988
53 118.84531435016662 31.905418376778858
54 119.10406099890605 32.27577390369848
55 118.93405670205448 31.943028538743434
56 119.10886305753552 31.621060725636944
57 118.85207500442898 31.813075914329414
58 118.99943188007141 31.63766811261735
59 119.17261672198359 32.37743196517606
60 118.5167747303241 32.37588543398012
61 118.79470696728626 32.24793458510458
62 118.8054536610398 32.08403272478341
63 119.04416146804233 32.21369395744073
64 118.52586160906506 31.739387963066566
65 118.90076243795822 31.83113734033966
66 118.68178375357553 32.00157980522767
67 118.80801619048974 31.880858039206
68 118.97641842645365 31.64698330667154
69 118.93712719747747 32.3565562050713
70 118.66506966728774 31.97152869722134
71 118.63755778989696 32.010706708539196
72 119.08167961972839 31.87439078875657
73 118.85143792001622 31.823592522051936
74 119.17300358718697 31.883153041461682
75 118.96079913233687 32.27259137993111
76 118.65469236470165 32.218652809670814
77 118.61363742525609 31.875642796715056
78 118.73012173916938 31.61276003795056
79 119.03574211312991 32.220269357940275
80 118.83560143186995 31.795568350545746
81 118.88687093614479 32.07375785378453
82 118.92604676837858 31.604826958029008
83 118.64752010129759 32.107149455142526
84 118.72613862024266 31.925670689181324
85 118.70912730410973 31.984777056057958
86 119.13555472733444 31.939311440035567
87 118.51521894483732 31.88318119298366
88 119.17257253713454 32.01863983950283
89 118.61808915915773 32.3877073093228
90 118.85660856012039 31.70285502846439
91 118.69319581480597 31.867385765825542
92 118.70305100866914 31.634549589410526
93 119.03445596111831 32.20261203413429
94 119.00454279371436 32.12754926619999
95 119.02946604932276 31.767997202970363
96 118.60235796466596 31.908749659831287
97 118.64660480577882 32.13912397301133
98 119.02529799131455 32.14407354691658
99 118.57391259465527 31.734679066995312
100 119.10012775191238 32.31984675704104
101 119.10412291558045 32.22529025040509
102 118.8539229979198 31.673926436709763
103 118.98222968156188 32.295501777995106
104 118.72455578035841 32.20151138021606
105 118.96028590220321 32.25269783687263
106 118.52651895108067 32.03365783508982
107 118.67879307547874 31.776360318374504
108 118.78368510617777 32.359474475996905
109 118.86350546023272 32.07924579610855
110 119.199499738483 31.873712639396988
111 119.21588632674782 31.83643090317815
112 118.59242865511257 32.311047816928266
113 118.7038699980383 31.9649009618171
114 118.55542953125294 32.038666121199434
115 118.7309466349292 32.10154872655355
116 119.15806415948634 32.275006102592
117 118.90989953540834 32.08319433010384
118 118.5318094045899 31.73996031246454
119 118.87179889094732 32.06801258007388
120 119.1649800659398 32.00189670208908
121 119.18465550806908 32.041698142482424
122 119.13981404586256 32.16361346838276
123 119.03043969459694 31.790708636380916
124 118.66399159002027 31.747408204358663
125 119.13186541586852 31.687453974464475
126 118.7240496125589 31.83037648641472
127 119.11408959822774 31.608545616057086
128 118.51904329367265 32.091762966885526
129 118.54849186053404 31.836156679099687
130 119.05668814138541 31.746020870267845
131 118.55812408525674 31.676435482607825
132 118.8142329544769 31.812421861440452
133 118.74280443851724 31.782460845583817
134 118.6753670318004 31.819097606152223
135 118.74609390897974 31.95604470657657
136 118.83541764142801 32.020833600281314
137 119.12072269724302 32.25836458137155
138 118.93545643169523 32.380148100267654
139 119.13575592407962 31.647809379204844
140 119.10551179694912 31.79454274875589
141 118.5917310819021 32.1096937294889
142 118.77226825527622 31.761417584489553
143 118.86024343802819 32.30605870180968
144 118.68478884595334 31.75316470454558
145 118.88013815280482 32.17038098346457
146 119.20078181001693 32.09882380151219
147 118.65102262252438 32.23115793619979
148 119.05170206891744 31.634998705043376
149 119.20499538147374 31.78239665271498
150 118.66243872090588 32.175244655704546
151 119.1108489245732 31.711202040286476
152 118.62230917260977 31.634846704615928
153 119.1513195748898 31.886805688919313
154 118.69017854847623 32.07615467963516
155 118.6888665471069 31.60998681796985
156 119.12243683620726 31.67526243135905
157 118.69701587889627 31.625461846277535
158 118.64895266478239 31.91855999381704
159 118.72443015255213 32.14549445109955
160 118.98906033302228 31.76388708637615
161 118.51380887394585 32.282428985951334
162 118.61929335356147 31.94924096450793
163 118.57436589465452 32.09942815563321
164 118.84771576436563 31.829247898990133
165 118.52574328381952 32.09672461555558
166 119.14927339052299 32.38633695018529
167 118.82098922720135 31.970315164584992
168 118.92459213452443 31.76957359066012
169 118.65257165830074 31.95290539689798
170 118.99267675092013 31.9412737776013
171 118.49219325837299 32.01344953891686
172 118.55288587930127 32.013094934410866
173 119.14973956267856 31.64719330883695
174 118.61624567934246 31.723924508183515
175 118.84091354048078 31.96287309586855
176 118.8996286274853 32.15699306603256
177 118.62161620355482 32.23857105485532
178 118.920770454301 32.206366109841575
179 118.68188087651457 32.021677307837464
180 118.95824574686637 32.37272021650072
181 118.7047605095349 31.846669005308755
182 118.78072240055963 31.970635777697545
183 118.84510657852789 32.23356429825757
184 118.51700808022545 32.25317746618826
185 118.58054257345667 31.908585573664645
186 118.54294628041052 32.28345171727841
187 118.79619246445921 31.973356725453538
188 118.8804641285539 32.17731738229819
189 119.18280186358548 31.602164615790933
190 118.7377514226078 31.605006196432047
191 118.62524551037494 32.32700551532728
192 119.18386033128277 31.697751628862946
193 118.88219692372951 32.15366392681564
194 119.15544005787062 31.829669786792483
195 118.73548595848327 31.761641617200105
196 118.5502457184215 31.88714389292453
197 118.84336121743344 32.344055961119615
198 119.21539703588032 32.06205200619166
199 118.54838384938373 32.3221420840359
200 118.86122185139887 32.17300572423019
201 119.09422720092657 31.986559073961676
202 118.65250206244882 31.995706336847668
203 119.06606976598219 31.78825837360902
204 118.5454912996353 31.61607149743123
205 118.71261756767652 31.91566299219565
206 118.62283304191092 32.04266020117686
207 119.16987847927989 32.298402478041496
208 118.9354062100603 32.12901186172899
209 118.69568618901222 32.2563221061597
210 119.14529876550395 32.314231912614474
211 118.89481811145133 32.338214059615126
212 118.76823276002146 32.23543685950232
213 118.98639134632376 31.706913434840473
214 118.95873763134345 31.880087519119865
215 119.18901890281664 31.74141798285425
216 118.51702092670449 32.29230153776193
217 119.09306725001757 32.209132687079766
218 118.9748901140225 31.890128345605966
219 118.60158670594865 32.05241509023561
220 118.76506941462507 32.257595213043
221 118.52490837243764 32.27371002012056
222 119.09888554408009 31.75953850308851
223 118.5587077424003 32.21109182429091
224 118.63973168689488 32.25055410654327
225 118.9913091051921 31.659904977309164
226 119.03323069248503 31.674737850837367
227 118.68701558955198 31.936759113298955
228 118.62747808767962 31.773124165023233
229 118.51599327211763 32.3037782883791
230 118.53470100315893 32.18732747300346
231 119.12435908150552 32.175040185507015
232 118.64180874840928 32.216132320091624
233 118.7904263676191 31.841139835523517
234 119.04894952804337 31.783417314912395
235 119.17130906818898 32.086961797069115
236 119.13010275902016 31.9206969261928
237 119.10508355713802 32.336255522564244
238 119.06899407265212 32.126640325188994
239 118.73518010210633 31.905034665396737
240 118.95057949360022 32.25575201324627
241 119.00588759152645 31.90140943646306
242 118.80084245282501 31.733033899447776
243 118.94062625896231 32.210213255970125
244 119.19299441426233 31.984495190665058
245 118.71966154658566 31.801336218717385
246 119.15568462212684 32.146655517284195
247 119.18928655345977 32.38511210354539
248 118.89277775777451 31.797529470028085
249 119.14780695907025 32.22591589080762
250 119.01687697534598 32.19825758096961
251 118.98914058556925 31.69893604113264
252 118.57694819496737 32.27290110473665
253 119.01912111304117 31.978376801857255
254 118.6151256700299 31.680898784105484
255 119.02819715012548 32.03240098545624
256 118.53363107417536 31.8622651909309
257 119.12771798441352 31.71732224359839
258 118.61732473563428 31.65560183108732
259 119.09692575661022 31.7628089246761
260 119.11937304306763 31.949241891237193
261 118.56542855530672 32.12267194685614
262 118.56341396889634 31.670974253515922
263 119.1623512566546 32.165761472715026
264 119.1838053315869 31.683742108591094
265 118.54639537450772 31.744160923709874
266 118.93544995806144 32.188474320926886
267 118.7829685886251 32.289889401861075
268 118.5410166528838 32.35440478233344
269 119.09376269724252 32.12057037629622
270 118.97332395815558 31.975353487585796
271 118.55176409490294 31.68916496170902
272 118.82752108574043 32.06098880704503
273 118.78687415868738 31.72041592584163
274 119.18406251843462 32.00504417738897
275 119.19328406286355 32.0834145022051
276 118.66322630884333 32.27045410661839
277 119.02594840693736 31.85583720399544
278 118.9565024729872 32.37741007006385
279 118.8175235773835 32.36687273956441
280 118.89218252676089 32.26960485676636
281 118.77051283500138 32.17614925548388
282 118.52134087725682 32.175620708870596
283 119.03037295882986 32.30345774199505
284 119.04711700140676 32.35962319337004
285 119.13599443149552 32.26900469755356
286 118.84437043798772 32.11551225580985
287 118.54685179381855 31.69830304555121
288 119.16364897749413 32.10531205926529
289 118.68619159647378 31.881129886821352
290 118.5877544656995 31.71074423663205
291 118.59657032753557 32.31070952281165
292 118.92082768465487 32.25734771386584
293 118.75831377623282 32.00675497438175
294 118.96525046571841 31.972197803313826
295 118.53664230795621 31.995145470867303
296 118.50873829655961 31.820782639665218
297 119.17685094911825 31.898311005483134
298 118.55096307271216 31.96080443488729
299 118.73611734144708 31.622853833005266
300 118.51610118139801 32.31040300888848
301 119.1326039349705 31.635755973514403
302 119.1106840094118 31.909101721975027
303 118.89767685259929 31.693402095662158
304 118.59458338420376 31.779925746931593
305 119.08383335883897 32.357554197318606
306 118.5515762333542 31.901251053772757
307 118.82385399277042 32.15962282747424
308 118.7171918650986 31.686936823341608
309 119.20635339300621 31.77484780284139
310 119.17731819082589 32.30322824819037
311 119.07056497936108 32.305215495250835
312 118.81756905371623 31.79641306634594
313 118.85139803414624 32.378747016540714
314 118.89696762354461 32.14839964003508
315 118.88835615608414 32.01098904214935
316 118.62935994338156 31.8815455843496
317 118.68488143744194 31.87504192023082
318 118.99499469140007 32.37627220491498
319 119.09753001830755 32.16891676275827
320 119.1685077698302 32.01121513815606
321 119.0427223524182 31.63121405507443
322 118.90976738019081 31.794083924562468
323 118.54055642247208 32.34493081776301
324 118.5590409255188 32.03158995736991
325 118.62366542593455 31.872677263106922
326 118.99026706372051 31.635336208391912
327 118.69970225106357 31.813598538895416
328 118.77477421223392 31.79011743412204
329 118.60604953575383 31.72841052676064
330 118.6589878839223 31.87676688001931
331 118.76489425908333 31.74185448201214
332 118.94314723665497 31.661517484482978
333 119.20526928245958 31.70349366516857
334 118.59328956416378 31.98600618380563
335 118.726748598425 31.649198406299544
336 119.19613035509256 32.3429134686502
337 119.1019367878463 31.762135039811838
338 119.1779548749756 31.9901617060702
339 118.86732325393442 31.925183022373314
340 118.66006614975976 31.836866531252454
341 118.64880465949553 31.870157414045085
342 119.06086462629261 31.787893673163612
343 119.16269264663596 31.812222664470163
344 118.93519584285542 31.706472548376162
345 118.97434171957877 32.14960242880532
346 119.12843945366167 32.092322684116446
347 118.67435935390216 31.846879666135866
348 118.9219774925568 32.31699128498315
349 118.88802830130129 31.914403960646784
350 119.14032754242037 32.096063567303275
351 118.73679319609809 31.993477464285657
352 118.59164376871495 31.859815637861963
353 118.59163921575075 32.30129109241175
354 118.68926484530809 32.2876938415847
355 118.5509415520405 32.27836094397901
356 118.72922003751584 32.3968533072291
357 118.88069997461085 31.629484549621175
358 118.80695023350538 31.9820519042853
359 118.94691535544304 32.36790258625641
360 118.86272654050595 31.701638132979102
361 119.01387196335233 31.80657437350918
362 118.82271923882219 32.01362623461569
363 119.05695514696897 32.10981849501295
364 118.80104981645401 31.88034616984042
365 119.02124462442602 31.844676235273987
366 119.01457817555499 32.230940379740346
367 119.09369994698473 31.620247744385757
368 118.61731908520642 32.24226682363022
369 119.00511272598288 31.92814461050206
370 118.50501431592606 32.10406305580381
371 118.77530581017295 32.16816004872695
372 118.91359413234237 31.68808160583469
373 118.49900062800478 32.342400618215585
374 118.53757721715785 32.254020141164524
375 118.6549883450681 31.885666833533072
376 118.7903083679569 31.752647746449068
377 118.99377009113935 31.662883427536034
378 118.64704541009647 31.837788395341864
379 118.77624910823958 32.17941466088135
380 119.1331806086301 32.28522774419142
381 118.73769347535575 31.8430810656922
382 119.04079414810016 31.78917546473007
383 118.9127465809677 31.86024621371121
384 118.54907486822094 32.37696661879321
385 119.17818964676768 31.67377159356021
386 118.58519430611325 31.73471494858571
387 118.74472786338089 32.155221313948324
388 119.19145229976316 31.70548574929822
389 118.68432701474974 31.78449762615433
390 119.15253168226754 32.25655400138654
391 118.95941493495295 31.847017071765826
392 118.6266715925538 32.08263868537351
393 118.59894287664584 32.029581233460775
394 119.17418057467536 31.83007478767253
395 118.81254104343265 31.804561275729732
396 119.02967179325543 31.79863294476235
397 118.59357654725953 32.298993469702786
398 118.85855043761829 31.606262581660232
399 118.57394200882588 31.687534257718216
400 118.81686234489672 31.87218017772324
401 118.50374930767117 31.770721801518764
402 118.51123529795544 32.04496599319207
403 119.13381283011826 32.02209718774004
404 119.13315393644763 31.995372868807504
405 119.02923548535486 31.838589783028397
406 118.8527014243336 32.012951307609406
407 118.64797730848142 32.22586514570973
408 118.99747354868096 32.240463251870864
409 118.64573002149162 32.038081170488546
410 118.54746111908689 32.235850532473954
411 118.70779522174871 31.670778509855182
412 118.90719505092841 31.736563609552494
413 118.89592568188597 32.200011388970196
414 119.06064045489721 31.913720928767912
415 118.75911677855996 31.849989036204796
416 118.5999486039149 32.062679148173956
417 118.54736925594254 31.91124909569328
418 118.65527109922593 32.33123358734752
419 119.15734759272134 31.90180154509351
420 118.50848714260603 32.258380404558025
421 118.94189713310843 32.08729694953297
422 118.82366395764834 32.32369446735232
423 118.63924174312025 31.991827175584543
424 119.00170619930687 32.37594761253112
425 118.89820550787366 32.04266581646547
426 118.57114505881138 31.62578149962515
427 118.96744169623723 32.177059655736834
428 118.53821021022176 32.30363528283076
429 118.66674769916602 31.658941884017157
430 118.89396237110435 32.381843589857596
431 119.01219723736477 32.06750675163499
432 118.87854402766975 32.20358357891606
433 119.10878128788099 31.777972135840738
434 118.97959146125484 32.35187674942269
435 119.17931212878239 32.11919239770495
436 118.68920571081178 32.03845732389502
437 119.18137056010644 32.38318046126651
438 118.65815003989054 32.048142246847014
439 118.64122099761192 32.006783820513014
440 118.60953104373299 31.633591838992825
441 118.58313678358732 32.05839212358223
442 118.93853227508006 32.19431841257802
443 118.50610030737093 31.900346942910815
444 119.07024549296588 32.14480063924053
445 118.94324026404911 32.033325936503424
446 118.72859008912906 31.75943598454341
447 119.12164552310593 32.0278281213081
448 119.08471702468775 31.976660052403936
449 118.93618985986957 31.853882982707926
450 118.53419405150011 32.128761363873444
451 119.19483837711186 31.653651939473363
452 118.91720716292971 31.88302762454788
453 119.1465955617907 31.949624719997118
454 118.6007925240342 32.384804390261465
455 118.51932047450475 32.16493789898266
456 118.71253878036934 32.10102603191363
457 119.04918661500929 31.73167852574218
458 119.07342011036273 31.952165445755146
459 119.11286267099739 31.90096542870452
460 118.71667874415441 32.35984705676985
461 119.05956934060573 31.95787757069793
462 118.60129771072246 32.28050256542893
463 118.89334382707816 32.14245673845887
464 118.53010215887969 32.27738276186692
465 118.9997633009409 31.588347832062784
466 118.74768004868864 32.352730869106104
467 118.5744374066265 32.368786453929715
468 118.97475872995828 31.71795932782215
469 118.78052859512573 31.640603434116915
470 118.70560496889061 31.862658066909542
471 118.74421317528814 32.03690975273792
472 119.05060857648023 32.01045988885759
473 118.79085292286457 31.962019111123386
474 119.11644937247569 32.319348174676485
475 118.60804314256522 32.045611636700386
476 118.78145134508084 32.335292514259734
477 119.11907066746681 32.05915811541875
478 118.92006552945331 31.748108430080826
479 119.00758906963777 32.39654582509109
480 119.08374647698068 32.40039776488756
481 118.86739380946565 31.95429090669189
482 118.60764538780937 32.19820523699052
483 118.72360367705153 32.12210053519228
484 118.65362087465604 31.741488251607294
485 118.63520438542061 32.055983535050835
486 118.91831844238203 32.117816346314434
487 118.6409503734339 32.0776286272248
488 119.07679738409765 32.02872443362213
489 118.81462060693549 32.072376744424055
490 119.07437761250927 32.17817886238428
491 119.09428782176835 32.20988634175265
492 118.97947026027606 31.679673314823532
493 119.04351508292781 32.34141120947375
494 119.05897468373333 31.99020794573206
495 118.91884522639599 32.15265153173649
496 118.7220533166581 31.912858356498056
497 118.79452994809134 31.649537004308055
498 118.70687030166351 32.11821606911927
499 118.82233787169574 31.901946468563178
500 118.75716573068904 32.025647429775766
501 118.75258303886511 31.808556040517335
502 118.55873130465528 31.76347234949026
503 118.7806262907296 31.821478905208895
504 118.58911980909036 32.302412873403725
505 118.74926188378926 32.34511402973883
506 118.58868144013715 32.368555756426076
507 118.76499754174664 31.937232060527922
508 118.8793056465636 32.231605840336606
509 118.55101590900772 31.754509968547715
510 118.67364026238026 32.19077890032887
511 118.78303528866807 31.93156756739246
512 118.69394297179541 32.26458081024075
513 118.87902160542158 31.772527389490133
514 119.08515571916982 32.24488117274125
515 119.05025412854671 31.676453397983824
516 118.6821152295633 32.30273844138071
517 118.641611204047 31.9494927560718
518 118.90198255100904 31.731819450415042
519 118.77917301493562 31.845032343210377
520 118.54617995705094 32.177178197585555
521 118.65703258981506 31.948128576888507
522 119.16716189125968 31.780958494952614
523 119.15194848348546 31.80916855633172
524 118.75558463088502 32.14966015811996
525 118.52358544974821 32.123863059005345
526 119.04929519641217 31.651342827772933
527 118.68105967743861 32.26421200269115
528 118.5151025451683 31.691144292636878
529 118.68975671009234 31.7781953209281
530 118.59282659798005 31.622879171808858
531 119.12327028469545 32.02808396612355
532 118.63645768310026 32.28801134235125
533 119.0172047903556 32.34176635242302
534 118.61250851217089 31.974337826116724
535 118.56374378058175 31.700868140314956
536 118.77856686290306 32.00031127089707
537 118.93971946837782 31.834014114725363
538 118.88067538701348 31.83990462488803
539 119.06427353466874 31.77419638337749
540 118.78400645534148 32.349806046602644
541 118.92216640691022 31.915306247671303
542 118.54498347857859 31.583562392369423
543 119.01834966986658 31.99335096407382
544 118.97958776712724 32.13647208002621
545 119.06406392753662 32.23812690579419
546 118.56568093685257 32.196533383097844
547 118.82050523978926 32.15434953776404
548 118.96237199396107 31.776453620510956
549 118.49697012977977 31.87194831836604
550 119.11170988618338 31.944105444459826
551 119.06612873611999 31.721926290565214
552 118.86121674790519 31.962151708561816
553 118.73502956435674 31.67572127514844
554 119.00120971409613 31.668648069309626
555 119.11649848021746 32.257279427896776
556 118.85666369022022 31.716716406426368
557 119.12494308299881 31.96157257281272
558 118.58423471798045 32.08776577977131
559 118.73080425542153 32.3550876489955
560 118.97948895635079 31.85829472981938
561 118.75612204962364 31.74082560296138
562 118.86806474019757 32.29303934960069
563 118.9611937278136 31.83382568887302
564 118.90682727878699 31.825578303024695
565 118.80965705135017 31.728435052126517
566 118.62011007323638 31.954568929962036
567 118.77532076425418 31.756227245620323
568 118.65002744667123 31.902257505582448
569 119.03037326222496 31.859057471065373
570 119.05127634228288 32.11229909815837
571 118.64699271357962 31.95659861117568
572 118.90887568049297 32.125521644675565
573 118.99201053907936 31.842667082744263
574 118.8236790021037 31.897412602109977
575 118.55622358607009 32.377179416292364
576 118.97529105158222 31.79900333116112
577 118.54872877275828 32.20219745790367
578 118.97112320259689 32.15355315888126
579 118.57193380190795 32.102529550684004
580 118.95327346055704 31.694326000596106
581 118.6826382510694 31.595649050528763
582 118.76314761557673 32.19211079557468
583 119.18028219049287 31.654693339924798
584 119.15201705453588 31.803286045766157
585 118.89118080226508 32.37623936523426
586 118.948209946415 32.376337572681706
587 119.06487354449503 32.34108633689814
588 119.00639749426377 32.05152563121012
589 118.59145870421749 31.95718717764151
590 118.79678229660763 31.973188695429958
591 119.08517146809504 31.8718356408741
592 119.0102068295639 32.38768484774569
593 118.61851495947549 32.25033179393006
594 119.09139082045644 32.42321660969274
595 118.92697697500317 31.846632617239738
596 118.71109508895394 32.06826381695566
597 118.52405774367918 32.12712969938162
598 119.03172219002182 31.915564725194383
599 118.82336196247981 32.06711646708076
600 119.19132084288412 31.734761147668685
601 118.67322553375537 31.85165390097584
602 118.5580253234229 31.705666588505576
603 118.66752944750606 32.084625756071254
604 118.79137938544066 31.87531811246645
605 118.52586194162947 31.926903311891312
606 118.7389850328192 31.906922590632316
607 118.65680224370062 31.644561973653765
608 119.17173563060895 32.325118355172535
609 118.6328994790498 32.160224974327484
610 119.11536941303336 31.846544920668325
611 118.5763875185416 32.2979900441164
612 118.9067667390742 32.16522293160804
613 118.94194364925882 32.381835531921716
614 118.89081193533683 31.989110523030433
615 119.16858548843587 31.691539122773754
616 118.80875530479973 31.692625178009767
617 118.94286758939835 32.18264864953269
618 119.11440035474097 32.052755906570376
619 118.65169914533388 31.776035562045497
620 118.85349694393574 32.012923161164586
621 119.18092323482742 32.01900974842422
622 119.04618445795374 32.30606904709359
623 119.00746642948019 31.60753083097135
624 118.79316784742929 31.69134866026626
625 119.11139554406452 31.922115869570675
626 119.07011607975446 31.709778872188192
627 118.80996165365747 32.37150364514878
628 118.88691260595836 31.766524603928303
629 118.96363366475377 32.09686492669243
630 119.02765760933211 31.95187192688896
631 118.81435916951551 32.21917922320742
632 118.7362706509354 31.632921916398313
633 118.60511965786371 31.85385925692556
634 119.02292922621511 31.98603674881159
635 119.02707620541197 31.684907437980566
636 118.62124402188508 32.07988021197765
637 119.1044937839713 32.011076590145294
638 118.61104079093086 32.270213933132396
639 119.07266557769927 31.97325389393037
640 118.61131537637225 31.854779939081745
641 118.94626072096938 31.835203920823087
642 118.86876169270339 31.828396558765807
643 118.6024578065136 32.343540661014885
644 119.01272340605794 32.23324914257857
645 119.0137816301441 31.875339261589495
646 119.12276823696077 31.951709441927452
647 118.81858295020793 31.685507474129313
648 118.88088622545015 32.077141774606375
649 118.95571333677802 32.191838700326514
650 119.10900545695661 31.804418666484814
651 118.78249621445168 31.974372499292397
652 118.96631655030788 32.12702915912526
653 118.90730009203698 31.978200898517066
654 118.64239614305589 32.0246220591817
655 118.97776886372067 31.753418203277302
656 119.08247465906204 32.2156197503874
657 118.82294180751647 31.687466841937457
658 119.18139884771388 31.978203142671013
659 118.88248394966985 31.849636169065068
660 119.12872204488892 31.69794750745438
661 119.01501445484027 32.29119110882594
662 118.76565629594523 31.752711117535735
663 118.73191082392424 31.97308509585553
664 118.7565751471368 32.10355978314113
665 118.73960145199408 31.83898183962373
666 118.52339189907973 31.991865925673334
667 118.50536396372031 32.00803910396961
668 118.78614945708188 31.93846244203225
669 118.62965365027706 31.88883884507486
670 119.09140226008138 31.788172850420903
671 119.16668963248 32.319160991517165
672 118.70627105297079 31.98740525783408
673 119.02793732869628 32.1583105698193
674 118.75363368761381 32.01435377313339
675 119.10168218769175 31.84042413018094
676 118.822373721091 31.990717084215326
677 119.14990771306032 32.25206763509219
678 118.98064984556532 32.28927479063517
679 118.58209835487958 32.349317785246924
680 118.59459987154008 31.793701731218512
681 118.80278349211756 31.87296503770317
682 118.90226671665557 31.68480835468406
683 118.86214402086883 32.413085247512306
684 119.11140792739936 32.12202587517876
685 118.51960764336576 32.15524485607608
686 118.58800532526585 31.965297223975863
687 118.69496278987924 31.815053915486875
688 119.1095110951612 31.924532915393364
689 118.49453154759404 31.85440584021871
690 118.87375841672888 32.02708198602793
691 118.5056958576053 32.243490095331
692 118.88681621857475 32.27209232967038
693 118.83525180164943 31.843622574536898
694 118.58572690502267 31.734070219305906
695 118.91835941558386 32.18816372004648
696 118.9329712033466 31.934059658037402
697 118.81306785023861 31.742208636846126
698 119.04459885231607 32.11084612204246
699 118.54359838740044 31.68475574253806
700 118.731620373215 31.675541895181272
701 118.84272758020477 31.590846587422234
702 118.70987208475232 31.74348600678524
703 118.58779616206272 31.974657987293682
704 118.57898135634856 31.74032414353513
705 119.04540330809199 31.641377211712285
706 118.68409729452357 31.994182806441987
707 118.96020109627555 32.31594539467126
708 119.08913639236235 31.61288957286506
709 118.71353187179011 31.790614754912596
710 118.62092615141006 32.332862337005636
711 118.89046956159908 32.119921880050555
712 119.07031943558411 32.2471078408105
713 118.75952738395495 32.316306250645894
714 119.0890397824138 31.76823214591078
715 119.19196356453749 32.202842453287666
716 118.99121217046317 31.815189416309046
717 119.11683565479164 32.33499610507968
718 118.55657607715435 32.354369121533225
719 118.76817284803222 31.728990172405037
720 119.1156143965825 32.287369086417286
721 119.01953387508549 31.65543571362163
722 118.58281001704441 32.081178835420225
723 118.67250961577967 31.970205886414018
724 118.71700642766334 32.06394349136033
725 118.95137159410038 32.20656449944165
726 119.01692521643434 32.30941747766203
727 118.84424094152502 31.995331934373347
728 118.52476003341832 31.642808756936564
729 119.1279216786029 32.3459634609878
730 119.16555190436947 31.64059742200302
731 118.73158816686907 32.235513070017674
732 119.07648378083641 31.719733006692966
733 118.8606161948728 32.33975534666248
734 118.8278597782421 32.096480192238154
735 119.17031797615816 31.83769332373036
736 118.49261550096648 32.28006885551666
737 118.79621131159023 31.729481420725627
738 118.64234468514952 31.77447010184557
739 118.82046475881995 31.833070026109485
740 118.80901832159483 31.911952306330377
741 118.6252853275461 31.791536443143336
742 118.91530878213953 32.327396148211
743 118.76371805851463 31.960773260459515
744 119.13381198161933 32.36343846848697
745 119.15457710759509 31.831907287886214
746 118.7637969784012 31.972138142971325
747 119.02765983222348 32.26854585814457
748 118.93967012226017 32.382561620874995
749 118.75970846331332 31.966053288555635
750 118.6991460761753 31.976629519612768
751 119.15139756977052 32.355164235235335
752 118.65079855685107 31.942218131664635
753 119.04473688841522 31.952474058801602
754 119.0455964867834 32.37398634356529
755 118.62578102082166 31.99049234455406
756 118.76018333826379 31.6835489253506
757 118.80317153579016 32.35552797330718
758 118.86325851953211 31.96163956694465
759 118.92282359580022 31.881645102262187
760 118.76821294298283 32.30903709248956
761 118.93009630950665 31.60425553223698
762 118.8033229670855 32.37391037506311
763 119.16715533542141 31.667447552463642
764 118.96348599587724 31.65268615312063
765 118.86679125621933 32.325951861663725
766 118.88843048041852 31.9661891318485
767 118.58349146463839 31.727294821212084
768 118.6781113264611 32.37969041247441
769 118.99462818785705 31.848291650454225
770 119.21529761758909 32.34909081381172
771 118.72591478156099 31.97904874994826
772 119.20696555542271 31.922034756675384
773 118.74896526913597 32.05360869459179
774 118.81314268989446 32.32000560466939
775 119.18260178101957 32.39005867572182
776 119.07346825760013 32.14290538803912
777 118.88752477285405 31.906956607596232
778 119.17967070869153 32.261094209396724
779 119.20086075019323 32.343917776836676
780 118.61737798854875 32.04364589456776
781 119.04271458495472 32.182280492114494
782 118.68201288964153 32.30949498471968
783 118.70654276673916 32.15805830721892
784 118.81870452416425 32.103836717224496
785 118.82975782143046 31.889070937393235
786 118.5976420615759 32.08133455378861
787 119.02454313010482 31.771448080590645
788 118.50947199432443 31.70994178190895
789 119.1985643267455 31.80204938188561
790 118.67134202100951 31.943271031980085
791 118.98928877555389 31.875519955839117
792 118.86203906367699 32.167954240928616
793 119.08611060142306 31.909788971891384
794 118.62421714319261 31.978965390366334
795 118.52055402653343 31.81114404488019
796 118.62338888744542 31.66681821130101
797 118.98233520727985 32.17185036685978
798 119.08423122586647 31.775655667072684
799 118.60294130938233 31.973119376819824
800 118.91496595212861 32.07717701724353
801 118.51571451419885 32.14132127653537
802 119.07495899232404 31.937427461164926
803 118.58634659187013 31.803530988988758
804 118.62057959551656 32.313204355363936
805 118.95032341955024 32.13698329887866
806 118.81938419669365 31.798853118549854
807 118.6922469592499 32.23899640222967
808 119.17454037161843 32.044824483118546
809 118.8716652197642 31.954784079888853
810 118.61239869338522 31.69962324987696
811 118.79024067340798 31.78340049017924
812 118.99574643195135 31.693684407946076
813 118.82110171292483 32.14342144777485
814 118.5847844640979 32.176757854628335
815 118.61365618646275 31.973660244313027
816 118.65505320554986 31.645160307397475
817 118.87956768750449 31.717747142065768
818 118.94188509179027 32.34252259462916
819 118.83429638556431 32.31022965293396
820 118.63574496061202 31.921692422139035
821 118.73688749326787 31.712133419187097
822 119.11633712735328 31.962551950339734
823 118.67867376034745 31.944289113834568
824 118.9694199483111 31.616787254732266
825 118.75807966596078 32.18440359580724
826 119.1995024797602 32.11122385429765
827 118.4955247835601 32.04529368051387
828 118.70351063838541 32.24678136851097
829 119.04403647000078 32.27416262657946
830 118.5392458003525 31.766746089754754
831 118.76784996626887 31.656275170103772
832 119.17183254041832 31.902085755413808
833 118.98215069811714 32.27707074387023
834 118.59510727590263 32.21915688996619
835 118.56577553185947 31.802248706919094
836 119.17364524737283 32.21736490466789
837 119.14379937983175 32.066233133526005
838 118.62283772784409 31.820680300463774
839 119.1126471641541 32.14836923192617
840 119.01872659099233 31.8440491473536
841 118.78555006108742 31.857755649492482
842 118.66170433882672 31.774376606895178
843 118.59995991065146 32.05194665116307
844 118.65677591235703 31.985040473921355
845 118.837609073471 32.09430232364025
846 118.53514208086966 31.61009321615657
847 118.93578235652276 31.922790781791406
848 118.92314393424277 31.621412499893072
849 118.92310440325822 31.84714167098033
850 119.08013023766985 31.678269730838743
851 118.55333442727363 32.05120934022486
852 119.19076756399696 32.343272748019295
853 118.8219442807055 32.27466937025443
854 118.85184160329729 31.990080834585623
855 118.61021869812275 31.89523333430348
856 118.95488553022948 31.6127072169658
857 119.13183742400388 32.12552697658
858 118.55297646187702 31.8494795781867
859 118.71077271013006 31.938456908652462
860 119.05332571956464 32.09569695218027
861 118.50980935117579 31.74842345239069
862 118.90625801334667 32.04450623624246
863 118.65896529490364 31.960055375363318
864 118.86577827110993 31.9162016078196
865 118.60365469655855 32.275597870736455
866 118.74478956830107 32.19974362310606
867 118.7373945852522 31.696374919781032
868 118.7784561229093 32.319774755815615
869 119.16647563412019 31.59374400004585
870 118.58505519538306 31.777959105232917
871 118.69026582782811 31.70269291841416
872 118.9763790365264 31.862257510061728
873 118.75737669458238 31.6889038083062
874 119.1468798757905 31.82659192831518
875 118.73613328754878 31.917124844005446
876 119.15690349443432 31.979788345875225
877 118.59476075720092 31.83229771303623
878 118.81596139436225 31.65591217866933
879 118.85622087857064 32.004570274716905
880 118.92001774878788 32.07282607111093
881 118.77799761956267 32.11854519644732
882 118.86058198403516 31.60437896549364
883 118.65054861383986 31.681273682194092
884 118.66654441151168 32.13252092420099
885 118.57472342531796 31.717798827657834
886 118.878430317883 31.679962565526484
887 118.84400807831807 31.950087975110034
888 119.19775510801946 31.893906349061275
889 119.0502295248908 32.1211684891348
890 118.99596934800485 31.61579973914731
891 118.72104656406198 31.79855340432439
892 118.6719904673112 31.816530146636957
893 118.98262465285217 31.853389921580362
894 118.65681746062788 31.61181473654442
895 118.53824418698392 32.035924113705036
896 118.7034710756837 31.6003324855671
897 118.8585625387612 31.837546815897387
898 118.62162274552735 32.32117159727047
899 118.57554491282417 31.727663451190615
900 119.11871783340975 32.143811744213615
901 118.83516282482627 31.99367165724146
902 118.53244653184638 32.32338415507276
903 118.6628003357193 31.949445686295693
904 118.54424902613107 31.75100597980985
905 118.68278050780486 32.4009249454006
906 118.79659481044074 32.16692613381903
907 118.58514492959004 31.701114841109703
908 119.14255347778146 32.02702008301867
909 118.83166867184295 31.868380911553547
910 119.09194019987554 32.308436000962026
911 119.06835122236073 31.728736336166477
912 118.58814082788008 32.118149858267124
913 118.5494335191219 32.36135300848938
914 118.90543305459713 32.34040958966306
915 118.50900525053882 32.32063744592809
916 119.05448306854039 32.11920889399543
917 118.71942977398626 31.85206733594562
918 119.02315085604293 31.651454195602525
919 118.62587053746694 31.751133979978114
920 118.72379210951529 32.30864441217461
921 118.94114949062492 32.16469119960165
922 118.66387022486944 31.662097569231083
923 118.65760945152654 32.37482901505666
924 118.74658165553845 32.00104708148828
925 118.5323038633541 31.753661355825727
926 118.9846968546887 31.973677281001024
927 118.57214961257776 31.9308156530521
928 118.65803218931849 31.785900299632385
929 118.55715195273369 32.098163745461015
930 118.81512368875273 32.034009430637255
931 118.70155670246149 31.812834447450342
932 118.85687077151428 32.22097605443959
933 118.95866721458691 32.033814346264236
934 118.65398488326271 31.883952673362554
935 118.73767954708022 31.72463459610962
936 118.8882481216804 32.00802833308805
937 118.6722150959656 31.713236926371586
938 119.12685627491871 32.321883658703584
939 118.54887314384823 32.016462843871686
940 118.6043823792409 32.329872171632864
941 118.71372078819348 31.853315681891118
942 118.95476260540221 31.951782944329292
943 118.54105489885282 32.027745655508646
944 119.1473686990883 32.298746536154454
945 119.13106055389713 31.701261722438264
946 118.95579279553598 31.914098504027283
947 118.75514413877181 31.67924789642794
948 118.6878562650117 32.35535322178358
949 118.7289153063166 32.25265893084178
950 119.12653554100348 31.9234642253476
951 118.85600488923288 32.130693615755554
952 119.16045751942023 32.05354553086159
953 118.84734315299951 32.07930308222168
954 118.64882149692333 32.26213773709952
955 118.57769757600099 32.37950886317084
956 118.97379698420525 31.659536638357146
957 118.71776787080931 32.046602032293826
958 118.94963995174453 32.32253998097554
959 119.16448780284392 31.928631039535638
960 118.5144015851974 31.78786287178593
961 118.5623574730651 31.69130296133278
962 118.73489467594369 32.110445298074254
963 118.71501395886686 31.755450684831807
964 118.7639529451602 31.894006933445862
965 118.82089215773321 31.895947422684326
966 118.78270943466094 32.09197265953009
967 118.56798666779322 32.36370404869582
968 118.72018144000441 32.393898490978536
969 118.60780803995807 31.83254828957041
970 118.62329636803838 31.814858916735712
971 118.91037270166159 32.179949296960494
972 118.52237034471226 32.1532340880461
973 118.6839506731514 31.829380432853682
974 118.91891895049541 32.357215560253834
975 118.69305641816051 32.24679806044628
976 118.85221014716267 31.747631205681405
977 118.81336626161726 32.00331163893107
978 118.93408075174405 31.670370237959208
979 119.0875854491958 32.041073716503824
980 118.68401830968953 32.045266402102996
981 119.13073313330715 31.75230385993923
982 118.97562266502668 31.657186644684273
983 118.78464574137051 31.72755309697561
984 119.07830817003698 32.01819877641975
985 118.78830073743364 31.64691033270758
986 118.97723829227034 31.75010018901694
987 119.1291689847689 31.744848808754732
988 118.69067216413552 31.919937898828604
989 118.84141731389332 32.021838011827924
990 118.772769568181 31.874949680090577
991 118.57257227787706 32.10087285178902
992 118.57425200358776 32.3301392494639
993 118.56413247978173 31.80025584874856
994 119.12349142895323 32.38689120072086
995 119.12248587289993 31.858967523013824
996 118.72887451172099 32.095840792094386
997 119.10954605750294 31.885958385592637
998 119.17489864735107 32.15669982579138
999 119.02645008091959 32.29109621754573
1000 118.66204473457951 32.23987854271443
