1 118.9447571902738 31.956189365727088
2 118.90841506040289 31.623313812689172
3 118.61361352591317 32.06085585002153
4 119.06637384677946 31.9652958800929
5 119.15805691552592 31.95673682380011
6 118.94602395181383 31.8633236544599
7 118.90754960253713 31.74971162425813
8 118.62516947898384 32.06630802155729
9 118.69544836685817 31.835216199401263
10 118.75066970729767 31.821673112687513
11 118.62795069098 32.09795336781136
12 119.19991982347693 32.02903763163192
13 119.14933496923689 31.713537891029407
14 118.76518491748118 31.983869603719377
15 118.61619598088767 31.735735325070753
16 118.76602701508259 32.23608244609628
17 118.6316903918891 32.30519895005392
18 118.8711350910469 32.000546547883395
19 118.64131341350975 32.288418290077566
20 118.53865482123884 31.68175614697704
21 118.93421012464248 32.010448769540936
22 118.74595749136877 31.636896915472825
23 119.00538877641287 31.931874535668126
24 118.84776259112101 31.6847185779661
25 118.97856294677224 31.689703215111795
26 118.74483940469908 32.09504002838592
27 118.8963036180054 31.79051724050156
28 118.843665595065 31.666530319384478
29 118.92238252321528 31.78619655516713
30 118.54236290815305 31.868275366726564
31 119.1952239410207 31.985327036103
32 118.6666025311766 31.75843363611105
33 118.55534398361269 32.115711085701165
34 118.69729969814271 32.00561814067744
35 118.99890900507312 32.034781878210026
36 119.16539135169468 31.918693112367336
37 119.09921060543826 32.212139286098875
38 118.70026727164992 32.065015144914156
39 119.10041841925559 31.711090997267213
40 118.55161510662576 32.15573181086698
41 118.57111542161024 32.37271582388006
42 118.64013166751174 32.01942120879969
43 119.04723375690781 32.305386642391724
44 118.97477932985515 31.866274901480978
45 118.58843081585226 32.071048127282516
46 119.02009608275924 31.930488520423328
47 119.02721392286882 31.9147838774781
48 118.60439157989687 32.22997099091574
49 118.95975465893144 32.02836251186022
50 118.78981943622318 32.3527853310239
51 118.54499363316823 32.03964402585644
52 118.86458293441494 31.68014411844081
53 118.83928146387811 31.89393469860869
54 119.11621872423166 32.286173342660916
55 118.9485780901078 31.961865344423718
56 119.10219743092827 31.603209355196963
57 118.85587177075658 31.81254097664849
58 118.98651245203735 31.65530983494208
59 119.16019525615809 32.379229668158565
60 118.51722626654694 32.37877502143457
61 118.78989539055851 32.247510832501185
62 118.8117562465496 32.07329106441625
63 119.04378016421614 32.22318365317662
64 118.52321386690731 31.74617918553644
65 118.89854185734193 31.839551162710297
66 118.6950760431697 32.015300253017344
67 118.79027636725039 31.881974939001402
68 118.96700918788545 31.659526522758405
69 118.92657613506593 32.35205786747409
70 118.66183569119104 31.973607121309506
71 118.62158824407337 32.00383315058766
72 119.07374988596466 31.879022998477108
73 118.8566945880997 31.826225236467145
74 119.17013745879461 31.886658387563664
75 118.96468794564173 32.27670660062868
76 118.63513240263914 32.21706354467317
77 118.62633862563656 31.875987575819313
78 118.72601722888074 31.627405392705924
79 119.03518449477542 32.23279016172415
80 118.83222575438192 31.81240089203198
81 118.89815977331234 32.07739161009106
82 118.91113140720333 31.603507176687955
83 118.65242039896697 32.11753187479056
84 118.7309051915519 31.926107069655554
85 118.69332601382867 31.975462885427554
86 119.14131208057579 31.948426943747435
87 118.50673908372806 31.885734835976614
88 119.19007232746691 32.01000754276595
89 118.62182635957157 32.38913777131738
90 118.83788780746349 31.715629012658383
91 118.6799074833441 31.868530265797165
92 118.6947609020015 31.61496500029582
93 119.03173801612452 32.20584650376426
94 118.99091073710187 32.13504172695793
95 119.02892815176726 31.76236268360648
96 118.61028845584434 31.90687420900464
97 118.6551366357044 32.12175560086086
98 119.0322294188761 32.14445596178853
99 118.56642671590154 31.722149290132638
100 119.09446746495375 32.32802884733571
101 119.12248258092308 32.250312405942275
102 118.85003603981346 31.679409206623472
103 118.97668744118326 32.29133802532658
104 118.72967215739553 32.21467760860299
105 118.94719114832311 32.26139338304318
106 118.52654873512157 32.00775062953333
107 118.67710742713156 31.79328180376386
108 118.79812039806794 32.36598045451184
109 118.86999640478666 32.08950720852816
110 119.19874363198664 31.881019183563843
111 119.20002262794023 31.836761513192155
112 118.5901567681314 32.320740638150006
113 118.7175971169947 31.95422678907941
114 118.55715213667717 32.04799608684611
115 118.72068134166865 32.11832061063799
116 119.15264908415217 32.27784870742611
117 118.91625136320206 32.087575511376706
118 118.52216297984107 31.754340394460534
119 118.89701993758888 32.06186382037695
120 119.17181476453615 32.005215625555664
121 119.19465241559874 32.02522588689645
122 119.1303532419093 32.15322660060758
123 119.03254344290185 31.784940524514134
124 118.65529585458015 31.747230126509734
125 119.12258057798628 31.679071194141752
126 118.72627598083811 31.835793389276393
127 119.11939654890939 31.60670069645747
128 118.51910355511413 32.08331448040286
129 118.55756794778495 31.832830346796637
130 119.06635148418945 31.756258112333015
131 118.54994173522554 31.681571146595925
132 118.79871196341513 31.809133432588762
133 118.7616271013182 31.781330756545216
134 118.64375471075832 31.815747602574074
135 118.76757208263464 31.967599708161032
136 118.83592700216137 32.04439587556633
137 119.10739523875796 32.241838256998676
138 118.93085292823734 32.37513032290334
139 119.13520646872705 31.647157847750975
140 119.10789988378458 31.79873473244781
141 118.61340153393424 32.09935583054389
142 118.77626094170029 31.762342488057715
143 118.84914566589845 32.29487141018493
144 118.68439901674635 31.743493865990672
145 118.88591653638727 32.1898020350052
146 119.19985184072189 32.08503882094856
147 118.66146687916284 32.21414864862476
148 119.07306811024476 31.6282808309183
149 119.20877828139925 31.797431610308756
150 118.65388531264986 32.17319473638683
151 119.11501128132333 31.693538701820327
152 118.61286477004394 31.633264035137355
153 119.1584680071143 31.897214989704405
154 118.70102357630708 32.09793337102524
155 118.67140437206777 31.606559263522914
156 119.13347444893729 31.684142958734085
157 118.69189281170434 31.609002300477766
158 118.64719232577598 31.912475623365186
159 118.71936584716909 32.14959522792447
160 118.99583302348998 31.764963881933134
161 118.5152364763952 32.27464717686733
162 118.62645998256164 31.940893573366996
163 118.58358037989032 32.09565008605233
164 118.84695225684226 31.83928250077842
165 118.5257204937844 32.12046483243923
166 119.15572477368394 32.39321397862108
167 118.83038790907044 31.966884442999387
168 118.9246203308962 31.76404727675141
169 118.6512345008595 31.95926278166829
170 119.0020453244641 31.943126622414837
171 118.51666384251469 32.00339558771654
172 118.55156610890191 32.0185661753934
173 119.15366503534305 31.64208036309012
174 118.61868543281318 31.710668349105042
175 118.84212007830065 31.979542681048965
176 118.89497118103873 32.16863962608678
177 118.61093006995829 32.245607698016165
178 118.92783211960013 32.18506643880452
179 118.69944544773115 32.01519000053399
180 118.97314242910485 32.371270843696045
181 118.70395954095045 31.85830991716079
182 118.78433904797755 31.978337004778847
183 118.84693072400304 32.232973149596035
184 118.50059460253624 32.25519067175731
185 118.58837900700156 31.918450538422924
186 118.55448871888028 32.27960891161884
187 118.7953416091601 31.956829671773576
188 118.88116820594058 32.19241258733679
189 119.18308169198083 31.581590954930235
190 118.71488220351961 31.60788754029057
191 118.61528397723737 32.34366545143419
192 119.15956817786743 31.691162997339994
193 118.87716186547208 32.16683390734164
194 119.16237091036884 31.8405349744392
195 118.721620228608 31.743086355823472
196 118.5471777517616 31.891309147339335
197 118.84974902710428 32.34978906441935
198 119.22751877017977 32.07800279849188
199 118.54519220692787 32.32651585541407
200 118.86471020652694 32.16756229471793
201 119.08079447661345 31.973356447268074
202 118.6689867103805 31.99163308448475
203 119.06384572881855 31.77202923870201
204 118.54112157079268 31.632813585756715
205 118.70728978886282 31.902472765866683
206 118.62434861596061 32.04569890981044
207 119.16519357509348 32.32398123231538
208 118.94570904576877 32.12844861846452
209 118.71927022426615 32.26116354706799
210 119.15011589003451 32.30809715252639
211 118.8851874623393 32.31774749158747
212 118.73927694788095 32.24783081317904
213 118.99190907133203 31.708132449436526
214 118.94254999413923 31.865128968818386
215 119.18918533377926 31.746422221009063
216 118.51838322216103 32.30890849055786
217 119.08599575197434 32.213102231859416
218 118.98425344890754 31.895978836805156
219 118.5964185478775 32.05029482420297
220 118.74532169266739 32.26965003625788
221 118.51501689615499 32.284765638699746
222 119.07998365127031 31.747575321190286
223 118.56838907100003 32.20132464094749
224 118.64392820471566 32.26428089762462
225 118.97201766896747 31.676746899222806
226 119.04040406831135 31.676182085942738
227 118.68672481037969 31.946172637405578
228 118.63632615134249 31.777199995570278
229 118.52623246020948 32.29223095203899
230 118.55047138864296 32.19181177279617
231 119.1225751503664 32.17783285052754
232 118.67631368479987 32.198207017453655
233 118.76369009810722 31.829659142114437
234 119.04033987383127 31.775595707031115
235 119.16131332280366 32.096080084134755
236 119.12670524610809 31.909908756963937
237 119.09521446988069 32.34378092681758
238 119.08059425950083 32.138838392469474
239 118.75727357035184 31.895951567079642
240 118.95644673377237 32.26354282336915
241 118.99670138514314 31.93462291794284
242 118.80338670153839 31.726768991318004
243 118.9548807449807 32.214292760791466
244 119.18083045428224 31.996008898281286
245 118.71734639548761 31.79760569665836
246 119.15946565875213 32.136750502540814
247 119.17710320359573 32.37738694024208
248 118.91128609165949 31.791102406674998
249 119.16721838673465 32.228427329462335
250 119.01139929569995 32.19320132146142
251 118.97991576699751 31.697032157802994
252 118.57875658765049 32.29414397725698
253 119.03569821791959 31.966851709144606
254 118.61209511605166 31.67192835411855
255 119.04959656132472 32.029014560079226
256 118.53285085594369 31.874419653797982
257 119.13814238822124 31.719823492123925
258 118.62618413052563 31.65426936602271
259 119.07815811151255 31.76472817583181
260 119.12757134978216 31.954939355615274
261 118.5378695977402 32.111704925012525
262 118.57441065280538 31.66327348732339
263 119.16194563789098 32.154131806546324
264 119.17465958485816 31.69152109814682
265 118.54150290474068 31.726958882555376
266 118.94282866824985 32.19866686599097
267 118.77120570215378 32.28932624363036
268 118.52653347425812 32.347832754983834
269 119.10217908699896 32.12421943526456
270 118.95709227596784 31.973401500955063
271 118.57998904042637 31.685169742172167
272 118.80817452773076 32.07292399688871
273 118.78403827673719 31.718449586720745
274 119.1849583701419 32.00688768126564
275 119.19552532886011 32.08076147141883
276 118.65913369628558 32.265539574466914
277 119.018273072474 31.856085464263263
278 118.94810600697049 32.396805322292
279 118.82920427231367 32.366336177092954
280 118.89442498726153 32.29993007387386
281 118.79755490793296 32.18348609833266
282 118.51207290662327 32.1493907302281
283 119.03547709989877 32.317858298443525
284 119.04453539764548 32.36300990551262
285 119.12409213771728 32.25556288059326
286 118.84417098929887 32.13696543075885
287 118.54755268942343 31.703368189388478
288 119.16368681638995 32.0981864464477
289 118.7003488787478 31.866493428678222
290 118.57769473218582 31.712900396948605
291 118.6026531941238 32.30699822060281
292 118.93073622232895 32.248098837347605
293 118.76185391957884 32.012805693473396
294 118.98191827267007 31.97240501413833
295 118.5242311473163 32.007462886413286
296 118.51380313588781 31.828468455831192
297 119.18313056040988 31.91505570807015
298 118.53698011337754 31.95105725757725
299 118.77084296489427 31.628641215549127
300 118.53154954566298 32.30416483173986
301 119.14110581741984 31.649402453156252
302 119.10713708914986 31.92254582755917
303 118.89982393742399 31.70547354771578
304 118.58219999650336 31.78430200500517
305 119.08630083413253 32.34752754510711
306 118.56112806683423 31.89314939129387
307 118.78668969683292 32.178686726170696
308 118.7276982894798 31.701108828923385
309 119.21684863027117 31.780448920031436
310 119.18593062886902 32.30141528852796
311 119.08561498198814 32.31656595371327
312 118.8136843459418 31.802355622491323
313 118.8530970292628 32.377950673348636
314 118.89057556320641 32.1494661694389
315 118.8838597691023 32.014655076881375
316 118.64041165842585 31.883582754576004
317 118.670528641791 31.86109097033203
318 118.99815470564704 32.38778143565621
319 119.09633611597147 32.16106020255502
320 119.16250324498739 32.00838068534792
321 119.03605112603358 31.628511114368308
322 118.92129760277928 31.79060060041781
323 118.53993326038815 32.352381141765505
324 118.56021286400339 32.04153039686193
325 118.63151496404909 31.867216129212622
326 118.97479319900371 31.632546939748433
327 118.69459062738358 31.82216745196975
328 118.79373001944431 31.786557993526326
329 118.59857457592906 31.727612207926523
330 118.65583064085125 31.883111869750927
331 118.75337620610334 31.739778458164903
332 118.93940723241276 31.66383236556531
333 119.19883821531694 31.706140414285684
334 118.605702564106 31.970303460498897
335 118.71490245283869 31.647982716974532
336 119.1983274697779 32.35975058055297
337 119.10580022353571 31.76998486401115
338 119.18158115200515 31.991584823637115
339 118.87168959260329 31.91902919876088
340 118.65547313416262 31.850432815585442
341 118.64040360139215 31.867897611694445
342 119.06744730431002 31.80638344848386
343 119.16502239321886 31.834714454219217
344 118.92011718644473 31.70068910544467
345 118.95533541273473 32.14200651399491
346 119.15342600924856 32.09012064706196
347 118.66389809386266 31.849474788460988
348 118.89327421830497 32.3176662623962
349 118.89016180367459 31.92031031515566
350 119.1277887009223 32.11313387117714
351 118.7255253415521 32.00421692715058
352 118.60052756106482 31.859029546639473
353 118.59848584009079 32.313887498501785
354 118.68237881510801 32.28077311263012
355 118.55193907488614 32.26960052118636
356 118.70335154576172 32.37635038378201
357 118.87868082054484 31.628588403472225
358 118.80841086379995 31.977081753937437
359 118.94056049812215 32.35849654637545
360 118.87283813371756 31.701206691376175
361 119.01916557119326 31.78796888989575
362 118.81652870784393 32.010933295433176
363 119.053139018621 32.108203444761166
364 118.81004683176793 31.8719639499519
365 119.03175467630349 31.843658173058753
366 119.00495734809421 32.22954203381208
367 119.10140297691294 31.61391931476434
368 118.60912429146599 32.2450025392022
369 119.00143932839903 31.949564908625632
370 118.4868176802585 32.12323432136823
371 118.77227411302245 32.168083712647494
372 118.92940088294613 31.67504285698205
373 118.49042610725898 32.339075072258105
374 118.53418830113036 32.252066005364426
375 118.65108691336785 31.876128783428193
376 118.77990720948789 31.763209608958448
377 118.97657514924981 31.66482809259096
378 118.65224672845923 31.85799971885618
379 118.77700094709085 32.17429254052746
380 119.15925052646776 32.28786403353606
381 118.72327113249415 31.850251429613817
382 119.02780831002364 31.78737493003232
383 118.92646645837279 31.859092839572433
384 118.54401844776646 32.38263409381209
385 119.18073160251446 31.656878050757747
386 118.5970422728023 31.731592820691134
387 118.76018254173741 32.1621888795335
388 119.184107095436 31.694927339540392
389 118.67333284047291 31.778105826310703
390 119.1493244157453 32.27436625531773
391 118.95857365622548 31.858580939917374
392 118.60710802441145 32.09163039038767
393 118.60031043619104 32.03957726333065
394 119.17572719273423 31.830159508429436
395 118.8105361106854 31.78891649277646
396 119.05741638364252 31.79809363390937
397 118.58991056871734 32.30832594280051
398 118.87040855205159 31.621583249081645
399 118.56928699701315 31.6988369911057
400 118.84172889015599 31.882182046725358
401 118.51325319382853 31.758014703051916
402 118.50123774955142 32.027768253981016
403 119.1351199945861 32.02058850882045
404 119.12283886401764 32.013865540677465
405 119.01299101879377 31.847435012631564
406 118.8443052329609 32.02307101527632
407 118.63748584247026 32.22295309280211
408 118.99422042090912 32.240829438156425
409 118.64248507471243 32.0378964354355
410 118.53681299659479 32.25101935313953
411 118.71257622847874 31.67695215620088
412 118.90460153376438 31.722309518879015
413 118.90380163503522 32.20273379218036
414 119.06967966724956 31.90755166344457
415 118.76215457243629 31.883355560980355
416 118.5876550833459 32.05801896754441
417 118.54078663715505 31.921158224096228
418 118.64982298055368 32.3355058366756
419 119.17220353387331 31.897722604693126
420 118.49403997010214 32.25433491154778
421 118.94198780719624 32.11166782233932
422 118.81333441716149 32.34813817981846
423 118.64676915750823 31.984344460533706
424 119.0035641994592 32.36058947686472
425 118.89717229459869 32.03729417358633
426 118.56052318049056 31.616237752803304
427 118.97507173695215 32.19308814442922
428 118.52694370907047 32.28297542207621
429 118.66955637267958 31.66272749921192
430 118.89354753686293 32.36654810753762
431 119.01199458177277 32.048495103578134
432 118.87358900298746 32.19100624126228
433 119.1007506273772 31.784457051320004
434 118.9779919828026 32.350670751130046
435 119.17311298559711 32.120985167989225
436 118.69408414269768 32.06137505954311
437 119.18403994442052 32.3551824780114
438 118.65074341203965 32.04245668924637
439 118.63593490973959 32.02255701125168
440 118.61822890988533 31.610289999001132
441 118.59153692329703 32.03295614242611
442 118.93852040033892 32.1855276934781
443 118.50255235670824 31.90088844345083
444 119.07642978113653 32.15708780405248
445 118.95890518373848 32.040693220993404
446 118.73894353926825 31.774105584461143
447 119.1313581807388 32.035171262162116
448 119.10012751141599 32.004005673820295
449 118.93796443957159 31.869993046097434
450 118.5217421356413 32.14009173387796
451 119.18729310738803 31.661550813410123
452 118.91398048295287 31.8972395699917
453 119.14448627411407 31.95027283023673
454 118.6036657873176 32.392308156113494
455 118.51511255855355 32.16351506638718
456 118.71789305101497 32.11190068576191
457 119.0270748133786 31.737329648856107
458 119.06265582935632 31.955172011269667
459 119.09743144033897 31.912020263111774
460 118.72500252838701 32.35427961462913
461 119.04713593082958 31.96519074164588
462 118.59593913388711 32.28440740565752
463 118.8938546094126 32.14829403418293
464 118.52684922748354 32.27929710169815
465 119.00365901327304 31.57773038148699
466 118.75773321819489 32.32954289002397
467 118.5610182087084 32.36281067818875
468 118.98382730791076 31.724165583143556
469 118.7941581967787 31.64201945592357
470 118.70606132280626 31.86158398049563
471 118.73492243741208 32.03297214470897
472 119.04517403060947 32.03478629970486
473 118.79639481892661 31.973361454584744
474 119.11989159861083 32.3199222646448
475 118.60659880710871 32.026453780352995
476 118.7895223185615 32.33786799508005
477 119.13883112291879 32.067525652429815
478 118.91371824929904 31.75626817866314
479 118.9971608251083 32.390998885516325
480 119.1025060057204 32.389635483863415
481 118.86879999695577 31.954375569963762
482 118.60104653828989 32.217221294270786
483 118.73055958603327 32.123144295365634
484 118.67391837569973 31.75691737183643
485 118.62578171620648 32.07443388431523
486 118.9011639923858 32.12182066057726
487 118.64265694009639 32.082551297606514
488 119.0768916001618 32.042238339193524
489 118.82814157908099 32.074134065943895
490 119.07861112782649 32.16737236607013
491 119.0923650479171 32.19887344665986
492 118.96710025198377 31.665763757822003
493 119.05066753267698 32.34288769170097
494 119.06890785308273 31.99565888738609
495 118.92558548321415 32.16411732348534
496 118.69912650764827 31.907890336137726
497 118.795138991971 31.6693624138877
498 118.71974415784845 32.12581960239748
499 118.8300078550031 31.911140981276276
500 118.75369784706255 32.014596132943254
501 118.76370823219992 31.79989037755775
502 118.56899874556946 31.777649185791628
503 118.78095332422428 31.831380386632052
504 118.59693582148006 32.3109245930013
505 118.76591060058291 32.351652160587214
506 118.56856082968582 32.35013279596677
507 118.76653020949031 31.950136189431316
508 118.88931198613159 32.22871704545557
509 118.53399382169101 31.7503256130197
510 118.66867645439847 32.183319486726724
511 118.77483088096585 31.938599665617893
512 118.71018768656754 32.25329871827614
513 118.89124106634165 31.765488016947835
514 119.07287446332747 32.25117048636153
515 119.03650956194392 31.68698751570083
516 118.68216906968199 32.30484850183685
517 118.62578573525414 31.948251600236446
518 118.92085717875528 31.75316906451969
519 118.7857195718198 31.841966568423956
520 118.55838157848595 32.177059875265236
521 118.64958863191457 31.966058664613442
522 119.171437532538 31.793061651601818
523 119.13069530765961 31.80604539156312
524 118.73722818993795 32.151263057102916
525 118.51750106612623 32.112995478205455
526 119.02807959027129 31.658760142714183
527 118.68305714634273 32.27446693282975
528 118.52223349862986 31.695812644247543
529 118.67603583728872 31.774890382349028
530 118.57067099459256 31.623136020659413
531 119.12976577352521 32.035756929435834
532 118.63808477975384 32.311509760202
533 119.01645559635467 32.329698961835334
534 118.60743418911369 31.979300939530315
535 118.56738989951396 31.685339965259402
536 118.78506935930547 32.00044766739115
537 118.93743110570384 31.830502199069034
538 118.88955127518219 31.835642821645045
539 119.04055911626153 31.76240111106684
540 118.77306366898664 32.35328692933069
541 118.95516691808241 31.91470895838917
542 118.54397483231415 31.593900222481206
543 119.02429958413344 31.982326690185893
544 118.96825763377196 32.116782912939605
545 119.07003424931398 32.239522177069055
546 118.55099457301226 32.18434444122408
547 118.82732066675982 32.13907927084125
548 118.9670008812345 31.800961642349755
549 118.47337473728663 31.865796764197402
550 119.12474120577129 31.9370214689776
551 119.06616744051408 31.73278833859895
552 118.86005422763931 31.9695515763608
553 118.74655381251429 31.68573453189342
554 119.01256335155963 31.68107153288918
555 119.12454785749784 32.250161247824074
556 118.87025503590701 31.726770933838175
557 119.13492391511168 31.954829066717792
558 118.57217053112149 32.07759960577854
559 118.72174741498732 32.3513538128256
560 118.99057040718357 31.86001635919372
561 118.76614059270094 31.71425774655303
562 118.86068984747341 32.29765417454911
563 118.95193328972232 31.842657352812225
564 118.90554992784384 31.81601348883438
565 118.81736554539552 31.72307665342246
566 118.62584720314572 31.94468582669676
567 118.77736610133738 31.76917213490853
568 118.63054717003467 31.909521715553176
569 119.02635516017234 31.857678188741914
570 119.06248884075677 32.11944682844385
571 118.64044790638555 31.947604605086152
572 118.92507399459281 32.1068483786989
573 118.98317926280157 31.83792214711904
574 118.79884855417261 31.89221113260945
575 118.55093276177853 32.38534114346834
576 118.95668253039125 31.800854416770072
577 118.56536462249996 32.1939454882805
578 118.97120961129399 32.15235289780602
579 118.57745637880807 32.09601669190061
580 118.95441757682089 31.684575394911004
581 118.67854505221862 31.604304454145563
582 118.75750265207324 32.20881804036786
583 119.16857539848766 31.64614252983242
584 119.18250322318848 31.798244291847073
585 118.87611828448027 32.36860656379741
586 118.95844495532532 32.38811960055942
587 119.06583270862279 32.3489940207559
588 119.01329559889659 32.043372290575604
589 118.58491693404574 31.97747782566135
590 118.7911367698085 31.970916337628587
591 119.09013350115173 31.894113152649314
592 119.02931850739121 32.39032807222129
593 118.62091003618134 32.247073652692855
594 119.08437100502734 32.41980038244354
595 118.93698607106292 31.835705633262126
596 118.6970074799443 32.07544369482508
597 118.53318802068952 32.12067222908636
598 119.01130930908958 31.911892419115848
599 118.82518358188278 32.05881042908697
600 119.17456478996603 31.73478808750219
601 118.66502844774848 31.838848935401664
602 118.56551137478176 31.718858042989353
603 118.66426553166832 32.078938389469485
604 118.80254100962462 31.8760231637494
605 118.53344487487323 31.943559747390285
606 118.73746966944186 31.89872953118312
607 118.65280022502942 31.628272207199583
608 119.16221678190664 32.32375368668928
609 118.63373278970394 32.16187023849082
610 119.10610086993707 31.855260088750114
611 118.5584255561792 32.334938105776786
612 118.8863434746911 32.140642872530826
613 118.92699590518889 32.40696532557639
614 118.89520664944128 31.98644903436342
615 119.1612914705193 31.682753077441543
616 118.80304218722941 31.687975852786472
617 118.94029352360573 32.17154769503075
618 119.1133147904063 32.05841104182916
619 118.66430957746876 31.770587190369774
620 118.86343667693387 32.00487845323023
621 119.19170370170073 32.02784823982035
622 119.0320155765248 32.291853802983866
623 119.0068681486758 31.61721595710394
624 118.80442014966867 31.698282335275593
625 119.10891406446932 31.914907279089565
626 119.07270056455828 31.688526100455423
627 118.79411988400473 32.383880508613
628 118.88507461856011 31.767459725483622
629 118.97133956543802 32.08512346943426
630 119.02936337518128 31.95231380106526
631 118.83563138190468 32.23214103019791
632 118.753024307201 31.63489921195831
633 118.61768496354787 31.8680057660072
634 119.03820195183644 31.97307891681128
635 119.03009250589983 31.684553597791883
636 118.63038237182876 32.07615418435844
637 119.11252456370974 32.014563491377295
638 118.61392385547752 32.27281795741443
639 119.07842548301315 31.962982091909378
640 118.61255186564378 31.864409702871683
641 118.94257386478111 31.860569471590868
642 118.86640923367565 31.821820108618365
643 118.6102806483427 32.33838442056705
644 119.03234600242381 32.23401788517264
645 118.9979850859148 31.866563360869545
646 119.10826387449376 31.942181478141467
647 118.82541888989762 31.67678483558193
648 118.87603661991199 32.065448962820284
649 118.9757840383007 32.18882857886001
650 119.1055846116197 31.802780823671128
651 118.7647604677532 31.967470037388523
652 118.988138391242 32.13863963353506
653 118.92225348894904 31.987245110481936
654 118.64160829785128 32.02984356714573
655 118.97820138996727 31.763141679542645
656 119.07750705987497 32.22517741579791
657 118.82960228382538 31.689664549410242
658 119.17748246947177 31.967135474182488
659 118.8655013198874 31.833823245460003
660 119.12737264085855 31.696201057229704
661 119.01114762942635 32.299344267988424
662 118.7835518104582 31.758849675154742
663 118.71583851004034 31.994440340356356
664 118.78439082270731 32.098487736971315
665 118.74407904350977 31.83485272073269
666 118.51007084332704 31.999875795218205
667 118.53159989124235 32.00782934156797
668 118.78339451594977 31.935953115385615
669 118.61318578609308 31.87527258516488
670 119.07946109193189 31.802655213208336
671 119.16195583196124 32.323925891231525
672 118.71593423207206 31.975930596261517
673 119.02339937688892 32.15060609413403
674 118.74431317535243 32.015169210323975
675 119.10003753657497 31.86120877941259
676 118.82060146222848 32.009759885411405
677 119.13973717831094 32.24333354034662
678 118.99144811959975 32.28323585964013
679 118.58388450834833 32.3639173036481
680 118.60874519356031 31.8003693239214
681 118.82881472930417 31.875519713071167
682 118.90763217524994 31.683818181564035
683 118.85178983728449 32.41095049927182
684 119.13957715766564 32.109127362688405
685 118.50347018643205 32.15395147191512
686 118.57883681019506 31.9595998053486
687 118.69617764582024 31.815808139615473
688 119.1444936288565 31.924209317941877
689 118.4965731339884 31.839062052900317
690 118.87536515045232 32.028790085501264
691 118.49231137593686 32.25985153112611
692 118.88761215812713 32.268075623586135
693 118.82949249733448 31.852298618967076
694 118.58566419408882 31.73582037357896
695 118.93337552977877 32.19279088529102
696 118.9267577762271 31.933308585223273
697 118.8225281617224 31.734996428340093
698 119.05005227154665 32.10359933517143
699 118.5467247658342 31.68055553674935
700 118.72045984793762 31.676331091675905
701 118.83457450553682 31.57866796119238
702 118.71438940039296 31.7486509999081
703 118.58105198408308 31.980902881811723
704 118.57893353575092 31.753279790655377
705 119.04021437575614 31.631162141201557
706 118.69841728871857 31.989942967443806
707 118.96248651056615 32.32014965815277
708 119.0943128575295 31.62398987162636
709 118.72101988524373 31.796513975816847
710 118.62767521132827 32.34780120031991
711 118.89801591292338 32.106049294083654
712 119.08951460797546 32.24416829811151
713 118.7752214777662 32.31097872102497
714 119.08090990647061 31.765646833635078
715 119.19736222215516 32.21411458097177
716 118.96995743624959 31.819244664209098
717 119.12745068870927 32.31552960156375
718 118.54833922355738 32.34150243508839
719 118.7789238557457 31.72025757616565
720 119.10357145945044 32.288153179655176
721 119.03586871241104 31.637333790504663
722 118.58772821973244 32.07099524317879
723 118.66903272049649 31.97766113900851
724 118.71678754699231 32.09630290808228
725 118.94594015092966 32.19995121263524
726 119.02634378575586 32.304245309990456
727 118.84636329756545 31.9970323973299
728 118.52933648216894 31.646717638307674
729 119.14264620583864 32.35762081927191
730 119.17391002686303 31.641961640111784
731 118.72572411424733 32.241129956351855
732 119.07814904808423 31.706486590541388
733 118.87473822554185 32.31089092996472
734 118.82459269160458 32.10192269002311
735 119.13974667345937 31.85331306579927
736 118.49270121134421 32.26510189630311
737 118.7785526023907 31.73557129799779
738 118.6439867612323 31.78753358109328
739 118.82158781626983 31.8282372555697
740 118.81071136169015 31.917811868810645
741 118.63710384169298 31.79310047259508
742 118.91028932852183 32.31882633309055
743 118.75372184957497 31.95046573821586
744 119.12423738095902 32.37502896211708
745 119.15816016370839 31.839676968870346
746 118.74996800476377 31.9763008003168
747 119.01393655099422 32.27452501662759
748 118.94490350520303 32.39620349385599
749 118.77042570143084 31.967058261359632
750 118.7259755740248 31.980684408112165
751 119.15382351323802 32.36332135833907
752 118.65769658988961 31.92955709726946
753 119.06766755069407 31.947817150726898
754 119.03637384019369 32.39429222599732
755 118.63774657251462 32.0090664219411
756 118.76412708694562 31.6842554598933
757 118.82302362992169 32.37356770905038
758 118.84239512026572 31.945125864225247
759 118.92726567131177 31.896235713321918
760 118.76891319151585 32.3065286287708
761 118.94454153657811 31.603397932124825
762 118.80602657737924 32.36982881144884
763 119.1740315653726 31.662376120346206
764 118.96376289060552 31.640213781275623
765 118.82649243659738 32.327259794768544
766 118.89439554735458 31.962278749946613
767 118.58502485649785 31.73059010507569
768 118.6804200706429 32.38393949013986
769 118.99651656159315 31.835527341800773
770 119.22261652521549 32.34845043537691
771 118.75232257957268 31.991109643643927
772 119.21229144115475 31.910113897011833
773 118.76020994554757 32.054326808840415
774 118.80896838230208 32.330674861878585
775 119.17446954936598 32.390571931844974
776 119.05933349150271 32.128097450020185
777 118.88391282337233 31.906173424168447
778 119.18696097241873 32.268233023049355
779 119.20984884041674 32.33813071575952
780 118.61391873977671 32.00648625740713
781 119.06948988817587 32.18264304673278
782 118.68325940525104 32.33356603454437
783 118.70944136479429 32.166175872614254
784 118.79264012263091 32.10311083252031
785 118.84545353792657 31.878566653790617
786 118.59509248983142 32.095837787803504
787 119.02520166339932 31.769499557266077
788 118.50289071029853 31.713014302230473
789 119.19057262484114 31.796478975674034
790 118.70178746954127 31.935468287372764
791 119.00296834315944 31.87175307768828
792 118.8494093174624 32.152654415613114
793 119.0840098068458 31.909753996717658
794 118.60464969753546 31.96648440778406
795 118.51894372891354 31.819619834306348
796 118.6194000432499 31.702481037285356
797 118.96498546261057 32.17520767344393
798 119.08060689911548 31.783467092964923
799 118.60489602784764 31.971050585953257
800 118.91973894604821 32.09488911610766
801 118.52417841871753 32.13137626275193
802 119.06410117230922 31.951758885494254
803 118.5727081023676 31.803806751409788
804 118.64128618048855 32.31156396296541
805 118.9557065551232 32.144347226221456
806 118.81626310735348 31.78587340016772
807 118.69274712596875 32.23963952998675
808 119.17432833019667 32.04051606846509
809 118.87903969900734 31.961815953988754
810 118.60577474303427 31.703669321708933
811 118.80351769535216 31.782906697197483
812 119.00370903674866 31.691897038778738
813 118.80507299562242 32.13111804948705
814 118.58580135456471 32.18332754639495
815 118.61778734042258 31.973222033835828
816 118.66710310254867 31.645494129495397
817 118.8892561491337 31.712111585111742
818 118.93132873281372 32.337159872645344
819 118.83004457616882 32.31505331917016
820 118.6254575666807 31.92113944692982
821 118.72990271515604 31.699590609772844
822 119.12722645258816 31.965910566507638
823 118.6825600237722 31.93320375626596
824 118.98398550640918 31.60378449750754
825 118.74084196925173 32.185037114662826
826 119.19636815807056 32.09891740280757
827 118.50874616689711 32.03242312359268
828 118.70727408817146 32.24326246013893
829 119.04063328765965 32.28548812932945
830 118.53200269283202 31.77310831212005
831 118.7643980830606 31.654579363022194
832 119.15645430754556 31.905023074738477
833 118.98437529089287 32.27943220658909
834 118.59310127226856 32.210068215552845
835 118.54850614673568 31.79831826469057
836 119.17279000094895 32.20892159267711
837 119.15383338658233 32.06619281790973
838 118.61018661763443 31.796113384505905
839 119.11109454111073 32.14575254109101
840 118.99766813719026 31.829613962565446
841 118.79855435120844 31.874014191912703
842 118.65151423510073 31.76023468486792
843 118.59983749356957 32.05779903747178
844 118.64948720554041 31.984231367596756
845 118.8150732845568 32.10498533142343
846 118.52202797037106 31.59393960346408
847 118.94223643168706 31.924060643089977
848 118.93488413864385 31.65066507879502
849 118.90491224927689 31.847432066542993
850 119.09009955525995 31.674077113412906
851 118.56486266138675 32.06912271034088
852 119.18502220396545 32.347064554642145
853 118.82564958520165 32.2727148152374
854 118.8339721663054 32.00878291536296
855 118.61832669885186 31.872871784349677
856 118.96602405248571 31.609186084294038
857 119.13821317025159 32.13689114110522
858 118.55225118693205 31.831885226498294
859 118.71459602104862 31.938137178137005
860 119.05601515447798 32.09275002841908
861 118.5130866711941 31.736869737029465
862 118.90708805966445 32.03642883170329
863 118.64861902217223 31.970390579242604
864 118.87307954614488 31.898643853033867
865 118.61151243716901 32.27603371473766
866 118.74964860161651 32.205239999499014
867 118.7323909783037 31.689504336523978
868 118.77439646597688 32.315546740927516
869 119.17032218930967 31.573305065409023
870 118.5924817704012 31.78316298602014
871 118.67576182806899 31.701370620306477
872 118.9811909740755 31.86409851535036
873 118.75974947093128 31.699133425610153
874 119.14464384566493 31.815799796573213
875 118.73096790941194 31.936491257928388
876 119.15934192775819 31.966172397306437
877 118.59653429157976 31.831639319059796
878 118.82466687537259 31.657801494189048
879 118.86949553427081 32.0230849922467
880 118.93556022593614 32.075542874300126
881 118.78001334349038 32.1140275675792
882 118.87677405562984 31.600169340712284
883 118.64048286155241 31.68466733618745
884 118.65992762032764 32.12968455785156
885 118.57013892348704 31.73592679233279
886 118.87253856915584 31.701040587478495
887 118.8259484289726 31.946366520847267
888 119.19141374259458 31.902894239264143
889 119.05622882459735 32.12660910115312
890 118.99894989942892 31.633734397400982
891 118.72125632248162 31.791018566614248
892 118.66873655877797 31.791599445152254
893 118.97722624459648 31.849775806475655
894 118.66526250094718 31.58802198347234
895 118.51438566978715 32.03333469817586
896 118.72032083999078 31.592022213794216
897 118.86948461971456 31.829776807041995
898 118.6232321807314 32.31822204775613
899 118.58315581751 31.70662901731756
900 119.13811636300687 32.14704733049594
901 118.82777368856685 31.96543231429207
902 118.50388659825899 32.315816321032614
903 118.6655107196868 31.961892183192507
904 118.53666439350188 31.779179060580496
905 118.70453220862441 32.41103024929463
906 118.78964338977518 32.167191153733405
907 118.59309041030457 31.719191156854233
908 119.13679553243736 32.04128606193257
909 118.83391427727469 31.85602357138126
910 119.10379648375292 32.31703402269696
911 119.05845867848733 31.727575337097882
912 118.59101062190251 32.098060532973186
913 118.53946539572355 32.34634275893376
914 118.91207328305458 32.34444941318425
915 118.53778040764193 32.30667750488751
916 119.0694199861444 32.099045644040295
917 118.71636570921446 31.85823159875125
918 119.03771277140468 31.64954775757911
919 118.63037010276618 31.74360574809069
920 118.7125996990547 32.30312754640224
921 118.93939925977762 32.16202211587252
922 118.6555285171223 31.67026925828693
923 118.67131157730013 32.375440528005164
924 118.74492321883724 31.995475772475192
925 118.54406600379619 31.749813225123447
926 118.98440266252715 31.970148249754274
927 118.57824354314154 31.94394560599898
928 118.68015829366243 31.779028298807432
929 118.53221306984094 32.114835881416965
930 118.8217965434806 32.03887663712775
931 118.71616068065049 31.82361270075348
932 118.8603204409593 32.205769430744624
933 118.96430016800052 32.03391158391195
934 118.63920338427738 31.875580817786457
935 118.74268696821134 31.70920850489575
936 118.86538670944162 31.98820124734895
937 118.66587883239372 31.72956475038436
938 119.14552210367069 32.32690072069439
939 118.54483079548638 32.011667312066116
940 118.61006424128895 32.33309309220916
941 118.7051323133331 31.855169824869527
942 118.93987400320727 31.94258925218421
943 118.54172649170138 32.03420921241254
944 119.1409920460638 32.31135332934221
945 119.12069173999306 31.714204556726088
946 118.96124247558542 31.909760055142893
947 118.76228567643007 31.683558310724926
948 118.68833609562127 32.34017430501699
949 118.71171006985058 32.25472698603644
950 119.11695601078011 31.92159525380691
951 118.88247145253881 32.11573925601191
952 119.16187034145969 32.05824456307621
953 118.8598003644478 32.07852375629653
954 118.63988643880474 32.24354069209577
955 118.57926920316773 32.36821517784459
956 118.96615346432074 31.648186540959887
957 118.72322449962044 32.04340975693853
958 118.96333464985231 32.33062939727938
959 119.16931359929076 31.9125890556789
960 118.51707306758038 31.78378694659347
961 118.57360290281957 31.674733241012003
962 118.7118652601638 32.12306833082405
963 118.70754444049945 31.738143717451155
964 118.77490144996554 31.891789625502305
965 118.80323401888357 31.900412084579973
966 118.77863788738065 32.10148787625403
967 118.55813802584639 32.381344934141374
968 118.7299691465105 32.39203987055483
969 118.61016917745371 31.84998181293808
970 118.61999846641636 31.809713648652593
971 118.91519253948691 32.18273608211175
972 118.5282995908275 32.1512549868218
973 118.69229617370193 31.83189283559416
974 118.93642679673883 32.36149049545014
975 118.69666501570599 32.245922184342575
976 118.86068160093927 31.75276796544973
977 118.83100994142492 31.98019340516957
978 118.92350021924436 31.658558761624484
979 119.07791170985216 32.03913211403884
980 118.68906683606473 32.04169752558456
981 119.14778717849141 31.77561536552779
982 118.97159836528205 31.664383700264104
983 118.78400219314518 31.710950297971834
984 119.08549437760325 32.034329850079196
985 118.78568552058721 31.64218991417509
986 118.99566421920412 31.749341999417634
987 119.12095423916418 31.72717189001575
988 118.6969199732133 31.92411505085015
989 118.83549200760818 32.01786828032092
990 118.77521276131279 31.87396952045548
991 118.56029989771247 32.10359208511828
992 118.57179126247168 32.3366893124969
993 118.56826064607505 31.79987672172954
994 119.12720162308393 32.392603957276286
995 119.12083051141346 31.876666823596224
996 118.74364024639725 32.084668482216216
997 119.08469815092184 31.889461210166747
998 119.16841728366136 32.155362278794556
999 119.02465041909142 32.2896224673304
1000 118.67056885984356 32.239374831510546
