1 118.9482424044345 31.957062455577336
2 118.90229797558317 31.617941723860827
3 118.61229801787898 32.06363132296853
4 119.06188085473357 31.974467078707796
5 119.1621576981213 31.954310651392326
6 118.95256222266008 31.859579689990852
7 118.90901947348603 31.747272866652295
8 118.62321776114744 32.07098878497371
9 118.69572056409511 31.829872280869445
10 118.75003922518071 31.822520745295535
11 118.63120435117126 32.09627932710443
12 119.20312206429527 32.03600935507119
13 119.14666870843085 31.711641201725936
14 118.76458293695214 31.985846415153997
15 118.61462001986234 31.74001469045186
16 118.76730296286478 32.241301170131855
17 118.63078883367108 32.30421537891659
18 118.87181502789805 32.000037847580614
19 118.64622228871367 32.29045437180003
20 118.53802094622546 31.684317693503232
21 118.93648377837143 32.010463555864845
22 118.73890053653784 31.643046117191997
23 118.99679940736847 31.92755039462861
24 118.85237364030822 31.679523161654078
25 118.97817586733804 31.68609854707374
26 118.73930448391575 32.094202589619734
27 118.89534211657387 31.791914559717114
28 118.84320745693475 31.669226140448604
29 118.92040091803635 31.787258074726086
30 118.53578564485166 31.863024007389065
31 119.19411557682376 31.982045182948866
32 118.66988135155358 31.754703485961073
33 118.55154736471383 32.111499849525075
34 118.69503493863785 32.00438857827382
35 119.00486055020257 32.03539617137389
36 119.16353987611019 31.920982215482088
37 119.09912233942138 32.209703374655014
38 118.69783712202414 32.0629755846822
39 119.10320610556313 31.700710599367717
40 118.55566935904338 32.15382080819414
41 118.56831142338469 32.37338224556459
42 118.64005593151352 32.0180571066478
43 119.04113358944778 32.30331987711753
44 118.97190107892649 31.868008304652218
45 118.59234874356461 32.06607788456035
46 119.0185614424276 31.92837737387572
47 119.02514367925481 31.917136996486413
48 118.60820493824122 32.22984529690021
49 118.95797892488505 32.021170444326366
50 118.78943146040193 32.3564523876672
51 118.54349419513096 32.0362041210669
52 118.8609273988155 31.685137306452255
53 118.83617879848882 31.900721511354142
54 119.11207454526689 32.28697095132183
55 118.94484189678106 31.964198687144677
56 119.10420540608739 31.605158011888545
57 118.85705508848943 31.811320758012858
58 118.98155463844195 31.652342697187088
59 119.16785919207705 32.382508145929016
60 118.51638165184302 32.38140918702791
61 118.78967517984445 32.243050371689904
62 118.81696747032139 32.07369790549369
63 119.04439785217356 32.22088435497612
64 118.52253943816933 31.744190585444432
65 118.89731108685999 31.839135236790522
66 118.69301071037356 32.00663644143679
67 118.79342614359541 31.8836793041177
68 118.96760888226403 31.665169880984728
69 118.92762960955909 32.346016662359084
70 118.6631225862928 31.972528307554832
71 118.62626934093582 32.003030821442955
72 119.07639290778451 31.878865221156587
73 118.8517382370356 31.8229085592567
74 119.17078545347253 31.887657170091096
75 118.95995272577412 32.273444619298246
76 118.63695271670558 32.217775448237646
77 118.62623842973363 31.878711809720496
78 118.72953997937766 31.631142345499672
79 119.03548847972208 32.22957939431739
80 118.82835283321205 31.813127527940722
81 118.89880944050813 32.076453891817124
82 118.91376151416925 31.607689582303227
83 118.65670654875142 32.11470473169759
84 118.731359432902 31.929642838787608
85 118.69512727172696 31.975707718533588
86 119.1403913106883 31.9439059000034
87 118.50920216019861 31.891648473403063
88 119.1893281898715 32.010997880971395
89 118.61848158922899 32.386855999072885
90 118.84275480343985 31.710447661510635
91 118.68522979211724 31.86851738636287
92 118.69546361214461 31.614733841134225
93 119.03285189490792 32.19562072797696
94 118.99395706750491 32.13904390937752
95 119.03445353501812 31.75848096293835
96 118.61342956304924 31.913481189428417
97 118.655174000884 32.121935478181314
98 119.03652735456244 32.14356219549241
99 118.55648663451879 31.721743263746678
100 119.09612691073778 32.331928401199605
101 119.11780322620379 32.2477763651263
102 118.85056753442777 31.679674567535226
103 118.97985665718687 32.29016086311548
104 118.73162899492996 32.208966290842454
105 118.9410761166346 32.26373264651979
106 118.52351900625 32.011211426715086
107 118.67936529711747 31.802546730734896
108 118.79328565581937 32.361969066783686
109 118.87088536480854 32.08719678535109
110 119.1955440274071 31.879764403104115
111 119.20704645093777 31.835200306491323
112 118.5860994004431 32.32540811750977
113 118.72193086428287 31.95069706425125
114 118.55478422346101 32.05065662515767
115 118.72669050771438 32.12154031697345
116 119.15864147053692 32.277307800396585
117 118.91688590728603 32.08691736390815
118 118.5242412935658 31.751290069977003
119 118.89049791751405 32.054127132840804
120 119.17325833883534 32.00634827916449
121 119.19021189894902 32.02890520165767
122 119.13379843481215 32.14543143905119
123 119.02811417320696 31.78711349300032
124 118.65719073268498 31.740718926114823
125 119.1248259088617 31.681963025148775
126 118.72567793005632 31.84074799828976
127 119.11175374896993 31.609182239512712
128 118.51647495879827 32.089802752278295
129 118.55527044916082 31.833072358237434
130 119.0669463094841 31.75352856211322
131 118.54715881224907 31.679958251686497
132 118.79714788599058 31.810406406679917
133 118.75522137176527 31.78527927868392
134 118.64795937528046 31.819336677495766
135 118.76370210868895 31.965456519797474
136 118.83151760803328 32.0410852422794
137 119.10954058993403 32.24561865032077
138 118.93808640166351 32.3725230782136
139 119.1367601844055 31.64554061184342
140 119.1046311368514 31.796416585571514
141 118.61195611355909 32.09959917189489
142 118.77542540153952 31.76106897878985
143 118.8554849867306 32.29326540893875
144 118.68453863168364 31.74598070626411
145 118.8886200443441 32.190717269080935
146 119.20235053582581 32.089219034205264
147 118.659174838434 32.21614421058106
148 119.0656142735347 31.627885681367367
149 119.2095538604123 31.795233906384293
150 118.65686556647488 32.17867959233433
151 119.1161104482154 31.700089561664242
152 118.6164845362562 31.634552073760478
153 119.1536979419818 31.895526966149365
154 118.69314893561982 32.09297782287994
155 118.66795338031955 31.605482537986045
156 119.13271060601116 31.691463099216584
157 118.69274660203693 31.610067741989813
158 118.64907590058552 31.915566384221552
159 118.71968701548543 32.15124428042662
160 118.99649988880931 31.765265335519533
161 118.51627836576685 32.271398466343
162 118.62901181130957 31.942041486603163
163 118.5820503040169 32.094385927697125
164 118.8444634574146 31.838450375710877
165 118.52707070276566 32.117170208309815
166 119.15641605345182 32.39448762266452
167 118.82867355435482 31.96531460374181
168 118.92617493244559 31.76447010812888
169 118.65122172565249 31.96609576210669
170 119.00819905136316 31.938949500358884
171 118.51493243764972 32.00465180394404
172 118.554375458956 32.01902692969054
173 119.14778070154607 31.63951874705982
174 118.61788309436712 31.71379589718093
175 118.83828196391633 31.979416665379414
176 118.89266224974929 32.166170910628935
177 118.60836890348453 32.24352550982065
178 118.9265576991682 32.19492809472243
179 118.69674673385657 32.014335997126395
180 118.97547822143008 32.35916502570939
181 118.6951461540261 31.86129326370474
182 118.78390155659955 31.97237038290184
183 118.83996083778811 32.23522782791745
184 118.49337524688694 32.25629241485553
185 118.59192427054488 31.912107600502758
186 118.55360999182244 32.28029624556118
187 118.79561098535792 31.95680635176175
188 118.87563004680032 32.18464815081945
189 119.18139115629938 31.582879235751083
190 118.71750798069748 31.606823438445353
191 118.61759191496061 32.34676839980867
192 119.16199640664036 31.689794105971327
193 118.87659933739872 32.16862364541766
194 119.16416488336128 31.843414722231536
195 118.72736269242826 31.747757117487037
196 118.5428341004261 31.892647540075203
197 118.85399133704391 32.34684215238976
198 119.2243438081479 32.072679859556395
199 118.54781426944012 32.33171517565992
200 118.86170232111051 32.16275460295082
201 119.08374015337765 31.977815321805636
202 118.67039620456426 31.99135110165214
203 119.06087390866304 31.785696494125702
204 118.54147564398596 31.625453733541892
205 118.70808390374182 31.90557041080774
206 118.62061716257122 32.051567263528526
207 119.17068696133012 32.31759166779317
208 118.94555686556104 32.13018317012885
209 118.7128969134078 32.26352172016577
210 119.15381892677168 32.3135349529806
211 118.88760664712494 32.31479426121586
212 118.74149202899048 32.245630108723994
213 118.99106354721448 31.70343702409847
214 118.94756586959808 31.862570413686452
215 119.18419175645533 31.74359898483245
216 118.52090356569163 32.30365098660997
217 119.0836500244904 32.213421312491334
218 118.9777948108185 31.901506106783014
219 118.59544189323414 32.05162440255636
220 118.75056833293203 32.27028898689039
221 118.51455179624863 32.27893081537167
222 119.07962314001627 31.75365570282724
223 118.56301276694386 32.20210436422735
224 118.64183656864283 32.26220848649049
225 118.96925737717181 31.67487976882959
226 119.03915020382313 31.677662518765693
227 118.68567282285109 31.947959005323128
228 118.63103579562537 31.78099663745841
229 118.52226977390278 32.289712872739706
230 118.55428255936593 32.191977190686394
231 119.1236146002512 32.17496188923803
232 118.67523086372807 32.199773914311315
233 118.76577768725836 31.829945437128504
234 119.04454058207426 31.784505593830172
235 119.16229341130841 32.08875152913863
236 119.12531667793111 31.91784460526236
237 119.0950196131058 32.348610954375204
238 119.07664971608725 32.1384409064853
239 118.7550633642231 31.894559254634895
240 118.95622617317906 32.26149792993658
241 118.99860425502078 31.93145210278299
242 118.80280353192933 31.726075735002087
243 118.94938002148892 32.2140322361269
244 119.18424898986228 31.996164404500668
245 118.71717757131452 31.796752036110096
246 119.16036444036598 32.14409330728569
247 119.1736794864429 32.37548028578439
248 118.91387145935224 31.79396726719865
249 119.1648224758128 32.23131281200284
250 119.01339812611103 32.19283822254439
251 118.98102167137397 31.69570705712578
252 118.57498998621303 32.29801136412657
253 119.03803805189783 31.97185119108021
254 118.61075321536615 31.672539844065856
255 119.04522857029256 32.029464315882215
256 118.53195279287449 31.868796948503743
257 119.13643010966929 31.722465963997745
258 118.6248794412055 31.658854645929043
259 119.08049542497774 31.769141367818072
260 119.12533147014075 31.957161403008335
261 118.53399534855771 32.10879438289631
262 118.5763227188379 31.661333579486115
263 119.16373025179749 32.150322919533004
264 119.17528304960413 31.694983699996794
265 118.54265274436926 31.731845830153883
266 118.94189634897262 32.19541990175754
267 118.76974261305779 32.283050439298044
268 118.53051148112675 32.34813476953687
269 119.10292336397764 32.11785783624343
270 118.96185670381448 31.965893160328655
271 118.58032689214436 31.686238786463733
272 118.80775401830442 32.06591903177949
273 118.78891036723009 31.720292150744967
274 119.17974992192057 32.009103159990154
275 119.19619448112083 32.08238218283552
276 118.66217453514662 32.26799332061791
277 119.02483075884285 31.856091874115656
278 118.94934478098502 32.39514779401408
279 118.83036120270046 32.36729397642943
280 118.88585908029017 32.2906877685681
281 118.7959292368854 32.17474725577315
282 118.51710782427254 32.155594672698875
283 119.03441001425625 32.323118245773976
284 119.03480446130067 32.364252252977174
285 119.12913511691612 32.25693755859272
286 118.84207807316459 32.13552886727306
287 118.54785645792805 31.706331203205274
288 119.16100987024213 32.0970714969157
289 118.68723406093558 31.863576944906484
290 118.57991814569473 31.717714466826802
291 118.60782600891604 32.306462608085305
292 118.93345732857283 32.24728099989039
293 118.7637983649524 32.018818195260664
294 118.98113821711094 31.967542231200902
295 118.52566365858587 32.00894330442027
296 118.52139994815097 31.827450137971173
297 119.18816548554668 31.90708142241927
298 118.53847588841788 31.95441613938423
299 118.7628810979261 31.62639323962336
300 118.53268846026283 32.30544968524031
301 119.13955073191627 31.645751378846875
302 119.10108539918083 31.920848456663816
303 118.89545096298683 31.70692011965431
304 118.58073240303159 31.78331856910398
305 119.09028108450633 32.34852769617145
306 118.56099041257887 31.895771636079843
307 118.79584623892725 32.17561140951778
308 118.72480916425106 31.69264539069632
309 119.22071705288859 31.78424254915727
310 119.17925481863706 32.29860195068739
311 119.08123302261214 32.32059462648559
312 118.81317807155598 31.79896191955364
313 118.8511134758794 32.37925366895761
314 118.89411287471401 32.14645923690031
315 118.88703369668123 32.01647182598158
316 118.63380580498291 31.88025920558267
317 118.67045002712551 31.8659775432804
318 118.9971595092554 32.3884609568879
319 119.0953776177639 32.16797898534768
320 119.15912270475567 32.001082860912355
321 119.0329081187486 31.62324039100209
322 118.91726628316069 31.789480397304363
323 118.54890666030843 32.35171413705723
324 118.56118872111301 32.03708584418554
325 118.63605542575839 31.86710459896889
326 118.97441063820747 31.635939960621812
327 118.69426844196597 31.828079834335302
328 118.7954803538489 31.787729510994875
329 118.5988154194571 31.72849903116248
330 118.65757956069466 31.881999541066975
331 118.74917004800959 31.734440438158884
332 118.93523961925322 31.663868969851276
333 119.19757372257824 31.707326865932117
334 118.6047784213051 31.97263371590593
335 118.71617654182303 31.643985800999197
336 119.20011514657618 32.35849145551908
337 119.1035583473498 31.776238063809235
338 119.18185204045066 31.9929450175822
339 118.86570310614493 31.920860911742295
340 118.66181107058614 31.846415751276208
341 118.64355888423881 31.865708063198262
342 119.06884744717425 31.804019435804708
343 119.16688221851003 31.839124886315744
344 118.92534673854881 31.698748171944246
345 118.95175984806869 32.14373465701023
346 119.1515574676045 32.093017405406336
347 118.67279326045548 31.853754030135253
348 118.89047437710087 32.31795715026581
349 118.89341906962605 31.91719778082173
350 119.13134075470161 32.10650285839009
351 118.72024480310606 32.00623578952657
352 118.59636442206116 31.864754943272725
353 118.59006048939688 32.3188601078114
354 118.68110945299179 32.27992443674658
355 118.55185564918513 32.270074591668674
356 118.70372866051248 32.37718183994341
357 118.87577292875538 31.62912758196615
358 118.80990924647618 31.983623620047066
359 118.94467573492761 32.35753699713518
360 118.86625627063096 31.703154942640744
361 119.01902342980195 31.79581481110755
362 118.82078231020033 32.002849351123935
363 119.05422315815042 32.108486283073184
364 118.81150161307484 31.871846357524383
365 119.03287284225439 31.8409857602479
366 119.01007904351816 32.227938572452395
367 119.10964719110407 31.61867669841603
368 118.60709885911345 32.242885820661364
369 118.99975328645004 31.9534118267227
370 118.49043299502677 32.122572259760155
371 118.77278276029878 32.16775221237314
372 118.9349154617599 31.674863971770254
373 118.4882412331394 32.33542751562237
374 118.53719738919207 32.25653330131593
375 118.65304911538375 31.87652317473494
376 118.78824772360848 31.76910876294489
377 118.97423651916763 31.669014061600038
378 118.65163603561473 31.838261387212242
379 118.7818361931393 32.178190861716686
380 119.15223467285837 32.29303594579504
381 118.72058166822524 31.85066676428738
382 119.0318373642934 31.785166892728878
383 118.92542832146393 31.851074016038226
384 118.55159034558844 32.384870959671936
385 119.17979463859824 31.655350598606525
386 118.59942718607748 31.731408657050967
387 118.76298603571257 32.16342278668716
388 119.18401104055569 31.691231941170244
389 118.67721160662681 31.783258939292452
390 119.14846672184869 32.26975367614645
391 118.95705326317966 31.854264860657583
392 118.60976055226367 32.09189379727052
393 118.60216741871487 32.0392804171806
394 119.18171626834985 31.83443259253033
395 118.81576976942468 31.7937051641724
396 119.04843874420604 31.79954522614261
397 118.59453610992729 32.3098786444519
398 118.87075852258542 31.621037721733853
399 118.57593687223472 31.70188440747198
400 118.83680458260191 31.879410012999106
401 118.5137022237328 31.764296932087287
402 118.50267831130233 32.031537220451554
403 119.13669771086226 32.02855794550315
404 119.1279330563314 32.00848415217839
405 119.01061660023873 31.844960891213788
406 118.84326982484767 32.01889941034528
407 118.63369160006668 32.2125776286032
408 118.99554499415183 32.24641009791897
409 118.64297098841926 32.04048678492042
410 118.53352896739567 32.244069742973494
411 118.71342971155423 31.673099837749486
412 118.90882882150244 31.723628783489474
413 118.90870426428171 32.204179584418455
414 119.06557477756922 31.911698640470096
415 118.7640011938335 31.881998756782274
416 118.58796074216114 32.06093815306414
417 118.53508543977632 31.92469265175733
418 118.65044920699701 32.33287990075473
419 119.16584366041528 31.902497605077397
420 118.50354802021285 32.247227698327805
421 118.9423221626243 32.108822871146906
422 118.81421553218085 32.337927011628665
423 118.64660379576117 31.986556995639127
424 118.99810924544381 32.36102946094478
425 118.89759925122024 32.04245070340637
426 118.55858232158518 31.6146065135481
427 118.96934285250639 32.19386442163966
428 118.52989615564424 32.290643589439725
429 118.66905551977004 31.66198111713401
430 118.89084016778644 32.37290805505911
431 119.0060684204335 32.04336801041533
432 118.8781262133052 32.194520167162786
433 119.0988195835764 31.786860438611154
434 118.97695926685103 32.354212933648306
435 119.17651082253725 32.12068865725408
436 118.69570118235313 32.060763435439256
437 119.19149213226511 32.35903557462644
438 118.6499858054853 32.043711169417186
439 118.63585405997442 32.025025161622295
440 118.61346012663329 31.61075288777425
441 118.58884159727208 32.03721680863589
442 118.93985031291975 32.18237518704595
443 118.50273304272109 31.894219437956785
444 119.07352240699025 32.16077211410095
445 118.95424638651971 32.041762357513065
446 118.73747876255605 31.778397672040246
447 119.13289138357115 32.03622438835479
448 119.09531275775298 31.99991774984131
449 118.92869721582669 31.863101282853613
450 118.51939352257922 32.13703329685008
451 119.18302125331783 31.65896065406852
452 118.91244304835791 31.893390380224506
453 119.1401587563119 31.956063372018644
454 118.59922943136506 32.39058265524927
455 118.5114268773156 32.162180997984045
456 118.7143958527505 32.11421844410785
457 119.0324515323327 31.735928780619467
458 119.06700375682543 31.962165895575847
459 119.09464330659772 31.915597196258787
460 118.72408336041649 32.34913413204874
461 119.0397234459799 31.967533919608652
462 118.59657764150984 32.28184918645072
463 118.89518879224482 32.14532007034027
464 118.52006783797002 32.273957497771306
465 119.00131860961424 31.57979415342451
466 118.76118410106825 32.33149559011703
467 118.56359776081632 32.3597699199474
468 118.98771471408237 31.71927724330153
469 118.79400314696147 31.64391182312913
470 118.70873119866911 31.860276723359956
471 118.73267459254522 32.03036499999194
472 119.0449437321254 32.03427598436261
473 118.79817150391689 31.96906567416451
474 119.12112002190511 32.323364040004456
475 118.60633473224789 32.024808261343814
476 118.7865328315164 32.34053395193072
477 119.1361612798679 32.06761152514587
478 118.9161382135457 31.757670961751142
479 118.9879772937407 32.384671568013914
480 119.09438086709285 32.39036231782094
481 118.87005591961761 31.94987096497429
482 118.5994890067398 32.208594289297224
483 118.72222848620812 32.12450836991338
484 118.66940509453156 31.75472715325345
485 118.63027863742978 32.07527180228901
486 118.89641403917419 32.11889053272379
487 118.64576775284317 32.082723084140795
488 119.07426410390718 32.03748313624492
489 118.83007699425865 32.07983620639501
490 119.0815789831218 32.16644346216238
491 119.08694789941018 32.19993310954646
492 118.96766394202058 31.670661202515234
493 119.05325121920924 32.34780141373531
494 119.07161828576898 31.988132992223708
495 118.9242253411588 32.16522206421137
496 118.69993407399363 31.90787059637996
497 118.79980836248546 31.67373498801368
498 118.71906319562657 32.12304493816644
499 118.83209126259723 31.90870734310133
500 118.7500001602561 32.01757375345922
501 118.76339476781085 31.7941105620608
502 118.56737644210688 31.776341589870558
503 118.78293661203848 31.83187559682783
504 118.59694338951627 32.31222615673424
505 118.76357723210853 32.347605624934886
506 118.57244808461449 32.34593168881681
507 118.76415957317722 31.944879656776852
508 118.88653445852155 32.22553692281763
509 118.53549222067677 31.74513581332445
510 118.66677097799786 32.18469938785889
511 118.76935514302389 31.933966826087715
512 118.70230201913327 32.251741866019806
513 118.89005721657368 31.76908667238514
514 119.07035169707905 32.24729917325765
515 119.03681857072469 31.686568561281927
516 118.6783037941814 32.30057057179325
517 118.63288536925035 31.954352965732163
518 118.92088419314257 31.753972632948145
519 118.78373428542643 31.839895069378628
520 118.55462561294763 32.176924684244504
521 118.64293994435202 31.963472781637048
522 119.17212976333438 31.788215237868965
523 119.13897620326908 31.80622704593122
524 118.73556906885104 32.15189055324692
525 118.52552592284948 32.10639532064325
526 119.02321070960255 31.655090957295617
527 118.6811431870358 32.273141659737995
528 118.51736630212497 31.699428917590282
529 118.67536424932518 31.777015854843352
530 118.57594546062423 31.62065904118958
531 119.12807903179142 32.029603797365134
532 118.63574713194744 32.306658480360014
533 119.01957650383537 32.33231286407925
534 118.6167066980069 31.97510094298462
535 118.56773402249655 31.68756165648221
536 118.78602121552788 31.99772798325693
537 118.94131641919937 31.828635162389755
538 118.8886381192487 31.838180367399907
539 119.0419178631253 31.76613396863381
540 118.7771232874856 32.35397427487169
541 118.95194906496889 31.911571451373085
542 118.54401814783793 31.598807054332443
543 119.02569061496456 31.979666355388634
544 118.97110169501288 32.120067499401436
545 119.06997462351174 32.241580317339725
546 118.55097151793744 32.18796003730528
547 118.82416790924555 32.13925900040705
548 118.96352612425011 31.79879560810475
549 118.47453967235234 31.864280319535272
550 119.12511709747848 31.932468832572223
551 119.0722415262523 31.736921929953343
552 118.85877790619212 31.962813245889123
553 118.74940846528435 31.689959633360758
554 119.00319711820313 31.676559969075413
555 119.12684186320207 32.253404326766926
556 118.86900972230298 31.7273902754038
557 119.13329188394322 31.957895086410826
558 118.56625478305894 32.07818516755203
559 118.72358096290266 32.35635924325002
560 118.9876926846478 31.85822665124959
561 118.76298152262103 31.724028280718404
562 118.8539962022791 32.29643773439309
563 118.95142608190594 31.839436823264904
564 118.9097734283629 31.816634201141895
565 118.81999274120543 31.724726255489966
566 118.62223218183195 31.94238164746528
567 118.7770943182056 31.774561668545562
568 118.6370717649823 31.906125611687557
569 119.03129705231302 31.86260611798764
570 119.05854749541793 32.11836407275892
571 118.63867837498891 31.952610563760864
572 118.92316017061474 32.111022068823274
573 118.99526526565059 31.838928437753918
574 118.8003339168979 31.890247481587423
575 118.5516091342309 32.38567062834002
576 118.95496737374123 31.800456745348026
577 118.56241707654287 32.19842105885857
578 118.9642015132792 32.15649412183471
579 118.57048582186576 32.098438181440166
580 118.95703063037828 31.68913128804668
581 118.68426739804538 31.601764852416554
582 118.76305709803994 32.20673700620751
583 119.17159646468994 31.65039640792491
584 119.17632459039731 31.793398569129344
585 118.8720221739979 32.37364783228978
586 118.96037681425152 32.38481233789235
587 119.06683882963594 32.353056567094654
588 119.01567596823465 32.04871438229906
589 118.58297145988547 31.97658401592583
590 118.78741036754879 31.96923932830561
591 119.08820355353073 31.886031674721558
592 119.03225455015547 32.38632288069409
593 118.62702437517095 32.2452807185228
594 119.08629126104282 32.422376978624214
595 118.9383656624113 31.844162776729178
596 118.70584125205365 32.07636717092901
597 118.5385051998188 32.12247421084106
598 119.01139427166528 31.91848536741234
599 118.83187992056156 32.06200230646395
600 119.17643079449651 31.729917643836142
601 118.6667064931354 31.839037592444395
602 118.56738831727974 31.724034448074995
603 118.66560424442577 32.076650242365304
604 118.80741381550033 31.88133649089193
605 118.53161604718716 31.942759962954412
606 118.73482152470133 31.90088867470665
607 118.65424375878774 31.63023987648822
608 119.16676803472798 32.32172366350949
609 118.63758320531413 32.16380195202129
610 119.11029437836504 31.855922224804
611 118.55894478161748 32.33772819407114
612 118.88747935494331 32.14687526209535
613 118.93165405426042 32.401105467355286
614 118.89348537296756 31.989416561830396
615 119.15707745017703 31.684512771249917
616 118.80036269492518 31.686810233966913
617 118.94180484690708 32.1703213188007
618 119.11522602863712 32.057944331456035
619 118.66659375857432 31.77245360162757
620 118.86853140321517 32.01131959586623
621 119.19136290826879 32.03257636349435
622 119.04211331673757 32.29578114191679
623 119.01211473871898 31.620288722044215
624 118.80139775185786 31.70262851117145
625 119.10606151018563 31.912683630110074
626 119.07688463759514 31.684756958369004
627 118.79801106692024 32.38226190786571
628 118.88351369028227 31.766680131387794
629 118.97279116905686 32.09269436690224
630 119.03115370876269 31.9493705997823
631 118.8299616193546 32.2316204321318
632 118.75251095289109 31.634189941199548
633 118.62075266876055 31.872998951396383
634 119.03335493132934 31.97609766559987
635 119.02379201496132 31.687848764841345
636 118.63132596365183 32.076319702737024
637 119.11709099227983 32.01361960074107
638 118.60666429626504 32.27390283062141
639 119.07959202740992 31.964102178608602
640 118.61132315775048 31.859280326762413
641 118.94207913183094 31.855001949056323
642 118.86237661060667 31.817418474270394
643 118.60387073547358 32.34248277319072
644 119.03304775252504 32.23500910730229
645 118.99876731780886 31.86609831611902
646 119.11315770133326 31.943454153785673
647 118.82452090698625 31.678132519294092
648 118.87566551651695 32.06297627202021
649 118.97513716811326 32.190081325474885
650 119.10065510422885 31.79936623739036
651 118.76197136799388 31.96514945632629
652 118.98554029629541 32.13792887870543
653 118.92247311486416 31.983842175788794
654 118.63928980028335 32.02927221491579
655 118.9833610812887 31.758978690532533
656 119.07611339990082 32.21761795810935
657 118.83389149765675 31.687038550593854
658 119.17389739437628 31.970768835663282
659 118.8690436634264 31.83276611671656
660 119.12966179325538 31.694898253118254
661 119.0071931936224 32.30168990179271
662 118.7835003012875 31.757809654403186
663 118.71906968039994 31.990735943554935
664 118.77933783235318 32.10445615172666
665 118.74588086724313 31.836412698067313
666 118.5193479741504 31.991703629059963
667 118.52972340078921 32.00738354759878
668 118.7835521061619 31.932843935054795
669 118.61525309723856 31.875689441603377
670 119.077859126008 31.797132674254055
671 119.1657910397936 32.32373495779344
672 118.71349907257617 31.980826313912402
673 119.01557373704095 32.14817978393263
674 118.74498503402727 32.01797613288132
675 119.10381796185663 31.855908583158943
676 118.81805566577268 32.00599368350778
677 119.14085787155736 32.24347518674158
678 118.99657059519726 32.28703633629678
679 118.58950039054669 32.36347332760566
680 118.60129805329281 31.791248517969223
681 118.8286339286217 31.882816576386038
682 118.90982591431293 31.689572189663195
683 118.85342134758015 32.409227508057555
684 119.13488592512066 32.108210017440925
685 118.50554913229652 32.14630614330524
686 118.58765927432795 31.958251504977053
687 118.69208832239887 31.811878996770222
688 119.13970575349757 31.926252841791683
689 118.49776653750453 31.836813529604903
690 118.87229005998842 32.0241652521033
691 118.49260799711338 32.25781601479371
692 118.88966023018129 32.270966290135675
693 118.82862503014442 31.85487649500638
694 118.58823662707282 31.731009330562802
695 118.92738195843377 32.19405468241427
696 118.92950880232557 31.93565922856804
697 118.81899292186888 31.74158456760052
698 119.04676540670395 32.105894733659134
699 118.54782499934998 31.682082576867444
700 118.72168408417755 31.67706107868814
701 118.8364419621664 31.573410156391578
702 118.71470934658544 31.752415165693066
703 118.58514187841772 31.974507680763082
704 118.57937743343024 31.74956513184052
705 119.03537555631833 31.63338421713949
706 118.69509799115389 31.99076500318442
707 118.96682679413459 32.3229945023863
708 119.09428113854446 31.62298310779806
709 118.71333463574166 31.79490672492389
710 118.62158279405294 32.35012139646001
711 118.89805460822147 32.112082435262295
712 119.08696168381853 32.2453221911671
713 118.77514321682818 32.30772356724294
714 119.08158217149274 31.770122488037558
715 119.1980163066619 32.21557037767144
716 118.97033774154747 31.815432826965978
717 119.12466265083472 32.32410235523696
718 118.5562083684969 32.33502059354982
719 118.780056279673 31.723095349904213
720 119.10133886949599 32.29158671454751
721 119.03559336511643 31.636766750112887
722 118.57720804893376 32.07353476580228
723 118.66841736934036 31.9787460277758
724 118.71771009032248 32.09447595530971
725 118.94500221335957 32.19666442203034
726 119.02642829278243 32.30769860075565
727 118.85444703154673 31.99552580841582
728 118.53080761654931 31.645214615249678
729 119.1410497414719 32.35990687421337
730 119.17779634533706 31.646836125100396
731 118.730299769063 32.24044726048352
732 119.07353713669798 31.703971250365584
733 118.87357705235489 32.31947807443299
734 118.82533162350371 32.100291955036106
735 119.14423720185627 31.85289019062728
736 118.49050851640513 32.26745996014739
737 118.77723373860118 31.73456210483731
738 118.64275055546662 31.784551525677305
739 118.82028487896856 31.827562417200735
740 118.81618290633486 31.91256317756907
741 118.63765176692065 31.79805170296093
742 118.91053254326174 32.316305797440045
743 118.752294087131 31.94850062124565
744 119.12201869395753 32.37199816845802
745 119.16514613606384 31.836922400832954
746 118.75445282895674 31.966651543020156
747 119.01754782252523 32.27453809076829
748 118.9460217659382 32.393079416879246
749 118.76741970108435 31.97188979716297
750 118.71922121525314 31.978174830367998
751 119.15395895912387 32.36103412038934
752 118.6619503829797 31.93194279886542
753 119.06902100881653 31.953066876696656
754 119.0390702851599 32.393259469014865
755 118.63461322725928 32.002421500609195
756 118.75743537830235 31.68733497599829
757 118.81962636766518 32.36978831695912
758 118.84868329816345 31.948534767650273
759 118.93278499367878 31.891794868408113
760 118.77009472950655 32.307043445736575
761 118.93944689735395 31.605327573588465
762 118.7971786083351 32.36275386102178
763 119.17690128448666 31.65885929923892
764 118.96271517628584 31.63999200126088
765 118.82634008826874 32.32582317939371
766 118.88725033322406 31.959858513360885
767 118.58258780862829 31.722596243075404
768 118.67460237518455 32.38332874387025
769 118.9974386611492 31.838853968379386
770 119.22165472361125 32.34820644848712
771 118.74917468624578 31.992032044969278
772 119.21583795914067 31.91047219771067
773 118.76066041196935 32.05252809180853
774 118.80508312938237 32.32661913038734
775 119.17240355878275 32.391000145041225
776 119.06217029245884 32.133619665504845
777 118.87455704756313 31.903551152935695
778 119.18647467786023 32.27262197784499
779 119.20347233797456 32.338735158998425
780 118.62005406993771 32.00798323270164
781 119.06817460972869 32.18954594207626
782 118.68631823730163 32.33138358610057
783 118.70889009682067 32.167270086525065
784 118.79077316728466 32.10606804187695
785 118.84420443757907 31.87958429682266
786 118.58884203609978 32.08913266843153
787 119.03025212219156 31.773554584175933
788 118.49572895111612 31.71255921460247
789 119.19096892364077 31.796681215901632
790 118.69426906919207 31.931412616268705
791 118.99993793371561 31.87173691708166
792 118.84864592836675 32.155898905093
793 119.07881501717029 31.910716150319015
794 118.60824704281244 31.965416848136705
795 118.51911084557274 31.817037565368576
796 118.61335670903101 31.699406088336
797 118.96570683539575 32.173425682580636
798 119.0795568069592 31.785183427820407
799 118.60194713671663 31.973350889688714
800 118.92314237478749 32.089418966070745
801 118.51960826755524 32.12975190592596
802 119.06414359312181 31.94779455064843
803 118.57622383570555 31.80579802036143
804 118.63775447742539 32.31075143993809
805 118.95214893115615 32.14408924312221
806 118.81037416795407 31.780145049412067
807 118.69378831971702 32.24314188260756
808 119.17366164140411 32.0370843491828
809 118.88200705023458 31.95424200320899
810 118.60531080329592 31.70206210813376
811 118.80294365874668 31.780870245124945
812 119.00303346737208 31.689416497293575
813 118.80782269954747 32.124540993401446
814 118.58803046169757 32.17972862339816
815 118.6150961406582 31.972853184613083
816 118.66685800482726 31.645390831277755
817 118.88312546034985 31.709928422338727
818 118.92738327839866 32.33791259860117
819 118.82620525913276 32.319885098779764
820 118.62816853920889 31.92390398363601
821 118.7273827530769 31.703606984145384
822 119.12607188164912 31.96966172445556
823 118.67743658591866 31.936336675557964
824 118.98803173331801 31.607782235756744
825 118.74128885810292 32.18884263956538
826 119.19319611263052 32.09899277792664
827 118.50365894803059 32.03374222112232
828 118.7043365945794 32.24085085958889
829 119.04275369359097 32.28741783410822
830 118.53680690180141 31.769914876341954
831 118.76344036607853 31.650248398275995
832 119.15846063022829 31.905132363702695
833 118.98167001128047 32.2698387777126
834 118.58707802132136 32.207844093392396
835 118.5514832131425 31.796997718245272
836 119.17581613670946 32.216900436381636
837 119.1519225591798 32.06263657551958
838 118.60993885460084 31.79599155308554
839 119.114761558244 32.14853601738747
840 118.99528525462675 31.839985185906674
841 118.79654349212339 31.876245971577156
842 118.65391754423598 31.768464746524366
843 118.5995561577053 32.051886212968434
844 118.65181162097102 31.988612614473244
845 118.81679987537251 32.10306376624072
846 118.52564729520346 31.597684489630648
847 118.94683621092328 31.926120914714566
848 118.9380540352502 31.646069991783783
849 118.90521275816236 31.84408492845894
850 119.09346749386967 31.677792230172987
851 118.56586210428257 32.06938199585378
852 119.18268644947044 32.34202750901917
853 118.82072347906404 32.271522228009054
854 118.83256452868706 32.00590825478411
855 118.6196376819695 31.873016238928123
856 118.96195672101442 31.613449649267377
857 119.13530163551583 32.13562691291958
858 118.55546729870528 31.835755168473376
859 118.71135083530592 31.94197168622257
860 119.05646447998548 32.08927798433165
861 118.51718462200346 31.737177531272838
862 118.90575483403721 32.03909359286889
863 118.64596836955019 31.967900047737707
864 118.87166063708987 31.90298158271194
865 118.61196672525057 32.27577931457997
866 118.75059755761382 32.19889827090037
867 118.73044018579182 31.681500584685438
868 118.7725567760155 32.312990966819775
869 119.17143501498789 31.57820910032539
870 118.58758450966279 31.78197264324875
871 118.68215620610601 31.70672290287964
872 118.98446301317654 31.863664967031117
873 118.75692452037748 31.698535478248832
874 119.14453615225322 31.812174890225194
875 118.73339654715733 31.933365745281463
876 119.15546165211352 31.971286105094467
877 118.59146227420152 31.830298701567543
878 118.82318592068616 31.66074593384927
879 118.86786380616822 32.02045668213745
880 118.9415761079497 32.074799844503744
881 118.78134824907796 32.10943042610079
882 118.87302921674437 31.59903589484015
883 118.64169991392377 31.683929944095027
884 118.66710273119395 32.129105549967576
885 118.56848918623736 31.733276724201588
886 118.87486211152623 31.697810211443866
887 118.82841164967921 31.9431608808498
888 119.1936709223923 31.904391011296315
889 119.05735719320839 32.13285750821411
890 118.99881741350865 31.636324583885525
891 118.72389548731806 31.790869417867203
892 118.6677463526338 31.795357038649833
893 118.97606560516745 31.846306262071263
894 118.67027795338925 31.594177147628493
895 118.5205142649837 32.040334651791945
896 118.7172103099436 31.594972821783777
897 118.8673117792894 31.822079882373785
898 118.62364846711168 32.32026949239447
899 118.5785271929615 31.707493711473838
900 119.13417902967055 32.14444090753159
901 118.82419583159879 31.970449979972116
902 118.5068581330161 32.31524470979507
903 118.66404269510537 31.968240000972102
904 118.53620971636673 31.776524717383516
905 118.70064487202004 32.412841825468
906 118.78502560959853 32.173427572815584
907 118.58490060499727 31.718625445881788
908 119.13885790525467 32.0437405650526
909 118.83207324643683 31.862227022817102
910 119.10016616267691 32.31271609781684
911 119.05898650972954 31.727776068280797
912 118.58869490534792 32.1014865559508
913 118.54178476937588 32.34951288656952
914 118.9128070729755 32.3427571757445
915 118.53122640940498 32.300575283818084
916 119.0701751492896 32.10183183267558
917 118.71233806748018 31.855829494420174
918 119.03669844670105 31.644929572678677
919 118.62947238517141 31.753131494690532
920 118.71842815302657 32.310326849850036
921 118.94486037253006 32.15947648684189
922 118.65343987212971 31.672318929794592
923 118.66390134607431 32.375909901909566
924 118.74640109872209 31.998833140917444
925 118.54827236649186 31.742868647665663
926 118.98310765812059 31.972546833133336
927 118.57862498280109 31.935484274821654
928 118.67595216285957 31.77853059904742
929 118.53503568364673 32.117856289720905
930 118.82141044425042 32.03329269748932
931 118.71420832538058 31.824645644751662
932 118.86421317643067 32.20550116359972
933 118.95864928894918 32.03581512390663
934 118.64030140590043 31.883223840219472
935 118.74126225505822 31.71655763935796
936 118.85843540968442 31.989870301114212
937 118.6729248776648 31.726416262701097
938 119.13697050276996 32.32417388186205
939 118.54586379202266 32.01384060167321
940 118.61573825408685 32.33467432419894
941 118.7051740672955 31.8526899718901
942 118.94083336776367 31.942492488864374
943 118.5409965752098 32.036536954609765
944 119.14142838682943 32.309388919970694
945 119.1161848863945 31.712195616130323
946 118.95622494914798 31.907771478488858
947 118.75893636798133 31.683566251482095
948 118.68752806582565 32.3453965380748
949 118.71343371788063 32.25646763806329
950 119.12350842416417 31.923575487853306
951 118.88111475774723 32.111552290877725
952 119.1637313511323 32.05852280646307
953 118.85422281799336 32.07350590979636
954 118.64548702124581 32.25201889518779
955 118.57625277098745 32.36679192987931
956 118.96530804960008 31.652448883257097
957 118.7209070761003 32.04123559583072
958 118.9629593896429 32.32725154071609
959 119.1752049919917 31.916950940882252
960 118.52026919966194 31.77839000080581
961 118.58127218903583 31.67404629528451
962 118.70998758231588 32.121531810019036
963 118.71033401785118 31.731134855566843
964 118.7687715536225 31.89216831118595
965 118.79917873284631 31.901433581158564
966 118.77719824393391 32.09788834201189
967 118.55447197653918 32.383589059546686
968 118.73236708436696 32.39301731208099
969 118.60586108934935 31.849418285914116
970 118.61494462391349 31.815472597933358
971 118.92055203442094 32.18309651595785
972 118.5279931912409 32.15071352004936
973 118.69006849564138 31.827626306736914
974 118.93353857546529 32.361451735446344
975 118.70058565513946 32.2414647827837
976 118.85504493832262 31.746730904018673
977 118.83026041619242 31.986709031873662
978 118.93065873095804 31.655906179031472
979 119.07529351824303 32.03437524441435
980 118.68457930349444 32.04448298649744
981 119.13249787129801 31.779031682006817
982 118.97037957163408 31.659514305287253
983 118.78865927470426 31.714984880145984
984 119.08995906745686 32.02688905399156
985 118.78255181208446 31.638922507702702
986 118.993924705748 31.75583841623453
987 119.11744532714462 31.733222934551588
988 118.69704655485417 31.92669002668345
989 118.83633354066774 32.0181874823076
990 118.77182067664786 31.87606199127207
991 118.56019207694631 32.09612629800903
992 118.57033441301981 32.338521831732464
993 118.56630024212396 31.80232842930857
994 119.12930745322443 32.386474363113685
995 119.12044367740299 31.87259097087141
996 118.74027684728861 32.08989918631419
997 119.08194505458457 31.89083911865308
998 119.16403286852837 32.16020897718261
999 119.02864090330188 32.28565685121751
1000 118.66931153414833 32.2399394241407
