1 118.93564764027653 31.95142010454018
2 118.89531414665024 31.620612414835318
3 118.607139188862 32.03951382539747
4 119.06820747707216 31.948812469599012
5 119.18915849758773 31.937558361676338
6 118.94337501761473 31.864903935736336
7 118.90666044876315 31.763378858943238
8 118.60531961184637 32.09469812370732
9 118.69327036063238 31.838238221244097
10 118.75164911313843 31.81321358504444
11 118.63555168621512 32.09727491526351
12 119.19247437503863 32.02335085332883
13 119.1467003235422 31.706562316129173
14 118.76182301742087 32.0106826712438
15 118.6013831552511 31.746977410281506
16 118.77684165708793 32.22734726595798
17 118.61558184076763 32.28460335785028
18 118.87600426732462 31.99612575295527
19 118.6240912962221 32.275016063888
20 118.53549051571413 31.664264715107457
21 118.92937213492472 32.00483884257384
22 118.76755580635687 31.65099985413427
23 118.97873025452675 31.942887941284603
24 118.86561913121375 31.67646144178452
25 118.9390700933222 31.700752891861327
26 118.72148224158354 32.076723281378484
27 118.90603174569335 31.781892778380318
28 118.84564254134291 31.685153819502748
29 118.9147127931061 31.77644315757381
30 118.50542044204343 31.879655348151505
31 119.17582240776629 31.973166898968913
32 118.66528679602912 31.761479685510636
33 118.55154035750479 32.11259686100668
34 118.70678757899223 31.98736306940598
35 118.98415430504558 32.00176904046016
36 119.15417316780757 31.909485766628134
37 119.09030595676168 32.2362328834944
38 118.72709239392341 32.061933053852705
39 119.08389771537274 31.72959526724972
40 118.53693277595794 32.16044151146284
41 118.56742775904942 32.37220534580849
42 118.63060591775258 32.001349369764206
43 119.05009408926374 32.31192772687908
44 119.00941323895897 31.87443384836054
45 118.59061500454341 32.053663528561785
46 118.99394097933963 31.94292540025645
47 119.03332853059557 31.950107832786475
48 118.63430635182213 32.22150029472954
49 118.97031747093506 32.02895633243453
50 118.78423013040165 32.36241080713018
51 118.55003562081905 32.037451214531316
52 118.86158810020798 31.66690371756202
53 118.84697676289464 31.893018582692903
54 119.11759322936247 32.278679934907814
55 118.89135837018134 31.923575733599225
56 119.08851768221786 31.622234095944698
57 118.81950711717042 31.79838074504341
58 119.00195377099256 31.651518859218438
59 119.17952059464197 32.395368867970305
60 118.51486477459117 32.37639823693173
61 118.81608540933127 32.24199361811725
62 118.80274364835978 32.081624073915
63 119.0435493621879 32.21126402876303
64 118.51335756903696 31.736526723138976
65 118.90563106449017 31.834601302812455
66 118.69510769739914 32.01971640712099
67 118.83170074824483 31.884553588247062
68 119.00242448182355 31.636832870631935
69 118.94179200467877 32.386746947936
70 118.67066902574412 31.95445224960909
71 118.64443247590721 32.00454771302778
72 119.09478725303062 31.86070884850071
73 118.85511956581271 31.808040729676847
74 119.18513959779112 31.908945121778157
75 118.96456595909048 32.26551303827018
76 118.65962354678015 32.19045634562917
77 118.61990430560104 31.902427360531007
78 118.72629327192111 31.610296189377937
79 119.03468963718653 32.23741966546433
80 118.82270375576189 31.815697059930216
81 118.89773394509024 32.06574511197765
82 118.91585998775433 31.619127166782754
83 118.6218727597679 32.12843508792445
84 118.73988624379321 31.908031782902214
85 118.70450324301387 31.997756212269387
86 119.154174604688 31.93158264862783
87 118.50730475579313 31.879394740533897
88 119.16912977502491 32.03950012317218
89 118.59972708311946 32.38027824228859
90 118.88165430093466 31.690770480073844
91 118.68180267916233 31.851779368514496
92 118.7135318641175 31.632630024643067
93 119.03291789640254 32.19057242405862
94 118.98514292906475 32.124503188754865
95 119.03544051790645 31.770622732961794
96 118.63068119177404 31.933739485739093
97 118.64175548032284 32.115682736286956
98 119.0297156625768 32.13075675679407
99 118.58496251554834 31.73327273115887
100 119.13307598334413 32.304247321768706
101 119.14688093188524 32.224738130466456
102 118.85403348911392 31.70829923961748
103 118.99275581946875 32.294889083962374
104 118.73395357833958 32.20019316168751
105 118.94720940923497 32.238039879338395
106 118.51847749032689 32.03345396749892
107 118.65543900693856 31.775765618424828
108 118.81849749382897 32.33407535334014
109 118.84346550302897 32.07356497633225
110 119.18865822761445 31.87746197925182
111 119.19975362781716 31.810714797091507
112 118.58548262640157 32.33113054493775
113 118.69280756257925 31.937187293826632
114 118.55773862554574 32.030007115366416
115 118.73639220964236 32.086882932893836
116 119.16594085771476 32.25940411447413
117 118.89920319855311 32.098090212595864
118 118.52842606348558 31.740869567668547
119 118.86482958912212 32.07258987429131
120 119.153096671966 31.99379560014178
121 119.18230140620447 32.04087465078935
122 119.13918366911516 32.15968784636853
123 119.03221372427525 31.797060684545144
124 118.67624436634823 31.749082790499433
125 119.1309096695551 31.689806355673188
126 118.70798278094027 31.819429419227546
127 119.11278342931203 31.607896441255324
128 118.53002744649365 32.103003085861516
129 118.53973882973213 31.836096695141045
130 119.06355945028454 31.748620618042526
131 118.5736042478133 31.67547828640371
132 118.80620127154599 31.82637316573545
133 118.73993206773318 31.770111023056952
134 118.69454738989769 31.827545480416514
135 118.75511760354635 31.978086176422995
136 118.83961926408587 32.038651950477615
137 119.08627943606506 32.27540175372675
138 118.93051266956641 32.39033966591491
139 119.1337305696612 31.639484853586513
140 119.08429718633003 31.78799794000974
141 118.60232601212502 32.11478777640201
142 118.79441336753953 31.728836293856947
143 118.8745583168673 32.29743780315411
144 118.67685618873517 31.77498850805942
145 118.89578522538753 32.19325180403165
146 119.1824840961944 32.12269520444204
147 118.65821994109785 32.2388023189964
148 119.0478636398301 31.624697294979537
149 119.19623374577266 31.785121101719355
150 118.67811132884616 32.16430727636992
151 119.0992826577626 31.670452717400757
152 118.62100431414281 31.625331165044724
153 119.14526014496458 31.886194413012408
154 118.71350919822147 32.070806705324216
155 118.69407718128679 31.640620314092686
156 119.13269668415437 31.652511777825133
157 118.70486526183835 31.633225004990155
158 118.65588747384278 31.91459872029372
159 118.71664306277441 32.13608514524657
160 118.97240560676201 31.759000489831003
161 118.51268850927639 32.30132152723426
162 118.60849496286042 31.94751674303813
163 118.57775317276015 32.09473402339262
164 118.86598189576605 31.833697355309383
165 118.53510145610745 32.091398510788295
166 119.14471851564022 32.3649218379217
167 118.82740798697967 31.95769733227208
168 118.93182881104877 31.764570887243966
169 118.64051105098183 31.940501999920006
170 118.98897948671035 31.957111346194324
171 118.51551082388954 32.00593436720036
172 118.55638343168556 32.02162639534934
173 119.14089862742344 31.63382750935548
174 118.65189703289653 31.72914239409494
175 118.84459874515083 31.959020011128366
176 118.8671037412589 32.16655750384038
177 118.62895389171953 32.22151703481599
178 118.91161851079025 32.219818067192634
179 118.6813321807825 32.00167154632692
180 118.95906019629929 32.36457026480484
181 118.67894069859072 31.865438738436783
182 118.80259347345333 31.98659985994518
183 118.85030846724813 32.19760775678831
184 118.51513743580996 32.28639908916152
185 118.57594067946002 31.931082893866943
186 118.56153034865106 32.2794795011583
187 118.81268842750828 31.955688779034276
188 118.87774751397528 32.1739158155672
189 119.18082129159173 31.607927504605268
190 118.74166271899064 31.618889021494475
191 118.62435471553222 32.35289020289687
192 119.17780718890197 31.681751930787325
193 118.87414842066073 32.130279463718516
194 119.17282997309452 31.82536554893054
195 118.74493503545543 31.761027454516963
196 118.55009919923071 31.908643897479475
197 118.81606871031725 32.34125189029739
198 119.1862195157433 32.05737693277181
199 118.55083768161013 32.3315893378911
200 118.82974668380464 32.162526029322
201 119.09322673474288 32.00041735374038
202 118.64759908849183 32.00586451078664
203 119.05198003151558 31.774021202116646
204 118.54508258010986 31.603443311217113
205 118.71879169121107 31.935447970401608
206 118.6184273240594 32.05201433776295
207 119.1799815473364 32.30127455436201
208 118.92509892517378 32.142148372701904
209 118.69585130172145 32.27350357740187
210 119.14528593912762 32.34009083649529
211 118.88950788512525 32.35353924893219
212 118.74883720393703 32.25248002243594
213 118.99494202978839 31.703402209273392
214 118.9700636296036 31.875344189209898
215 119.17599023053334 31.767430359118137
216 118.54289675336028 32.29375715792006
217 119.11289834507005 32.234413607940276
218 118.9553304559662 31.880725591270767
219 118.60959624499381 32.05699970242134
220 118.78540618961794 32.24521617307705
221 118.53920089752768 32.266631074694864
222 119.10915196319772 31.7666208050123
223 118.56919785436769 32.184411198661536
224 118.65191374717541 32.24260303497653
225 118.99592918829946 31.634172651962604
226 119.0325431700422 31.686769629604008
227 118.65269406203335 31.948679708789083
228 118.60882041966187 31.773897603284844
229 118.51655879018287 32.303686245158346
230 118.55646407598115 32.17532635749191
231 119.11808056972329 32.17039149569591
232 118.62661709067518 32.21565687083071
233 118.78279385552922 31.863134727640517
234 119.04022974420276 31.78456760244106
235 119.18921773924671 32.101350031662435
236 119.11203709606315 31.932020351760933
237 119.14573584538934 32.34794203142496
238 119.08196048520561 32.11481973879202
239 118.7449739314231 31.909074306664646
240 118.94851185290445 32.28454459882812
241 118.99548401075788 31.905232559491083
242 118.78827203950337 31.741271781666775
243 118.92007082799603 32.22577691523883
244 119.17828655361743 31.97838027626305
245 118.73020296061127 31.808732791221196
246 119.14556669911536 32.152392386086575
247 119.19086200061156 32.38490617206875
248 118.90959136501583 31.797208087048777
249 119.14070702783978 32.23136178362576
250 119.01994426640735 32.208195639882526
251 119.00337324471205 31.698413749048715
252 118.58070378840212 32.27230055141322
253 119.02205205971329 31.97086901205516
254 118.62661581307174 31.700261289360764
255 119.02906846976063 32.02877903579687
256 118.54291106102987 31.83965608481451
257 119.11197940821008 31.74150769051008
258 118.63218120640437 31.662195008000875
259 119.09956557036526 31.757792827632993
260 119.1249659945676 31.943381076016
261 118.57276539771026 32.11257012541259
262 118.58392246228831 31.668584693315335
263 119.18212295372406 32.17365142749358
264 119.18801278334784 31.68148798849166
265 118.56666664542402 31.73898750075959
266 118.9459000053018 32.170089602569135
267 118.75793417810644 32.30827316449136
268 118.53958031380813 32.38603623018945
269 119.09479832179939 32.1228557271123
270 118.96438092828315 31.982819219099017
271 118.54309123406547 31.669985874631077
272 118.8154951487884 32.046134124156325
273 118.78409372868097 31.746008959294127
274 119.18732845497271 32.00946362981861
275 119.19386150103466 32.08657887360185
276 118.65766808562488 32.26776271732941
277 119.03245712024491 31.856362017981926
278 118.96518002465068 32.39188892885631
279 118.80385019871652 32.393348203731215
280 118.90516867421515 32.26130064856665
281 118.78623343920583 32.154730473085394
282 118.52850959866137 32.18573761469352
283 119.02722119726644 32.301843138612504
284 119.05634698148276 32.36236289273885
285 119.1537959251643 32.28035721199712
286 118.86346442509111 32.112458658414205
287 118.54708134445839 31.657436766258233
288 119.14861783861042 32.10007406749936
289 118.67688214588638 31.881254302891293
290 118.59264829032197 31.731271486748376
291 118.60335313673674 32.31325791957144
292 118.91391085849934 32.25957520770824
293 118.77282604642525 32.019107347162276
294 118.9947477687526 31.96973542752895
295 118.55615024066029 31.992692749407013
296 118.51047988601375 31.807563120918388
297 119.1699796252876 31.921758770314785
298 118.56378021647139 31.94930241936687
299 118.74091127837478 31.610533104733232
300 118.51273544340572 32.314466716888994
301 119.11759413595912 31.62382523724146
302 119.0921351185446 31.89880732525226
303 118.9104845891043 31.678462997668817
304 118.61138371287092 31.75962898491706
305 119.05925397633902 32.35371255013488
306 118.54630293686566 31.897640045555935
307 118.82013876408799 32.18396553316583
308 118.72190820868535 31.700850028793848
309 119.19858732215086 31.80158116044804
310 119.18344843577299 32.30628819035561
311 119.08108592701421 32.324433269886555
312 118.81444773196205 31.83000579639009
313 118.85155170521334 32.373004605789504
314 118.88528774921383 32.135820001387735
315 118.88897864057621 32.00315565184818
316 118.6284592783998 31.901438093992894
317 118.643620513359 31.871261865157038
318 118.99355532859798 32.360631228751174
319 119.09262256655366 32.155065757262456
320 119.1699073359957 32.02645194737362
321 119.03387587604077 31.634436847507693
322 118.89106090810817 31.79671883110304
323 118.5601425489996 32.35615075609716
324 118.55953235521295 32.04724524773264
325 118.60760689047116 31.88631789409351
326 118.9948953111384 31.608042239915218
327 118.69422363776685 31.80313532901232
328 118.79678954532025 31.803481578175226
329 118.60603378858478 31.737862484265253
330 118.66499949839907 31.876597901662798
331 118.75840570847738 31.760990153034037
332 118.93144405193839 31.651006399620353
333 119.18490576932376 31.677406122729934
334 118.5881721257822 31.9987919287452
335 118.70347264885798 31.654854164016328
336 119.1966039720876 32.34739849166481
337 119.11968289771872 31.765105253778277
338 119.16859368120653 31.97323111153296
339 118.86892391420713 31.931391074962672
340 118.66596425838459 31.832480230725817
341 118.64155341968471 31.858327099426266
342 119.06171672834401 31.76961999747145
343 119.1529630816198 31.82424193300254
344 118.93025051754302 31.693894992345353
345 118.98146207198067 32.15012633023254
346 119.11694619342879 32.115591867339056
347 118.68149299581144 31.850122772742836
348 118.90805549228371 32.304840448681155
349 118.89638387235487 31.9071498783766
350 119.14706045721591 32.089428819795984
351 118.72695659555639 32.01613016801004
352 118.59699279350147 31.85874455267658
353 118.57024949095089 32.34591507393064
354 118.69791012028945 32.27783597594889
355 118.54501508263353 32.27335096974671
356 118.71667886177234 32.36273757819717
357 118.90545653023968 31.6019356330832
358 118.81092958470444 31.995353319871604
359 118.95084729970506 32.349266816087415
360 118.86825907664425 31.70671876955977
361 119.02928843931859 31.795781372521773
362 118.81672735728841 32.00323993573481
363 119.04219725561198 32.14046190879593
364 118.83359535627802 31.865176902395113
365 119.00849955683181 31.845333346178432
366 119.04311825279314 32.22151839943894
367 119.09946276201053 31.627518812012205
368 118.61439410594032 32.22774463170841
369 119.00645030098306 31.944538231070084
370 118.50817310914272 32.10366350691964
371 118.77920072715366 32.164911132038014
372 118.89722964595005 31.677949636688602
373 118.52171139444027 32.323819426988464
374 118.52564657789519 32.25666896006242
375 118.66798014350937 31.90077602921468
376 118.75128039911473 31.75423578314601
377 118.99062397171521 31.65159602771215
378 118.63444506396897 31.848563163095186
379 118.77947604023215 32.17144058724377
380 119.13414640849314 32.25008371042748
381 118.72686705945526 31.86179438994724
382 119.03648712429904 31.776756546966983
383 118.90943606612788 31.86261988707549
384 118.53741436099132 32.3703433893354
385 119.17969713576568 31.676619103742937
386 118.57837992019903 31.72893371840447
387 118.74006570270208 32.15591194047132
388 119.1674875856515 31.711963181681135
389 118.6704335200001 31.812688335143594
390 119.16327132123833 32.244511779422844
391 118.96234266940868 31.84014341054655
392 118.63324728945683 32.07656542891764
393 118.59964159634714 32.05958296321264
394 119.18671610194642 31.812693082216
395 118.81339963672131 31.798729821816092
396 119.01126527246798 31.832400510271153
397 118.59163069162798 32.3022587008008
398 118.85345727991064 31.616701622031517
399 118.56920911774388 31.67382221338771
400 118.84618634535312 31.8710230368272
401 118.5066721981398 31.775852616291825
402 118.52837002611238 32.048882507200624
403 119.13974345436796 32.031064401209015
404 119.12005908966172 31.995256550410097
405 119.0419588904505 31.84032264466215
406 118.87178039853006 32.00858590889772
407 118.61781046892975 32.230679268207815
408 119.0158454593153 32.24968684815823
409 118.64985675272185 32.02433502232372
410 118.54180772842751 32.24655476202452
411 118.72044174024822 31.627524753627647
412 118.91004267699358 31.724446711200194
413 118.9068999563817 32.19801594301032
414 119.08212335874431 31.90907704373155
415 118.77340162049568 31.853688845540567
416 118.60507626943046 32.058462034947766
417 118.52681528175006 31.897566206482516
418 118.63765604496432 32.32697859814466
419 119.15255900105 31.911245337474888
420 118.5254358963017 32.2694136087797
421 118.9482887373784 32.08404084000314
422 118.80606728619345 32.32831172753357
423 118.63285496784661 31.987247728178115
424 118.9722269350321 32.36768496720232
425 118.91606646292777 32.059603124755625
426 118.54584965196075 31.620711973579926
427 118.96398962023257 32.19250845941823
428 118.5532852161325 32.288394802911576
429 118.65659317349468 31.676129480424706
430 118.89880599282625 32.37071468871517
431 119.00188209290978 32.04903815525389
432 118.90512445056932 32.19223367322323
433 119.1274393738036 31.78101376325339
434 118.98995259176694 32.35187406484426
435 119.17980710553154 32.11393998203348
436 118.68925480459197 32.03495887698427
437 119.18866804880525 32.368888161119415
438 118.63820784408962 32.04508753541514
439 118.63560408230389 32.02385051705445
440 118.63251407526825 31.635491359082213
441 118.5829643248017 32.0360384376302
442 118.93807047386946 32.19526745840027
443 118.50221709612963 31.89657207493684
444 119.06673047624916 32.143888497163
445 118.9185419549942 32.05155183428198
446 118.7110457234356 31.76446828420877
447 119.12515313181734 32.037571948847784
448 119.08922805481969 31.982637239222104
449 118.94042637154683 31.871182675174392
450 118.55180411240413 32.129700454104444
451 119.17608374476691 31.65042064491355
452 118.93343881347299 31.89825925251035
453 119.1253279234187 31.947617569403754
454 118.61422048342226 32.379719354937414
455 118.5187610463422 32.1603593934227
456 118.70925302112535 32.10005578059967
457 119.04745151598574 31.725701177391954
458 119.07657089227372 31.95007250235928
459 119.12024992610233 31.898080320991927
460 118.74624564536859 32.35352929763118
461 119.07188473974837 31.961110034041596
462 118.60675702811135 32.28601512123984
463 118.88229008205056 32.12269054727537
464 118.5340426975019 32.303740739263354
465 119.00428342589046 31.603849852820584
466 118.75121274326095 32.34056994527176
467 118.57717123373543 32.36047382032058
468 118.96528461008684 31.724071446917957
469 118.7965623079022 31.652994593202454
470 118.72272943047403 31.855542564152124
471 118.75490117741525 32.06674775832447
472 119.03335465350551 32.02162851350454
473 118.78766123773607 31.948209297843878
474 119.11532014360368 32.33040565471359
475 118.60529632379715 32.056120620224995
476 118.7707709289013 32.34637655193323
477 119.10895698278587 32.06337462375576
478 118.91826701908343 31.748536181848866
479 119.00596385045922 32.387641537335035
480 119.08787491313394 32.398400870751175
481 118.8698555716067 31.95736167078364
482 118.58622269430195 32.21023693721305
483 118.72697708295294 32.10793516754541
484 118.68556906265954 31.750955970713516
485 118.60628469147359 32.06289815556943
486 118.9218526738005 32.123902055372696
487 118.65147674092138 32.075519199766376
488 119.1013993937994 32.03250667248784
489 118.81697577717075 32.073121404032335
490 119.0603878663792 32.16763586616886
491 119.09172712858745 32.21544173511865
492 118.96327804813997 31.670659383977714
493 119.07196979525557 32.331300816888835
494 119.05550185923953 31.961089147838358
495 118.90456972774439 32.15664501825448
496 118.72903875094065 31.908667694400314
497 118.78744071265453 31.640905091850307
498 118.71168918370202 32.13170616877761
499 118.8376076892892 31.892756496685145
500 118.78247859808538 32.04000320608534
501 118.73447185678016 31.811980241838704
502 118.57909440242774 31.765000802959126
503 118.78820825604527 31.836498909926892
504 118.59775835514343 32.27398349330279
505 118.75333424479837 32.33842779445257
506 118.5755819212151 32.38147468006367
507 118.77009485736467 31.932622506423094
508 118.87338760899685 32.21861857720272
509 118.55227056311723 31.73360620688611
510 118.67943918825674 32.192947411324134
511 118.797107743011 31.939758628046153
512 118.6911146574001 32.27602344695149
513 118.89498781555474 31.756740630771862
514 119.06768032254924 32.25524011168878
515 119.049861411686 31.65816139038933
516 118.6469173484667 32.277132914313725
517 118.63876118387104 31.937774548214403
518 118.88970571871565 31.712068078912584
519 118.75719483943348 31.843889736893896
520 118.53226034282294 32.16680754863269
521 118.66160969972269 31.956882249315818
522 119.17590710788161 31.78954421326192
523 119.17817995805886 31.790855914670747
524 118.74911615932348 32.15552951926844
525 118.52815659983786 32.11680042592623
526 119.0606081765239 31.650769819517343
527 118.69861673401535 32.24963400185282
528 118.53522002758098 31.713111305958325
529 118.67134773022954 31.7920817135801
530 118.60696364812009 31.610785327867536
531 119.13978750025605 32.00561918942016
532 118.63551329974122 32.282194739517244
533 119.02587551550201 32.341364537610254
534 118.59958867428679 31.970564922681522
535 118.55425778696831 31.6817176871336
536 118.75828441050712 31.979951708630256
537 118.92857509851886 31.831981204116218
538 118.87208093570825 31.84798540992354
539 119.08950332406393 31.79524636088357
540 118.80490227267924 32.36243775862184
541 118.92920216347659 31.917385801605533
542 118.54045928277979 31.60442963424935
543 119.02031823188982 31.99526254539698
544 118.98463340798882 32.15928083440415
545 119.06599459082656 32.25494160627997
546 118.57280774291878 32.20075344619621
547 118.82408583229599 32.16130608820337
548 118.95977492236722 31.757822799405012
549 118.50580091415485 31.881398509507754
550 119.09729600383123 31.969176435436125
551 119.07444572991928 31.710696096659547
552 118.85831812851296 31.9413843734785
553 118.74209634649883 31.682266351129933
554 119.01019438053174 31.6721778965073
555 119.12162902327242 32.26846497613984
556 118.8462514328498 31.736304470246154
557 119.11867569584506 31.97663381098023
558 118.60209633918836 32.09819699617851
559 118.73093091557244 32.35151353945483
560 119.00151990757483 31.84628925492428
561 118.75384211752377 31.7446861344442
562 118.86472759250013 32.29980863088772
563 118.95554263202176 31.84139566757671
564 118.91382558774163 31.82144317579687
565 118.7978653904641 31.718926776714436
566 118.59945845702893 31.95823421714999
567 118.78833934101252 31.78436397166
568 118.65869161579823 31.88672414037031
569 119.06809103029913 31.868031201305314
570 119.05308261360594 32.100348827777445
571 118.65030047128174 31.95591732566454
572 118.90821485130984 32.14047714337646
573 118.96307385303295 31.84203410260832
574 118.79941482537278 31.858195322709214
575 118.56226339469754 32.398732026990146
576 119.00687535295455 31.790455565269184
577 118.55969968211751 32.20860908929576
578 118.97435399805877 32.159128177810516
579 118.55598292352877 32.11897558998799
580 118.91387362785244 31.698965450306613
581 118.69514545301212 31.602904410908526
582 118.7828138454518 32.19844291773488
583 119.1906584359408 31.66936896650114
584 119.1646479600793 31.79334916344413
585 118.9040503055059 32.390834878908365
586 118.98307447424719 32.37185510537002
587 119.06336130610323 32.336866119033736
588 119.00524120551945 32.06633069269589
589 118.59000101020396 31.966364706699146
590 118.81949572373166 31.97008164917858
591 119.08379597260381 31.87244669311085
592 119.02511669931985 32.373925430898964
593 118.66751068965394 32.252145351307426
594 119.1021781549259 32.39207584110902
595 118.9284617802566 31.839319354008442
596 118.70185915467253 32.065469689403464
597 118.53746820332007 32.14472320587925
598 119.01935579387286 31.906847707965664
599 118.80430445893501 32.06742680013192
600 119.1845080027188 31.758199322518916
601 118.68525894580736 31.852911744641556
602 118.54835671883033 31.706875873318015
603 118.67147718558104 32.11315359478572
604 118.78335849761932 31.866608255640266
605 118.52578674831443 31.93997339226177
606 118.77221554271715 31.904986083976514
607 118.6695207207255 31.642542508541414
608 119.19491640865606 32.3155911040473
609 118.61982900723218 32.180985393097565
610 119.09264616153503 31.85953135275243
611 118.61669646804636 32.319489512140635
612 118.90718044999792 32.14097404833099
613 118.96204508682877 32.391236127668726
614 118.87409139158191 31.96991608230438
615 119.16145224144279 31.689394445273013
616 118.80349402790246 31.69725224167889
617 118.95570340276608 32.19620460201549
618 119.10936315904186 32.062195460589955
619 118.66347817879601 31.77342262213108
620 118.88042723585652 32.03709841537245
621 119.18694555503582 32.02407382141181
622 119.02979696004728 32.285930366064065
623 118.99523584447536 31.644017335005937
624 118.77415602950352 31.691512115066036
625 119.09503257192955 31.95371042614674
626 119.08633798220504 31.710498579080777
627 118.80541507082782 32.39019262517777
628 118.8990775458246 31.758100467396357
629 118.97460567918131 32.09360134016215
630 119.0500888957288 31.95471677454878
631 118.81275634671107 32.22273569554399
632 118.73398359450154 31.64093190143394
633 118.59902332665666 31.85994026759427
634 119.00486998921045 31.975320012766584
635 119.02273058239852 31.689657325675487
636 118.63392307229314 32.11277500817181
637 119.10108659420528 32.02815828984994
638 118.61200750686807 32.262265013510486
639 119.07699536868454 31.95285847082332
640 118.58909012810243 31.835820343387397
641 118.94974827600376 31.853048449929577
642 118.86313697145788 31.787457263588887
643 118.59374438281446 32.34717731803172
644 119.00096664783909 32.23744210637749
645 119.03691240022047 31.87380516196521
646 119.1220500262675 31.96109994356485
647 118.84516929968528 31.68018742665566
648 118.86272703605208 32.07186631803933
649 118.95705640122594 32.18497520463007
650 119.13309799041487 31.783887339638472
651 118.76664907443332 31.953654942072923
652 118.97621574351008 32.14054147375651
653 118.9145128089998 31.953796146524123
654 118.62620422105186 32.03977287911153
655 118.97936867650968 31.75543725136706
656 119.0960946262258 32.237311869163364
657 118.82920904788072 31.688354513927262
658 119.16825106289494 31.977538506246155
659 118.88691038673075 31.832381700736484
660 119.11657632666994 31.68657094078778
661 119.03206692619719 32.28433385701148
662 118.78897458729635 31.76119216590264
663 118.71461565120146 31.975681147114724
664 118.77500212886295 32.09027473725732
665 118.74195232799109 31.814457327207347
666 118.53144505278497 31.984016369539034
667 118.51470904687027 32.026218010952256
668 118.77934590958584 31.959160119386606
669 118.62988152364787 31.889219139458838
670 119.09341397036349 31.803325217338624
671 119.17531111884857 32.32666072232736
672 118.70212928465853 32.0060016193402
673 119.00087234729409 32.16098253629813
674 118.75770497293446 32.026653123267266
675 119.10440363585613 31.830469884860744
676 118.81151023719923 31.984068272722723
677 119.15929117374888 32.25959383603127
678 118.96170624456573 32.30164295398937
679 118.57647077900478 32.354779230481135
680 118.58858192928838 31.77188850890583
681 118.78815481450044 31.877158100375354
682 118.90262796148099 31.695610193880707
683 118.86462772589492 32.39139597309447
684 119.10338473969684 32.10523769942778
685 118.50317056802656 32.163305879168526
686 118.58187382934275 31.944019459294033
687 118.72612732009658 31.794906331666887
688 119.0969311875806 31.910353530078343
689 118.50086079093556 31.83291197818793
690 118.871102959352 32.026262663314576
691 118.49908478550641 32.25335477137073
692 118.879458321582 32.26650904918421
693 118.83511375664948 31.82889745090188
694 118.59293034712685 31.74320303036734
695 118.91053351047302 32.178767334940254
696 118.93351368821361 31.935636001021102
697 118.81759264198024 31.74236375767048
698 119.05766602129928 32.082931400735696
699 118.5412449793368 31.688101132713236
700 118.72824497035204 31.67781265886883
701 118.8369931861152 31.60996023045292
702 118.73032622094863 31.765112912339465
703 118.58544345284517 31.985639985560706
704 118.58084289914666 31.72929081457716
705 119.04064292884428 31.653572242421383
706 118.68674116112402 31.994791952998987
707 118.96293102714296 32.321144976520465
708 119.0910666026809 31.60885287044324
709 118.70537156087636 31.78076056106463
710 118.63026164951386 32.321310364529445
711 118.90053514185793 32.10538522544109
712 119.06061941266563 32.2654382479204
713 118.74694188824093 32.326931522972366
714 119.08566151039587 31.77478110420475
715 119.18563750084012 32.19249733665689
716 118.95604852325731 31.807826361914184
717 119.12670556286457 32.35171752832129
718 118.5636829000041 32.36414908617302
719 118.76475638570786 31.727830881166305
720 119.10791859079264 32.24894231309498
721 119.00997780972766 31.63835238653559
722 118.56915070963159 32.07971953815747
723 118.6644354595566 31.98517700430872
724 118.7322688109139 32.07940871325997
725 118.94019254115909 32.20815918029438
726 119.02416726488956 32.29641125856739
727 118.83976921989468 32.0032329819487
728 118.51978567437119 31.657335307684043
729 119.11105550733929 32.32982202737054
730 119.14915174377118 31.649927995690266
731 118.75231042216099 32.233403397118344
732 119.06392355344013 31.69848332958921
733 118.86486998898351 32.323021044890005
734 118.83363846628598 32.107037650062146
735 119.15393607099053 31.847787596451226
736 118.50729623442875 32.29149921261391
737 118.79223243756242 31.744275356167623
738 118.66461408149026 31.773701389391878
739 118.82756588466073 31.859828375948922
740 118.8285268950612 31.9299965634482
741 118.63450185987757 31.77597600024172
742 118.90397773697393 32.33532975505514
743 118.77505409788655 31.95152781989847
744 119.15592117185233 32.36041741178785
745 119.1561942083205 31.804447653502464
746 118.76740233333342 31.975736281552116
747 119.02942622185384 32.23977340366049
748 118.93529506678126 32.39022179342456
749 118.76214819964969 31.959026977181498
750 118.68383208370591 31.975103697060845
751 119.14586406590465 32.35179730469869
752 118.6346934662286 31.947593828771794
753 119.05168393214932 31.95013008071704
754 119.02916058576166 32.3627975325045
755 118.64682768531276 31.99748042810376
756 118.76036709457085 31.703328401874145
757 118.81233024588377 32.353675409927234
758 118.84836391329947 31.999544845337418
759 118.9203421834913 31.887684707068765
760 118.74317662123929 32.321550875364885
761 118.91824164312656 31.61498794821291
762 118.8055822026744 32.358701421489634
763 119.16619645857956 31.669423046785692
764 118.98351477698546 31.660390903761122
765 118.86425565146673 32.352655292463936
766 118.89314642691357 31.982293218371083
767 118.57588696039178 31.742210830132688
768 118.69293129084338 32.38515741168803
769 118.99264354103589 31.868890515700016
770 119.19065680212022 32.35284524401252
771 118.71216288751506 31.966942628831397
772 119.19434498892142 31.89424202676967
773 118.74748717222069 32.05877473016844
774 118.8165566171708 32.32853547438027
775 119.1793661590651 32.38298638152545
776 119.07807520531507 32.15494930972131
777 118.86919861869346 31.89291930379524
778 119.18581374881339 32.29068547619218
779 119.19095388422754 32.337547419333724
780 118.60994276696056 32.03530802954637
781 119.05116020503263 32.169120472663394
782 118.6891769973649 32.29650323288816
783 118.71152596416505 32.148164478128116
784 118.80411335984887 32.120734814501354
785 118.83428874855302 31.90512311555749
786 118.59535931698147 32.0805089861916
787 119.03672605569822 31.794389441188983
788 118.52409446702485 31.698050553850678
789 119.17192918323673 31.807456674986714
790 118.6874742065527 31.956847016661715
791 118.99463748859971 31.8756467603749
792 118.87426062198662 32.16372928595039
793 119.08608887338094 31.90588343473745
794 118.63970053755136 32.00152979326984
795 118.5218519736498 31.832695250146706
796 118.62258592187571 31.672629890593658
797 118.97574058757344 32.17262454055377
798 119.0687893520699 31.780292821155637
799 118.61097194999597 31.969789282304482
800 118.9035291846077 32.07413956329195
801 118.53928794126105 32.13924346811197
802 119.07751186519074 31.934232255021794
803 118.5614737018567 31.82445795896985
804 118.6239698859688 32.3158136491284
805 118.95420009656532 32.116079389156184
806 118.82671192910391 31.79924800614295
807 118.69333176343511 32.214476545610076
808 119.16057101930723 32.02901101430687
809 118.89174403989928 31.935006676242754
810 118.61327253518492 31.680143459772125
811 118.79433586337805 31.778554561268233
812 118.99492314820613 31.684227662744725
813 118.82171981026845 32.15864838774611
814 118.57386673679216 32.19870525284805
815 118.62056863750549 31.949329490455714
816 118.67688479501693 31.64241572266089
817 118.8819036225762 31.73641454589852
818 118.94507347953716 32.35587096757778
819 118.83361789227199 32.31291372307795
820 118.64884653064966 31.91732281661478
821 118.7397359823451 31.71122247475182
822 119.11099257967885 31.954539461055894
823 118.66861263449894 31.94814056285331
824 118.96176776058728 31.614863031957107
825 118.76880628943417 32.17513279126848
826 119.17195060680915 32.12659399382917
827 118.50515650425369 32.07024808011135
828 118.71919877851276 32.24565103800488
829 119.03090995711436 32.25600886658431
830 118.51855704203253 31.77022481450872
831 118.77164885456891 31.655222701953864
832 119.16515060092972 31.89351239691404
833 118.97196362679084 32.30433829079729
834 118.57884830881257 32.221426040722946
835 118.56568444000398 31.80501824155664
836 119.158208336411 32.18711762967297
837 119.14684465607817 32.05107611300096
838 118.61885893964858 31.821388945982836
839 119.10503426134336 32.17552527904248
840 119.02504028353016 31.829460019955626
841 118.77985742478818 31.87443093035496
842 118.66909948808959 31.760117473153063
843 118.59394156685401 32.04744889307827
844 118.63576806003255 31.958557030743286
845 118.86369542694538 32.1059733702254
846 118.51625609158681 31.60967063050677
847 118.94300892423686 31.924375212920214
848 118.92340074906424 31.629706483797474
849 118.94626353667125 31.84577386142637
850 119.07541832402538 31.66643741113839
851 118.54010939603387 32.03635904470334
852 119.17534104595963 32.33622398785104
853 118.84616177832557 32.28510339494826
854 118.83265711720422 31.992760225336497
855 118.61602763762782 31.874392363714197
856 118.96112585487712 31.605088933853285
857 119.10873704842311 32.116154451710855
858 118.55337347391816 31.857144474157053
859 118.71764710727847 31.913011126166097
860 119.03840927310762 32.096079422498555
861 118.52715205220156 31.748292143876515
862 118.90405798849619 32.04769652358885
863 118.65569389987807 31.95916376310061
864 118.87513702636862 31.902749665526663
865 118.59736397509737 32.270326917722095
866 118.74781514737471 32.183611240231514
867 118.7501024840962 31.726462342812418
868 118.78078581443025 32.329535220461345
869 119.18277289765119 31.60194508812752
870 118.59404026058817 31.79469823394712
871 118.6895163275577 31.70893545414511
872 118.97298148725743 31.873142762936464
873 118.74906067231515 31.718391970177418
874 119.14544663018263 31.82616836643128
875 118.76120864022782 31.919947432183942
876 119.1746202330482 31.97855291287977
877 118.6303825299798 31.8153022877093
878 118.8266124279628 31.654617202088144
879 118.87005137429765 32.03260798631215
880 118.90127778081016 32.105618616234295
881 118.77887536426667 32.123924587223
882 118.87678973084239 31.622606522783098
883 118.66752520017883 31.68509585224159
884 118.67671619998083 32.13550855026914
885 118.5547071411722 31.680801448391204
886 118.87805044402478 31.65353017221755
887 118.84311259806977 31.960336837662037
888 119.17599462098747 31.893107152433625
889 119.04917733666339 32.139106681501254
890 118.9853738234542 31.63464281100446
891 118.69923764847985 31.779938027278376
892 118.65585446903387 31.828553477207436
893 118.98212683205554 31.86064400063977
894 118.65313225276797 31.60836756513371
895 118.55003091717964 32.042665284528326
896 118.73322771830749 31.611775596904074
897 118.88556605239295 31.841061499941897
898 118.63907636224035 32.328567830084964
899 118.5788384544119 31.725799500930883
900 119.10648200177435 32.10971758356665
901 118.82170800221667 31.964506003751374
902 118.50405489192858 32.339643947987106
903 118.67506584476358 31.95338707285977
904 118.53312973538759 31.760892211702462
905 118.678682506606 32.39811745898873
906 118.795465962787 32.17798132876369
907 118.60063232008511 31.70301456222601
908 119.1565870800045 32.022195158757675
909 118.82373782149469 31.84300710240379
910 119.10337956898915 32.304043488211704
911 119.0782097881672 31.727618693633026
912 118.58208068011972 32.114899261477056
913 118.56598507253086 32.3667017132458
914 118.89428722628652 32.327529536352834
915 118.5198150986854 32.32001519344619
916 119.05258144830518 32.13028963323623
917 118.73172809203243 31.843864059831358
918 119.00440972680059 31.658326302423305
919 118.63475518762988 31.736952634846354
920 118.72371522341597 32.31421536367875
921 118.9524403850317 32.166121497566074
922 118.65667157277224 31.683362310404025
923 118.64384669908226 32.377303854080445
924 118.74768195206904 32.0057288636263
925 118.50734580189675 31.73774067136454
926 118.99052834283584 31.982352125920595
927 118.57950792271178 31.921512528546724
928 118.66344801856853 31.77127161418599
929 118.54422939019209 32.10534848422334
930 118.81271446034184 32.022954619358124
931 118.69016734609532 31.818366907768958
932 118.85999582983167 32.240337535907685
933 118.97114511464048 32.03149037204615
934 118.63679879907437 31.871496924007438
935 118.73155064770404 31.725499811959494
936 118.89528668428828 31.999562739135452
937 118.6674165511839 31.723731303431418
938 119.1415013600443 32.33207344864144
939 118.52687103739149 31.995911352715268
940 118.60387129732081 32.32923232722154
941 118.70654552476638 31.85714506233507
942 118.97786618495614 31.96715300261602
943 118.56444517061773 32.01691092093377
944 119.12327740480569 32.31745828365789
945 119.13173735183483 31.701345106787798
946 118.95415203086179 31.919290113317174
947 118.76812020910569 31.668196923392596
948 118.69644081422992 32.33151441949245
949 118.73851213342711 32.25199675251418
950 119.1161136677982 31.92192588906764
951 118.87164465269294 32.13565633340863
952 119.15017785243727 32.03496663317843
953 118.84832862476468 32.09036244109023
954 118.64732656940669 32.28019189153913
955 118.56566720681553 32.389165867120454
956 118.96930234378142 31.663574931663355
957 118.70634849272146 32.05520053178084
958 118.94401220978389 32.322615324503815
959 119.1510591970996 31.917044015478147
960 118.51193268864621 31.801996811782416
961 118.53760672118385 31.703149802594098
962 118.73702636485464 32.1008332510908
963 118.71499771299894 31.769914104806148
964 118.7705151214843 31.902996460195144
965 118.80986284654492 31.919411621815414
966 118.78942424678058 32.1013297403471
967 118.56693912271979 32.365787270058355
968 118.73250586744764 32.391749301101676
969 118.58222979161839 31.840117740898354
970 118.64571704652741 31.811068215933645
971 118.91638157005676 32.17525457977824
972 118.53573971713047 32.14930199303245
973 118.70347741697891 31.817119051454537
974 118.9196184756967 32.35758562344463
975 118.68619103755108 32.239701577920165
976 118.86554463920615 31.756738302690373
977 118.81037890193815 31.999227697246294
978 118.93185529917456 31.674786287501473
979 119.09176409557377 32.02110983080968
980 118.69785664745959 32.054402209675864
981 119.12096368853663 31.74575827497947
982 118.95287569425686 31.661047243406788
983 118.78497459160214 31.742041250556202
984 119.05845431624992 31.992279361429535
985 118.80322766926152 31.64502248142821
986 118.96758677165377 31.74115227085978
987 119.11092716724733 31.755012358904686
988 118.72561909329929 31.94470355881156
989 118.82882917711238 32.02761770568674
990 118.78146698382382 31.893419813700362
991 118.58103206109261 32.11600825802608
992 118.57327995274008 32.3437880497656
993 118.57379174768971 31.788111048098738
994 119.11196150231854 32.392638264838446
995 119.12532683823535 31.86721685257194
996 118.7389230262868 32.080143630019855
997 119.1187458724393 31.886029850933443
998 119.15949456645185 32.144049940919025
999 119.03407584821763 32.28172800783173
1000 118.66289104331132 32.23563104671073
