1 118.93947430263688 31.9389902659571
2 118.89131312221672 31.615897772816503
3 118.61968634154915 32.04666701047728
4 119.06858781372357 31.974874179748564
5 119.17583974395089 31.953798129269327
6 118.94934851720801 31.87188732645813
7 118.90142811876649 31.750268897202584
8 118.60540349400806 32.07909292305631
9 118.69356761993676 31.831895123933975
10 118.75234818432831 31.80279330115568
11 118.62775335971949 32.09982447494351
12 119.1995784123297 32.03160247275833
13 119.13812695141837 31.729388175146315
14 118.75702247797098 31.979645535125385
15 118.60627514574752 31.734267463651854
16 118.77532946770155 32.228280407108215
17 118.62100649054783 32.30001042927431
18 118.86623375822208 31.995213213070873
19 118.64948209673581 32.28800485147096
20 118.54890674901813 31.666840038569923
21 118.93932943267924 32.003694582970915
22 118.75840007404601 31.65425547896709
23 118.98463581971104 31.953047437406273
24 118.86294276587783 31.671327631754984
25 118.95095112875123 31.692701567936016
26 118.72402614538773 32.089092629051564
27 118.89693560237184 31.77454829770223
28 118.83403405672924 31.66658636653962
29 118.91289528213474 31.774160984146867
30 118.52483604165354 31.87704002946969
31 119.1840296092488 31.963063400022566
32 118.67329112809834 31.759768451768476
33 118.56103000459495 32.095953076190526
34 118.70398957427851 32.00660017353776
35 118.9939354027881 32.01249739383057
36 119.14975757393238 31.910904142276497
37 119.09505806788252 32.223680830088874
38 118.7101001329849 32.06966666040683
39 119.08686634809402 31.721244501022326
40 118.54740393640246 32.159071406134814
41 118.54974611815797 32.37360394594099
42 118.63112159574472 32.003359175081414
43 119.05326659350455 32.30397622584452
44 119.00423594453117 31.870840814479187
45 118.58877687244397 32.05246394064625
46 118.9986100007173 31.947267042168356
47 119.04047647620193 31.93850834261365
48 118.6086206778226 32.24462566150658
49 118.96033033279937 32.01964074238191
50 118.79632685616134 32.36198494353115
51 118.53791884977875 32.030151284918254
52 118.86334096587869 31.670426217779404
53 118.83394861673219 31.900095687671385
54 119.11343099768378 32.26730183212623
55 118.92995185502846 31.934697951809913
56 119.10790470865014 31.624207806302184
57 118.84276964699131 31.808286947900672
58 119.00654059329554 31.639963527838834
59 119.16944384923909 32.376978276713004
60 118.51093258345266 32.389294289216416
61 118.79601681195733 32.235690446186766
62 118.81068309993508 32.08505183842154
63 119.04886427406481 32.22038458758477
64 118.50791887107553 31.725800145586597
65 118.89086418905669 31.830803933581315
66 118.68047478215735 32.006668713688505
67 118.81932383224994 31.88023111860071
68 118.97778368820606 31.644445920892903
69 118.93705951561157 32.37050027202657
70 118.66321240634741 31.9752104528435
71 118.63962193108576 32.01311264232179
72 119.0854434880652 31.872693072502777
73 118.85184476143543 31.814884897151764
74 119.1767774180352 31.89719575198986
75 118.95284374030219 32.26584457351738
76 118.66207557622464 32.217612398601936
77 118.61110108753616 31.877377511419265
78 118.72220572628049 31.603745266171195
79 119.03466980172068 32.22622205462209
80 118.82913882313096 31.796749652983856
81 118.89014370249595 32.065926980106944
82 118.92081804795318 31.607831160078376
83 118.64103318413058 32.11362406617792
84 118.72791127723013 31.92239295070333
85 118.701248495927 31.989442773411337
86 119.14139509239644 31.934338437657146
87 118.51407909305019 31.878205577993835
88 119.17531035180686 32.03435383059381
89 118.62423553347797 32.384601385549935
90 118.86334339214335 31.707373972227362
91 118.6989644425736 31.863335303037665
92 118.70690920582088 31.63227293404136
93 119.0401201324337 32.19246710867988
94 118.99771552170195 32.123450543624536
95 119.03855146716504 31.76512309224801
96 118.6157492205841 31.909663282283706
97 118.64739615598576 32.14311460229569
98 119.02438103650172 32.12859722193743
99 118.58781855351975 31.747613589235815
100 119.09828979949147 32.304954421248
101 119.12038511727523 32.22458759964316
102 118.85245879753954 31.683953856152662
103 118.9768199471012 32.296704468401266
104 118.73023914109999 32.201822826198296
105 118.96393989409373 32.25202293695534
106 118.52597724852521 32.03705650400082
107 118.67416643069107 31.779013017497814
108 118.79688114378008 32.34892772781336
109 118.87006604194117 32.07357875922639
110 119.19132015625546 31.87024197707249
111 119.21305669279147 31.83331550016085
112 118.59308428725608 32.303931178702314
113 118.69360985899975 31.947694546150753
114 118.55170598672939 32.03249917382879
115 118.72836612516869 32.102830776171636
116 119.157461105009 32.27411399532275
117 118.91058926566423 32.096016224737845
118 118.53522467807278 31.743566542973248
119 118.86752785486142 32.07306249671908
120 119.16425999558173 31.99707667498334
121 119.18818196883228 32.04575523273271
122 119.14116472561504 32.170794609369175
123 119.0351473747139 31.79116041748174
124 118.66235956876676 31.75608245271145
125 119.12975339121623 31.693460034987947
126 118.71974689491239 31.83045081950962
127 119.1216046972425 31.60476986532991
128 118.51820117830161 32.08889883412304
129 118.54231493408635 31.83679067780006
130 119.0659410172051 31.752060075923353
131 118.55045450347838 31.66979854035529
132 118.80713055999662 31.81456364082199
133 118.73212038626603 31.769709645549096
134 118.68124607633595 31.834445075145616
135 118.75177975025707 31.955843864972103
136 118.84521273267858 32.03260944139096
137 119.11755104463037 32.261765251454186
138 118.9441233210034 32.391197278386024
139 119.12671682088263 31.64120850342974
140 119.09828958824367 31.79585816993747
141 118.59519896376626 32.10830166593693
142 118.77456355817257 31.751410278841664
143 118.85867404672611 32.30051749161397
144 118.68017925655455 31.767685131412183
145 118.8849583182555 32.17466254810689
146 119.1921227780457 32.09998339968949
147 118.63909552952518 32.231111340309496
148 119.05950543080557 31.64691793900577
149 119.20609233375616 31.782260771457356
150 118.67642328424303 32.165157616533705
151 119.11201302814632 31.687608746912453
152 118.62268365197998 31.625472572641954
153 119.15256867367235 31.882936412406835
154 118.69718366028219 32.08122359739553
155 118.68529347585427 31.617558135629817
156 119.12699431977703 31.667079102829273
157 118.69620138195705 31.632636049737748
158 118.64060330624676 31.92568229414066
159 118.72872325052694 32.144649830712915
160 118.98915751640189 31.7686480369912
161 118.51495738821588 32.287924488560876
162 118.61780907632372 31.95350523777584
163 118.5784243603089 32.091188859293815
164 118.85792387577801 31.825428863009698
165 118.52723995261874 32.10519670333446
166 119.14604991166856 32.3852888809625
167 118.83705341856088 31.968298012069276
168 118.92275839920173 31.769784827578313
169 118.6574145043825 31.93974440935612
170 118.9850277254628 31.94774131562061
171 118.5024219056263 32.014705775954155
172 118.5569436052062 32.00698198544384
173 119.14215139586692 31.63305408367628
174 118.62685661408894 31.72060034852762
175 118.83529184794251 31.950871845566777
176 118.88384275793311 32.164394927256026
177 118.62509037086089 32.226902111645074
178 118.91332617917199 32.20568712625318
179 118.68221476168016 32.021081689599384
180 118.9626644660257 32.371327290750216
181 118.69475257411473 31.84549650642608
182 118.78424294837424 31.97331113501266
183 118.83861092587274 32.22661597744497
184 118.51169235545093 32.25934561285917
185 118.58600043845232 31.91149040703063
186 118.54017276811973 32.29028220100565
187 118.80223413535192 31.97033875479402
188 118.88177711152376 32.18446364096063
189 119.1929169157845 31.608440201824013
190 118.75352751448506 31.611143766279117
191 118.62145044740254 32.3320116946901
192 119.17785279567998 31.698621829910177
193 118.8782722037133 32.151716061034186
194 119.15862418150445 31.832060657939056
195 118.73661105436962 31.761041757265136
196 118.55678137689759 31.900270321585662
197 118.83880745698372 32.34516431392069
198 119.20671347738629 32.0580695444329
199 118.5446967473665 32.33303774778087
200 118.85464212136942 32.16548856906858
201 119.08454493575208 31.97536526593982
202 118.65436302286057 31.99253134389197
203 119.05784981748698 31.783402903716706
204 118.5387457804809 31.610946187602025
205 118.72163870032746 31.927872689383396
206 118.6287743720641 32.03193479888337
207 119.16676144104191 32.30217149878146
208 118.93256491514255 32.12531821767224
209 118.70205763973796 32.26489838493308
210 119.14685295001706 32.32625148012596
211 118.89800656959258 32.348434899762
212 118.7654662393597 32.24510732334706
213 118.98586219130085 31.70340920000594
214 118.95270544900701 31.880753689178093
215 119.18905958467603 31.746435832633388
216 118.52560956485338 32.29343765301163
217 119.10262762963823 32.22525281382008
218 118.96605309850808 31.881946788038682
219 118.60546678927435 32.049897284487564
220 118.77646175530309 32.252632291516576
221 118.52258613557584 32.28305050244518
222 119.10147850759793 31.759534408318263
223 118.57128195567849 32.19050719344143
224 118.64804064951099 32.248319843634036
225 118.99388365302434 31.653721879046227
226 119.03338211228451 31.6874243893321
227 118.68904276209066 31.938578440685443
228 118.612796648859 31.775233736826365
229 118.52005527118466 32.29977314066762
230 118.5470556032898 32.171851180004545
231 119.11984451171288 32.17379229437036
232 118.63528030767714 32.22285096160785
233 118.78912832137704 31.864627555351586
234 119.0513580120521 31.78987607188533
235 119.18046993927008 32.09233780742896
236 119.11881701925712 31.91829558582839
237 119.11229588380324 32.32464413021654
238 119.07324685378975 32.122340598694926
239 118.74208681893877 31.90472926213097
240 118.94984094856643 32.262004710091354
241 119.00653395064477 31.913232545315804
242 118.80133063126796 31.738693714270386
243 118.93523723530141 32.21562738954905
244 119.17941506348565 31.99205998102974
245 118.72920686827949 31.807776595898538
246 119.14911001294772 32.151866248292706
247 119.20015013029462 32.385455610916836
248 118.90485649828607 31.79646161884451
249 119.14392703638177 32.23077260226973
250 119.00977655104492 32.21087092216469
251 118.99358487680163 31.6822289477879
252 118.58379230236875 32.27524363356743
253 119.02293424764478 31.980595282869224
254 118.61778603779169 31.6892243655409
255 119.02204905826487 32.03251478746237
256 118.52634354433717 31.864352229941854
257 119.11949172089858 31.7297124499863
258 118.62790806946654 31.66532645074884
259 119.0974040721375 31.75158029739696
260 119.11649453925031 31.945462400248463
261 118.57281116401855 32.11426703153429
262 118.56138785365876 31.67596499886983
263 119.15932126092727 32.15850030633666
264 119.18933192881379 31.667798682234764
265 118.54784899979447 31.744572230911047
266 118.92387513183947 32.177890485277985
267 118.77099686630861 32.29220705990224
268 118.5385432915065 32.36890769817867
269 119.09871056574936 32.14235672229802
270 118.978543087439 31.96909196244678
271 118.55040615634938 31.684818115511057
272 118.81528197248 32.055211067089076
273 118.7874070037369 31.719172104543496
274 119.19110130717978 32.01268738299702
275 119.19267038958586 32.08735745755356
276 118.66855151738918 32.27682038791714
277 119.03161362197355 31.859185158075082
278 118.9532032515668 32.37754244123276
279 118.8117260996639 32.372202671082434
280 118.89378253207448 32.27104034826038
281 118.77031315272025 32.167720502685285
282 118.54470319511564 32.18011309648496
283 119.03345518726385 32.30556430926304
284 119.05277643880318 32.3532031788536
285 119.14526105807745 32.27614336401597
286 118.84284447996154 32.12011948709303
287 118.54742603611513 31.685899210933368
288 119.16384285991435 32.10502121042818
289 118.68669705856468 31.87666617669957
290 118.58988409791577 31.71046260478955
291 118.58442314911892 32.30805199092386
292 118.92322868526048 32.26648786557872
293 118.76796252153444 31.999021060426973
294 118.96752529835923 31.972399052283485
295 118.54340348154194 31.995109478784318
296 118.51205009342915 31.811784665256546
297 119.17805016045541 31.91141462803087
298 118.55733432611595 31.94940759643116
299 118.73377426179755 31.60741509417071
300 118.52080344570253 32.31391608437699
301 119.12773654564535 31.629664936228327
302 119.09875561352476 31.909650482566654
303 118.89649176733222 31.69215670796529
304 118.59586752974843 31.77200453551544
305 119.0739799599433 32.359362766778965
306 118.54779182601676 31.89915527739136
307 118.82483319167744 32.15732841817078
308 118.72104091817968 31.689224005929873
309 119.1973844329421 31.781493470564975
310 119.17296452337634 32.29517672186528
311 119.07512771028979 32.308382164461534
312 118.81720665232004 31.794529439829603
313 118.84974861668032 32.37090842131773
314 118.88875492429311 32.13860977809008
315 118.89259486683977 32.00728932388879
316 118.62018527305175 31.88013032785101
317 118.67513995734043 31.884041077783788
318 119.00343905789414 32.362092881292476
319 119.09356923211266 32.16922514369496
320 119.17107255934795 32.01216666715842
321 119.03442490487444 31.636846989839846
322 118.90131703981312 31.79615056137253
323 118.55189711735248 32.34497502610879
324 118.55122442805109 32.0309612151896
325 118.6289849173023 31.87798294058244
326 118.99385819417338 31.6376760617923
327 118.70162254029398 31.81289333948462
328 118.78470816022354 31.806804308362008
329 118.61086504425185 31.735325352118117
330 118.66363955847689 31.877742600796225
331 118.77255728740032 31.752399595076028
332 118.94592675031784 31.660475928046296
333 119.19802416059886 31.70129021968194
334 118.60088219586417 31.98560087492745
335 118.72238233734576 31.651025173774574
336 119.19132098843941 32.34776285434184
337 119.11620243496725 31.76213348676647
338 119.18003058961706 31.995294772628917
339 118.85941808216973 31.92463880629221
340 118.65614611029079 31.839935345029826
341 118.65029117854313 31.866935910889527
342 119.06809278963249 31.789067254345195
343 119.15804833554989 31.816902484213365
344 118.93456165110673 31.702176602004744
345 118.97521301063486 32.16435059362185
346 119.13555296907734 32.085437253637835
347 118.68137912262425 31.83521887869006
348 118.91116645967443 32.31868497813865
349 118.8919159978733 31.90326007230877
350 119.13844050995252 32.09375097150483
351 118.72872328318451 32.00547444152209
352 118.60105155284178 31.864280473459917
353 118.58279637663179 32.31345884366932
354 118.68157185293809 32.28050247146656
355 118.56235413292208 32.27474033976385
356 118.72839602683342 32.387961729181754
357 118.88927289179746 31.62497697694299
358 118.80075543084122 31.988392461202007
359 118.94011781986462 32.365296844319005
360 118.85712744925124 31.70583884427472
361 119.01915915865557 31.813330807135188
362 118.81838474478097 32.01102584731739
363 119.0536346769578 32.11728312491973
364 118.8107269202504 31.873220817783032
365 119.02219428004311 31.84506843206923
366 119.01272055919158 32.226463756308
367 119.10322435093723 31.610128316116906
368 118.61683595860741 32.243030090678914
369 119.01023127709203 31.9284198580131
370 118.48693739056061 32.1033808154699
371 118.77994424008224 32.15611973714425
372 118.90663065437684 31.683445490678285
373 118.51010749144669 32.334847651547356
374 118.54137322540629 32.24109154074264
375 118.65265726200506 31.882400206528793
376 118.78002902468738 31.74099684618353
377 118.99714950770617 31.65399318844598
378 118.63696506464856 31.842922567784303
379 118.7802398027228 32.1792598241698
380 119.13332008310984 32.2859218559861
381 118.74054939698156 31.84052938790863
382 119.04339762451697 31.78097355706275
383 118.90250589272874 31.85689037226285
384 118.54095999239075 32.37475884330605
385 119.17852212117037 31.6780088008992
386 118.58370702907179 31.747972636484405
387 118.75364275326422 32.151664167625725
388 119.18844877637298 31.71383656108182
389 118.68296576915638 31.788966047389366
390 119.14373579331703 32.25897479375593
391 118.96311228234097 31.8486800604554
392 118.62860312525052 32.078527631310564
393 118.59783255374505 32.03896372118031
394 119.17653705349163 31.825081918294558
395 118.82299471199393 31.801311836201265
396 119.03355750649722 31.800441518528718
397 118.60685431634641 32.30398111363188
398 118.85232663978968 31.610853139850136
399 118.56904503242046 31.69318867454764
400 118.83136129831786 31.875615518409692
401 118.50413146625411 31.767048376553213
402 118.51997167493838 32.04139584782042
403 119.13241743861491 32.0257299020921
404 119.11317737932416 31.99636126459001
405 119.02895310355925 31.84280103149464
406 118.85263846117695 32.01208491158711
407 118.63753437992243 32.223672083744844
408 118.994067282025 32.24636807982171
409 118.65201860619324 32.02960989989545
410 118.53649895544409 32.23762824792069
411 118.71781843995157 31.664442181574795
412 118.91009494918069 31.73560961663933
413 118.90139293434179 32.19723862218635
414 119.08097773970748 31.90716225623048
415 118.76220079193845 31.850005382427135
416 118.61142289206141 32.05780543409725
417 118.54188351958246 31.908959282100337
418 118.6463031639763 32.33263438812755
419 119.15663395032773 31.909554701687682
420 118.5102291056611 32.2625205637759
421 118.93349633392079 32.086881716673645
422 118.81545638646912 32.3249193659436
423 118.63701336660502 31.989399453101615
424 119.00359249435661 32.37769329856669
425 118.90346844148733 32.049500087556304
426 118.5612035378162 31.635186176441795
427 118.97223487930448 32.17990729116918
428 118.5398167346842 32.30025521919341
429 118.65873001039814 31.662499800471313
430 118.89223060823785 32.36944754372079
431 119.01227722483807 32.06050263688122
432 118.88733678416342 32.203151503951474
433 119.11172025855446 31.77638824554556
434 118.98450255760831 32.33936212547078
435 119.17268311093159 32.116671809552074
436 118.67673703608193 32.02866120775112
437 119.18062973068938 32.37516494770009
438 118.65296762974268 32.05068135807996
439 118.64221884577904 32.010515762260454
440 118.6128230919014 31.633319019316716
441 118.57706856266559 32.0434215551907
442 118.94065642796974 32.2035307139553
443 118.49495619119982 31.896518009959998
444 119.07544841428255 32.140770577549944
445 118.93573338207389 32.03464215756411
446 118.71874985193199 31.763406465936256
447 119.11785670237647 32.03296164656246
448 119.09354961570877 31.984052479369844
449 118.9318069238019 31.858610009232333
450 118.54365877015968 32.12907354367065
451 119.19471765353067 31.6606894663737
452 118.9164483108803 31.88775924783895
453 119.13692906333534 31.959777418285924
454 118.60648320018986 32.39090796954816
455 118.5157751531661 32.16741301671291
456 118.70717244930839 32.09552809899405
457 119.05801319538826 31.732232933792755
458 119.07433416970387 31.957749592106193
459 119.12486691010193 31.8983800198649
460 118.72195906805648 32.354736076443544
461 119.05887653971931 31.95562208197137
462 118.59381298938341 32.27897776694874
463 118.8790337977023 32.13341788884092
464 118.53783019967656 32.282004859263886
465 119.00649679399883 31.590647898220933
466 118.7489198583316 32.35271656499773
467 118.57441623816736 32.36705317756356
468 118.96377161572053 31.709756536706653
469 118.77846011102444 31.644005271211213
470 118.71276986765169 31.866659784449258
471 118.74139765196325 32.04729467368893
472 119.04939422245349 32.020279500134066
473 118.78669391365639 31.95850490173171
474 119.12261164480269 32.32164998071893
475 118.612048871223 32.04137858394115
476 118.78498081142202 32.34264581660768
477 119.11850292414431 32.05378705087699
478 118.91576895920338 31.74748948037888
479 119.00265129752259 32.39604073378658
480 119.08007507880893 32.391244738051064
481 118.86265266953608 31.957074318151257
482 118.6021384226172 32.198277492384904
483 118.71612705244847 32.12591317617318
484 118.65867981634754 31.73738569202625
485 118.62140556367244 32.068640599056714
486 118.91898255734776 32.11216941055277
487 118.64328409407169 32.06895482517391
488 119.0827509851191 32.02946588415035
489 118.81085757558569 32.06317001625989
490 119.07562563042222 32.17400765579231
491 119.09310924368694 32.22400294399245
492 118.98878811453295 31.67812855911377
493 119.05230274763937 32.32695204219808
494 119.06521272846443 31.984392443973626
495 118.92267796511383 32.14528658929569
496 118.71428080085654 31.907347994510616
497 118.79210760057134 31.64924024949165
498 118.71824792116935 32.12497683559521
499 118.82293477041857 31.893486540670672
500 118.76711837645935 32.03587451602889
501 118.74301331239666 31.804698805512395
502 118.56375112925306 31.766174717071625
503 118.78242590874143 31.814409654445207
504 118.57878082692352 32.294364602252735
505 118.7497657600519 32.343134380037476
506 118.59272121921005 32.36984100644286
507 118.75466822120309 31.937191168769882
508 118.88368310063015 32.23362541823492
509 118.54239553830847 31.745579327720428
510 118.6627011391426 32.18676027607525
511 118.78597907441973 31.93741970383195
512 118.6873588260018 32.27545561452267
513 118.88207599268752 31.7680733542907
514 119.08170744674504 32.250962851763624
515 119.04749178045185 31.65923750605417
516 118.67913582871873 32.29370557876899
517 118.64254955483536 31.935963956818068
518 118.88464471450844 31.722344555000614
519 118.78224573546096 31.83694621607304
520 118.53815188151522 32.173076473384036
521 118.65506802471587 31.95363270675595
522 119.17114510689984 31.782668868419552
523 119.15482959844654 31.812790484418866
524 118.75445973208952 32.14441905533849
525 118.51535582339717 32.12329964057899
526 119.04976404394331 31.647915115816136
527 118.68716842873042 32.264738524924596
528 118.51827745215168 31.70062744562662
529 118.6908315241612 31.78034477194448
530 118.58940064614049 31.62461360442138
531 119.11929619897386 32.030855643975876
532 118.63573019157408 32.286656964308214
533 119.01980854766306 32.35017166799242
534 118.59348430657026 31.96144027178202
535 118.55192947881949 31.695193052420993
536 118.77980655501587 31.994639596060427
537 118.93818814905586 31.828792040019362
538 118.87754363473218 31.84396182146511
539 119.06914922956632 31.77299934097898
540 118.79534984808602 32.35197508023274
541 118.92494583293228 31.919091565950183
542 118.54239032740561 31.594565911864052
543 119.02084493962019 32.000516185002965
544 118.98889473718965 32.142563629376546
545 119.05913332184119 32.252947055279904
546 118.57318243638801 32.198920603881255
547 118.81197725515183 32.157437287233655
548 118.9616699452937 31.770633498912705
549 118.49357618460057 31.861809944967526
550 119.10589426598482 31.953159892449335
551 119.06863868568713 31.723618945259542
552 118.86339585039408 31.94803090109316
553 118.7380217919776 31.67832145742313
554 118.99591917083623 31.668600351085235
555 119.1170244745159 32.263137348836665
556 118.8494360436965 31.722085578620042
557 119.13025773585802 31.966029831747857
558 118.59311290502306 32.082275977192886
559 118.7289148167741 32.35949210479477
560 118.98593499554488 31.845972650980407
561 118.75961433668058 31.75364148738193
562 118.86313454521772 32.29270590301481
563 118.96188667296012 31.83276132782495
564 118.9110650051998 31.828231391998916
565 118.81470350872806 31.72340360560031
566 118.621620959027 31.960686724700423
567 118.77700986514547 31.765826104283665
568 118.65079198077865 31.90073564723899
569 119.04746311753465 31.86150717972102
570 119.05373956396507 32.106801442532685
571 118.64453287330855 31.951153306327424
572 118.91609997222174 32.127772848048245
573 118.99154524851461 31.840106552460696
574 118.81913091225505 31.88975447964989
575 118.54516701918995 32.38150982670863
576 118.98220048499422 31.788367007331072
577 118.54727783556663 32.20183158710479
578 118.96819464961118 32.154976938218546
579 118.57626085520783 32.100549191580306
580 118.94249320589317 31.695055914708732
581 118.68891402014592 31.582997800879905
582 118.75938051457254 32.19438384706656
583 119.18728581963984 31.65753040044225
584 119.15708457346707 31.80481530570432
585 118.8928375670925 32.38024836846713
586 118.95497700219255 32.37660242333434
587 119.07099211449032 32.344076356256735
588 119.00134301292324 32.047395662068425
589 118.58943206362225 31.96035792982089
590 118.79740796000246 31.963674366134658
591 119.08143151757129 31.864091977734407
592 119.00841805405214 32.38570810795919
593 118.62332405343462 32.24753247780683
594 119.1053943397205 32.412024625643056
595 118.93018886593977 31.845899601217535
596 118.70721462326694 32.065254868784834
597 118.52998056619921 32.12875129513218
598 119.02505174240757 31.912822538995908
599 118.8111691148415 32.06890301922724
600 119.18417606161222 31.736496152031467
601 118.67398812858211 31.842096329286296
602 118.55667471119418 31.717896648856005
603 118.65202317213343 32.09273383837861
604 118.7884598026173 31.873649097098852
605 118.51819523653977 31.93628006967763
606 118.74372488303027 31.898639208406376
607 118.66137406555598 31.64999409601353
608 119.1764496454814 32.32686126421117
609 118.63202580186676 32.162227813786785
610 119.11381769699608 31.853135000823276
611 118.58917423542826 32.3070297049254
612 118.90458360704878 32.159647287086756
613 118.94648269240007 32.38171447689759
614 118.88504615281796 31.989295336563774
615 119.16787262099601 31.700670968263005
616 118.80900023371163 31.688232465373332
617 118.94230608661769 32.19760206428526
618 119.10949003292203 32.051820743890694
619 118.6682569636366 31.774414751215147
620 118.86331794351128 32.02064123988923
621 119.17960660386451 32.01768802153798
622 119.03750835039281 32.29981200170535
623 119.0123335897973 31.63251048010303
624 118.78097632806148 31.689647390427357
625 119.10755372047542 31.93976063592067
626 119.06897591794643 31.708023471102504
627 118.80087212080453 32.38227534646047
628 118.89349593297449 31.767640869001134
629 118.96504358755762 32.09994235826933
630 119.03554107545666 31.94869976480539
631 118.81700609323755 32.22755875556896
632 118.74584071206505 31.63046648466783
633 118.60384215292987 31.851098440608514
634 119.01872197269509 31.99099479959563
635 119.0334454686363 31.695044513035047
636 118.61989445331288 32.086015521993204
637 119.11127046750566 32.01760343935057
638 118.60662050722247 32.26192993051177
639 119.07513246695697 31.964209153619198
640 118.60703059877044 31.843943933106697
641 118.94439349752349 31.832578890629343
642 118.86691890456186 31.804478161999675
643 118.59579805228624 32.34254712334282
644 119.01368598717532 32.234086728209284
645 119.02293622183872 31.879861139152037
646 119.11796140927532 31.951079194326493
647 118.83137875319896 31.67535933066169
648 118.88141662857585 32.076331333104406
649 118.94953937458561 32.19101243302322
650 119.11394923429816 31.799047324469043
651 118.79223159298749 31.97542810599817
652 118.97133745236945 32.1291718782378
653 118.91748790990027 31.969547482271842
654 118.63966696758978 32.03215403988845
655 118.98140115081475 31.75177860067294
656 119.09478347847609 32.2214402263144
657 118.81797794401456 31.68741611765858
658 119.17530404077334 31.98257366737352
659 118.88133170478937 31.849971927720553
660 119.12665381719364 31.688143049392814
661 119.02735510198706 32.29227930190711
662 118.77412251412511 31.74839279839548
663 118.72455551631803 31.97433239480608
664 118.7535048505617 32.09972775459051
665 118.74576770261498 31.830891134569026
666 118.5223668537392 31.985891202480776
667 118.50156462339514 32.01298093667425
668 118.78841503281613 31.943942112144157
669 118.63908086826613 31.887668582465018
670 119.0966504670066 31.789147104829407
671 119.17510689751617 32.32993557835978
672 118.71447467035696 31.99570135889367
673 119.02859381259799 32.16182092985722
674 118.75277636369026 32.009867118325566
675 119.10613446552253 31.836915028884487
676 118.82450810751453 31.994613119970882
677 119.15516684816065 32.250837376168604
678 118.98158125746725 32.28996627797145
679 118.58440409973295 32.34356935949824
680 118.5974893867459 31.783939043802057
681 118.80291009714466 31.87123243122196
682 118.91573883640163 31.68943169876771
683 118.86941248449122 32.40173008943115
684 119.11751799792567 32.11908721917974
685 118.5150153858686 32.16531433716482
686 118.58004549008503 31.95477654077821
687 118.70929398181646 31.814302665675275
688 119.10098912121614 31.927864967755816
689 118.49498804932315 31.845047892491277
690 118.88094180919522 32.02656189599631
691 118.50888570248395 32.247871272683824
692 118.8877313645893 32.264827141586906
693 118.83856820673115 31.846732271457608
694 118.58482214307635 31.740680536624698
695 118.92037210004302 32.19419000452936
696 118.92509132079368 31.931754514874633
697 118.82034490283334 31.741615386419824
698 119.04446431859397 32.109134564714
699 118.5490799944392 31.67915030887422
700 118.73734555013613 31.680987779914734
701 118.84575339920472 31.60647320924392
702 118.72097157956583 31.752804862523238
703 118.5809195981522 31.968707166592726
704 118.57749741009663 31.74604838391947
705 119.04109005797214 31.638464992276262
706 118.6757026218005 31.994775993678868
707 118.95607998003402 32.31612511062895
708 119.09943694485274 31.59279117424767
709 118.71612830017258 31.788456734317826
710 118.62854684919081 32.33902202482183
711 118.89460316102914 32.11412072226722
712 119.0821279488337 32.25503938403117
713 118.76603012217508 32.320159176777864
714 119.08857224895797 31.784582035742574
715 119.19352932504684 32.20622690663003
716 118.9762075341493 31.81702429448765
717 119.12047191060825 32.34011357157826
718 118.55842179998103 32.36286693065708
719 118.78435370613934 31.728127404998453
720 119.11457023949288 32.26971139173393
721 119.01304390042432 31.651943880231567
722 118.57787722547344 32.085241522380755
723 118.67306667595896 31.984048627963904
724 118.71918160348272 32.060881581588916
725 118.95725446618508 32.200648757466254
726 119.016653617445 32.30766780580947
727 118.84042273032607 31.994962993146395
728 118.5203371334115 31.65558559822748
729 119.13616118648581 32.34629202740625
730 119.15548848610247 31.645025074680607
731 118.73283839835918 32.24205970556902
732 119.06998845725894 31.721401058833628
733 118.86021577506887 32.33030410772161
734 118.83635787751435 32.09209508127215
735 119.16608429230514 31.845275271007406
736 118.50800976179428 32.28284165345254
737 118.7935609912293 31.72984867464445
738 118.64284990435723 31.77956330441513
739 118.82819001491387 31.842483383080317
740 118.80345949428998 31.91961959758019
741 118.62494015120599 31.78892586147664
742 118.9058519748774 32.32627543426851
743 118.76990574263324 31.968175167156183
744 119.13614487421872 32.366393090968046
745 119.14661016132239 31.826893070702116
746 118.77095426634341 31.972304318560187
747 119.03148619234479 32.26361715241888
748 118.93953110101896 32.38950441998997
749 118.7609621667768 31.966242417425523
750 118.68612882476653 31.985598981655016
751 119.14540231131596 32.36435791812748
752 118.64378922574713 31.947186563685435
753 119.03588442157883 31.950985148413892
754 119.03896224947518 32.38100992377833
755 118.62750981544511 31.99824685006666
756 118.76042992122456 31.697377135381984
757 118.80123760840581 32.3543962821906
758 118.85644792342231 31.98551275686419
759 118.92495056949048 31.880005312888052
760 118.75644681619787 32.32094635607395
761 118.92986794151793 31.608271569811723
762 118.80407299363638 32.35404302071642
763 119.16422647480303 31.669623742778676
764 118.97073097234578 31.654079187492414
765 118.8707657995304 32.32889116203344
766 118.89925241729985 31.971513153659284
767 118.58027403496796 31.73671696368075
768 118.68681258500058 32.383701924878004
769 118.99387229655765 31.852424444544766
770 119.20909774578759 32.33950558037655
771 118.72787377532916 31.966492289098316
772 119.20802779805538 31.91936570974013
773 118.74944422861584 32.05655290960012
774 118.81615096637424 32.323379500596076
775 119.17759525590112 32.38193989697503
776 119.07165637845011 32.14570148944636
777 118.87863788135259 31.90892110226477
778 119.17797097540904 32.260602672873766
779 119.19923242411102 32.33695226705183
780 118.61056734064832 32.05062403210696
781 119.03933953029659 32.17546329269818
782 118.6840876028155 32.308124743466365
783 118.71437040418644 32.149756794088894
784 118.80749284894006 32.097096990154895
785 118.82721692137642 31.899369778867115
786 118.59947923080955 32.08325875765048
787 119.02646326805483 31.774022751940905
788 118.50974679383319 31.713976210532476
789 119.19580735640625 31.803036468661507
790 118.67529845187627 31.95901628353325
791 118.98941462710813 31.87055891841337
792 118.86803782199307 32.177834034763684
793 119.08688454787004 31.911427382659458
794 118.63526261949285 31.97016501595069
795 118.5243902268788 31.81596637944255
796 118.62813551954869 31.65511445822763
797 118.97259480106342 32.16759979499771
798 119.06379237274987 31.780627326617623
799 118.60697297138834 31.984939628108652
800 118.91560905345156 32.079792722893615
801 118.51811633086295 32.142754044998874
802 119.07015737772473 31.93729319921426
803 118.57496682147885 31.806488632127362
804 118.6183912411521 32.306852389796035
805 118.95065481184604 32.13062506031996
806 118.82852473531804 31.806220816813273
807 118.70402611031703 32.22785503094282
808 119.1595638348046 32.034042458212674
809 118.86938941715175 31.9531389384032
810 118.6197384850165 31.695045002306966
811 118.79191380932164 31.77988990462941
812 119.01064953175428 31.692338497044545
813 118.82748174608874 32.14641054586781
814 118.58396579993055 32.17654507130368
815 118.61202815728926 31.970022163771947
816 118.66892915914546 31.636831388165138
817 118.87334596041525 31.730266040564405
818 118.9353517053999 32.34948470413175
819 118.8431857236399 32.30624613022873
820 118.64755393230011 31.913566739724065
821 118.74393631971678 31.70345909850499
822 119.12216401599736 31.954897808429838
823 118.66967496969148 31.943201235626393
824 118.97226827896237 31.61505372787075
825 118.75771579588357 32.176910215429466
826 119.19460500238235 32.13248663455547
827 118.49673871152943 32.04484700342691
828 118.70895403462613 32.24172606501272
829 119.05119683461142 32.26185750969438
830 118.52961676451396 31.75909158716284
831 118.77880641542772 31.668873509217008
832 119.1746870495377 31.89816987457987
833 118.97299207447287 32.28525589682407
834 118.58644324512868 32.21402161082618
835 118.56718306003576 31.795123648069797
836 119.16320546601862 32.207864122599425
837 119.13328274087084 32.064078189476554
838 118.6341768548818 31.81691431976426
839 119.11474551145504 32.165700754565634
840 119.01239610891106 31.83981770610179
841 118.78024468171716 31.854661931562266
842 118.66281501310206 31.77282334357685
843 118.59985085050313 32.059074979805274
844 118.65088584660374 31.978515897976546
845 118.84024650483721 32.092868610906365
846 118.53129330920432 31.627858410102725
847 118.93171100827502 31.922878581027565
848 118.91779477327526 31.636148852406624
849 118.94006512812786 31.852897150856847
850 119.07571977108222 31.67157212198458
851 118.54609813426845 32.04247422186967
852 119.18082034784008 32.34148597506161
853 118.82579846509854 32.279492831350545
854 118.83733522896823 31.990603536402563
855 118.60522918288207 31.894255341722353
856 118.95816078645937 31.620963409419506
857 119.12619343897283 32.125517022766026
858 118.5490401249899 31.837831544148106
859 118.70860708432829 31.936368664976822
860 119.04972805844105 32.096115354881334
861 118.51736407487226 31.750929231039326
862 118.8986886471524 32.03470107986764
863 118.6680510434111 31.972465544341745
864 118.86442479535486 31.91258415277137
865 118.61120229651203 32.277760174448495
866 118.74162657217313 32.19926990567005
867 118.73805442951445 31.710869403232348
868 118.77291958892474 32.32225507395919
869 119.16714565520846 31.593502162641123
870 118.59520966999753 31.782879203616318
871 118.67825132560887 31.709345532507623
872 118.97373553932265 31.867651497170797
873 118.75078117328962 31.687216793742373
874 119.15306604749037 31.822354225909947
875 118.75009212057698 31.904482940719173
876 119.16299402121288 31.987345478551813
877 118.6019359990954 31.833137022953608
878 118.81670550103753 31.648461935007035
879 118.86063284012923 32.009834833115804
880 118.91947200334228 32.08717100069586
881 118.77574525757672 32.11702125476076
882 118.86320983266279 31.60727399894626
883 118.66078667239891 31.6875869619589
884 118.66219030867349 32.13980001869689
885 118.5697698940396 31.710961766268905
886 118.87141978205966 31.681747586827157
887 118.8419673302701 31.951587827336933
888 119.20348272840552 31.901095302879558
889 119.06361492038687 32.122821631660386
890 118.98841073226991 31.623266234994944
891 118.7085785120021 31.80257734925943
892 118.67046470959103 31.81357787850083
893 118.97521980150883 31.86740750621753
894 118.65136372790519 31.60811357894901
895 118.5408640339152 32.0318547800714
896 118.70758262057855 31.59899925027182
897 118.87350347996106 31.84284371312358
898 118.62759499172894 32.322759246617636
899 118.57585267730659 31.722526171034882
900 119.12002912300899 32.132376940508074
901 118.83855521287438 31.987513309342326
902 118.5123247977324 32.335581045130326
903 118.66909053028077 31.95006502317314
904 118.54092159452435 31.74156398464457
905 118.68202901245124 32.39995812351215
906 118.80096781542223 32.17863030966682
907 118.59126384508386 31.695584659861975
908 119.1400389582114 32.02747037493955
909 118.84533965440677 31.863074882998127
910 119.09345837069434 32.29855020184948
911 119.06659752613325 31.736192376608226
912 118.59623763402149 32.114669830847006
913 118.54831191661619 32.363065140626304
914 118.89930981565888 32.342921016010486
915 118.51834642057942 32.33051447804599
916 119.05617400906542 32.11960423930901
917 118.7182143261403 31.8587021657731
918 119.01398718250168 31.655916836538886
919 118.63229776256787 31.738801209335023
920 118.71593711684426 32.31513901148674
921 118.94136094966754 32.175289189413675
922 118.66097670996022 31.665309781654614
923 118.65908824447314 32.37711763528178
924 118.74745950431773 32.00247343740858
925 118.52065668995661 31.75291436543499
926 118.97909082481424 31.978598767457164
927 118.57439367895967 31.940615045521415
928 118.65473429191933 31.78125337245127
929 118.55184259959256 32.10079223069808
930 118.81507008887661 32.01566549618878
931 118.6880585566734 31.809047081060108
932 118.85759286395941 32.22019290248002
933 118.96001512121136 32.03185962034859
934 118.6479870311527 31.87731118694694
935 118.73509663635035 31.726446326564595
936 118.88878324133908 32.006101298260894
937 118.6763948581596 31.715569762880865
938 119.12608795673941 32.318676189196566
939 118.54208007421698 32.01283466534423
940 118.60035197323906 32.33702469993141
941 118.71503875957714 31.860111763384243
942 118.9516089716522 31.956084380000203
943 118.55323171584665 32.035566439370164
944 119.14038810709087 32.30681838866268
945 119.1375813258717 31.69656212061082
946 118.96555489681796 31.91527391849113
947 118.75420127385362 31.68086173439967
948 118.68294250559164 32.34480600472253
949 118.7301526351792 32.258932940908196
950 119.12915514023541 31.9273046437993
951 118.86074206613307 32.13050575376466
952 119.15690824783253 32.05218403988015
953 118.83630564683826 32.08055756197861
954 118.64898338093914 32.256056647843245
955 118.58140190842725 32.37312351962964
956 118.97919245401762 31.66358035911753
957 118.71379252592997 32.0618721847186
958 118.95347610405192 32.33036740042954
959 119.15806510223948 31.931010729206978
960 118.51827234437108 31.792429369957937
961 118.5670546472951 31.69241778335271
962 118.72712908442527 32.10977663447054
963 118.71973674843116 31.759198466476573
964 118.7659064655723 31.896359058932962
965 118.81427550421417 31.905575153466724
966 118.794870139491 32.0934170390865
967 118.55916581052062 32.36276662930684
968 118.72552067336217 32.399285080909145
969 118.59549034606786 31.831275764954746
970 118.63376033503808 31.812974737173125
971 118.90918428058899 32.19081005030639
972 118.5252283841721 32.16371628410853
973 118.68831437140331 31.826216210390854
974 118.92262400412105 32.35052295655348
975 118.69943223094123 32.23866336768454
976 118.84581433227366 31.749851455039035
977 118.80982649501183 32.00676930131266
978 118.93566759135831 31.66502769154053
979 119.08525381214287 32.03562293293103
980 118.69523339488359 32.045276359005754
981 119.13394500423779 31.757511618667287
982 118.96583529970908 31.663290195768937
983 118.78256363325117 31.732449356625374
984 119.07302521613906 32.01560637199504
985 118.79434140710747 31.642819055284548
986 118.97708876197738 31.748736466969696
987 119.12604866664046 31.74307038849529
988 118.69780735678289 31.92345347447683
989 118.83540473134232 32.021874831740405
990 118.77165204985573 31.87780680210125
991 118.57910725701059 32.10349150544853
992 118.57246313325048 32.32712850828232
993 118.55873216041272 31.790026414506162
994 119.11698823213882 32.38800952149149
995 119.12382958925713 31.852443637055305
996 118.74454321168513 32.1007750200374
997 119.11358233217592 31.888137556853206
998 119.16413479026151 32.142535749781594
999 119.0343146887184 32.290664254961705
1000 118.65598087325016 32.24047674343953
