1 118.94360439014936 31.941521144223433
2 118.89921176079375 31.611123973022696
3 118.61145681688501 32.055081322481186
4 119.05566312712055 31.970609235143268
5 119.17074927365289 31.939324432051418
6 118.96190532847793 31.870088181659206
7 118.90270885123988 31.745274188925002
8 118.61314298135781 32.07427174673434
9 118.69723174484012 31.827555556253508
10 118.74891387806707 31.81996677548207
11 118.6240368530913 32.096251005198965
12 119.19879429579471 32.025945690949
13 119.14840923078474 31.714077558207737
14 118.76714186883706 31.98451384858457
15 118.60916420998026 31.736771765537842
16 118.76984690513618 32.240119894216065
17 118.62945942010994 32.30540947679836
18 118.8690759613519 32.003574807522746
19 118.6628379034931 32.28449279629162
20 118.53289035797879 31.670760014877587
21 118.9368232474377 31.994731272405286
22 118.74850932203586 31.64113912465977
23 118.98397977706077 31.93698315676892
24 118.85381579162576 31.689255828200075
25 118.97010353202371 31.68870301314128
26 118.7308277394488 32.09226608776478
27 118.89828770373911 31.776598383657376
28 118.83866467222562 31.671875741731085
29 118.92623429656612 31.784619197685572
30 118.53193220637108 31.86675297743054
31 119.18195599947299 31.98101532176867
32 118.66996610202587 31.758875427623227
33 118.55031052004637 32.100386079502094
34 118.70406320785854 32.00158905509895
35 118.99118149730059 32.03090731768817
36 119.14606738924972 31.912580948531232
37 119.09314690887642 32.21322229557196
38 118.69475844525451 32.05675432918649
39 119.09957257214211 31.713161539005938
40 118.55649349766557 32.14067252823274
41 118.56043138130006 32.36980428623521
42 118.63567516671722 32.0159115204247
43 119.03668543804028 32.305338291274225
44 118.99457107262111 31.868831866755702
45 118.57814493669791 32.07097185071626
46 119.01655489419623 31.938188062657375
47 119.02401285394032 31.92306054714343
48 118.60178933115145 32.23905574074077
49 118.96088600553747 32.025559083634676
50 118.7907852299102 32.3520127183992
51 118.54368394995463 32.02698059543356
52 118.87316372255027 31.68207597316199
53 118.8372518410888 31.898683137839125
54 119.10660093455809 32.28562304462336
55 118.9445229254486 31.96252270677722
56 119.09864698055146 31.624877645857836
57 118.84980035268008 31.819364045433897
58 118.9987084496469 31.64492212703566
59 119.17213972289096 32.388067391013934
60 118.51186466064438 32.380644160882376
61 118.78945288151785 32.24405593049273
62 118.80644840609976 32.07793195762532
63 119.04183015443962 32.22498744860045
64 118.53383472894207 31.74368208533976
65 118.90347336737183 31.830472002451398
66 118.69000978209748 32.010453646136455
67 118.79782227022784 31.8819865644045
68 118.97182295901237 31.654425490360286
69 118.93302918974288 32.36311092710268
70 118.67003526528096 31.975524228430743
71 118.63094632617906 31.996030608417104
72 119.0730286306252 31.88138242776828
73 118.85228034909666 31.823069133331316
74 119.16404951152684 31.898666496904614
75 118.95601967479462 32.26604723129255
76 118.6465384060611 32.22545044466823
77 118.61769440827285 31.872235034074937
78 118.72913430780397 31.62131310401749
79 119.03790983714956 32.2240819456711
80 118.82753351317584 31.808013047027135
81 118.8947917515127 32.07502333093252
82 118.92402437800413 31.61776182919202
83 118.65764831506945 32.11969101639662
84 118.72351078857292 31.934737167220586
85 118.7069234891723 31.966946980822765
86 119.13927320331042 31.9270651369532
87 118.51634188400509 31.886890833540402
88 119.16991676101028 32.01976690299789
89 118.61527938529548 32.38288338349084
90 118.85414439195722 31.698628249213524
91 118.68688966754804 31.86321241628507
92 118.70109741197354 31.61664495090285
93 119.02732618510505 32.210094381569945
94 119.00577484590838 32.13504030721911
95 119.03061485752785 31.766959404223844
96 118.61129078590422 31.90892904663138
97 118.65196209552666 32.13270778652781
98 119.03748584269616 32.14410761408848
99 118.56835864132692 31.727596279780286
100 119.09098876408518 32.32546412068606
101 119.11029815052687 32.241818269968505
102 118.85872759025811 31.68260784410086
103 118.98341560685378 32.28669886898157
104 118.72026188496594 32.21090589548553
105 118.94566057490933 32.249691966366996
106 118.52875303185552 32.02315161058321
107 118.68286757649868 31.788695205462037
108 118.79352484692893 32.36116334202147
109 118.87175463046778 32.07962843540331
110 119.19989862385727 31.870245618605892
111 119.21964843579799 31.834824093673852
112 118.58416779490773 32.324527047699036
113 118.70888482704116 31.95559060093148
114 118.54962303093092 32.051058450097706
115 118.72768394252236 32.11069369810389
116 119.15156486703263 32.27070841398852
117 118.91170309467702 32.08970797892131
118 118.52628569665217 31.744742942224484
119 118.8910345784045 32.05569407966137
120 119.16769608507 31.998930635915638
121 119.19319008889492 32.0401598711031
122 119.13116453922511 32.159764246373605
123 119.02832213481906 31.791119302037213
124 118.65972718659444 31.74958338990022
125 119.13960242878763 31.689177183931104
126 118.72620441849823 31.836022991479624
127 119.11472463569895 31.602786627266642
128 118.52123725698289 32.0967765661559
129 118.5482852065622 31.837037716595674
130 119.04805155133971 31.754985270846774
131 118.54899992876602 31.676368614952217
132 118.8060442809838 31.805773121286503
133 118.75119746233891 31.77922125656124
134 118.65455052459815 31.828113138699567
135 118.75284066315685 31.964962020849605
136 118.84081457709517 32.02780043101316
137 119.11364810343625 32.24735139568724
138 118.93832034517303 32.37026010739199
139 119.13710750690177 31.64554231238838
140 119.10490655325147 31.80175214404015
141 118.59927479930015 32.091089396196274
142 118.77335084330777 31.769837947684103
143 118.85237122172252 32.2963873160696
144 118.68342305317138 31.747460764335788
145 118.87769162619325 32.16884202101852
146 119.19812114507504 32.09883981311413
147 118.65874073640677 32.22463869556488
148 119.05257190219963 31.629575393509192
149 119.20131105424008 31.79230841156122
150 118.6647614817498 32.17817524734791
151 119.11571316441947 31.70614254552121
152 118.62827646489708 31.6381020474103
153 119.14518808214258 31.88803862808394
154 118.69294367640876 32.08589133406896
155 118.6887521501522 31.605037302636227
156 119.12774164098687 31.67833063278584
157 118.69673928852166 31.62193662310519
158 118.65130824650674 31.922809326125314
159 118.71960560081095 32.143072351118136
160 118.99626834864948 31.765385832863153
161 118.5088136362151 32.275642573267056
162 118.61964920507542 31.959515353267754
163 118.57860181254028 32.10527895233887
164 118.84525082452835 31.82960283653854
165 118.52254738028955 32.11007694703572
166 119.14365991007995 32.386858609726715
167 118.82456287269436 31.963038192332302
168 118.9219768123776 31.76308893946685
169 118.65118642414849 31.95546279412128
170 119.00233346827014 31.93628936171468
171 118.50498905088801 32.00212838991016
172 118.55378844595761 32.014290590129036
173 119.14918966405334 31.644857278326526
174 118.61954829038132 31.727396523456836
175 118.84341127580674 31.969999648625866
176 118.88607457855363 32.162372008720084
177 118.6116453020559 32.241175730182505
178 118.91962958220905 32.20158165507741
179 118.67760130443118 32.02375889130006
180 118.95844552378827 32.35543080233245
181 118.693742658511 31.859227584356702
182 118.77285792586073 31.97931303253312
183 118.84757079317347 32.232667099714696
184 118.49804833326043 32.25308527288995
185 118.58150176717722 31.907908699963325
186 118.54720978376774 32.28356978781357
187 118.79752756732167 31.95442460376577
188 118.88355473692314 32.18049258331088
189 119.18414740098743 31.58882697480067
190 118.73127299994465 31.614818979515036
191 118.60724927467487 32.33682098442933
192 119.157843392332 31.69308335691527
193 118.88165880689027 32.16470180309081
194 119.16369229952714 31.83738638194931
195 118.73980799521348 31.752461513347516
196 118.54790290363157 31.88337875276951
197 118.84601477007057 32.35077617468507
198 119.22104202948616 32.063954539505914
199 118.53941693761463 32.32247492399617
200 118.86990704996951 32.16829504771738
201 119.0823500779883 31.978428425316995
202 118.65883084846995 32.00080792897035
203 119.05965544836522 31.782678633594024
204 118.54198638416294 31.617443215638048
205 118.70876848103731 31.909767946163896
206 118.61214088539624 32.038449650226774
207 119.17101010673831 32.313022423922774
208 118.93846154864575 32.12981472408892
209 118.69901034624839 32.26315617811008
210 119.14048466490887 32.31395657123745
211 118.89346840930023 32.32982172963063
212 118.75468145778085 32.24488063244843
213 118.9866155449397 31.70653794629811
214 118.95830865354999 31.874903545153007
215 119.18819912934381 31.752055875818154
216 118.51983884684832 32.29330561814636
217 119.08791302755743 32.216403073957075
218 118.9714203163295 31.879062466419025
219 118.61227132388024 32.04779279512771
220 118.75590170592015 32.266475689269996
221 118.51933407222857 32.27587082788955
222 119.0910370854123 31.750389219074076
223 118.55354592343977 32.20066730809299
224 118.64036718739094 32.26684002452353
225 118.97724948811627 31.666167831249375
226 119.03478808009271 31.6768327720624
227 118.68205376613123 31.943326915049276
228 118.62106631913882 31.78787031815496
229 118.52623890376971 32.30662089159349
230 118.54980120680726 32.20091138133496
231 119.1244404726667 32.17514650965963
232 118.65753890238575 32.197233327251645
233 118.7705011940481 31.838322464379342
234 119.04437897545492 31.781185755062733
235 119.16453894513911 32.08689831857014
236 119.12959680969064 31.908308619310354
237 119.10986235816836 32.337418115466846
238 119.07488502145542 32.13017773691606
239 118.7448650339241 31.901564808923535
240 118.9548792951731 32.260334594733564
241 119.00342963537369 31.916557107506478
242 118.80006866331925 31.721994490305796
243 118.93477490022933 32.21707040355012
244 119.18217646580582 32.00719383230071
245 118.72365345774034 31.799843358774368
246 119.1615062819894 32.14498256049204
247 119.184504536971 32.385063711253146
248 118.89706525950544 31.801937015852726
249 119.16529706336611 32.23047468375785
250 119.00319130812002 32.19176067332626
251 118.99260385112632 31.695367510118817
252 118.57858925898513 32.28026387907743
253 119.03393795082025 31.971499684303602
254 118.61964487398724 31.683986914181723
255 119.04390125898905 32.02104360015805
256 118.52750893448085 31.86221986185995
257 119.12078744966965 31.722948261639974
258 118.62801148124608 31.66242660390082
259 119.0839811828096 31.776042981169844
260 119.10688246023555 31.95470117869175
261 118.55177736317995 32.1103692728676
262 118.55864929790772 31.66394032074813
263 119.16300650640298 32.163082456059186
264 119.17855947547251 31.69099588845531
265 118.54464944852958 31.740505950310016
266 118.93986573974121 32.17994214006249
267 118.76594090874232 32.28584312359213
268 118.53419927267021 32.35104212261465
269 119.10091204570494 32.11373220460445
270 118.96558412066398 31.96138344258393
271 118.56702850364118 31.68607420300998
272 118.8096816213586 32.063509576377925
273 118.79355440953965 31.71889638256983
274 119.17722273518791 32.0068200657748
275 119.19353232410116 32.085048063380334
276 118.66074466843571 32.276756688114475
277 119.03246839761447 31.849962070318472
278 118.95014618116996 32.38100433808696
279 118.81816183941967 32.363114150155106
280 118.89018814064373 32.27617653852033
281 118.77928361641129 32.170278846016664
282 118.51476934313614 32.16438424201219
283 119.0354581603585 32.312161108993614
284 119.04194162261288 32.35800527400313
285 119.14171009273446 32.257353225782516
286 118.83701138189099 32.12588014676982
287 118.55455217488986 31.699005338629462
288 119.15886998083214 32.10504298962487
289 118.69419394735787 31.87669904720699
290 118.58973705069758 31.710404984195613
291 118.60183662283843 32.315756545663625
292 118.92215565055353 32.25385736864557
293 118.76105865840248 32.012769132173176
294 118.97173609469824 31.96680122083157
295 118.53320944267256 32.00133742667327
296 118.51336757364446 31.828496769938837
297 119.188967901182 31.900666534304495
298 118.54855316229846 31.961193560226384
299 118.74656697678174 31.627775561873555
300 118.53099763454564 32.30834096753399
301 119.13806325295342 31.63859044456942
302 119.10920248641351 31.91637682047949
303 118.89873261291983 31.68823385776137
304 118.58955928541235 31.78209669643583
305 119.09341010488272 32.3517481343033
306 118.54564549651731 31.897563312683133
307 118.80293116907498 32.17392970786228
308 118.71628145420284 31.686329888763225
309 119.20471772305933 31.777239584927965
310 119.17086217429836 32.29839886042281
311 119.06967826266971 32.3136170747064
312 118.80933878707184 31.794842250030058
313 118.85916876407747 32.380829556689555
314 118.9063886862863 32.144859745195056
315 118.88603999857837 32.01083929126027
316 118.62729777308735 31.881769356532907
317 118.67201498362323 31.877822694019823
318 119.0010073386107 32.39029864448554
319 119.08830303842693 32.16185663333093
320 119.16820847520538 32.006894588738234
321 119.04920950975415 31.63295081108476
322 118.92483946484772 31.795128958422858
323 118.5406378859165 32.33955542687488
324 118.56584981706773 32.03734324688763
325 118.63288920028418 31.867357676627506
326 118.99058946828538 31.64081799333778
327 118.70021898856311 31.81254487809154
328 118.78360555931837 31.788750190861194
329 118.59924669191822 31.72459846934887
330 118.67305464951156 31.883607074058705
331 118.75028972531977 31.737578040338143
332 118.93311277674873 31.67357626897322
333 119.2001845627573 31.71564366466628
334 118.59925553069381 31.98500674815514
335 118.72292985991717 31.64829917799066
336 119.20055670031182 32.347512924893046
337 119.10394683707149 31.7725006033738
338 119.1819334247845 31.995375698159602
339 118.86370684259768 31.918889246498736
340 118.66791284195723 31.842375205037467
341 118.63341242743563 31.864823998164738
342 119.06321248347116 31.795058156490708
343 119.16793236113135 31.833660446268144
344 118.92371728275899 31.705720977918563
345 118.96085120933533 32.139214405892986
346 119.14184336416425 32.087153600038334
347 118.68111944806523 31.84493806796911
348 118.90342359879759 32.31846336379384
349 118.88628381747476 31.918421465761377
350 119.13695652645066 32.0956386431983
351 118.73972738820612 31.994941718793143
352 118.5845311699354 31.869290675089978
353 118.59503640674396 32.30612953582091
354 118.68905681480743 32.27955977010123
355 118.55764141452558 32.27050293195418
356 118.72529129637987 32.394051325720284
357 118.87767333793327 31.630848253852985
358 118.80371874210596 31.987733717628437
359 118.94726285685267 32.36507415519493
360 118.87098261642832 31.699914564996707
361 119.01641521413339 31.79671382416551
362 118.82632439213424 32.00536892286857
363 119.05362936915941 32.10985706535838
364 118.79438285247892 31.876392812681747
365 119.03065857118246 31.845805533749214
366 119.01015357946233 32.238444146650735
367 119.09687569748299 31.620743509980358
368 118.61013620408374 32.2392960911044
369 118.99524101452344 31.94691432182167
370 118.49561936166712 32.1239122754867
371 118.7728868703676 32.166161620601116
372 118.9210510690222 31.680052605860375
373 118.49982820821961 32.335165975125534
374 118.53965947047746 32.250068379896824
375 118.65588432169973 31.87397343079567
376 118.78899211135328 31.75916005641553
377 118.98079395525788 31.6648138675992
378 118.64990539953041 31.84283570904378
379 118.77183427047257 32.17445128992199
380 119.13917824558398 32.28779746725529
381 118.72558622256138 31.84462787166812
382 119.03207968360648 31.793289685144995
383 118.9214997224162 31.851815385297495
384 118.55966513532641 32.37678970472466
385 119.17982122740955 31.66011096970092
386 118.58984712624924 31.736064127306975
387 118.75856230344633 32.15176511106302
388 119.19436526735913 31.7025909312596
389 118.67928034453496 31.778374536656422
390 119.1531443742838 32.26528042922809
391 118.96337190944732 31.845946469800378
392 118.6138835635282 32.08867760845026
393 118.58762628228921 32.025425905796325
394 119.17817629741913 31.83378006854929
395 118.80703752607681 31.80137088837524
396 119.04092729032821 31.78789606678223
397 118.60584528438346 32.303931108619956
398 118.86943512386519 31.610388948448385
399 118.5713909803393 31.698052560063957
400 118.83454617900335 31.870777090925735
401 118.50869220050933 31.767281903637574
402 118.49965086224218 32.039283198392646
403 119.13734474816415 32.028414900358534
404 119.1342401242473 32.00639452643168
405 119.01446451452446 31.84167104198642
406 118.856049338808 32.022505315868834
407 118.63705272904946 32.216212913555985
408 118.9969100706616 32.24569717670136
409 118.64172724963846 32.036808354699666
410 118.54903888849563 32.23858902279372
411 118.71126243398164 31.667207017837114
412 118.90543616928814 31.733827126081678
413 118.91277889908694 32.20619827453734
414 119.06877138301952 31.918722587239962
415 118.75513249280917 31.869295390135495
416 118.58821531939748 32.057868585908594
417 118.53840197010874 31.915156314588607
418 118.64875374949615 32.33500818338889
419 119.15794582530903 31.903280394136367
420 118.51236152774567 32.25391301640431
421 118.94145162167707 32.09146204813217
422 118.80921350822017 32.34147492087644
423 118.63449362709659 31.991163939543558
424 118.99676418208188 32.36533501093412
425 118.9001043197686 32.04540603875333
426 118.5757972053461 31.62319706666337
427 118.96528602175513 32.18911228395536
428 118.5302876734538 32.29756661459321
429 118.65914415734929 31.664212962991417
430 118.89046660906153 32.37142250406738
431 119.01618701573096 32.05604819469396
432 118.8672772458706 32.19791666702935
433 119.0942801508611 31.775714351323458
434 118.97541905628056 32.35382739785165
435 119.17973743557447 32.11817694545895
436 118.68611812958704 32.05904719436022
437 119.18946304680448 32.36723311791063
438 118.65677142567286 32.050454486160326
439 118.63960324917058 32.023450108865724
440 118.61345067706355 31.62059455708318
441 118.58876341309475 32.040281441414294
442 118.93147591984153 32.19259678709022
443 118.50414198206829 31.898663359140585
444 119.07448263993223 32.153963494012956
445 118.94562557822398 32.037867096505174
446 118.72617393644241 31.76831695625798
447 119.12366611290274 32.02856685572743
448 119.0932970966947 31.989527625088776
449 118.93168343817587 31.866657263098904
450 118.5199313567414 32.126679375287345
451 119.18290995989507 31.65290812011412
452 118.92337704364543 31.891772458373687
453 119.15418401985823 31.946374462833152
454 118.59006364718437 32.3789450991936
455 118.51044691063893 32.16426319643036
456 118.71424776619433 32.11509374090919
457 119.04529648169134 31.728175543987298
458 119.06722638119119 31.969067169578885
459 119.09918375331044 31.902870042699067
460 118.72323830496323 32.3538169033683
461 119.06126774141738 31.959209077344994
462 118.60055644120274 32.268995607553514
463 118.89867810925992 32.150284495101424
464 118.52265497200841 32.27798662601695
465 119.00389681001421 31.578818475981336
466 118.75725136320676 32.348202813342134
467 118.5709577039065 32.36101239272183
468 118.97641431451271 31.722298927424376
469 118.78805962514916 31.6340343537411
470 118.69897653354325 31.862620309758878
471 118.74793128534559 32.02677848683798
472 119.03907898994274 32.022436453596946
473 118.79079141168656 31.957865997781482
474 119.12267536656547 32.322460753855246
475 118.60168413844704 32.048883356221076
476 118.78933905145192 32.34408860062084
477 119.13035046470489 32.05787500660464
478 118.90870297610788 31.75277120327684
479 118.99607046280644 32.40351638998008
480 119.09523033971597 32.3927520614362
481 118.86928676593148 31.951991242940306
482 118.61326607190279 32.19924309699465
483 118.7234877684961 32.11802255271459
484 118.66335255852056 31.75650762053482
485 118.62535829927627 32.06852014167151
486 118.90967896960919 32.1242195362597
487 118.63897701113675 32.07982571959358
488 119.06507108106862 32.0363593926038
489 118.81429347993847 32.07044468554782
490 119.08451051432394 32.17331040315577
491 119.0935373713375 32.202491604717764
492 118.97345905966533 31.68386952196069
493 119.05183141888276 32.33393246644973
494 119.06448070234997 31.997713757055866
495 118.92057660797352 32.15338527850889
496 118.71748831380644 31.90815460586218
497 118.79632477825228 31.661171287193916
498 118.70426127992161 32.12171218874112
499 118.82758564122501 31.909623169953335
500 118.7456621782169 32.022927487645916
501 118.74750050403532 31.806241010862795
502 118.55677787115648 31.76944458792109
503 118.78357718413245 31.834992224990227
504 118.58689721600624 32.299561261450826
505 118.7581011105997 32.349174082553695
506 118.58159792013083 32.35911300087575
507 118.76363430384319 31.945678475455704
508 118.87919396493982 32.22590726710778
509 118.5360020960309 31.744688710768063
510 118.65807426566163 32.1868299881556
511 118.7758627011443 31.924491918957006
512 118.69547837708276 32.256145073338736
513 118.88755998349195 31.777020251806004
514 119.08194585477659 32.24383287722599
515 119.05029728377465 31.676993781510333
516 118.68524493310777 32.30688735306696
517 118.64171475284475 31.953184354864327
518 118.92081989886596 31.74485477197069
519 118.77020354739177 31.835910376155933
520 118.55403381513516 32.18077265599467
521 118.64512356261966 31.96919507897772
522 119.16814220530104 31.7817503065668
523 119.14386863364712 31.814815828249213
524 118.74513297335896 32.14528238645211
525 118.52498536221873 32.11744162823975
526 119.03713743929953 31.64380797378487
527 118.69068153865896 32.269604201162636
528 118.5145466474148 31.699729038017196
529 118.68345980146681 31.77968399416565
530 118.58333319442167 31.6133615196487
531 119.12558351399446 32.028650075053925
532 118.63610135494761 32.295815968785476
533 119.01542343505805 32.33719191178418
534 118.62762641569424 31.97404347677419
535 118.55851001441296 31.690521837126084
536 118.77339698997201 31.993749138587738
537 118.93938320195306 31.82827143458979
538 118.88392320085964 31.83917450303826
539 119.0532268960665 31.76905152186264
540 118.78223585389168 32.34719021657896
541 118.93299608138908 31.905890172407652
542 118.53882418799769 31.592488779082885
543 119.01433955049785 31.98361351523734
544 118.97034680115644 32.13680208926719
545 119.07118486666364 32.24512022492541
546 118.55659895979313 32.191675534978636
547 118.82377119775003 32.145071762217086
548 118.97054871940045 31.797146638253533
549 118.48537706559179 31.871358933865658
550 119.12255845671551 31.931573261625534
551 119.06621231390643 31.72563646411432
552 118.8661319600304 31.9640973512026
553 118.74875278221033 31.683777723151717
554 119.00001671695796 31.67220555922489
555 119.11925596790788 32.257599946089286
556 118.86180577154282 31.72581142181056
557 119.12282354077003 31.962906600596348
558 118.57241554590517 32.072446513527396
559 118.72245569689599 32.35381925847003
560 118.98208827658135 31.86214587109095
561 118.76521295029612 31.730821461474246
562 118.85819763337157 32.29176689332187
563 118.95381860384059 31.834226528024843
564 118.90652303652912 31.83120355470676
565 118.8109869508816 31.72921125614977
566 118.62131892204955 31.95066758418626
567 118.78350426638788 31.757743965478998
568 118.64483079887351 31.90411159346208
569 119.03031291136693 31.855907068177387
570 119.05880914634785 32.125982517084374
571 118.64419861920545 31.956775322331843
572 118.91761797039656 32.11213186945781
573 118.99293009533605 31.84351338713141
574 118.81499585825283 31.897536826816037
575 118.55470041436939 32.37736765787618
576 118.97003089444866 31.800939429246892
577 118.55730920764503 32.2025945527207
578 118.96577345292067 32.15478644032788
579 118.58319845143681 32.099005241876974
580 118.94727951395733 31.689838701002977
581 118.6888439109466 31.604206316529492
582 118.75524507256073 32.20402982978578
583 119.18450246842075 31.652498898345268
584 119.15778466116758 31.797134642963577
585 118.88623684432099 32.369661428693284
586 118.9510444119683 32.37985764454489
587 119.05419991313609 32.346429635386414
588 119.0095650422364 32.04501026109167
589 118.5789441172909 31.974464097258604
590 118.79002421407884 31.973241542851525
591 119.08129317452949 31.873326806492358
592 119.02268269023156 32.381825727503156
593 118.62241436168341 32.25711434879851
594 119.08950826611282 32.42004039942004
595 118.94095982456864 31.840453732880473
596 118.70663532155932 32.07117301909431
597 118.52613698338864 32.12030255786564
598 119.01177672947728 31.915912413569515
599 118.82665582658304 32.065706584259274
600 119.18283248723888 31.730593520525424
601 118.67264652445098 31.855313655283112
602 118.55927737988489 31.709557860757936
603 118.67196968579177 32.07178789060805
604 118.80090815162434 31.876400242747504
605 118.53645917732476 31.940987442961145
606 118.73994975143172 31.903532910202443
607 118.65722910829221 31.637145875589226
608 119.16585868354868 32.32634072623632
609 118.63869547873593 32.157194630868204
610 119.11334163248178 31.847640202772247
611 118.56899431566585 32.32165969052145
612 118.90121653752144 32.16082516034121
613 118.93016026157518 32.401237999741234
614 118.88827604519943 31.986023169594954
615 119.15610397245065 31.688808546424916
616 118.80522435374854 31.688346726509558
617 118.94310763916785 32.17607638468407
618 119.12181139203709 32.05112909578192
619 118.66136009744788 31.774023127221415
620 118.86646043238288 32.005385283984374
621 119.18823686950972 32.020991595628004
622 119.05164250692248 32.29471625882402
623 119.0078077622385 31.605717992732334
624 118.79967802249344 31.70164360115009
625 119.11364729833889 31.91720241396147
626 119.07468106769156 31.68918826024308
627 118.80465998444102 32.37154156436952
628 118.88354573177048 31.767316144877576
629 118.96011374222776 32.09978724509257
630 119.03441038321205 31.955736264701372
631 118.8367934296473 32.21763002648179
632 118.74514388943783 31.62395020786885
633 118.61228128866573 31.85968828231461
634 119.02607495384852 31.978241949195226
635 119.02774926521863 31.684867401153596
636 118.61672417957611 32.073958017080265
637 119.1140494189221 31.999021219103362
638 118.60125664100367 32.271096910791876
639 119.07924186431923 31.971071343240173
640 118.60819629834731 31.85005625067289
641 118.95356510739347 31.843984400753243
642 118.86058693006936 31.81626169039431
643 118.60612921778358 32.34074886712768
644 119.02070657860978 32.238695572538994
645 119.00683032127806 31.862844929531235
646 119.11197968484225 31.951931499375377
647 118.82807236835959 31.67782969031553
648 118.87426914478493 32.07062716681034
649 118.96727092637161 32.19106256088051
650 119.1024672327912 31.809248161584705
651 118.77825033968041 31.980621383803463
652 118.97103838063853 32.13418439056102
653 118.9151719200182 31.984063822315264
654 118.64424640856974 32.02738761359067
655 118.98984651165831 31.7604460763881
656 119.0763144968547 32.21318532856891
657 118.82626113827425 31.68935318844785
658 119.17672916012157 31.97545410171894
659 118.87496629170897 31.83852429506448
660 119.13572909986488 31.69325582033515
661 119.01981091954265 32.29796150118361
662 118.78148930818766 31.749953444611183
663 118.72967946940405 31.982644172781107
664 118.76742161117441 32.09520250868786
665 118.74735059062888 31.838871459678373
666 118.52247690262503 32.003192241191435
667 118.51409315721881 32.01139364210843
668 118.79885948824236 31.947608936057552
669 118.62001533264248 31.881605022084816
670 119.080584431478 31.782204360036342
671 119.16334155971572 32.324175900559815
672 118.70507660142547 31.98465542317168
673 119.02456152675788 32.147496118638706
674 118.74448511142569 32.01208818840802
675 119.10185563383811 31.847935660761102
676 118.8257340392251 31.998499511881175
677 119.15197185381042 32.23503620603342
678 119.00045601350836 32.2827606592945
679 118.58069177769362 32.36199712164426
680 118.59946165488499 31.792642815901072
681 118.82115667630117 31.872256522892528
682 118.89910943934271 31.686266875341428
683 118.8520620176554 32.40307630772494
684 119.13322563685477 32.11636907703759
685 118.51613872892206 32.14087501717591
686 118.57946047468566 31.964337776051522
687 118.68376832706736 31.81429919543826
688 119.13592481347045 31.927051988100736
689 118.49161359023559 31.853174744057753
690 118.88047520443763 32.035254494469896
691 118.49376282132478 32.25446324129206
692 118.88824549562486 32.27676360355258
693 118.84276194849959 31.84425240994721
694 118.58963057349118 31.72285216504884
695 118.91875932352096 32.19290514120811
696 118.92992230125684 31.932845630190464
697 118.8150400938475 31.741368601737296
698 119.03604352644965 32.111161804741705
699 118.54048210848418 31.682285431611277
700 118.72111810916317 31.68755354285951
701 118.83527298031605 31.58027417756561
702 118.7133426528501 31.749715056825924
703 118.5900528601295 31.973332546722993
704 118.58241201922947 31.748084729099713
705 119.04363807848982 31.639248177112282
706 118.69518351248982 31.994670428017486
707 118.9622338937258 32.31623214113825
708 119.09218179771558 31.61186192656122
709 118.7108177593583 31.79961448921987
710 118.62107984482712 32.33579425377164
711 118.89584077976241 32.122862033718384
712 119.08287676905476 32.24784735249781
713 118.76348477000069 32.30704562928056
714 119.08265493321062 31.777611757405655
715 119.18559432202113 32.21219450829803
716 118.97362485410027 31.818353493451006
717 119.13064456851298 32.326114098268505
718 118.5455984173989 32.35831847553968
719 118.77531584501725 31.73012600857416
720 119.10262259963058 32.2887949385868
721 119.0222411407844 31.649645948361012
722 118.57243070213613 32.08073593434901
723 118.6612462334292 31.982993956585304
724 118.72235563695953 32.08326142749163
725 118.94349846481809 32.19826792584858
726 119.02386433143633 32.30780022404974
727 118.84972132395386 31.991427775318545
728 118.5236006435409 31.64411943665857
729 119.13587670989534 32.35140353794976
730 119.17291322960561 31.642657525065523
731 118.74119875392738 32.24097248159143
732 119.06736909994207 31.724263621497997
733 118.87065065692592 32.32488910244892
734 118.82093951568207 32.0988603181355
735 119.1665543768528 31.848506243205897
736 118.48730935576263 32.27765078934658
737 118.77891700624583 31.725313327191984
738 118.6407668773888 31.787118810834198
739 118.81757794946475 31.83397356731576
740 118.80231362161523 31.91089625112667
741 118.63184907807215 31.799666948344754
742 118.90707256488517 32.32001200061909
743 118.76103976150193 31.948921257192065
744 119.12809578186844 32.36084196871644
745 119.15766027789768 31.83780384700585
746 118.75112145259597 31.96808967015176
747 119.03438386187878 32.27329728600153
748 118.94847116764234 32.39188605176249
749 118.76060066944201 31.97669068685029
750 118.70350557901082 31.972617924035028
751 119.15709568283101 32.354203788486664
752 118.66177039032786 31.93779866480312
753 119.05133004738308 31.961777128302337
754 119.03918839603811 32.38013895214997
755 118.6262361007994 31.994355082670733
756 118.76174120821297 31.67190729034307
757 118.80771198623577 32.364820368074795
758 118.8587114198883 31.95284553191126
759 118.92484261943753 31.88337001230121
760 118.76390309619349 32.318103139041675
761 118.92573181135297 31.603593262085667
762 118.79815350447672 32.368438410478895
763 119.16095214519122 31.65905087713624
764 118.96313838551221 31.656357916489966
765 118.8459444743774 32.32286112752876
766 118.89005415572859 31.96423236797164
767 118.57709447402326 31.7326029967774
768 118.68198990462692 32.373280332330324
769 118.99709643532738 31.84586128875511
770 119.2118741219552 32.34623451498432
771 118.74045640240185 31.97966959171533
772 119.20832899060848 31.91871703478187
773 118.74471773478322 32.05122495490315
774 118.81452887684674 32.320599126006584
775 119.17126967782156 32.39142107056703
776 119.06815178027173 32.139063043486864
777 118.88049995310472 31.905915204882678
778 119.18440379434325 32.266576944190085
779 119.2090191350297 32.33434832745694
780 118.61802827248353 32.02355511938729
781 119.06763051322739 32.19151553462925
782 118.68035317448775 32.32253856815446
783 118.71306675810213 32.16533366340115
784 118.8039315986691 32.10884041698561
785 118.83298559702963 31.88565185602085
786 118.59477765805849 32.07703412148578
787 119.02682476788696 31.777763592865433
788 118.51030748313696 31.713957984833804
789 119.19683592138767 31.807114935187276
790 118.67866244156488 31.938232328077664
791 118.99829461738798 31.87905524421509
792 118.85843254769232 32.164834611846466
793 119.08970920236408 31.913305026934506
794 118.61480779223454 31.969082226476818
795 118.52192851754842 31.817033610384524
796 118.6216199501391 31.676678321442775
797 118.96335519565676 32.17468925583233
798 119.07768175210468 31.782208754099397
799 118.61706370933831 31.978093303628512
800 118.92197223308457 32.09056552399326
801 118.51681411921285 32.13356022148761
802 119.06611258457093 31.938563509776603
803 118.58640512517658 31.791880899219603
804 118.62468140339551 32.31829810374763
805 118.95202045883882 32.15069156424772
806 118.80344827107348 31.79266992723136
807 118.70489450721139 32.246959968164084
808 119.16953665118272 32.05223711171575
809 118.87189787768268 31.963228819942636
810 118.6156489754393 31.702535791692323
811 118.81307979618816 31.787053912384923
812 118.99596360018681 31.688414318362994
813 118.81700853113216 32.13877507685703
814 118.59435269223864 32.17224226735031
815 118.61241860519974 31.979456317287337
816 118.65865129295695 31.64952337565509
817 118.87398778294784 31.71312095669126
818 118.93612488986649 32.34179228893482
819 118.82968974174788 32.315033511388556
820 118.63093128722286 31.923435674193584
821 118.73655032671502 31.719909828420384
822 119.11491287925377 31.965813938776872
823 118.67755572761473 31.93538378490383
824 118.98446734625304 31.61102340485152
825 118.75025943558617 32.17567480502276
826 119.1940897444682 32.09401144709283
827 118.49411959240099 32.035464470734546
828 118.70800930463513 32.24679506643648
829 119.04618995304155 32.28018266004876
830 118.53311627891371 31.76670591154487
831 118.76671701734949 31.654002093226193
832 119.16010151865537 31.909000466822
833 118.97494232696728 32.27659053474442
834 118.59060052571876 32.21107386781282
835 118.55596367099471 31.806495277774484
836 119.17441645229601 32.218002646537215
837 119.1493293106847 32.070925226738126
838 118.61703974185284 31.795432438333275
839 119.12026866722817 32.14930954874724
840 119.01618323526206 31.83629868003321
841 118.79071282775662 31.8691839608178
842 118.66227584068528 31.773140774940888
843 118.59397365040746 32.0462919555413
844 118.6606395457965 31.992814033394765
845 118.8282895326161 32.10213284448683
846 118.52742207215674 31.594803180194127
847 118.93514491326478 31.931080441035466
848 118.92919564143634 31.634541781299244
849 118.91106851811621 31.854165427695932
850 119.08428349843891 31.667487683583232
851 118.56217519771707 32.0633915901884
852 119.19122819218764 32.34644114363603
853 118.83224358834002 32.270925780490636
854 118.84041703115479 31.989931896321977
855 118.60770778983057 31.88226472074176
856 118.95245368990756 31.603108577775608
857 119.1395877125665 32.131439349167316
858 118.55820509959582 31.83476467655714
859 118.71173239764987 31.94176282681735
860 119.0570663407029 32.09146996226081
861 118.50726943502364 31.75604636954811
862 118.90857428655575 32.04451416270964
863 118.65708206237545 31.95993627029705
864 118.86498417199158 31.914642933789136
865 118.61017115338976 32.273997974009966
866 118.74195979559224 32.196831603755165
867 118.74333104466083 31.688904057144224
868 118.78195133055371 32.31366634973282
869 119.17039285291254 31.581969138036538
870 118.58066025094641 31.78316731823326
871 118.692991460889 31.698062126561858
872 118.9797721278108 31.861940088743516
873 118.75858022321468 31.699876306709893
874 119.14039304271333 31.816805727554993
875 118.73617910759128 31.930982796603296
876 119.15037214292784 31.981562711812888
877 118.58400255794868 31.827986399755773
878 118.81807267625148 31.655482079806514
879 118.86765210175295 32.0015464332669
880 118.92488969475312 32.073048860266695
881 118.78500228495466 32.107774261228975
882 118.86561937581234 31.60129117411015
883 118.64745178878823 31.68633257573252
884 118.66866671636448 32.12459423917335
885 118.57072620632316 31.72416267540967
886 118.8762579871191 31.698418680743604
887 118.83423112323466 31.94688128275409
888 119.19567559243042 31.903958220929383
889 119.05734811319671 32.12846366125711
890 118.99794965234247 31.624111914499757
891 118.72584718378256 31.79492046931247
892 118.66884110839081 31.79912802309475
893 118.97916683904215 31.83878434525607
894 118.6655697728895 31.601408118943027
895 118.53178334831786 32.04262778650247
896 118.72140090097717 31.598298458947315
897 118.86269640168038 31.823724810807263
898 118.6268190121923 32.32416267703264
899 118.56999955142741 31.720998746902385
900 119.1251861436563 32.144613966889004
901 118.81761303674898 31.9891224821502
902 118.52935229450338 32.331070945189346
903 118.67083005935112 31.957587173118487
904 118.53407525294874 31.772381595154698
905 118.68712136315594 32.403310818395504
906 118.78762171225523 32.16790490753346
907 118.58328568945922 31.711083309453258
908 119.14094596986493 32.02948459563768
909 118.8337097063293 31.868537982010846
910 119.09291132226807 32.306453991075884
911 119.06292967821351 31.729437032355822
912 118.59188565161935 32.09883664793526
913 118.53843073553594 32.359615221545994
914 118.90944546081353 32.35550149478842
915 118.52045626006176 32.31163971480192
916 119.07356627602225 32.120275374518556
917 118.70569306690294 31.846909281322677
918 119.03361884347032 31.640859395977316
919 118.62881072743255 31.7415047695843
920 118.72487702322974 32.30800454692842
921 118.94793623249043 32.150822049658224
922 118.66018586665541 31.662478062666562
923 118.66335151137072 32.377172250787716
924 118.75899909325977 31.997525847642297
925 118.54554478447494 31.75379240852332
926 118.98259669737844 31.973339451306853
927 118.58174870394552 31.941809532829115
928 118.66927689341969 31.776324857784267
929 118.54729757379997 32.106061328163676
930 118.8185555687649 32.02999867269546
931 118.71314911273474 31.815590534889626
932 118.8526290795802 32.219792055135
933 118.94991373942688 32.02729285458791
934 118.6382567662997 31.884125160214136
935 118.74800359390683 31.72399917580122
936 118.87319492245476 31.991641896781292
937 118.67855221651531 31.724038378665874
938 119.13060674341897 32.3309724042536
939 118.54759467066394 32.0218083471602
940 118.61048055925862 32.33862318513299
941 118.70360517767631 31.863666182193267
942 118.94178080384813 31.951967726627245
943 118.53815186513648 32.020083506335865
944 119.13625666530783 32.307650626446
945 119.11652235328306 31.706655479340256
946 118.9550175046461 31.91208844919235
947 118.75174509706319 31.67970031129025
948 118.69028611793425 32.362763272088934
949 118.71981230726917 32.24598837921688
950 119.12875649452303 31.931689574494914
951 118.87209197288703 32.117441629234925
952 119.17173880999373 32.05443165008634
953 118.85268327149069 32.07787620219343
954 118.64475869632462 32.26196280932807
955 118.57647325303205 32.37271987274948
956 118.96106184701912 31.6688515130706
957 118.72560012733787 32.04827647926623
958 118.95231601944529 32.330703158298206
959 119.17345050251838 31.926676262430444
960 118.515106386395 31.78451053204775
961 118.58102319434406 31.689047462986686
962 118.72953062642729 32.12062151503999
963 118.71081377406601 31.750179529776876
964 118.76558876351761 31.89296452617153
965 118.79891064623634 31.897949775467094
966 118.78341898140829 32.09520097900181
967 118.56502145864363 32.38745479238584
968 118.73273690721732 32.39983626410881
969 118.60960560310288 31.846395316442134
970 118.62439540370424 31.809685852833884
971 118.91667838471868 32.17709869569227
972 118.53183180286103 32.15404923026835
973 118.685210941777 31.829332493183617
974 118.94274338543678 32.37333864169833
975 118.69938346148186 32.245865965293724
976 118.85826876708936 31.74576312125496
977 118.82782425088335 31.991033791073093
978 118.92895370038198 31.654472304656256
979 119.07579441711601 32.03767674461897
980 118.68305152639371 32.04388413867737
981 119.13109297611867 31.762980050216765
982 118.97245299622354 31.658538271898287
983 118.78246359357567 31.724608188923355
984 119.08725692114055 32.02273283827295
985 118.78090004581055 31.637562839252922
986 118.98621834597746 31.7585124424939
987 119.11175740163343 31.742491761407834
988 118.68063552542769 31.91824285159342
989 118.8393348288716 32.01952268483594
990 118.78146326516661 31.879911866770094
991 118.56409543154048 32.105095921664194
992 118.5730476706595 32.33688428289127
993 118.56684330958095 31.796867811691435
994 119.1303526528957 32.38599069733077
995 119.12494204817574 31.86694037201908
996 118.74554990171804 32.087351682014884
997 119.09252237149146 31.886291563273158
998 119.16538275237214 32.1564579406352
999 119.02397904737828 32.29130609611566
1000 118.67281216942861 32.22946281511332
