1 118.94115568493262 31.944439251894224
2 118.89097681371058 31.614173001761305
3 118.6116239260601 32.04706070185409
4 119.05402744810381 31.96972072474965
5 119.1697478682263 31.940854707336122
6 118.95990422099422 31.866692671374935
7 118.90407549789799 31.75259043451212
8 118.60819637279504 32.074623215341205
9 118.70277872354727 31.831296555685423
10 118.74569525840319 31.80973908323848
11 118.62354858828999 32.09950092766532
12 119.19928042358379 32.02617843597854
13 119.14368888823235 31.714552354201977
14 118.76617810735793 31.987355626277342
15 118.60941541440856 31.729764539348135
16 118.77199512998165 32.233885477402104
17 118.635978936832 32.30608337725733
18 118.8727583127077 32.00252618643672
19 118.65966722720104 32.283012073913966
20 118.53824877100935 31.670920203374067
21 118.9339879495252 31.99104146259933
22 118.74746975711496 31.633499017589283
23 118.98114450783302 31.941297860834553
24 118.86197846033845 31.683300185989886
25 118.97115320205464 31.6904350562984
26 118.72572854428714 32.084936087685975
27 118.89768808507755 31.778670861460544
28 118.83909801761132 31.668550548532437
29 118.9200361306938 31.777532337117464
30 118.51932688223631 31.87176797131906
31 119.1859470512381 31.97497396997758
32 118.6739399468456 31.76559913822352
33 118.56111419668315 32.099516503987836
34 118.71308292011226 32.00805046794045
35 118.99293855298974 32.02595670508855
36 119.14221862377104 31.916128691560612
37 119.09349103507805 32.209424172806074
38 118.70697814788207 32.052316234855276
39 119.09745833876505 31.711994686813448
40 118.55993175733262 32.14781047302493
41 118.55430150323049 32.37958133320366
42 118.63042538833844 32.01483290012526
43 119.0433242506196 32.30660832746534
44 118.99171052512246 31.87155539306778
45 118.5892377621567 32.05966733307383
46 119.0078960073081 31.943263453506624
47 119.03133045089365 31.925709727553393
48 118.60415591330302 32.24295990427914
49 118.96455995820992 32.03355841306317
50 118.78179493993267 32.352555856660416
51 118.5397894737272 32.02488338486062
52 118.87519942786845 31.674334987157305
53 118.84959034239827 31.899446786841803
54 119.10277600300842 32.27430779260647
55 118.94192649336522 31.94869665206504
56 119.10251843346578 31.626484231861042
57 118.85453970918162 31.819505940806053
58 118.99810516098322 31.641746825581976
59 119.16405803842781 32.380564593809204
60 118.52387285265249 32.37746280651348
61 118.79912167873229 32.24390223201007
62 118.80915718854533 32.077898279936676
63 119.0379414351603 32.212876390700536
64 118.52461163070114 31.752706067195607
65 118.90254549177247 31.83253957657139
66 118.68228911422976 32.002647929814636
67 118.79875299176351 31.881391156085463
68 118.97149110029818 31.649080872100594
69 118.93461313319148 32.356184096785675
70 118.66024249337238 31.9683277113936
71 118.63272634638042 31.99898894854672
72 119.0747202794247 31.874751861537476
73 118.8481289672287 31.820573904573386
74 119.17354186967593 31.889160828541698
75 118.96010329236147 32.26630492748178
76 118.64995150775516 32.221036608146264
77 118.62147216559065 31.874895026846588
78 118.72780757046938 31.617387755895294
79 119.03474605903217 32.22546885366525
80 118.8214466375359 31.80441783379358
81 118.88964906687728 32.069652914857976
82 118.92660376362969 31.608469393103913
83 118.64651287232226 32.108259699312
84 118.72591750677468 31.925775300094664
85 118.71007241337311 31.980734986167814
86 119.13419557741919 31.93379294272535
87 118.51710485051632 31.889737534483675
88 119.17527621234912 32.02010986246349
89 118.61569355405527 32.394589939417955
90 118.85040708466194 31.70133742630996
91 118.6871328282071 31.86531335834613
92 118.70247227561723 31.632998688986486
93 119.03130889472853 32.20739306184272
94 118.99570758633752 32.133229797012156
95 119.02792525006282 31.770227314431487
96 118.59756884054251 31.908635301152547
97 118.64938440805903 32.135951028369256
98 119.03245584460997 32.13610423945976
99 118.57269560424041 31.73239339196941
100 119.09207140089684 32.323068065942714
101 119.10585189190441 32.22858181464291
102 118.85950592923749 31.685357968025095
103 118.98477221285277 32.28655848528892
104 118.72702050229634 32.20436986172397
105 118.9503074173774 32.256881055541164
106 118.52852422426895 32.02861960120604
107 118.67718495157314 31.78112848271999
108 118.78794749811841 32.3619061705437
109 118.86524545721913 32.08233332558124
110 119.20040102137403 31.86991093588854
111 119.21625304267354 31.83671079943695
112 118.58561115253758 32.3140483522078
113 118.70202248037816 31.955683884180356
114 118.55216835134699 32.04769275781386
115 118.72602413983147 32.10643184303683
116 119.1556009051065 32.27154292513765
117 118.90889317419996 32.083422440888434
118 118.52708603953792 31.736418946565696
119 118.88161921493516 32.05975691173609
120 119.16481793620511 31.99575750637075
121 119.18700102779343 32.03766879445999
122 119.13568527792914 32.156172372270426
123 119.02937428352368 31.7880597794843
124 118.66843465438782 31.74603126366837
125 119.13847980026299 31.690011395554958
126 118.72526528951073 31.837012820630456
127 119.111453856879 31.610136733213928
128 118.52098909440325 32.09506299627856
129 118.55113814271944 31.839391747344333
130 119.04994332514498 31.747020351435758
131 118.55448711454162 31.67549929041858
132 118.81257043177001 31.81288972145958
133 118.74668860828994 31.780833251493604
134 118.66076115254789 31.82790118390025
135 118.75094696837337 31.96119969110232
136 118.83243106396554 32.018219911671984
137 119.11816349672237 32.25762405374219
138 118.94048785587508 32.375708340711
139 119.14139968114537 31.642970562685417
140 119.10362089548708 31.79751788322678
141 118.58807272252677 32.09875630004797
142 118.77359441259688 31.759063661796198
143 118.85875270592754 32.30072753362578
144 118.68364318659542 31.753885275181037
145 118.87946656360891 32.17257968139741
146 119.20115788858851 32.10044877467582
147 118.65736958998379 32.234872251175936
148 119.05484220955579 31.63258806196018
149 119.20191842228145 31.790036379363613
150 118.66095534472963 32.17611302196457
151 119.10329359668701 31.704210564397044
152 118.62703804777757 31.63493957207137
153 119.14770413921454 31.883260551483882
154 118.68789885111153 32.09300459539597
155 118.69566607905628 31.606016701082424
156 119.1253509270703 31.672111067288487
157 118.69402697836745 31.624371277778568
158 118.66195881429637 31.923294577042313
159 118.72387238133093 32.14584882590481
160 118.99275108190825 31.76159634209186
161 118.51171537725155 32.2784193104677
162 118.62092824251549 31.95049224614982
163 118.57387599565703 32.10225134292151
164 118.84185785763934 31.829366949105953
165 118.52294105329287 32.106925195217315
166 119.14589175577127 32.387133114361276
167 118.82428756044261 31.96843147102173
168 118.91786094811344 31.76847867874344
169 118.6583268449667 31.954800225479392
170 118.99790478539745 31.93683656806434
171 118.49877173289906 32.00760618944516
172 118.55451330055628 32.02060842324311
173 119.14919111416593 31.642367210464485
174 118.61748141863501 31.72353552534135
175 118.84324480052891 31.96706288240139
176 118.89036699244406 32.16009423221253
177 118.61242366615501 32.23383504227111
178 118.91641345659303 32.20521530369122
179 118.67808414141514 32.01835011416671
180 118.95351669870257 32.37211479984266
181 118.69321991928845 31.85175210880425
182 118.77524680518017 31.978605381238904
183 118.84529860246668 32.237549183771435
184 118.50835947386028 32.25165789209633
185 118.58622237291948 31.913482436718592
186 118.55512948113297 32.28302860466461
187 118.79393864115555 31.958215395058215
188 118.88748235599012 32.17961408841994
189 119.18104947637846 31.592740045094562
190 118.73629561216298 31.614483081878046
191 118.61688122592243 32.327426246097446
192 119.16392332018246 31.6945109761277
193 118.87722435907541 32.15233895266657
194 119.16028440698655 31.834968187738667
195 118.73423446477119 31.762472620193673
196 118.5443366689408 31.87886202493315
197 118.83644729176436 32.349781039364416
198 119.21987427844016 32.0624456103491
199 118.54292789481337 32.32494261081475
200 118.86585582211193 32.162980801535454
201 119.0865846355474 31.97724606918588
202 118.65353240457324 31.999980028784464
203 119.06304767141478 31.788112113776254
204 118.54619928927528 31.615174670695186
205 118.71795262520517 31.9082011203052
206 118.6231023203389 32.042223389360075
207 119.17050248012887 32.3084852703573
208 118.93440605651575 32.12610077155551
209 118.70165085152797 32.25948743153306
210 119.1380470002439 32.3204214051931
211 118.89598136691686 32.331114916096055
212 118.76541093051536 32.23986232383548
213 118.9845425030922 31.714806638309483
214 118.95497925506876 31.8802130876829
215 119.18420035568654 31.750756982786843
216 118.52049385491539 32.29742919497244
217 119.08957209069611 32.2131461249407
218 118.97649895978921 31.88407897642499
219 118.6050209660553 32.04820837033955
220 118.75783325141832 32.26266235023417
221 118.5202230820495 32.27688809236163
222 119.09773957040225 31.752566093658107
223 118.55567070155553 32.204351207857485
224 118.63564147576027 32.25645329140834
225 118.9819013573463 31.66399846657091
226 119.03831370257052 31.67865568109159
227 118.67506265255015 31.938082639044715
228 118.62757187004715 31.779820364006593
229 118.51990565394543 32.31127397986842
230 118.54394783117641 32.18659926308595
231 119.12501366528394 32.17369245210801
232 118.65079674379632 32.207354761386135
233 118.78222559022934 31.83369242848615
234 119.04248395610279 31.77976174422868
235 119.16850179767488 32.08020187224605
236 119.12845933092159 31.912448258973004
237 119.10800086698521 32.324559300952295
238 119.07340895247933 32.120060133661575
239 118.74799547060968 31.896670084745672
240 118.949480157692 32.2573024011548
241 119.00459583159375 31.912182055447357
242 118.79520607448755 31.72959116761292
243 118.94017738205446 32.21459620782105
244 119.189455417245 31.999259950055244
245 118.71551913880067 31.79808987202852
246 119.15909825345334 32.146223475439854
247 119.18993905275066 32.39019839596822
248 118.89380678913876 31.801817357797248
249 119.15458335517842 32.2256810399992
250 119.00882154460315 32.18794694687441
251 118.99046264633031 31.69834941614589
252 118.57194276095993 32.282788300552525
253 119.02071487621829 31.976213611514396
254 118.61268182224471 31.679819735751543
255 119.02993091771705 32.017602779932766
256 118.53385364388653 31.852600937758584
257 119.12949045366045 31.71587866669289
258 118.62215463703592 31.659127388803018
259 119.09248142350437 31.774288796817853
260 119.11333609398139 31.95504157131041
261 118.55556095600963 32.114176303884356
262 118.56066841579516 31.671338328681873
263 119.16205725123982 32.16579843376758
264 119.17952622081519 31.683040206234
265 118.54499419792806 31.74192278060173
266 118.93882934909462 32.181818834522836
267 118.7708968089785 32.28937698953133
268 118.5397427770869 32.35224750818583
269 119.0993698502907 32.11519737836192
270 118.9681470564609 31.968375461539722
271 118.56411718523098 31.688501821599832
272 118.81975118112508 32.05595578876249
273 118.7905724494648 31.719247134828766
274 119.18052710318639 32.0103073312145
275 119.19116771605603 32.077224499186
276 118.65930994255308 32.26910584759344
277 119.03226217983328 31.853682855193053
278 118.95934622915436 32.37991684377475
279 118.82028127653909 32.3682752887622
280 118.89261660938378 32.26982740645073
281 118.7706339278639 32.171622641323445
282 118.5150505964234 32.17334359668848
283 119.0336865696567 32.30997408706861
284 119.04223794350746 32.36646702689161
285 119.13833454774209 32.26215434296081
286 118.84420704222927 32.12351321779873
287 118.55837625417976 31.693879628535086
288 119.16448524719368 32.10356815593364
289 118.68609795555705 31.881922181630127
290 118.5887578205103 31.714480316349487
291 118.59242503129575 32.31488796352517
292 118.91430653078304 32.2612329948892
293 118.76155666590908 32.00857552536752
294 118.97674279311455 31.972314658274744
295 118.53664967446139 32.0013241730089
296 118.51522954130802 31.8251857600232
297 119.18452383139865 31.896201132897026
298 118.54972157714381 31.959666954293294
299 118.73957515922228 31.623041693329075
300 118.52384382486498 32.31788395017998
301 119.13897708165374 31.64144606531817
302 119.10539297723192 31.914597682125933
303 118.90041538011607 31.691034550805895
304 118.58982164219589 31.78501438425755
305 119.09294426417517 32.35879069756949
306 118.54980131711226 31.900265801005055
307 118.81032008859958 32.163839292618164
308 118.7139625559327 31.69013292126206
309 119.211998162816 31.77833003760762
310 119.1789571662958 32.30232781597897
311 119.07226124081593 32.31058895294078
312 118.81324086790862 31.790164176173953
313 118.8498931955115 32.38297208434008
314 118.89753399347364 32.15271053762617
315 118.8934996762114 32.00614781158986
316 118.62596178472847 31.87976836405005
317 118.67571882358101 31.883066137262425
318 118.99202104859033 32.38321816630609
319 119.09055022368628 32.16021685049775
320 119.16681027557405 32.01204925633138
321 119.04919799760957 31.63567790640886
322 118.91829009882245 31.803210737924072
323 118.5386534841274 32.338854069324164
324 118.55597534986511 32.03648475453134
325 118.62918676935091 31.867823680934116
326 118.98875163450896 31.639233248438085
327 118.70708875552631 31.813777648429923
328 118.77834311655712 31.788692672752195
329 118.60332679759462 31.72583003887084
330 118.66337730829093 31.878540795768064
331 118.75473978724753 31.73924466603642
332 118.93801223886449 31.66179606171748
333 119.20237168516887 31.714167391834334
334 118.59727406866284 31.987136126450817
335 118.72228820409715 31.647953816571864
336 119.19847076061582 32.3433244302368
337 119.09629043761824 31.764737619697314
338 119.17574536023992 31.990575740058137
339 118.86599881726013 31.91910682519894
340 118.66929112524626 31.841971763618936
341 118.6373456177406 31.867930219739574
342 119.0586286857269 31.796159851820782
343 119.16220327456455 31.819180146871854
344 118.9317303121333 31.70132228227319
345 118.96398336640083 32.13768033250695
346 119.13129569515046 32.09372931801932
347 118.67951562633861 31.84638522344688
348 118.91307442923593 32.32172508174214
349 118.88683615719272 31.918854214978428
350 119.13504483226504 32.0933749750692
351 118.74199452794849 31.998219590634992
352 118.57774122749639 31.861016357645948
353 118.59390190706647 32.30584512207554
354 118.68896735133067 32.29199949710285
355 118.55518077797419 32.27471754084833
356 118.72818565714378 32.39354378818907
357 118.87720600043596 31.63288922381705
358 118.79759872729878 31.98471058460313
359 118.95151161575207 32.36314794579204
360 118.85877055198799 31.699171635126312
361 119.01394178677275 31.797241837399255
362 118.82994729180633 32.00892346779363
363 119.05564519776547 32.113887420325746
364 118.80360257315374 31.87620187072599
365 119.02425472025857 31.84958650662469
366 119.01129855683308 32.2370897480853
367 119.09062455814643 31.618574846123188
368 118.62274803673533 32.23708453606405
369 118.99786583377733 31.934800409383023
370 118.49910516242235 32.11840316942276
371 118.77403280785938 32.17217950019763
372 118.91520280697591 31.686179406527916
373 118.50076081048728 32.34099640600362
374 118.53667631353362 32.25958459203148
375 118.65186213097549 31.881754101399885
376 118.78936153192217 31.75658927493483
377 118.99141906502734 31.66301525050278
378 118.64809483422302 31.834308652460543
379 118.7718860716138 32.18146280940261
380 119.13620353468151 32.28608832777477
381 118.73086614419246 31.837072822791384
382 119.04405841201176 31.795046901506247
383 118.91511358728975 31.855819563279002
384 118.55673956479963 32.37198244775627
385 119.16776473554273 31.665920695142827
386 118.59042425590752 31.737469576921402
387 118.74917532456043 32.15731711376981
388 119.18949070977541 31.70333501899341
389 118.68212124297717 31.782655842963628
390 119.1496378171804 32.267202059124955
391 118.96137153588425 31.843247865089715
392 118.61714432986169 32.08602288532099
393 118.59229240180173 32.028057075217376
394 119.18015300927465 31.826685767324122
395 118.81456223571203 31.802304134093955
396 119.03937403228552 31.78806880597178
397 118.60279997442673 32.30149288747035
398 118.86318212887083 31.617305070837542
399 118.58037709182892 31.68774910965365
400 118.8291555822099 31.870933296667197
401 118.50532997325102 31.765228855633964
402 118.50735259471303 32.049827715159125
403 119.13344845119977 32.02489452590871
404 119.13718776649199 32.002834481123415
405 119.02847183531964 31.846386594703773
406 118.85555778548229 32.0152595906407
407 118.64599527162842 32.22522234193357
408 118.99270267277932 32.24058869327994
409 118.64223591362648 32.03718401565907
410 118.54895976374034 32.24004098443738
411 118.70792795511757 31.671156068186672
412 118.90342228461542 31.734700669942004
413 118.90467561084587 32.19944825768752
414 119.06687246141323 31.916582019304887
415 118.75771642194971 31.86138821789685
416 118.5927395607638 32.06364758897721
417 118.53863730370486 31.90907705487878
418 118.6549932534826 32.33183931465217
419 119.15422921258235 31.901094785930738
420 118.51924113139793 32.25695263633346
421 118.93611786969697 32.09499562445117
422 118.81740305510523 32.33858065450818
423 118.64050074489987 31.987103002203177
424 118.99807774939178 32.37193560029906
425 118.89710082571463 32.04012800985018
426 118.56837859815678 31.62781105650223
427 118.96572834095548 32.18652690440587
428 118.52851064346198 32.30164719653577
429 118.66108606649416 31.659067260165667
430 118.88379619419418 32.37923358288465
431 119.01700065344117 32.06663102260024
432 118.87350611126374 32.19062149772208
433 119.10282593843307 31.780139109335508
434 118.98124203397309 32.34966611500187
435 119.17968965641744 32.11941082676331
436 118.68789411306388 32.04801368952136
437 119.18611049835098 32.37627803848261
438 118.65567397773515 32.04727256567386
439 118.63541216963051 32.01184647556065
440 118.61765605426343 31.62601586276219
441 118.58528032564278 32.04811305962553
442 118.94053923759152 32.19391190435488
443 118.50212978176263 31.90390317161878
444 119.07090772441795 32.14950181411355
445 118.9522303558574 32.04046430278176
446 118.72409626896808 31.761071135208773
447 119.12220144323088 32.032757362851285
448 119.09439592122902 31.977768719632234
449 118.932280950102 31.863048194927718
450 118.52873252650453 32.133754815184034
451 119.18892907281747 31.655461318785093
452 118.92410382300629 31.885266804217196
453 119.15570081686174 31.946941680094728
454 118.59563028939192 32.38214883212859
455 118.5125617006915 32.16001731449
456 118.7178441262563 32.10861177248106
457 119.04274373807397 31.7198353450792
458 119.07144180120095 31.959716006379214
459 119.10224965091282 31.899722948998157
460 118.71567156559523 32.36257187497206
461 119.0620871219136 31.95645590419115
462 118.5958120872357 32.27516646322178
463 118.88562670282775 32.14604592355042
464 118.52782074031398 32.275273879570584
465 119.00058712670183 31.583471840387762
466 118.75691398637132 32.35690735370748
467 118.57869660072656 32.358960966715145
468 118.97860469165983 31.716352862450307
469 118.77910958251256 31.636132178047347
470 118.70075026623809 31.86162754718268
471 118.7489244539364 32.02982470277776
472 119.0484002086702 32.017569310370064
473 118.79277434314517 31.95592896390612
474 119.11927980030664 32.32152608477746
475 118.60470695979521 32.04879999465976
476 118.78733913708201 32.3447772235627
477 119.12706003799 32.065273684472395
478 118.90712834851716 31.754035776551195
479 119.00302177070006 32.39788045067995
480 119.0954993776231 32.39883923964413
481 118.86512320672503 31.95193406752779
482 118.60927826116293 32.19781207588646
483 118.72597530954637 32.12241392479067
484 118.6493748076845 31.750510640404983
485 118.62814162196797 32.06332720166721
486 118.91260888584961 32.1201208205403
487 118.6351679960001 32.08351350165022
488 119.06995468077666 32.02663391690317
489 118.81716833613412 32.07077046847578
490 119.07370187702945 32.1769793917894
491 119.0934819189948 32.208763078232124
492 118.97956722032714 31.687704341960004
493 119.05373180175256 32.33291971102695
494 119.06017197448888 31.994847634366934
495 118.91634081705767 32.15741269144902
496 118.72181584428569 31.908047342069
497 118.7943620396356 31.65281312489009
498 118.70649443083155 32.117761429456465
499 118.82606734440523 31.899007072052743
500 118.74967536268036 32.02001678897846
501 118.75425513507548 31.806646889415894
502 118.55235075661267 31.766944633581307
503 118.78474399547218 31.8295957958584
504 118.58786180439364 32.29367494729047
505 118.75333901465922 32.351005597802484
506 118.58540117376786 32.36370504694249
507 118.76132976328184 31.938631087859516
508 118.87768507416072 32.23734254510493
509 118.54397513850701 31.749117699886053
510 118.66389862160068 32.18401316512121
511 118.78699394157294 31.923453753749506
512 118.68995040461624 32.26175926396176
513 118.88802843622722 31.781765728604082
514 119.08687689373862 32.24883455434723
515 119.04970006165274 31.673894808360576
516 118.68334037467255 32.301907867653036
517 118.64157151472591 31.95364707957639
518 118.91179660344976 31.743773913107294
519 118.7771381564883 31.84274224479421
520 118.55200134213337 32.18405071778389
521 118.65498958131693 31.965123597374525
522 119.16494414423954 31.780184771504384
523 119.15283328752427 31.81507438865011
524 118.74794419949498 32.14673472701748
525 118.52153591992598 32.123964875083594
526 119.03814274336135 31.646870084638195
527 118.68404891183344 32.267447042648016
528 118.51718710507109 31.697036029440156
529 118.68083054051839 31.775730689449865
530 118.58584442249955 31.623627399983615
531 119.13140500065597 32.027305794804434
532 118.63731569129172 32.2948145971009
533 119.01070092534148 32.333253602808014
534 118.62195974249639 31.97993588927909
535 118.55428532213793 31.701908040827178
536 118.7721148039119 32.00165898804877
537 118.94167182965872 31.831850875946422
538 118.89015699953923 31.842445595529977
539 119.05264091089157 31.77544652130889
540 118.78141324410747 32.351130474446705
541 118.92846684996894 31.911092909926566
542 118.54234024590754 31.58587727856448
543 119.00780678828713 31.98332021624672
544 118.97221360187012 32.13782874198209
545 119.06048657775645 32.24011158590696
546 118.55068306590178 32.19379112235567
547 118.82014743569283 32.152842523899864
548 118.9618525011701 31.786434681925197
549 118.49703977787429 31.87160556779576
550 119.12388176557235 31.941766976205173
551 119.0666815565884 31.72991044112212
552 118.8637228842304 31.961781942089278
553 118.74557884220629 31.68335597476239
554 118.99456199595546 31.663931128315074
555 119.12564528841673 32.24842091216039
556 118.87231118892576 31.720037394224246
557 119.12400230618168 31.97046183702365
558 118.58914665622923 32.078078504760846
559 118.72272712687763 32.35630342320264
560 118.97160238249853 31.85714329300397
561 118.75638683143062 31.74089157341796
562 118.8569877565334 32.28401375367625
563 118.95134367070493 31.836316817531237
564 118.90480548053206 31.83105722880194
565 118.81341699285815 31.73721375320487
566 118.61784571487837 31.957955680222074
567 118.77586151266033 31.762096213618307
568 118.65367784825904 31.90328673162795
569 119.0333836436412 31.858676619597865
570 119.05104627126913 32.11987257671262
571 118.65308726055187 31.955068789889815
572 118.90976968652036 32.11615528710693
573 118.99334650071991 31.847366830336334
574 118.82207038171484 31.89431977750803
575 118.55154243902193 32.38107162204836
576 118.97414179295019 31.801962143764868
577 118.55185892789633 32.20087905641134
578 118.9679781020516 32.160149215212506
579 118.57180731566943 32.102652357731316
580 118.95708964433362 31.687968140404685
581 118.68999762468549 31.59901680309475
582 118.7634963746899 32.19933539797413
583 119.1865452063142 31.6527784217789
584 119.15589001002402 31.793580979841433
585 118.87991908641297 32.36655069814323
586 118.95346900443344 32.3787539478345
587 119.0593493328718 32.339623069933864
588 119.0117125580857 32.04956163102084
589 118.58695685131337 31.961571445272952
590 118.79651242507909 31.97481875227067
591 119.07857975179513 31.873548109564883
592 119.01241076584594 32.390139684124314
593 118.61516287045023 32.24890488205078
594 119.09104660751315 32.42060237580102
595 118.93692748898019 31.84485385969065
596 118.70646827225664 32.068797120263454
597 118.53011781254844 32.12582909774973
598 119.02485398977426 31.920897511423387
599 118.82731246767898 32.06539955104028
600 119.18767115963281 31.731345019069785
601 118.6740147926359 31.85418850092605
602 118.56293257516413 31.704499212229127
603 118.6637640675702 32.079020363307585
604 118.80002032983926 31.87763545580766
605 118.5289128544131 31.935262220216742
606 118.74005823608921 31.910147358328718
607 118.65154047276457 31.643110233888052
608 119.16602383609032 32.329909140238705
609 118.63038953798502 32.15748349631964
610 119.11826494423141 31.84476427894749
611 118.57617375006205 32.31529891269628
612 118.90339809593446 32.16248834981115
613 118.94035671961358 32.39161672382713
614 118.89081452547154 31.98891160507124
615 119.15626997066083 31.685677123895427
616 118.80557764643945 31.688471847202436
617 118.94716324846361 32.17619294863356
618 119.11519980209322 32.04632800736276
619 118.66230941174791 31.77348512744409
620 118.8613136852553 32.010847544284054
621 119.18569283559613 32.01995360854162
622 119.05120588323676 32.3008228610076
623 119.00405162625988 31.60584485240514
624 118.7970224871027 31.699191242292066
625 119.10921504909527 31.92032160963083
626 119.07977429140335 31.694847345326206
627 118.80373465933329 32.36887486846704
628 118.89033732698574 31.76333566793582
629 118.96475327573438 32.09870937093239
630 119.0322124551522 31.948956883228373
631 118.82516057070377 32.21581239750572
632 118.73709319990242 31.62691875362464
633 118.61447215876245 31.862497678482907
634 119.02791553110833 31.978259729981794
635 119.02042327262363 31.68459975072512
636 118.622579459934 32.07733673926236
637 119.10905560963442 32.00519446720292
638 118.59629705451734 32.26289641940372
639 119.07918109772875 31.970314968157655
640 118.61247445764023 31.851347615437373
641 118.94964784874435 31.83566210109891
642 118.86364515875724 31.81903907125013
643 118.60329242740993 32.3468915942992
644 119.01324160216856 32.232578175298435
645 119.00907858885452 31.86644478360349
646 119.12800769064246 31.952598613222563
647 118.82794842652433 31.6790317600188
648 118.87695461512705 32.073484771457366
649 118.96221550413529 32.18828796024365
650 119.11167552242365 31.804037950920286
651 118.77795942533747 31.97821317480587
652 118.96718722250583 32.12958570949724
653 118.91455470622215 31.983940661352197
654 118.63768749790617 32.029503545248005
655 118.98401899050883 31.761318622024458
656 119.07809913184514 32.21425050697126
657 118.82374681117568 31.685996859817138
658 119.18632876026724 31.972117203628418
659 118.87870716034665 31.841111477314357
660 119.12264593579512 31.694235893354534
661 119.01709557356816 32.29200272119304
662 118.77456617843362 31.757492215422804
663 118.7348919863205 31.975947704039324
664 118.76020180345604 32.093223441806956
665 118.7437632221348 31.842007537498798
666 118.52873934368891 31.999083791679613
667 118.5114867713946 32.003672181882465
668 118.79292925319494 31.940432536313192
669 118.6264982165555 31.885524779805582
670 119.08186955351898 31.79225218117939
671 119.17052203675189 32.31888725419224
672 118.70968268266998 31.986878699766393
673 119.0256108427649 32.15101042060223
674 118.75162878913656 32.01542208499751
675 119.10731415755639 31.848183364072845
676 118.8278204330021 31.988856009171243
677 119.14651170034341 32.23514527713749
678 118.99781365573345 32.285444421739484
679 118.58341824716055 32.36009861188574
680 118.59829543651865 31.790696366468683
681 118.80302791613585 31.870797999012954
682 118.90506575417267 31.687341859856225
683 118.85284659713135 32.405913134215425
684 119.12473076209889 32.11411156121939
685 118.51141668439301 32.144124769202605
686 118.58179879585006 31.966927134079125
687 118.68937533566971 31.816725462620358
688 119.1242068971583 31.920069834849564
689 118.49438455819708 31.857086809269873
690 118.87937826973484 32.038755215913255
691 118.49886175066983 32.25149744787066
692 118.8856670692587 32.275634461240735
693 118.8465724289176 31.83798938007413
694 118.59433479423143 31.73211749064732
695 118.9191970239315 32.19220493269935
696 118.93558123957251 31.936137567801612
697 118.81494739368752 31.74167813339829
698 119.04539335536451 32.10921613133738
699 118.54537285191962 31.688128348303824
700 118.72964982518583 31.683081891092858
701 118.8444621947347 31.594168295405925
702 118.71261172369292 31.745639901037357
703 118.59070085844436 31.96969868147826
704 118.57591479886908 31.74750081917505
705 119.0414698419654 31.640943747204727
706 118.68615491298166 31.98945117577753
707 118.96156475551106 32.313782129718994
708 119.09328632655412 31.611306518292754
709 118.71059222112476 31.790990452255947
710 118.62046975733955 32.332967875203224
711 118.89616182777192 32.11222700419398
712 119.0794172312105 32.2464910897693
713 118.76376624528382 32.314189141967205
714 119.07989028774827 31.770865424283034
715 119.1899897300246 32.209815922869126
716 118.97747553946877 31.82001541656964
717 119.11767632053723 32.325658019398894
718 118.5519988289477 32.36134238404476
719 118.76906554615013 31.729664447382486
720 119.10580035880695 32.28879217168852
721 119.02144624000093 31.65353573045648
722 118.58262651366363 32.07869969206665
723 118.67314829187258 31.977770575177484
724 118.71939013590394 32.07236961106125
725 118.94470844953788 32.20370133071009
726 119.02111819662068 32.3144095030239
727 118.84912439908541 31.994534262228473
728 118.52472377168463 31.63948600989677
729 119.12930684611447 32.3536663880342
730 119.1641201566278 31.636954293519548
731 118.73856691943196 32.23745261194009
732 119.07326984090162 31.715192324358775
733 118.86583438936192 32.32240349400927
734 118.82670975267229 32.089442128107265
735 119.17420419066102 31.84562758617856
736 118.48835567244579 32.27544346273399
737 118.7866889656915 31.72948249101481
738 118.64350554379637 31.777708654796754
739 118.82293247494243 31.835694587291076
740 118.81482449489818 31.90508627723487
741 118.62873684037291 31.794126388888525
742 118.91350240625476 32.323959570292004
743 118.76335565695051 31.952516119215385
744 119.12565105834405 32.363891171356435
745 119.15557654310376 31.836589195598332
746 118.76014925145645 31.973993903455224
747 119.02722730593267 32.27674491882768
748 118.94821589884063 32.38517856281012
749 118.76050268000523 31.976425112062884
750 118.70186168929666 31.969997456399298
751 119.14795140302586 32.34655732551342
752 118.65962194166875 31.94151439329931
753 119.05290387796943 31.954039106431424
754 119.04846096995522 32.374784989446056
755 118.62975720802268 31.992173659441423
756 118.76032488404032 31.67882309527228
757 118.8091420843715 32.36106899710918
758 118.8648390181482 31.960166572024406
759 118.91986703164407 31.881406047868122
760 118.75859712112056 32.323993682040395
761 118.92791825580832 31.597996050546918
762 118.8011697610398 32.37662817804321
763 119.16580463937198 31.662515086823465
764 118.97036088405433 31.65078741468933
765 118.85534536647064 32.32709985000434
766 118.88695246267865 31.96190570093691
767 118.581848567046 31.728690650340305
768 118.6768467803955 32.38103789215808
769 118.991959711525 31.844490386932392
770 119.21955213621582 32.344998944917066
771 118.72785847444379 31.98484075824481
772 119.20565816206046 31.91860606277317
773 118.74589825553814 32.05240723408522
774 118.81006137846366 32.31931166849814
775 119.17481826745804 32.38646152689199
776 119.06950719629336 32.147053881465816
777 118.88289172861865 31.90688129133427
778 119.18246820484433 32.262527968295466
779 119.20485597832806 32.34171188932187
780 118.62083989232123 32.04316862733853
781 119.05767078266305 32.19270004391486
782 118.68679691531177 32.31285196478944
783 118.71117134982774 32.169176998807586
784 118.80576368719163 32.11370521513294
785 118.8399730621124 31.891010548301743
786 118.59629227772479 32.083882944192055
787 119.02793337216202 31.781988330033197
788 118.51534476291476 31.713213723324305
789 119.1972070042259 31.803965617567947
790 118.67568440093721 31.943493685867068
791 118.9990527333838 31.879027726796913
792 118.8580781410184 32.17267482365096
793 119.09081285180751 31.914455057869947
794 118.6188518619907 31.978829671226176
795 118.51972385160093 31.81190351167164
796 118.6239379963199 31.669659224751125
797 118.96783100955034 32.17443010480695
798 119.08340877494142 31.773707316022808
799 118.61696513980272 31.97284810622751
800 118.91779798615879 32.082795161363215
801 118.5126334313374 32.13639603369193
802 119.07419942492494 31.944895201059786
803 118.58199189014248 31.790942357385926
804 118.61942312506612 32.31597981239198
805 118.94538506162452 32.14082548734305
806 118.80789404396705 31.794338277451896
807 118.69456710215363 32.245639128864426
808 119.1682451404758 32.047537034360225
809 118.87153786643499 31.962110762930852
810 118.61914923986829 31.696761232859366
811 118.79913408469528 31.78303294758363
812 118.9857826263765 31.69187012758721
813 118.81858436768688 32.136590100867586
814 118.59465777889594 32.170898837852036
815 118.61260069268985 31.969651556404987
816 118.65512258760383 31.647969279115117
817 118.87748972685836 31.721014100947517
818 118.9417724151967 32.341278018111026
819 118.82894386416656 32.31450156485097
820 118.62635030415535 31.91994052084978
821 118.7395918223239 31.718264413387
822 119.12484616748286 31.96587738085728
823 118.67757140985346 31.938489723482416
824 118.97700313950486 31.620231613479742
825 118.75482690871378 32.18524376505883
826 119.19469051989148 32.09955846451951
827 118.49777642693755 32.044548645837345
828 118.70420298289648 32.254730605461496
829 119.04994200590217 32.27832165576037
830 118.53866199251063 31.76713619083745
831 118.76520949332725 31.660035051064924
832 119.17199030585324 31.904229395741144
833 118.98869081529045 32.28103013277553
834 118.5969393771666 32.21549971469493
835 118.55931137241119 31.805894802353354
836 119.17661727117155 32.22620538617133
837 119.15201704227276 32.07483846802124
838 118.62271156860376 31.808770938361242
839 119.12164926433053 32.149417312461544
840 119.02318299723119 31.84240618059383
841 118.79587236328005 31.861496835227626
842 118.6675886530342 31.772201175695038
843 118.5932862463604 32.05053259961393
844 118.658265655717 31.992213436300283
845 118.83471576342266 32.09315086933247
846 118.53081668148477 31.603092295451766
847 118.93824371080314 31.921895615295362
848 118.92658314741831 31.633174478362246
849 118.91502796329753 31.851195584933283
850 119.07686262144179 31.671711702623433
851 118.561365349273 32.06169691592117
852 119.19348762558755 32.35004062856132
853 118.82881879411282 32.27415071743565
854 118.84544593058021 31.992853497629493
855 118.60588167317175 31.889290031775115
856 118.94843727020623 31.60521378712988
857 119.12894704324093 32.12642119374398
858 118.55985582312984 31.839940350798358
859 118.70660004716157 31.94238873052739
860 119.05956320867602 32.08487248524792
861 118.51339914868205 31.750779759688335
862 118.90851788106032 32.034284130318625
863 118.65677138536874 31.95988157258759
864 118.85747103955991 31.914468109791017
865 118.60519378644665 32.269963664469415
866 118.7446777617237 32.19505744271069
867 118.7420739158384 31.69726698377328
868 118.78383708518115 32.31607455369522
869 119.16803241727457 31.590111059289235
870 118.58112646876397 31.78346659748925
871 118.69546335369621 31.701173586505256
872 118.97715636049291 31.86278663497171
873 118.75787139221103 31.685669526919046
874 119.15099140799661 31.82266886422961
875 118.73123259320565 31.924204390971912
876 119.15376550733312 31.980851688181815
877 118.5884690615694 31.826840576506026
878 118.81934624509296 31.64941634733035
879 118.85862471836178 32.010470371237126
880 118.92301635159257 32.07562060181472
881 118.78207617691983 32.111684527036246
882 118.86793639663725 31.5945202057318
883 118.64858152118471 31.676895131911262
884 118.66523000772781 32.12843906824956
885 118.57902029551704 31.726777668060016
886 118.88384619256064 31.68706964754556
887 118.84351055758795 31.949754189774957
888 119.1957788865279 31.896686165256366
889 119.05496265087636 32.12492822597717
890 118.99233381323766 31.617552259705022
891 118.72746815610581 31.79884943470541
892 118.66722149322389 31.809164879489934
893 118.97649841288313 31.844232881169457
894 118.66158283451716 31.605537207427716
895 118.53157954896812 32.03735940673604
896 118.71140081289671 31.609008041103706
897 118.85744324510655 31.834245398972183
898 118.62504378980574 32.32356511850824
899 118.57532666920584 31.72371771681917
900 119.12321812211452 32.14996627736166
901 118.82639569628589 31.983379271132538
902 118.52734166239284 32.32071752605774
903 118.66745066888575 31.953394985992155
904 118.53572995965378 31.758722172125648
905 118.69137748101569 32.4011752142974
906 118.79359352168746 32.16232355370058
907 118.58458128589282 31.70197577278711
908 119.14145157226737 32.03188296742952
909 118.82999292717628 31.866040560443594
910 119.08718930683737 32.30972364844957
911 119.07136441779902 31.736108496434525
912 118.59706324042028 32.10407551567103
913 118.54158039265683 32.356982925936826
914 118.90577682951819 32.347822583624236
915 118.51760345391835 32.31405431837663
916 119.0599237888843 32.12235257065687
917 118.71319482470035 31.846690783648413
918 119.02410611973642 31.65072481016744
919 118.63026401392393 31.74226242210801
920 118.72433136888456 32.31373486491428
921 118.94320233231565 32.156493381366424
922 118.66543119073151 31.659630616399667
923 118.66284983037225 32.372946066144465
924 118.75028275128365 31.99926237518484
925 118.54193178129184 31.74920870620085
926 118.99237185473308 31.978728651486097
927 118.57756013131288 31.93904965883558
928 118.66253442482443 31.773821155743793
929 118.5489351299994 32.10174002062622
930 118.82364440093221 32.030517262286644
931 118.70052202674204 31.815390116240778
932 118.85649588055918 32.217268025821575
933 118.94927798296358 32.03146363455191
934 118.63396197252248 31.87948641429716
935 118.73800620496075 31.725490191771243
936 118.87635223331363 31.999525164831137
937 118.67283680350806 31.72107912332698
938 119.13147763179157 32.3271650441655
939 118.54623383113939 32.023822697147516
940 118.60487930492296 32.329790890271696
941 118.7119328543936 31.860057948359948
942 118.94672780464441 31.946956541357167
943 118.5426168837158 32.02254343503167
944 119.13690378946478 32.30160002881429
945 119.1220268199977 31.70133195372816
946 118.95597996069007 31.91984430809468
947 118.75580617418098 31.679196473805003
948 118.68547258984046 32.36113549266025
949 118.7291387310236 32.24360417619289
950 119.12191130642468 31.93337358006648
951 118.86845374060434 32.123619210413196
952 119.1610714524152 32.051625287804384
953 118.84770224176114 32.08225594811612
954 118.64358221105124 32.26203103521954
955 118.57403385194917 32.37893399720443
956 118.9668206584833 31.662113353116233
957 118.7165471373773 32.04138779393074
958 118.95128383727916 32.32417903553125
959 119.16126874472523 31.92468808601325
960 118.5174758185338 31.793837434772367
961 118.56681020415981 31.695295650229426
962 118.73246223132043 32.11635114636871
963 118.70742030807438 31.749421553734972
964 118.76571788886135 31.888984149341265
965 118.81141031902811 31.895046344498034
966 118.7833715766426 32.08916483189282
967 118.55798741657009 32.37605400834307
968 118.73116074137936 32.396349791980796
969 118.60983280435822 31.833130137216816
970 118.61531958805094 31.811284503307334
971 118.91517927380103 32.18455343815374
972 118.52249328682747 32.156657211873515
973 118.67967005248418 31.833670811607742
974 118.93305322894011 32.361355055828234
975 118.68945339578802 32.24062451861819
976 118.85190127415682 31.743260431762923
977 118.825026575186 32.001078359086286
978 118.93522333717144 31.6576297609759
979 119.07826826498274 32.03296825778813
980 118.68617392420852 32.047734691869344
981 119.12960822667996 31.7609266557802
982 118.97268220167591 31.65583440270283
983 118.78177944788195 31.730380461221564
984 119.08839778262312 32.02194651396701
985 118.78312145548219 31.64596408279765
986 118.98809690111388 31.752632198654954
987 119.11918664739846 31.746461375168263
988 118.68942299750782 31.912359447448726
989 118.84015062861057 32.02215854682197
990 118.77298481976302 31.881256757187412
991 118.56846094013335 32.10012889114527
992 118.5779628430385 32.33131152019144
993 118.56750280878123 31.794510137476703
994 119.12450468134499 32.38906102569384
995 119.12844773364858 31.865253935638794
996 118.73680988663806 32.09771853961991
997 119.1013561038116 31.89101667816535
998 119.16560146095784 32.15418625923848
999 119.02751982630278 32.28935330553822
1000 118.67069967112481 32.24142014783729
