1 118.94108901756128 31.943394017323783
2 118.90402751109285 31.61556393480377
3 118.61401341720206 32.05719535597058
4 119.05802009854918 31.969089942452467
5 119.17200503931484 31.94242517936246
6 118.95671737333879 31.866674172637598
7 118.90592210921164 31.74376260375606
8 118.61341193065982 32.07218487283331
9 118.6971081176267 31.827348763494186
10 118.74810059877453 31.821480436315703
11 118.62372664210152 32.09184406720098
12 119.20344945444906 32.0288519496897
13 119.15228910665826 31.711772930340967
14 118.76703830303697 31.982664619961106
15 118.61596309233309 31.74127770047975
16 118.76935804459787 32.236954016546484
17 118.62821348579509 32.299267868499534
18 118.86732733252416 32.00577892923229
19 118.66563207521698 32.28381140716652
20 118.53157597245118 31.672765540003414
21 118.93765832911217 32.00081663604871
22 118.74332566912562 31.648829596173965
23 118.98610078976317 31.93369016861522
24 118.85395441443612 31.682645518466558
25 118.97577631943939 31.694043304572542
26 118.73498456889139 32.09263635935407
27 118.89739694510716 31.773863076799405
28 118.84309595118083 31.675496712364517
29 118.92500086120648 31.788023375894646
30 118.52840804415601 31.866453310137867
31 119.1877752472669 31.983529755603843
32 118.66949750906666 31.758997377912742
33 118.54665387180279 32.10215191762367
34 118.69770794051296 32.001719007490564
35 118.99094401897612 32.0312876790431
36 119.14545741888132 31.915002379370858
37 119.09245301945734 32.213571585300514
38 118.69560600556373 32.053279540260526
39 119.09930478370403 31.71351514966248
40 118.55688747994607 32.14337118899285
41 118.55658265346297 32.370909441173886
42 118.63538215830577 32.0101740597978
43 119.03570313647192 32.307533303572136
44 118.99472779531459 31.864984168186375
45 118.5790270687285 32.069789765621
46 119.01898998180152 31.935887828781382
47 119.02104616498282 31.927421437556816
48 118.60102920412463 32.24026415342891
49 118.96663773898796 32.0265908881259
50 118.79052999886724 32.35362203579356
51 118.54499529115387 32.02988793740436
52 118.87143432932535 31.682735109066087
53 118.83606444961265 31.89849837119966
54 119.107764921618 32.28594110452522
55 118.94187409065638 31.965232805219788
56 119.09966117419415 31.620618156865245
57 118.84781352681053 31.822010300640642
58 118.9975238357078 31.64692269119897
59 119.172780137072 32.38854684949681
60 118.51490382983488 32.380692336054935
61 118.79000943211793 32.24060666899541
62 118.81005376628593 32.0726147394086
63 119.04015983709827 32.219153867028226
64 118.53731204576611 31.747420605565758
65 118.90376005109235 31.83196556442917
66 118.68762590565932 32.00854633636895
67 118.79318898371719 31.883011102218312
68 118.96856262300253 31.655417993562537
69 118.93442579116618 32.35963476141123
70 118.67398941247254 31.974778248045304
71 118.62635160341081 31.996517914654
72 119.0749254118202 31.882361611929166
73 118.85822965369299 31.825474671704736
74 119.17080981845868 31.897774321426613
75 118.95080413560494 32.26464668011647
76 118.64378283890504 32.22366846224672
77 118.62027355029798 31.875701353165258
78 118.730765241154 31.62364490136688
79 119.0414807377181 32.22279905240268
80 118.83130368989487 31.80428502695107
81 118.89715074613427 32.07714427113408
82 118.92643672790025 31.616779972440263
83 118.65251242984796 32.11617610973371
84 118.72622621172258 31.931085140296748
85 118.7057634874828 31.968864285021112
86 119.14304281346662 31.923599151583275
87 118.51608706435087 31.887898896935358
88 119.17212986156525 32.014744372353974
89 118.61703142212122 32.37932040609475
90 118.85479713673661 31.700204985582918
91 118.69215312047514 31.868486216636498
92 118.70141865395341 31.612559006151855
93 119.03112271281624 32.206573858252305
94 119.00141674595272 32.13672375123138
95 119.03641233880172 31.76836239722108
96 118.61320827457365 31.91146839567334
97 118.64793727265499 32.13384181350471
98 119.03181855211417 32.13653353072926
99 118.56404174550036 31.72566587202395
100 119.09162433930243 32.32653937513303
101 119.11209240204604 32.24436460092604
102 118.85550923045304 31.681106367333477
103 118.98396478735238 32.28465052388743
104 118.7239953024952 32.212423415028695
105 118.94493228270993 32.25463153647554
106 118.52643971888443 32.022047265032676
107 118.68114616591343 31.790284129082806
108 118.79952129161411 32.36218701572828
109 118.87593227166117 32.08256611191414
110 119.19697530983942 31.87858104102766
111 119.21378792057668 31.834541579440707
112 118.58294883273783 32.32465559958075
113 118.70793746944484 31.94967931734604
114 118.54840650586188 32.05206618878756
115 118.72559502622907 32.110049356512484
116 119.15407482126598 32.270152636870925
117 118.90928237342162 32.08891267193901
118 118.52615990085943 31.747285316905707
119 118.8868753207902 32.059397114643396
120 119.16770767020036 31.99960223421826
121 119.19202676904916 32.040032768659806
122 119.13132394685964 32.15772462382511
123 119.02670816840897 31.790569433383315
124 118.65305501379272 31.748270345959774
125 119.1364376585085 31.69295847630247
126 118.72508050170319 31.84248546046186
127 119.11760123370563 31.606000368493874
128 118.51987646685858 32.09332873685601
129 118.54943261107935 31.836693142422128
130 119.05019811790768 31.754491514962677
131 118.54805720606646 31.679943524403804
132 118.80126844019708 31.80650555896338
133 118.75545146867671 31.782895248235146
134 118.65096938332296 31.831003267526288
135 118.75817205739426 31.96718491430832
136 118.84019860964634 32.03010367700831
137 119.11157545117945 32.24782953282047
138 118.9404979679858 32.369196948402546
139 119.13615356563095 31.645392836854704
140 119.10463660882691 31.802841729588625
141 118.60526184643058 32.09283352344167
142 118.77346248111962 31.767353391310007
143 118.85112234303352 32.29601626889874
144 118.67836608525647 31.74244749672619
145 118.87975361358762 32.17839003752545
146 119.20051853838771 32.096052589846565
147 118.66247411184338 32.22425174837056
148 119.06061216116213 31.625312528438418
149 119.20367841832697 31.7939540393448
150 118.66537041556661 32.174174229064754
151 119.11262966441008 31.706873864149113
152 118.62800955103728 31.637255744280655
153 119.14332791536987 31.883856376007937
154 118.68856594897179 32.09008045995477
155 118.68739364983394 31.60334792123936
156 119.13087448296136 31.671199486245012
157 118.69811160481723 31.616930429367276
158 118.6518221729485 31.918141995538903
159 118.71407157755478 32.143394117621746
160 119.00105263752744 31.769176206750956
161 118.51226320905748 32.27518368089288
162 118.62310302646934 31.951047188801564
163 118.57595760997195 32.098761001939245
164 118.84847702509889 31.83269688441857
165 118.52077543142973 32.106734895787454
166 119.14725887549073 32.385513693902595
167 118.8275099955722 31.960352871707606
168 118.92556968164025 31.76246255381069
169 118.64665546407603 31.96002293873843
170 119.00361252321933 31.936323272423987
171 118.50594918902273 32.003644174746
172 118.55460278284363 32.01310943193652
173 119.14519398455896 31.64646474000357
174 118.62153591139423 31.73253327481567
175 118.84079470310718 31.97095469549018
176 118.88758892771132 32.16394197189163
177 118.6112151915926 32.24506689751881
178 118.91918130940617 32.202030631058165
179 118.68055369195088 32.02241882668522
180 118.96327387509874 32.35095152575752
181 118.69662601388066 31.85929138614071
182 118.77930407481327 31.978070759822796
183 118.84133318047242 32.235590400356905
184 118.49635607735895 32.253538811246294
185 118.58290411125064 31.911747356611798
186 118.54983364421832 32.27992392055975
187 118.79849392890269 31.9520317407775
188 118.88079854730799 32.176454769137464
189 119.18315077783092 31.586870071837115
190 118.72900992005518 31.609088120905533
191 118.60872835111584 32.335438567411586
192 119.16151383030203 31.691182907618757
193 118.8852747386275 32.16164433193187
194 119.16806928732443 31.84289856116845
195 118.73533167799746 31.750492189913842
196 118.54691954409216 31.88343719225705
197 118.84870802751716 32.346137279923134
198 119.22143907848269 32.0630490979894
199 118.54505162788554 32.32520277025472
200 118.87347534553692 32.17183217177251
201 119.08274426101748 31.978812398642052
202 118.66559393487806 32.000226474716875
203 119.05724068195305 31.781893370416178
204 118.5453320504009 31.617120248351025
205 118.70571500941266 31.90318807515096
206 118.61416366753963 32.04000715204652
207 119.16616755485039 32.31747662796464
208 118.9402770398904 32.126605488259074
209 118.70348638788832 32.261464401803245
210 119.1388684151869 32.31436966382634
211 118.89076959230337 32.326803045944835
212 118.7573953486708 32.24396440356653
213 118.98575133228599 31.707855114883266
214 118.96116700028765 31.874469106764362
215 119.19105675790787 31.74807081815556
216 118.51741015517376 32.293278464419444
217 119.08850020006379 32.21374012519479
218 118.97204443209694 31.88212528752378
219 118.6120144060926 32.049958164975955
220 118.75500707750082 32.26788300348775
221 118.51502136738027 32.275257280667745
222 119.09203659347642 31.748709634991616
223 118.55463365091849 32.20146541175512
224 118.639973439118 32.265665147447024
225 118.97431489648451 31.667018729992066
226 119.03544501855791 31.679899581580965
227 118.68028941795947 31.946607299082313
228 118.62722596245233 31.788293103132666
229 118.52257899686062 32.3031813494538
230 118.55126954162488 32.19475593218574
231 119.12256827039683 32.170960468071776
232 118.66305271321008 32.19443333672228
233 118.76777580420021 31.83871095578741
234 119.04416667567112 31.783171597404234
235 119.16262977852996 32.08632924222439
236 119.12786508398898 31.907714865370654
237 119.10710745176227 32.343166642431235
238 119.07807575946774 32.137362190720594
239 118.746363544516 31.90324815788862
240 118.95493035316308 32.258494525396024
241 118.99944016982671 31.919927452988393
242 118.7980328070624 31.720998851781733
243 118.93430740372045 32.214881316275225
244 119.18075933067563 32.005625240870124
245 118.72294562088437 31.797211784600297
246 119.16431246963639 32.147311910475295
247 119.17842341294292 32.38429211985405
248 118.89820389843226 31.796009145363588
249 119.16393880392812 32.230041282034605
250 119.0017412264609 32.192961602293586
251 118.99351319256769 31.691411294940554
252 118.58063537903746 32.28231576760351
253 119.03544331554455 31.973107591722542
254 118.62216571547361 31.679844796888762
255 119.0498455556647 32.02486048299675
256 118.52619422811162 31.859590488398336
257 119.12545957648052 31.721557132519823
258 118.62981905114626 31.66541477098548
259 119.08276126977579 31.780269049391922
260 119.11446059502653 31.954037293489215
261 118.5498759590188 32.10555151133859
262 118.56420819219349 31.6626189180716
263 119.16871239393076 32.16302832638235
264 119.18026317666313 31.685031556387294
265 118.54320662667094 31.739777622685125
266 118.94137005550041 32.17917383752003
267 118.76492423252675 32.28674641474261
268 118.52751504042426 32.34906235567976
269 119.10073758092041 32.112863893115964
270 118.9643197465407 31.967647614785413
271 118.57075046327853 31.686728552363974
272 118.80878083990154 32.059891252251795
273 118.79387172298881 31.7220588240475
274 119.17777330389973 32.01127396136346
275 119.19299739039019 32.08591764995872
276 118.66105594937052 32.273218452245736
277 119.03081056023771 31.84782950175302
278 118.95186608720381 32.3872869242718
279 118.8234619549482 32.364710054223
280 118.89513494230303 32.275608994091066
281 118.7815192245735 32.17424904166853
282 118.51621793739025 32.16173727596224
283 119.03372108755276 32.31759445131835
284 119.04013356011427 32.35805456180493
285 119.13846054615514 32.2594348002116
286 118.8389041529255 32.128105180482734
287 118.55274705677014 31.700138266135898
288 119.15719508768039 32.10574049202438
289 118.69305264749424 31.87666591252729
290 118.59161403146788 31.713837069366537
291 118.6009258739254 32.31607979554329
292 118.92541135809194 32.25563407650381
293 118.76082482754428 32.01523021095277
294 118.97222855007303 31.966413290438158
295 118.53079868221522 32.000549141333224
296 118.51051414407121 31.822212864525426
297 119.18641596559723 31.906313492692053
298 118.54642107985066 31.961574172904903
299 118.7526181236928 31.62776883487218
300 118.53172327174441 32.30502556134467
301 119.1370283854272 31.635123573974408
302 119.1042596522302 31.914878911885527
303 118.89707167225214 31.691642011894395
304 118.58359274968385 31.78871990567115
305 119.09572656253565 32.34535993392793
306 118.547051549348 31.89726624196109
307 118.80444532123458 32.175180457064194
308 118.71812018009834 31.684676996144365
309 119.20754152551875 31.781379974199602
310 119.17009629736502 32.295092635372576
311 119.0664257983815 32.315732439476875
312 118.81087543979527 31.79644995432703
313 118.85709354980268 32.384845666766694
314 118.90621947968296 32.140684471126214
315 118.88361019934219 32.01075968561463
316 118.62996750772622 31.883447686926747
317 118.67240000329498 31.87524128325228
318 119.00237378574656 32.38883495839329
319 119.08374535209123 32.16081029413228
320 119.16499609682391 32.008116461888704
321 119.04413302040167 31.633864762827685
322 118.92375077933531 31.794675311966625
323 118.54791216769767 32.345026664086326
324 118.56351056160477 32.03887336677108
325 118.6322387811163 31.872822761226686
326 118.98598725115718 31.636864852133986
327 118.69930724035927 31.81275396280849
328 118.78351129436064 31.790701402758042
329 118.59858937509935 31.723514967266105
330 118.66842624564497 31.88336169917237
331 118.7490951029799 31.73421589598935
332 118.93586579291826 31.67590761142459
333 119.1941163260294 31.713841188864336
334 118.60016858032225 31.982405303322835
335 118.71964209944785 31.646876795904245
336 119.20070243903929 32.34771897290282
337 119.10365808419195 31.77502945110144
338 119.1812257638577 31.996072983490077
339 118.86102363929467 31.91751004354905
340 118.66870985875718 31.843103868923194
341 118.63314553250126 31.866736747539615
342 119.06275548437895 31.790539001888874
343 119.16324815187124 31.83567344975462
344 118.92116507266883 31.701022056299017
345 118.9615117740641 32.141744123126045
346 119.14279688356028 32.08691233698219
347 118.67849319850127 31.845927880775868
348 118.89906011768592 32.32061885905041
349 118.89052340763209 31.9182940742675
350 119.13790080843216 32.09738491164725
351 118.73727483804277 31.995798001756306
352 118.58129097567615 31.86935775549389
353 118.59837727843157 32.30301741041217
354 118.6847101015559 32.27650844024959
355 118.55595175068214 32.27185613385231
356 118.7224058417589 32.38669107552912
357 118.87526847759867 31.626845018830014
358 118.8080171630568 31.984245054966177
359 118.94865807907867 32.36181100919869
360 118.87329756055388 31.700656541289977
361 119.01303302634861 31.79133268786836
362 118.82298981824188 32.00349053714562
363 119.05100656254879 32.10802525474822
364 118.79654244235908 31.87870892637555
365 119.03236608279317 31.84578263555287
366 119.01024217719552 32.2326759867428
367 119.10163074636701 31.62470970090775
368 118.60735524800992 32.238298729766875
369 118.99615897108222 31.951570716339766
370 118.49074937335975 32.12474165020858
371 118.76872544549713 32.169602139213225
372 118.92296991175644 31.68462278954586
373 118.49603146159737 32.33444769038334
374 118.5374725795205 32.25016695688906
375 118.65995822345454 31.876310343190735
376 118.79167926538275 31.758882441405508
377 118.98186572053369 31.667439166146796
378 118.65245750480923 31.83878380281722
379 118.77341398409182 32.18080085015564
380 119.13946273207601 32.29019045507113
381 118.72996215445178 31.84499158049217
382 119.03298992701684 31.79047126500812
383 118.92138292904846 31.856276819911873
384 118.55911873601096 32.37956793947725
385 119.17846316425162 31.66240119104598
386 118.58954500946157 31.73598967167623
387 118.7545415542932 32.154211938165346
388 119.19574200125737 31.702338262093225
389 118.67862036967976 31.778344441171743
390 119.14987046877765 32.26427159723735
391 118.96526690132245 31.8411826465951
392 118.61662456640963 32.08701997902192
393 118.58411941911314 32.02812152907346
394 119.17677306420454 31.83480428692415
395 118.81620998237618 31.80425215410116
396 119.03955337756099 31.78941517425114
397 118.60995903721987 32.30585463174263
398 118.86623471674898 31.615453964923212
399 118.57204854015879 31.697171093731058
400 118.83151310831022 31.86735950382346
401 118.50967341040594 31.76442572579748
402 118.50302903068804 32.03816844638493
403 119.13936753044493 32.0322181107843
404 119.13416121193004 32.0078018135655
405 119.01090727097166 31.837104814863515
406 118.85465514150773 32.0195282610704
407 118.63497562191876 32.22071276241037
408 118.9887139443793 32.243482258548354
409 118.64466327852476 32.032309924616996
410 118.54565860157307 32.23859103130003
411 118.71609345420347 31.665510697646035
412 118.904979079997 31.733517092256495
413 118.91079515661175 32.19976109377368
414 119.0724323229039 31.915465399020352
415 118.75531018518068 31.874155844645358
416 118.58877479875925 32.06027291398303
417 118.53800256660733 31.91313631254256
418 118.64855133935826 32.33241074351499
419 119.16040956863772 31.901924454132246
420 118.5115721994641 32.25374195368389
421 118.94127305471102 32.09120082876
422 118.81126123247856 32.34206889171914
423 118.63314368762583 31.984791360757082
424 118.98871817064419 32.369937453501514
425 118.89862451873672 32.04659973575815
426 118.57670680816615 31.622252419143535
427 118.96024707988344 32.19039133359952
428 118.53321455219935 32.29777632599243
429 118.66223429300355 31.657491435037514
430 118.89102921427356 32.3730194666156
431 119.01013633868004 32.05527705032569
432 118.86998908994886 32.199630231619544
433 119.10080542521092 31.77979800853144
434 118.97806133993001 32.35455989445837
435 119.17527707043155 32.11790632096868
436 118.6827941165113 32.06387910810936
437 119.18799049258288 32.36525089662947
438 118.65992709085522 32.04541940007091
439 118.63571474492234 32.02527288995373
440 118.61205311068709 31.6169782583218
441 118.5896259516873 32.03532162341989
442 118.93473762370091 32.19042521717076
443 118.50730898318247 31.90019124276042
444 119.07217050457503 32.15745687176134
445 118.94706951238459 32.03540393875604
446 118.72627077856328 31.768607330873458
447 119.12571715306983 32.02922671148509
448 119.09243247561783 31.989196489690354
449 118.93030833023978 31.86220729739499
450 118.51589111226866 32.128533838740495
451 119.18722822517265 31.656542507717187
452 118.9220775233005 31.89331285436765
453 119.15201329351207 31.946496593255613
454 118.58730908118704 32.38016929659491
455 118.50473088499852 32.16514448547797
456 118.71843820466646 32.116802916815544
457 119.04152483955923 31.729343929729463
458 119.0721527495969 31.96821682203307
459 119.10217558473715 31.904574571491814
460 118.72494888771436 32.35323154003453
461 119.05632791251055 31.96226337901692
462 118.59909483365121 32.272918506818606
463 118.89324436727034 32.14912155926568
464 118.52192345795184 32.27706496029433
465 119.00613188466508 31.58438827537134
466 118.75646715974226 32.3458822793565
467 118.57016983692063 32.364345044933344
468 118.97633741707298 31.724050408672593
469 118.79096573156782 31.638996067833926
470 118.70206558745471 31.858278914930754
471 118.74215793489272 32.02631774603038
472 119.04760007095224 32.02264425831393
473 118.7960014910406 31.966842073467316
474 119.12408967499893 32.31861496129454
475 118.60261763219454 32.044057028185925
476 118.79426463532124 32.34602918747015
477 119.13309170099905 32.0570256001501
478 118.90904954113005 31.752612290964183
479 118.9913244863219 32.400166917350845
480 119.09090581264093 32.395716401531075
481 118.86900368132072 31.949740398417962
482 118.61036698537877 32.19923067210399
483 118.72096343275928 32.12394749082259
484 118.66254308631581 31.751250514296245
485 118.62408524400172 32.06990154507252
486 118.9104972977686 32.12393698115462
487 118.6396300739837 32.07834645991479
488 119.07501585967155 32.03615957451818
489 118.81511673733827 32.07344177258597
490 119.08242165514066 32.17560226532118
491 119.09355847866472 32.199080852894575
492 118.96976190757724 31.677488246008753
493 119.0524385137539 32.33474963088029
494 119.06185373509362 31.99780725451709
495 118.91924270114843 32.15554781682249
496 118.71056305049723 31.902928467902157
497 118.80019225208638 31.666286081733993
498 118.70828119829505 32.12426461468545
499 118.82730807511895 31.90269713997381
500 118.73951183347003 32.026442758365214
501 118.75162932606356 31.8040132843352
502 118.56029821464386 31.773227908677075
503 118.78769734567555 31.83449041865577
504 118.5890306782099 32.30782595317152
505 118.75490561644631 32.34898885856047
506 118.5817446285796 32.359461525295565
507 118.76668092099558 31.936946890022483
508 118.88238258552072 32.22673710589524
509 118.53480620861133 31.750319799092093
510 118.66235261501068 32.1810925608147
511 118.77402329145396 31.921988162314168
512 118.69842622290079 32.25601414304232
513 118.88472815398998 31.773393882314494
514 119.08076507214666 32.24993718103178
515 119.05489849966968 31.679408911838514
516 118.68285489056201 32.30814985814298
517 118.64085569941977 31.951537506885842
518 118.91754441966634 31.74596933824224
519 118.77365037466886 31.836784893004364
520 118.55372371640384 32.17904881266495
521 118.64509340596064 31.969751143947672
522 119.17046795188918 31.784534271246496
523 119.14689303403883 31.818875497187168
524 118.74413733598264 32.14263198903497
525 118.5223154042581 32.119679463638356
526 119.03604294775931 31.648016932714285
527 118.68837394093424 32.27423007720056
528 118.51960824406157 31.699739895631698
529 118.6835078625761 31.784435872721158
530 118.5853508331391 31.612028978178934
531 119.12717780722576 32.025723411683984
532 118.63715513136951 32.29940840054814
533 119.00959416234245 32.33024995345278
534 118.62592899783162 31.973304058504176
535 118.56219778647908 31.684996914693368
536 118.77755394862713 31.994734372299963
537 118.93349524418723 31.824863788152907
538 118.87965599445027 31.83302601543789
539 119.04936479908129 31.769234176451484
540 118.77694477656247 32.348670061764544
541 118.93305463125236 31.906833007990006
542 118.54144935866832 31.59371371013891
543 119.0184842298385 31.98229789913038
544 118.96579594310668 32.13568359264561
545 119.07099868493312 32.246550383659944
546 118.55854938399627 32.18808941549631
547 118.82757821900002 32.14964645077811
548 118.9710377941046 31.80014260178724
549 118.47984202470938 31.866383609738836
550 119.12628789715558 31.936245883895648
551 119.06564618666606 31.727854203826908
552 118.86531589948687 31.965288538868336
553 118.75274732332987 31.681127514685674
554 118.99676189782112 31.672523063791413
555 119.12388548302816 32.25232604289839
556 118.86269026869451 31.727297024399586
557 119.12962028892088 31.963898207951235
558 118.56838666918422 32.07782449730643
559 118.72029360991434 32.35277908739871
560 118.98147078159732 31.859771249450205
561 118.76260205733325 31.731486249807283
562 118.86136138021867 32.29117547699933
563 118.9531936303883 31.836282591067903
564 118.90890776013359 31.83145528364439
565 118.80876509803984 31.727438298842163
566 118.62627724201224 31.943702566464317
567 118.78495526662836 31.75310925389773
568 118.64352176677862 31.901460782370847
569 119.03436908631434 31.855565751396487
570 119.06159084392651 32.13062204843179
571 118.65005401417741 31.957377470431116
572 118.91480888084047 32.11504588211623
573 118.99578433088847 31.845326308386927
574 118.81556750483824 31.892881668807146
575 118.55498829783605 32.377888877186
576 118.97016165916365 31.80565824085728
577 118.5619070252444 32.203675058200275
578 118.96576819062895 32.15112073035403
579 118.58024923317402 32.09292524722379
580 118.94578386824855 31.69603862131837
581 118.68532590073323 31.60451845918269
582 118.75421769892527 32.20724060917949
583 119.17768756936316 31.650861333020245
584 119.16040905056605 31.797791133215444
585 118.88100339493164 32.369390334617286
586 118.95558769530047 32.38108994471217
587 119.05653188271852 32.34699190143819
588 119.017953050406 32.045455432603156
589 118.58059110182202 31.975976571639112
590 118.78843178176436 31.96723889572212
591 119.08075420848022 31.870131125467555
592 119.02447217248331 32.384658510681156
593 118.6200287494923 32.2542667680832
594 119.0875040171971 32.421141392653965
595 118.94225586171802 31.8425385898302
596 118.70283677828817 32.065724419047875
597 118.52344043767404 32.12214341620023
598 119.01374533445811 31.917060428743383
599 118.82427964322764 32.06290338916201
600 119.18542387858753 31.72345024062616
601 118.67319318897373 31.850584533582722
602 118.56339645887114 31.71371882832215
603 118.66803115836139 32.071082973005204
604 118.80228613121464 31.87413783815777
605 118.53604956939708 31.939907929455593
606 118.7362576373779 31.90342562837479
607 118.65562737128718 31.63680993369709
608 119.17271008774604 32.324673317681864
609 118.63783516891272 32.15314789031272
610 119.10847823293848 31.851384844698202
611 118.5640799345034 32.32724916320528
612 118.90333581173991 32.15824706407363
613 118.93279009192818 32.39792390547862
614 118.89209250564097 31.98641436109067
615 119.15557606110686 31.683769645953657
616 118.7999433320935 31.684974200416118
617 118.94166748558541 32.17747452032803
618 119.119835980874 32.04699519176925
619 118.65806754220475 31.77354491690031
620 118.8656182597035 32.00480707182326
621 119.18862865657096 32.020811029525866
622 119.04369732367925 32.29566254150025
623 119.00442445282674 31.605551688802883
624 118.80347482289123 31.70289401525858
625 119.11728657205609 31.91614687736742
626 119.07451901948771 31.689229306248986
627 118.80656695509218 32.37203016864279
628 118.88213175722967 31.7675961895982
629 118.95823909348265 32.0987228358803
630 119.03329443053867 31.9547078553073
631 118.83524875004133 32.21803329906375
632 118.75096498974483 31.624221664356995
633 118.61062297613012 31.863913557407013
634 119.02909232109798 31.977129096346708
635 119.03229059065606 31.689223384128887
636 118.62089165886641 32.07139287644817
637 119.11051699163124 32.003237695649666
638 118.60085656595764 32.272364925312836
639 119.08021138299448 31.969409769001718
640 118.60935541800036 31.85270643029654
641 118.95080635587813 31.84703032219512
642 118.86646067405643 31.8124842215198
643 118.60223470670267 32.34515137982335
644 119.01780562502026 32.23898036944699
645 119.00623547615189 31.86147727223958
646 119.11428895694209 31.94752633617914
647 118.8300222697507 31.67782607512013
648 118.8776154210138 32.069474823092285
649 118.96458982189566 32.19706157709186
650 119.10173890981139 31.80697097613664
651 118.77149840521625 31.97600639007865
652 118.97080242749054 32.13745627209116
653 118.91401416532368 31.979715258408604
654 118.63786785938308 32.027903131149834
655 118.98758632693797 31.760842511124704
656 119.07729119753789 32.21428389497424
657 118.8282274838695 31.69069082464596
658 119.17922024020157 31.976894557693132
659 118.87181362418193 31.840433429114317
660 119.1382033695027 31.689322281114546
661 119.0156528652718 32.3001463165385
662 118.78106251976722 31.751425394874218
663 118.72912800296831 31.984481621488523
664 118.76981316280047 32.09698476312883
665 118.7482059464924 31.84100557862405
666 118.52522449939208 32.000539196460586
667 118.5234947423808 32.012631277682736
668 118.79857886005374 31.948845726402734
669 118.61923019553858 31.87817556498244
670 119.08166133358532 31.78598934383749
671 119.16148116136819 32.321050350719254
672 118.70358390121662 31.985809069727477
673 119.02496555026991 32.150451004628046
674 118.74889661310766 32.01496906117844
675 119.10466850590427 31.846611911269306
676 118.82147896129489 31.99951815850451
677 119.14895502095166 32.23746601074576
678 119.00349282333079 32.284478587643974
679 118.58461982130524 32.362169486750425
680 118.60528595586489 31.790533719466495
681 118.82039413747867 31.867374406773013
682 118.90348928446862 31.691292017251286
683 118.85348508581515 32.40255306004372
684 119.1372496519837 32.11863523935989
685 118.5130925989566 32.13707463890572
686 118.5783466975324 31.958291042052455
687 118.68406909871476 31.81493368655497
688 119.13405317209882 31.928449078489077
689 118.49409052680926 31.850492478176527
690 118.8833888884965 32.029574663819496
691 118.4958513311994 32.254675814182015
692 118.88264733584805 32.27786961953983
693 118.83956882701467 31.84481444973534
694 118.59668543212432 31.725206157617478
695 118.92383510478601 32.19159480799558
696 118.93062286032733 31.932671470851545
697 118.81500103431274 31.739073118112533
698 119.03687806037298 32.10874753681714
699 118.54067441393886 31.67484869518579
700 118.7246678000219 31.68580137583706
701 118.83256835377975 31.58096926561997
702 118.71818990932314 31.7550648441279
703 118.5886886077192 31.975645665455158
704 118.58276048680952 31.746096975688427
705 119.0445660098745 31.642000569478178
706 118.69430503890172 31.992968302106192
707 118.95722857552106 32.31323720872749
708 119.09383730825095 31.61094876674476
709 118.7112122223565 31.803710083643406
710 118.62411668950803 32.338862737483524
711 118.89575937088196 32.117267956323346
712 119.08604980722028 32.24861842274381
713 118.77151026426822 32.31121874484157
714 119.08539672484653 31.773414316785043
715 119.18981763602832 32.21407862243735
716 118.97326995814376 31.808795057325874
717 119.12791804833755 32.32755181349903
718 118.54816006049113 32.354200355159215
719 118.77629881740083 31.72929328526137
720 119.101720365254 32.28461472955182
721 119.02330572115592 31.644686094395265
722 118.57076975664118 32.08178932840434
723 118.66136474516075 31.977623794863256
724 118.72005718919672 32.08463453019213
725 118.94260618343421 32.19770172527127
726 119.0225768988908 32.304747650871484
727 118.84961188416476 31.99882001519811
728 118.5238920760136 31.647319715262658
729 119.13700401264347 32.35291199014237
730 119.17672704679828 31.646033697855177
731 118.73921034039101 32.24055240083569
732 119.06880228313153 31.718873352438933
733 118.87340945030158 32.320369890198094
734 118.82113755179282 32.10069804068063
735 119.16199364030686 31.84755494267848
736 118.4886029332938 32.2757308884604
737 118.77640694087384 31.72783598874844
738 118.64170992887438 31.782327267098907
739 118.82284658177234 31.83399366264172
740 118.79933781725174 31.906778480191683
741 118.62965424549091 31.791794836828927
742 118.90558845058835 32.31842714045271
743 118.76166062395446 31.944497964071502
744 119.12275508334896 32.366298014396754
745 119.15674444439071 31.841372726132207
746 118.75339845486405 31.970509019381947
747 119.03323834109098 32.27030469554987
748 118.94948482513433 32.3878618245245
749 118.76302441525829 31.978070738904243
750 118.70355904935678 31.97355047368354
751 119.16008517261407 32.35657758689023
752 118.66203328624812 31.93626470790337
753 119.05089827770534 31.95522562048526
754 119.03852264780726 32.381431611785764
755 118.62841656325358 31.99579588241277
756 118.76500580565578 31.674756082381474
757 118.81015361832141 32.36545180161932
758 118.85972752013834 31.946488726316698
759 118.926887578532 31.885409894142256
760 118.76238372198985 32.31538305033891
761 118.93040457975981 31.603244407525555
762 118.80177081298945 32.36919462808128
763 119.16647721651375 31.654694532693096
764 118.963182326368 31.648639024891665
765 118.84050668028809 32.327628285723556
766 118.89327992350354 31.96372775293171
767 118.57511818805604 31.72854198913725
768 118.68079457456467 32.3696528674239
769 118.99861514354343 31.843717667857877
770 119.21267583818044 32.34830982778853
771 118.73907549835866 31.978694039190472
772 119.20735001713757 31.918042639514898
773 118.74758706770069 32.05081546576411
774 118.81411457225954 32.32285121911444
775 119.16915242574171 32.39163835755726
776 119.06517616876488 32.1363319623747
777 118.88376789086522 31.90379771787054
778 119.18859774590474 32.26557031722892
779 119.20426863035865 32.33315404921437
780 118.61601542299378 32.02121217497256
781 119.06764409135832 32.19228546363946
782 118.67966280078966 32.32641917560561
783 118.71333851906444 32.16332004928086
784 118.79973036546544 32.10988858296697
785 118.838297306294 31.885463016575564
786 118.59242338577585 32.08125014903649
787 119.025244060028 31.776048939113068
788 118.50923927390173 31.714233210073086
789 119.19793195286165 31.80660970527618
790 118.68116436106314 31.93910188857951
791 118.9955073138549 31.876315681006627
792 118.85917170457628 32.164696910790084
793 119.08957414993938 31.913374795213127
794 118.61153229161485 31.97342982721657
795 118.51779031590338 31.81200083969016
796 118.62387845932864 31.67992853480342
797 118.96219873727352 32.17766287619388
798 119.08116580406528 31.78145488892169
799 118.61466933379477 31.97016950870408
800 118.92613140915483 32.09101144164047
801 118.52104337436919 32.128562932514924
802 119.06920661948178 31.938448414864055
803 118.58700244190135 31.794228209919993
804 118.62562642603521 32.315336128956595
805 118.95013522093619 32.15364007450389
806 118.79893338298305 31.787619542732262
807 118.70268061751509 32.247303801295345
808 119.16524724117176 32.046192590620244
809 118.87799756630011 31.966553063591057
810 118.61141342482661 31.704657508950355
811 118.8151564858623 31.784079294873596
812 118.99505979640148 31.69403531460118
813 118.8124566665135 32.1376475227505
814 118.59218883020348 32.17439478271682
815 118.61745606211815 31.979832942523
816 118.6591229959997 31.649104363724923
817 118.87387435961301 31.711181922413747
818 118.93622676180338 32.338245162256634
819 118.82832993054537 32.31177848452427
820 118.62706662280749 31.920521114695276
821 118.7362116992606 31.71961864015984
822 119.11380817847147 31.965689017860168
823 118.6799673176692 31.9396680377836
824 118.98455530920447 31.612474350517765
825 118.7533987932428 32.17751488356603
826 119.19320271303975 32.094979912253585
827 118.4930350205677 32.033457666675254
828 118.70764294172989 32.242022918879314
829 119.04180640766022 32.286759524105264
830 118.53168374700292 31.76655916380745
831 118.76171895749877 31.65301123679178
832 119.16084591250649 31.907515156127545
833 118.97647749949596 32.27277871807078
834 118.59131079251664 32.213038241410835
835 118.552873112399 31.801422251313753
836 119.17539478712325 32.21842659478783
837 119.14624395307843 32.06549061896505
838 118.61303331119554 31.795160965471407
839 119.11746396786315 32.14719585301753
840 119.01393530154374 31.837531958448352
841 118.7897761311183 31.871107091261127
842 118.65898096243049 31.76977677532931
843 118.59493411498092 32.04804116702124
844 118.65541823605186 31.995904963980955
845 118.82714578019204 32.09574299457842
846 118.52715461901072 31.593367243462893
847 118.93616535318456 31.934582480995925
848 118.93298777135037 31.634685774020635
849 118.9087829009549 31.85081647096592
850 119.08422105976206 31.66647233595453
851 118.56109778731188 32.06452420748531
852 119.19463562843134 32.345296952506935
853 118.82730850866295 32.268920422014915
854 118.8408097054257 31.987746947473962
855 118.60609949624056 31.878042578625543
856 118.95400564275614 31.60147007658437
857 119.14151960369246 32.1339592790027
858 118.55510178469723 31.83730350868225
859 118.70961998463237 31.941388221725003
860 119.05005992270824 32.09059020872089
861 118.508956865772 31.75781048895185
862 118.90240884031356 32.044570881228
863 118.65258762715477 31.96177604764628
864 118.86848297071725 31.909436483870852
865 118.60719922955516 32.273907426870835
866 118.74644088490716 32.19746977585189
867 118.73384681601843 31.686567467415127
868 118.78430557987586 32.31252505269225
869 119.16950715428949 31.582866252045033
870 118.58384343779767 31.77997882719492
871 118.687465828967 31.699564327594487
872 118.98606609480913 31.858538609487493
873 118.75578741856624 31.696699790452225
874 119.14165435107618 31.813668406114715
875 118.7350962550531 31.92907171174069
876 119.15458590644961 31.978223210417998
877 118.58702103592323 31.826219008357675
878 118.81897769808795 31.65273111406499
879 118.87037690835575 32.00645628900946
880 118.92322527869024 32.08004403996345
881 118.78266620470589 32.10848516511499
882 118.86729904711014 31.60172020315558
883 118.64713589787145 31.68586393250727
884 118.66576127269956 32.12613949296442
885 118.56996532100983 31.72345037284864
886 118.87147817100008 31.700584358029232
887 118.82868227954224 31.94003593508051
888 119.19942748667734 31.905209553730725
889 119.05857151175978 32.12959495258912
890 118.99305148552114 31.629957754971663
891 118.72661639324902 31.795596494410333
892 118.66606363984897 31.801858082865884
893 118.97638847475422 31.836748918951734
894 118.6651458332579 31.599729611160086
895 118.52841962998336 32.046441295558736
896 118.72013173769334 31.593762076520107
897 118.86280605895304 31.822720491060053
898 118.62652940425399 32.32375530402287
899 118.57120994331027 31.718707318565247
900 119.12142854085165 32.14598536742238
901 118.82151286643766 31.98663449473275
902 118.5269305110871 32.32947232393569
903 118.66636820446573 31.959965853971955
904 118.53390616287611 31.775415077962872
905 118.68399191550503 32.39934143955898
906 118.78700824649995 32.165092786825745
907 118.58281526991868 31.708385082592876
908 119.13444106184436 32.03286172584195
909 118.83513799562914 31.86865651172281
910 119.093175289301 32.307262562509464
911 119.0636470659998 31.727308099301784
912 118.59646743000371 32.09931247000178
913 118.54132309448246 32.35982860492761
914 118.9094106853761 32.354362165921295
915 118.5242217236889 32.31358313034292
916 119.0788595388435 32.11774253994289
917 118.70528003097434 31.8461665336469
918 119.02845858975027 31.638307037748348
919 118.62940607273295 31.742274874727254
920 118.72207525045812 32.3101507322444
921 118.9472658467334 32.15018145605903
922 118.65877108501196 31.666678158115406
923 118.6671955275561 32.37541495028264
924 118.75862994567461 31.997194547643993
925 118.54659429566891 31.750375478899965
926 118.97852844959895 31.972993963977125
927 118.5808972844685 31.931830873864396
928 118.67009904727912 31.77701694245635
929 118.54308784215982 32.109768292476716
930 118.8202906923229 32.03457431717097
931 118.7138244674257 31.81744803529354
932 118.85547542564402 32.2178182458004
933 118.95268230983166 32.025227406266296
934 118.63530300262686 31.880043247971773
935 118.74987918231767 31.721219849826547
936 118.87643177234165 31.996330428234327
937 118.67741839868047 31.73097719043539
938 119.13145324811424 32.32944567142209
939 118.54937860492055 32.020757904721954
940 118.61174282086657 32.33984216937497
941 118.70280591609774 31.86055720116687
942 118.94929266083875 31.947617036760075
943 118.5375015199544 32.02096253822921
944 119.13695021841227 32.310300302713834
945 119.11637443569735 31.707452664373964
946 118.95132106142776 31.906930675066675
947 118.75348060149041 31.679562643346337
948 118.68984084449387 32.36005075500352
949 118.71549218639981 32.24904223967491
950 119.12747544292947 31.92521553817373
951 118.87121476436664 32.112500588277676
952 119.172601352061 32.057091012898866
953 118.85488829839106 32.0789674716808
954 118.64836219798677 32.25652512824499
955 118.57358421274746 32.36811679014042
956 118.96457424735827 31.669322687591993
957 118.72938494831735 32.043110372463815
958 118.9554220368053 32.33024551857655
959 119.1768729102398 31.926830492525237
960 118.51285438072013 31.78373824476243
961 118.58260558027096 31.685698633233443
962 118.72590964682041 32.126073245784674
963 118.70708060245751 31.74908213505797
964 118.7667898602034 31.892124714844126
965 118.80022468911869 31.897361610120548
966 118.78341529253476 32.09496578012782
967 118.55986235383101 32.38665433403575
968 118.73746547252581 32.397861285250514
969 118.60520866348968 31.84923719639568
970 118.62196812574065 31.815157746016432
971 118.91819506644272 32.17952962748061
972 118.52722699843416 32.159271581474016
973 118.68902553198566 31.829209031252585
974 118.94240145896367 32.37514916189
975 118.69707769147472 32.24647114743676
976 118.85681530761525 31.748631475143892
977 118.82956704280568 31.990280586043333
978 118.92814383630035 31.651085108602803
979 119.07858027872008 32.034443816251034
980 118.68716829137601 32.0407155442591
981 119.13429997704851 31.767182924321233
982 118.96681078513004 31.662286709667068
983 118.79000656682359 31.72014332097227
984 119.08818819167591 32.02339700097834
985 118.78237094761296 31.639050590586805
986 118.98506357895559 31.757847587001883
987 119.11554922472877 31.73875807611441
988 118.68121738946682 31.92284500944317
989 118.83636166928048 32.01911035226192
990 118.7788935339961 31.877093844838306
991 118.56185243778125 32.104862809790525
992 118.56815311095386 32.33379163503795
993 118.57014673404487 31.799307697445514
994 119.12744463844446 32.38529152978815
995 119.11871779665265 31.87186309251086
996 118.74483650676773 32.085123553354066
997 119.08773720276459 31.882657708733614
998 119.1644439622944 32.1576159029223
999 119.02882046392862 32.292934974410855
1000 118.67219766814395 32.229190519195285
