1 118.94951588487152 31.954224905564562
2 118.90111768387726 31.62271283143494
3 118.61192071498654 32.05985695356746
4 119.05991056152185 31.971696678842356
5 119.16683025537664 31.950871812580885
6 118.96085205206462 31.863140999384772
7 118.90596104897406 31.748262143809505
8 118.61678137621031 32.07457327503982
9 118.69671642746255 31.824381241719756
10 118.74519285639217 31.818983184319528
11 118.63180647997046 32.097910571484896
12 119.20520834688614 32.03633762916866
13 119.1499738062652 31.71465983086937
14 118.77223380074705 31.986559120926447
15 118.61561077675674 31.74529035954693
16 118.76286543849704 32.23918616736193
17 118.62574852009985 32.30494334754763
18 118.87124904071928 31.997122807392007
19 118.6551242217638 32.288066353865965
20 118.53743162522642 31.674957632695346
21 118.9431939832682 32.01038973049328
22 118.73706572073544 31.643122821146438
23 118.99355920528076 31.93126119668842
24 118.84812787387344 31.682548708373705
25 118.97323980271955 31.683528966815658
26 118.737035088115 32.09146546047166
27 118.89860671486316 31.784795380947756
28 118.84303241693962 31.6698263075314
29 118.9218895840802 31.78862174042421
30 118.53567400459198 31.87051808749438
31 119.19148840761811 31.98348759273181
32 118.67222546894062 31.75782148955411
33 118.55683786732978 32.1076029691817
34 118.69415025236182 32.000502011223034
35 119.00182200986409 32.03749545456886
36 119.15921909374515 31.920846605077507
37 119.10104964044913 32.213897548622334
38 118.6937369773449 32.06004408817435
39 119.09607125642344 31.709324571839563
40 118.55405535122169 32.15164907431702
41 118.5630326270659 32.36839909887221
42 118.63773365564498 32.01483465480159
43 119.03453492330351 32.31005870261746
44 118.97683977340634 31.86344351666186
45 118.58335364437775 32.06358243965926
46 119.01924712463274 31.927235858055067
47 119.02032461698545 31.91900857203272
48 118.60734577074483 32.23142236100678
49 118.96224852933824 32.02112935542673
50 118.79172768616962 32.35845381933827
51 118.54302064533685 32.033654673005074
52 118.86261031103567 31.676370421245355
53 118.83781284599239 31.898497947538036
54 119.11836322146948 32.29133462497137
55 118.93774664071948 31.961754877648325
56 119.10281687159973 31.61149475959196
57 118.85043044849903 31.82418711194945
58 118.98251424831649 31.65781109165604
59 119.1713349393965 32.38458469322522
60 118.5161714566488 32.38053609146501
61 118.78952113514804 32.24401889336899
62 118.81474263319642 32.075140353188715
63 119.0448997991299 32.21660514263403
64 118.51827910926438 31.744363497639686
65 118.89926167056205 31.84037040295114
66 118.68783779033943 32.00622193869347
67 118.79427769961178 31.879972196372037
68 118.97078035021026 31.661655858700183
69 118.9261789923904 32.35253086571738
70 118.66700187507453 31.97645961034499
71 118.6323388241078 31.99999276622721
72 119.07754668253608 31.875298790524305
73 118.85222194120135 31.821431312400364
74 119.17206481110571 31.891075774933388
75 118.9609420456572 32.267654412772025
76 118.63536336006112 32.21630081670133
77 118.63169670430355 31.870950191031437
78 118.73404895645302 31.625225240972405
79 119.03746240242091 32.22270018905745
80 118.83191596880883 31.809081621519386
81 118.89761598933042 32.08566134692331
82 118.9148144809535 31.610063709648816
83 118.65535633006951 32.1125812185777
84 118.7261594953383 31.92841023689265
85 118.70128931110021 31.97534256998406
86 119.14123185732734 31.92898110883597
87 118.5088999482874 31.892488241028346
88 119.1835856145475 32.014646643954386
89 118.61969320350363 32.384382267398976
90 118.84322390056944 31.706747044300734
91 118.67858956235219 31.866758340852748
92 118.6993493297304 31.61937627936179
93 119.03492290532749 32.196549386529945
94 118.9972028260772 32.141147470177806
95 119.03852586266761 31.758227224563317
96 118.61571184563758 31.911170450983946
97 118.65339625840834 32.120224393764744
98 119.03680754661956 32.1374428929226
99 118.56150153901886 31.723937151796022
100 119.09437137836524 32.33098392948642
101 119.1140311819018 32.2478253961769
102 118.85480347427837 31.67924865852303
103 118.9851333212276 32.2866780086977
104 118.72871271108262 32.21276712267568
105 118.94558431130444 32.259749735656186
106 118.51928497710263 32.017710495309
107 118.68057049953356 31.79714108710361
108 118.79836320153903 32.359818616119725
109 118.87432087628272 32.087015275199136
110 119.19256658424007 31.87953574375206
111 119.2112283041236 31.83458688534373
112 118.58217713956539 32.32596911559047
113 118.7095581794142 31.954609978343452
114 118.5559091548499 32.054573265692675
115 118.7264948912501 32.12015039628079
116 119.16025835809775 32.277924602706356
117 118.9192737230704 32.08754170377295
118 118.51979079926971 31.752442699851645
119 118.89150013711709 32.052223665094225
120 119.1760992772509 32.0058812963156
121 119.18507272246951 32.03382377650845
122 119.13122068708503 32.147591747709605
123 119.02410622665367 31.790708315778243
124 118.65627117577255 31.74275860482576
125 119.13188967897382 31.687589112041255
126 118.73065568899047 31.839266596402677
127 119.11096972020091 31.608802861443287
128 118.51679727534358 32.096318084833776
129 118.55301261679968 31.839057944591843
130 119.06767436348821 31.754598257462856
131 118.54601194489867 31.676918614620803
132 118.79950691900294 31.80711898403328
133 118.75291030213141 31.781900170341373
134 118.64766277809277 31.826621305598366
135 118.7608682142764 31.966845768005612
136 118.8324885318467 32.03904602264877
137 119.11056856272643 32.24628400801904
138 118.93978099550294 32.37433486368729
139 119.13777432961858 31.644587968262094
140 119.10132084231665 31.79997996334053
141 118.60998066333612 32.099138406338696
142 118.77325680369584 31.765006145563476
143 118.84901106006296 32.296309721498794
144 118.6799479359643 31.74932601209745
145 118.884706306734 32.18436746097777
146 119.19661270003981 32.09670630520242
147 118.66204646699435 32.222495234697746
148 119.06136856671496 31.623379651760185
149 119.2053779062753 31.79865535392464
150 118.65735679694339 32.17556286536986
151 119.11361162461027 31.708917837838882
152 118.61528442633373 31.636943382345
153 119.13964056627061 31.887379809313394
154 118.68765196386968 32.091963843530024
155 118.67604139611669 31.609417156366526
156 119.13667754737631 31.685515313965627
157 118.69758723773458 31.60977044760673
158 118.64526051240293 31.91951960948985
159 118.71508048178288 32.14527867933606
160 119.00611005408454 31.76652408803273
161 118.51737570869545 32.266887216451735
162 118.62526939003041 31.93878218169212
163 118.5848593072331 32.09971107750093
164 118.84912647082919 31.83824134743578
165 118.53199939877874 32.107634279779624
166 119.1511365091776 32.392567153815044
167 118.82994109045657 31.961499301089454
168 118.9278461174804 31.763515336662223
169 118.64856156340045 31.965586485520223
170 119.00899640539723 31.933514411068654
171 118.50990043945852 32.00488634324542
172 118.56068153510091 32.01220891606531
173 119.14727570553046 31.65041148707245
174 118.61300558683612 31.72415817687562
175 118.8326381433968 31.970435739737507
176 118.89383216178663 32.167379538180825
177 118.61107325320121 32.24457584361826
178 118.92358081333998 32.20518292247559
179 118.69772318752938 32.0142658230821
180 118.96607264647535 32.3562119311347
181 118.69984498272724 31.860457524369988
182 118.77661905835811 31.968443582101692
183 118.8411491568738 32.23569459985699
184 118.49518700303673 32.254017191684234
185 118.58933963675113 31.916377856479052
186 118.54970776460287 32.28346264471124
187 118.80150644818468 31.95445415981692
188 118.87971995049713 32.184157191748376
189 119.18280932079742 31.57406579227741
190 118.72190035855341 31.604237468285028
191 118.61223662704663 32.340320661323
192 119.16030706741441 31.691334003834083
193 118.87574778536572 32.16115442097045
194 119.1615324355606 31.845175169610794
195 118.73152904401589 31.752225579044726
196 118.54372559179772 31.893432308774305
197 118.85389548618339 32.34461411506843
198 119.22036040660068 32.068083598656784
199 118.54694078790715 32.33118915104868
200 118.87016792921125 32.167385441223
201 119.08365820885288 31.973437175822937
202 118.67042112867406 31.99093405223323
203 119.06084343003054 31.786471296392172
204 118.54712863129959 31.626955743132026
205 118.70321338308523 31.906459081987343
206 118.61628262337953 32.04868549414275
207 119.16817902757776 32.31818021639065
208 118.94201443820064 32.13515419850731
209 118.70930263506912 32.26583488707898
210 119.15065266799934 32.3087784201953
211 118.89397329841928 32.32006741264156
212 118.74347161888622 32.24236161850446
213 118.98812496538973 31.710449043548543
214 118.95384236531044 31.867067437412672
215 119.19030759566168 31.742518193567307
216 118.52093037131024 32.29995294270552
217 119.08935701263994 32.212646554478994
218 118.9802687973583 31.89379785194885
219 118.60276372368867 32.04868840109853
220 118.74901469292593 32.26906216647432
221 118.516068759441 32.27570842014837
222 119.08151350620544 31.7488526189212
223 118.55918637952865 32.19686566602929
224 118.6422572156816 32.26123629474929
225 118.96782656582116 31.67294378838819
226 119.03683711714302 31.680782229942388
227 118.68893922446662 31.94606825215658
228 118.6336494199747 31.783020456088888
229 118.52518945166533 32.29425082577417
230 118.54719441980862 32.189643613890574
231 119.12382854207773 32.1735385106399
232 118.67318904180244 32.200520123788245
233 118.7687306527183 31.830654016273638
234 119.04175021997376 31.782498903236107
235 119.1557387074091 32.08094946544929
236 119.12335388709621 31.91816190000605
237 119.09998425257923 32.33917416704618
238 119.07702563276968 32.13980709906301
239 118.75551077663769 31.89627109462038
240 118.95658901467205 32.262725752587336
241 118.99865176223999 31.9201945315481
242 118.80257753175623 31.72411759357617
243 118.94752195739241 32.221357163363294
244 119.18294169591984 31.998230378876897
245 118.71191182733583 31.797609342314153
246 119.16254970558178 32.145663843049036
247 119.17185818714663 32.383446983319224
248 118.90963337801341 31.795199366654764
249 119.16603822256319 32.22889202679198
250 119.006723605179 32.190551295333336
251 118.9888229899702 31.695716671892487
252 118.57887287821733 32.293461962211154
253 119.03699727067271 31.970621412551075
254 118.61528920284647 31.67099058585706
255 119.04810198936647 32.02461649940706
256 118.53126843469677 31.86308291006095
257 119.13468818502311 31.727803985012756
258 118.62343922401199 31.663963963378016
259 119.08370871923418 31.765603265750848
260 119.12425711056473 31.9568276650342
261 118.54336269985531 32.10676943891748
262 118.56841291894513 31.663105699724266
263 119.16664109882603 32.15305698818893
264 119.1769132541705 31.694574387760518
265 118.5404970557222 31.735220577129816
266 118.93786672375172 32.19201474743958
267 118.76289324669939 32.28580868056599
268 118.53069754577625 32.347214138225404
269 119.10052112908242 32.117304518055974
270 118.9657532021759 31.97000214194083
271 118.57647889038233 31.686779240518447
272 118.80945589069498 32.06810328534232
273 118.79391705552507 31.720148856864004
274 119.18004513215097 32.00702415512003
275 119.19058666820406 32.080735190402
276 118.6606678687346 32.26737954079541
277 119.02578637416985 31.85476527783172
278 118.95138204039525 32.390272136997744
279 118.82385787895976 32.36395435423748
280 118.89199265264592 32.28708452862194
281 118.79453236986393 32.17146866137258
282 118.52039841537619 32.155629397251055
283 119.03624393265522 32.32320510157028
284 119.03998703955746 32.361967878132646
285 119.13200954173426 32.25480479106953
286 118.84149093560852 32.13057635301226
287 118.54980414929103 31.70777271953735
288 119.15979206491572 32.10118426295313
289 118.68990998464004 31.867030308151
290 118.58025982539542 31.713645253624698
291 118.6034910869171 32.303271884423616
292 118.9301692675153 32.25077813881604
293 118.75751547600392 32.017317108333195
294 118.97693733493405 31.966986167694213
295 118.53020945341817 32.00903694696508
296 118.51225271473174 31.82566369773803
297 119.18167350582767 31.91035169736039
298 118.54116992834126 31.95483212306016
299 118.76178510944644 31.625597341561434
300 118.53078311187271 32.30742055069052
301 119.14607720374856 31.64007782720615
302 119.10022171879048 31.922250486981728
303 118.89750792839462 31.70040999700185
304 118.58273851118196 31.78594048409334
305 119.09149809537261 32.34411954431516
306 118.55711297220253 31.900726329383176
307 118.79954121441091 32.17252865309498
308 118.72616072702475 31.690350940804183
309 119.21690099212653 31.784569997468136
310 119.17732525333552 32.29470344380886
311 119.07471388532291 32.31896916498616
312 118.80872272316871 31.7980518794465
313 118.85168357891428 32.384858324244284
314 118.9033444880986 32.149424368393305
315 118.88588828443191 32.015662836294666
316 118.63265079551599 31.883240396532443
317 118.66863078781626 31.872344295272924
318 118.99818859857838 32.387632602324864
319 119.09397261764389 32.173892010136626
320 119.16427243751505 32.00511571249785
321 119.03878623810007 31.62808752343306
322 118.92000211662838 31.79395608865962
323 118.54645220286217 32.34689541390866
324 118.5611702850579 32.038548348236255
325 118.63168522948568 31.865371199688195
326 118.98005782603964 31.63302448150542
327 118.69615512158157 31.818821714158144
328 118.7871434881957 31.79132835232084
329 118.60400823918944 31.723616257305054
330 118.65401112163637 31.882627573925824
331 118.74919612279487 31.73367012439039
332 118.93897321516327 31.663992912252933
333 119.20062071529779 31.708633110203795
334 118.60375089227044 31.978034601564588
335 118.71693590667245 31.64477115396133
336 119.19972976993293 32.35105053217399
337 119.1024673149572 31.784784706837794
338 119.18818559561988 31.992328308909695
339 118.86871287303806 31.92245808289065
340 118.66014247902075 31.846597341961825
341 118.64239758697786 31.870025556556246
342 119.06630874243663 31.80012992293536
343 119.16376339684089 31.8392653832878
344 118.9255298622032 31.698968982950543
345 118.9533040998856 32.14245197784293
346 119.14599823819186 32.090194702554285
347 118.67630358953278 31.850766570775377
348 118.89293810084185 32.31603451241838
349 118.89599439171138 31.91319458277074
350 119.1351471946923 32.105812537211676
351 118.72523358884563 32.00116097044529
352 118.59092380190991 31.867663546160216
353 118.59390348423132 32.31666059041647
354 118.6876496591885 32.27669470711575
355 118.55712798841702 32.27590322884923
356 118.71158735857814 32.38166714890989
357 118.87961994303521 31.625616955447242
358 118.80844199505707 31.982851310474686
359 118.94724819821742 32.3620896986042
360 118.86369439211603 31.69407666905184
361 119.01692298861003 31.793188744951742
362 118.82391906957541 31.99522199259992
363 119.05456327917376 32.10357900832396
364 118.80486612409136 31.87594994842961
365 119.02849203227962 31.842832853833404
366 119.00630225366928 32.231137665737315
367 119.10768465303087 31.621454800980786
368 118.60579518061024 32.23755390419541
369 118.99450975309483 31.958249541728755
370 118.49200427008499 32.12209695736075
371 118.76822478231294 32.16665923560686
372 118.92987142294567 31.683760490187314
373 118.49336786594459 32.34271140346517
374 118.54016327884021 32.25384962165221
375 118.65288819478563 31.87820088877477
376 118.7907683170134 31.76696936037566
377 118.97458652911118 31.673868916467846
378 118.64945689334331 31.840704564860104
379 118.7774958132579 32.1808890097785
380 119.1483148992155 32.28842223023964
381 118.71713084931177 31.847575203818405
382 119.03518025238509 31.785569069078193
383 118.92441321680603 31.8557385880845
384 118.55038166439472 32.38084222343366
385 119.17909051316806 31.65850170277378
386 118.59358396448108 31.730386517439968
387 118.75656315187301 32.159765433064415
388 119.18800974269764 31.696115340225408
389 118.67818272258762 31.784088451604624
390 119.14586058834932 32.271165649946525
391 118.95836188005168 31.846533961048273
392 118.61486460217625 32.088699439704605
393 118.60075051387443 32.03467236396263
394 119.18088209047701 31.834698875816766
395 118.81174506882493 31.793544292366143
396 119.05191616025114 31.794686410352842
397 118.59870493964782 32.308067224502395
398 118.87266784298961 31.62077875078771
399 118.57444452123805 31.707327394569912
400 118.83125320959488 31.877731071696076
401 118.51104433650733 31.766920861308304
402 118.50415222103854 32.0391566390294
403 119.13811965483649 32.030214426894105
404 119.12658794377944 32.00743757684149
405 119.00951683734503 31.84355320358829
406 118.85266397237126 32.019683678027214
407 118.6336269360194 32.212578849148755
408 118.99096244792041 32.249301869373596
409 118.63836046646115 32.03862702604765
410 118.53686692414004 32.244679433709116
411 118.7155432665564 31.671558763696
412 118.90569674999793 31.729558533949508
413 118.90765112698372 32.203620197531265
414 119.06878521827932 31.912272876670897
415 118.76489820898163 31.874675770621398
416 118.58180576479837 32.0553092771788
417 118.53477756245857 31.916027814800817
418 118.65175701569157 32.33329796473669
419 119.16175745948841 31.9021892013061
420 118.50634649129012 32.25104095691093
421 118.94166858872535 32.105260442401935
422 118.8098148605546 32.33703217673509
423 118.63857516630452 31.98712909880579
424 118.98974767978835 32.36071222308039
425 118.89635013338297 32.039229282172975
426 118.56536201873266 31.615272556536198
427 118.96607974665936 32.190724588859716
428 118.53200995698434 32.28803409058515
429 118.66830643139092 31.660580553051794
430 118.88726012854204 32.37242363785677
431 119.005088364875 32.04464867487087
432 118.87112310360868 32.19536060786485
433 119.10082414566786 31.785037910389224
434 118.98230637980136 32.35327867301809
435 119.17184958831103 32.11960456669609
436 118.69073953343268 32.06162062194827
437 119.18319227215285 32.35971851454856
438 118.65147275715341 32.04051003568482
439 118.63204036537171 32.02294596486977
440 118.60998057863635 31.618149918697636
441 118.58357133043475 32.03036508510481
442 118.94221478432192 32.18026805887901
443 118.50483536748007 31.90268892713175
444 119.07260271579312 32.16407561910249
445 118.9547446489564 32.03682345554267
446 118.73363648968919 31.770887724759795
447 119.12960378340281 32.03178893979997
448 119.09811442382458 31.991021081511544
449 118.92649304154887 31.863838296077258
450 118.51792250631893 32.13573595939731
451 119.18353090462847 31.660473395595318
452 118.91507673494293 31.89130604400085
453 119.14688041707832 31.94909316609914
454 118.59374739181486 32.385912559395386
455 118.50519290507776 32.16412531949855
456 118.71501074872913 32.10971456189964
457 119.03362464829397 31.733235009675973
458 119.06645057680106 31.967419736053873
459 119.09317099276169 31.914370816512367
460 118.72398754393909 32.35393258207267
461 119.05359692790753 31.970301058518906
462 118.59768556702903 32.27940627258649
463 118.89605029544539 32.14516489271872
464 118.51878930822618 32.274938781248004
465 119.00880759681155 31.585506598029667
466 118.75641989715503 32.33346512817253
467 118.56468604149563 32.35976518404514
468 118.98429555946836 31.724489917711864
469 118.78883849795157 31.64415373477225
470 118.70591390088629 31.86040369979006
471 118.739806012749 32.03070446877541
472 119.04804479251514 32.03152768649356
473 118.79165265787796 31.970172499260954
474 119.12115022425691 32.32331016740862
475 118.60601867028217 32.03403050382702
476 118.78337127190868 32.34354938407024
477 119.13906331518409 32.060398392762174
478 118.91393885651335 31.754321026563968
479 118.9839275206895 32.39152332871266
480 119.09239084796516 32.39131496190741
481 118.8704889587019 31.954832960392707
482 118.59817664839687 32.20748351578029
483 118.7243256080384 32.1281799748936
484 118.66963570633781 31.75428787823488
485 118.62682320162237 32.07577944526864
486 118.90213358733428 32.111233226356156
487 118.64346349232713 32.07588575727939
488 119.07910506507497 32.03900316062694
489 118.82541020962513 32.07874799987109
490 119.08699588803621 32.173444177499874
491 119.09308367852822 32.19788978619164
492 118.96715893727962 31.676887297889852
493 119.05311563926568 32.33595922181849
494 119.07080339433291 31.990604428698315
495 118.91954267100573 32.16188466522615
496 118.70397553744172 31.905570306713123
497 118.79712098000265 31.67059529458189
498 118.71520522971453 32.127624772073396
499 118.83077344514022 31.907701925836996
500 118.7453223344209 32.02430214604257
501 118.76136014381585 31.795378362316068
502 118.56473830233452 31.767778868797162
503 118.78530719007391 31.83769499937103
504 118.5940569666868 32.3079457417306
505 118.7622768749398 32.34278508779043
506 118.57449383360573 32.351539717217356
507 118.76522410652235 31.939919298445957
508 118.8904054431766 32.22255631591427
509 118.54003390180516 31.74508336096474
510 118.66203099582378 32.18277496164168
511 118.77149743112744 31.931655952422876
512 118.70308645148418 32.24570769800657
513 118.8878989849994 31.767055102639517
514 119.07040573485327 32.247110831203656
515 119.04124103737482 31.68937479963921
516 118.68301333966025 32.30670064354948
517 118.63625400406563 31.956490982421958
518 118.91631562432354 31.753411044674312
519 118.7788912842526 31.841354477030674
520 118.55556912697561 32.1784936231916
521 118.64072647795489 31.965585042699313
522 119.17560631351766 31.782534885876316
523 119.14395286258308 31.81731682820664
524 118.73825841869308 32.15026311715392
525 118.52493572382333 32.11248690617271
526 119.02589415231911 31.649819724005443
527 118.67926016837073 32.27018116182926
528 118.5175290246046 31.699150684915672
529 118.68329123140505 31.779732079810845
530 118.57619840137501 31.614752044767467
531 119.12448844993382 32.02951144940386
532 118.63824362699467 32.30266625621532
533 119.01467191605646 32.325841604872515
534 118.6201191074675 31.974310989145025
535 118.56543753873852 31.684832605410364
536 118.78359241947129 31.997294307860653
537 118.93979668861901 31.826099328603608
538 118.8890514175013 31.83849747794284
539 119.04310770980916 31.765372250848618
540 118.78170681295897 32.35238864146319
541 118.9486749727823 31.905832959813157
542 118.54246670507365 31.591245507494413
543 119.02833167772943 31.980622100327107
544 118.96397804217966 32.12237167884446
545 119.07047256989371 32.24088407440892
546 118.55304790313615 32.182670598598556
547 118.83178012138274 32.146765873228055
548 118.9675044478311 31.801913961868344
549 118.4713266515867 31.860166372843796
550 119.12209652332336 31.932981725520996
551 119.06371621192903 31.73787604532663
552 118.86433494227768 31.96462766928801
553 118.755046442692 31.68621084824488
554 118.99882448950302 31.673711682426944
555 119.12711887599811 32.25258786808714
556 118.86404973326309 31.732024791174005
557 119.13353200058877 31.96331980674566
558 118.5696797117934 32.07744069793736
559 118.72277764430713 32.35606292536461
560 118.99091382759087 31.861870040481822
561 118.76687796353424 31.73062184061852
562 118.8567895758714 32.291636190750495
563 118.95123140958452 31.833308006067313
564 118.91234321797242 31.821251482962058
565 118.81375500370729 31.72398043316503
566 118.62150426375864 31.943830705778193
567 118.78157265938269 31.766550146563823
568 118.63975934778993 31.904696398725118
569 119.03346402309121 31.855857305996476
570 119.0557830622884 32.123413592272044
571 118.6435247904781 31.951199704045912
572 118.92439271986298 32.11553562589025
573 119.00021010829171 31.843497033494046
574 118.8054925404886 31.88780454819534
575 118.55333466563269 32.378879624792575
576 118.95568512201775 31.80128941098762
577 118.5606549894512 32.20249027421771
578 118.96419450272671 32.151096582303076
579 118.56917520367914 32.09809401583374
580 118.9504888620991 31.690151461525073
581 118.68200961725789 31.604934351870497
582 118.76020295713414 32.20759596682082
583 119.17134528895163 31.64791582732876
584 119.16451788319318 31.797633932099206
585 118.8747555072601 32.373914482710084
586 118.96389100498465 32.38248016555081
587 119.05909148327818 32.35150543049376
588 119.00768042771729 32.0522733056115
589 118.58190049990094 31.9744106747593
590 118.78643787485363 31.965526880877952
591 119.08806089921377 31.879000184695357
592 119.02679234942637 32.38539985989032
593 118.62323355492997 32.25012190173399
594 119.08915400379786 32.42088864166477
595 118.94759221657533 31.843926548332725
596 118.70730474670108 32.0683172203145
597 118.53399084184642 32.121694406080124
598 119.01021353026754 31.914560031282168
599 118.83253863736635 32.05956011608421
600 119.1855998303012 31.732773586094694
601 118.66696304779465 31.8494494894911
602 118.56758697436798 31.716578742022158
603 118.66949899802596 32.07269841979295
604 118.80076593706426 31.873821169257813
605 118.53132055466504 31.937118764025858
606 118.73617567878115 31.90188707657693
607 118.65328268791035 31.638251491684784
608 119.1663042716226 32.319617574356464
609 118.63499105111887 32.16498089233203
610 119.1068208065099 31.85083714575162
611 118.55857547171834 32.33513356346601
612 118.89111829116808 32.15067160551496
613 118.9302732047784 32.403321517472904
614 118.89019861097152 31.991915841717468
615 119.16370503672914 31.682405400510614
616 118.80118250325506 31.689548926509847
617 118.94052076722785 32.17750327414097
618 119.12203496914702 32.051168182134944
619 118.66069023351906 31.76956007829734
620 118.87064060953512 32.01043766734183
621 119.18481354330589 32.02585982405887
622 119.04285168198251 32.29353953853661
623 119.00786549295219 31.613159030293144
624 118.80372537403818 31.69817839038066
625 119.11031607022545 31.911149000135918
626 119.07976785555425 31.68693262690857
627 118.80257007967025 32.37613436404861
628 118.88114832474245 31.766974799330857
629 118.9680455807868 32.096989535342615
630 119.03157398310962 31.954279997200853
631 118.83144245922308 32.22434956443984
632 118.74605452712139 31.62786870310366
633 118.61825381323592 31.870124061280396
634 119.03740500916184 31.974528640200244
635 119.02850976827769 31.691122396081955
636 118.62907127467494 32.075381584758944
637 119.11640909389446 32.01201543173398
638 118.60574584600445 32.280135367547544
639 119.08182526078409 31.97071066973894
640 118.60453019693597 31.856056394414185
641 118.94435314198681 31.853250456028967
642 118.86786597657965 31.816195964057144
643 118.60096426673874 32.347573952452734
644 119.02801374640998 32.241772870393326
645 119.00745370532862 31.864685516127555
646 119.11125646967555 31.949081754955042
647 118.8308546675183 31.677345880552345
648 118.87375244188769 32.06053712239361
649 118.96753352854543 32.19180761979301
650 119.10164547917881 31.811427933566556
651 118.76374069349401 31.97322545594384
652 118.98704478229665 32.13054541345789
653 118.92067377664854 31.97744990715332
654 118.63463634976883 32.02927412674715
655 118.9884784830179 31.7580971218356
656 119.0737072578025 32.212420447947956
657 118.8216072443874 31.69184797302558
658 119.1737757802839 31.9742676434602
659 118.87174182691783 31.836202108810934
660 119.13605241637953 31.69421145057807
661 119.01381285121349 32.301350836132684
662 118.779347277395 31.752390544921894
663 118.72001314835977 31.99773357732036
664 118.77848275110665 32.1026754047631
665 118.7471930378275 31.836811789029586
666 118.52025571638163 31.99325431717478
667 118.53349941689201 32.00069647242546
668 118.78931517852341 31.938980245646253
669 118.61843320391742 31.877726914697018
670 119.07851171723242 31.79313037097747
671 119.16046098769084 32.322307855435675
672 118.7123883554459 31.983849254904698
673 119.02300728534539 32.150511750643325
674 118.74557232619216 32.01473590433178
675 119.09928897822262 31.85279409074916
676 118.82017601200917 32.00201088340351
677 119.1442808268403 32.24393365819636
678 118.99880603529746 32.28303534079454
679 118.5901176437321 32.3635848621928
680 118.60381345017153 31.79083919265668
681 118.82205749950114 31.880861058458546
682 118.90114447372991 31.690584561931804
683 118.85798715793857 32.40879136877198
684 119.13186929299502 32.11197810423374
685 118.51223116562983 32.14610557894213
686 118.58952961468074 31.96171637602283
687 118.69397617388272 31.815236752505637
688 119.13143117996003 31.928447383738987
689 118.49504025545939 31.840753394471985
690 118.87493008051003 32.02841247830863
691 118.48865319179538 32.2590160091108
692 118.8902141661438 32.27783545928268
693 118.8319806016383 31.849655922973888
694 118.59450790086122 31.73457828569804
695 118.92980493111683 32.18932027529062
696 118.9301990283577 31.936062363933715
697 118.82031972693545 31.734456461631307
698 119.04274838427821 32.11122914385009
699 118.54462221951634 31.681484724137064
700 118.71729076408579 31.68444073090159
701 118.82814228205697 31.576929141491604
702 118.70626637434313 31.753157370514305
703 118.58842138453767 31.969695804295906
704 118.5849590600388 31.748987948670788
705 119.04182506686435 31.63780213613943
706 118.69073189466793 31.992298981248286
707 118.962400514503 32.31913217787871
708 119.09626566149322 31.61713422154354
709 118.70872179561329 31.800072732722583
710 118.62398796367705 32.34450153680589
711 118.89405292775108 32.114441601860925
712 119.0866944143562 32.24860437685634
713 118.77041105576959 32.30566468006431
714 119.08200105359805 31.772126455647836
715 119.19013127748578 32.21548879111185
716 118.9729670829496 31.822796709946147
717 119.12974381725053 32.328220448171784
718 118.54855364367917 32.34116971023977
719 118.77733198764025 31.722881535981863
720 119.09739636663421 32.291181585400004
721 119.03587330341666 31.638254931280834
722 118.57489061660276 32.07879020180321
723 118.66376596340012 31.967857196553005
724 118.71831766953999 32.09355240624924
725 118.94924218491947 32.19444339060863
726 119.02343574009852 32.3082931506974
727 118.85189785809531 31.988170676616203
728 118.52594096442964 31.65407662413378
729 119.13584260750764 32.35911752560885
730 119.17488898603493 31.65041883533657
731 118.73377733951388 32.241666843869496
732 119.07302116056552 31.70983364088396
733 118.87198384142039 32.318034897963884
734 118.81823957292818 32.10032018497004
735 119.14901070721668 31.85364751134857
736 118.49004979615229 32.271160118517635
737 118.77590393993476 31.73280457576793
738 118.64350305045174 31.78627122607176
739 118.82020408812446 31.826700491507737
740 118.80950250502318 31.904943785824983
741 118.63846985531434 31.798173609837786
742 118.91425049366302 32.31655117956346
743 118.75341196883998 31.945884920367398
744 119.1167334279572 32.3700013856255
745 119.15949621280757 31.83984113855495
746 118.74742217025663 31.975017028884626
747 119.0255079783545 32.27282207497113
748 118.94208501478765 32.388597889331166
749 118.76425577315078 31.97212732126286
750 118.71337429564007 31.977668405164636
751 119.1543726022814 32.3521567980037
752 118.66390799101798 31.939563640334075
753 119.06738193668558 31.955428751885027
754 119.03546602359764 32.38773461197735
755 118.63439510786094 32.00382255418295
756 118.75993986838178 31.684103517152916
757 118.80780718007466 32.36336493164989
758 118.8508740592721 31.947795349991406
759 118.92933642717172 31.89209174704218
760 118.76934254592322 32.31133046727695
761 118.93250682331865 31.609405276799706
762 118.79216835754949 32.36768518359871
763 119.17552137263488 31.651958947615384
764 118.96150862302267 31.63937175648243
765 118.83503348936493 32.327875556822676
766 118.88606501029601 31.960110999230135
767 118.57679449538206 31.727610881533316
768 118.67360899429562 32.38066096755584
769 118.99703827407059 31.84359857290682
770 119.21595855657199 32.35323314255407
771 118.74392132306691 31.986904831357766
772 119.21141324408542 31.913062685955953
773 118.7554895016121 32.05079175463054
774 118.8082089931589 32.3260335961648
775 119.16738596302025 32.393093975483104
776 119.06096108138766 32.133555108087066
777 118.87834476490107 31.904477604674863
778 119.18718409886318 32.270207459646464
779 119.20215381822467 32.33643537788379
780 118.61095475858396 32.01456670302252
781 119.06299114960675 32.194396856544884
782 118.68287345674064 32.334116461657764
783 118.71210750162189 32.16915438149106
784 118.79708155241536 32.10669021855777
785 118.83905666106351 31.882490256677833
786 118.5937124102262 32.082536650602755
787 119.03198032804741 31.77970992756803
788 118.50093437854714 31.711055356610284
789 119.19664839231442 31.801116661834186
790 118.69345458050395 31.93241784898989
791 118.99950440687779 31.87120107878344
792 118.84979541912489 32.15439700853327
793 119.08394642330869 31.913241907062964
794 118.61194123259547 31.967752559935644
795 118.51890644129034 31.81419308470479
796 118.61888688619456 31.695746114863972
797 118.97488771575219 32.17671470551486
798 119.07946480514447 31.783754364931333
799 118.60772224652509 31.96922538004909
800 118.92210418580848 32.09567027104135
801 118.51723735870789 32.126599948052444
802 119.06502580185678 31.94349824439628
803 118.58099877587804 31.804234273564557
804 118.63023134030607 32.31084380059488
805 118.95145774448565 32.146786935203004
806 118.80127938512001 31.781118382634055
807 118.69145212777023 32.24765299544054
808 119.16405346078487 32.03447230458483
809 118.8800239066141 31.96006831252964
810 118.60957110313859 31.706710915769015
811 118.80330962637271 31.787711635054663
812 119.00084188453421 31.68823973131427
813 118.80695797553179 32.13107249005003
814 118.58738561745609 32.17794490164121
815 118.61460255748659 31.979415542717135
816 118.66809110035723 31.645556794519305
817 118.878494982988 31.711796290896462
818 118.93448739173554 32.33459013332036
819 118.82382851744431 32.314142617475085
820 118.62712905637808 31.924062401678093
821 118.72796388951183 31.70378978471963
822 119.12300986521076 31.96706869364091
823 118.67686479458314 31.93998564390088
824 118.98997183771183 31.60859616943314
825 118.74824800257406 32.184815464454935
826 119.19578473563742 32.098066334623304
827 118.5001981481906 32.030430683457105
828 118.70030249750337 32.241584357475766
829 119.04181465970265 32.280786479111356
830 118.53493877301501 31.765944486792588
831 118.76477558917846 31.65044595931095
832 119.16528867614873 31.906426441503893
833 118.98085311360146 32.27316829375644
834 118.59020825794332 32.20490794557671
835 118.55147396470285 31.79525396508245
836 119.17583989497248 32.21711888925723
837 119.1510366977483 32.06016864555595
838 118.61070221962092 31.79841458716764
839 119.11534852597596 32.14660398543637
840 119.00240457603932 31.8373693382553
841 118.79502702478379 31.873209840138486
842 118.66052736897505 31.769910746427332
843 118.59553438758681 32.050356059431074
844 118.65160212036567 31.993237945684243
845 118.82536439617283 32.101850721098714
846 118.52559042060648 31.594208207045924
847 118.94662189929196 31.926881203556036
848 118.93389524457325 31.64091618622414
849 118.90498987265161 31.846543775350572
850 119.08665720049937 31.676721468590642
851 118.56471954882464 32.075459498700916
852 119.18867519762583 32.346715933109664
853 118.82587676116346 32.26969179301882
854 118.83564291128852 31.99370286314639
855 118.61762416112535 31.879135486942552
856 118.9574420433748 31.61288742960876
857 119.13432680207539 32.1378393320097
858 118.55246293932512 31.840365253114957
859 118.7203106611174 31.94031380062607
860 119.05024331285456 32.08821632380858
861 118.51243433659975 31.7460818862326
862 118.90804830556668 32.032334764104576
863 118.64861810126523 31.966332131552534
864 118.87065549823619 31.907050555851434
865 118.60846845685873 32.27794672903455
866 118.74794040648655 32.1924890286494
867 118.73241162116229 31.6847420964878
868 118.78352825641689 32.31412963801581
869 119.1683348753628 31.57648891825214
870 118.59011791909138 31.7798786442015
871 118.68871812190858 31.70001709987621
872 118.9866680360023 31.865477132623322
873 118.75135458939944 31.69572745267942
874 119.14201636940669 31.81167021718793
875 118.7296291375069 31.930788826093938
876 119.15266400658626 31.96986584974387
877 118.58765788432204 31.83070796931427
878 118.81866991290545 31.65808558602687
879 118.86900237348617 32.01875569639839
880 118.9413943449217 32.08339442659008
881 118.781515527219 32.10943946058378
882 118.8726404569328 31.603818593921506
883 118.64717563743432 31.680280593538427
884 118.66805969494459 32.12414448204092
885 118.57602642792193 31.731431428603766
886 118.8771531917573 31.6994505293013
887 118.82556482806595 31.9387477941162
888 119.19205680688704 31.904742162816977
889 119.05716457820554 32.13305018600917
890 118.998734187878 31.63679770777816
891 118.72023291328776 31.79473786182667
892 118.66461189194824 31.799116053546406
893 118.97869528289294 31.839500783547937
894 118.66773777507916 31.60232412057859
895 118.52732215420713 32.040247975711566
896 118.72193530359351 31.59659635832028
897 118.86392574944817 31.8277257637883
898 118.62584298694502 32.318186162525755
899 118.57556039037367 31.70995811336559
900 119.13145859056274 32.15486342771441
901 118.81954403651845 31.978833803318146
902 118.51128866776422 32.32116627924405
903 118.66579234539317 31.969709304509156
904 118.53589369658795 31.772886636832677
905 118.69422586095695 32.40622018152781
906 118.78884968821167 32.176436494148135
907 118.58639118478204 31.71531356195285
908 119.13092409313592 32.03851122648698
909 118.83439939074395 31.862937359030354
910 119.09395209917963 32.30583242178214
911 119.05955104290028 31.728388228561794
912 118.59299414179023 32.09723328170548
913 118.54433534581035 32.352527290190885
914 118.91666752662306 32.34833524067753
915 118.52856948226386 32.30751006304215
916 119.0755141155377 32.10432604941826
917 118.71567167511584 31.853742707538142
918 119.03013280824165 31.639567959645486
919 118.63327124949858 31.752194324940167
920 118.71669733171123 32.31122245497303
921 118.94750461335072 32.156755856672184
922 118.66041421252164 31.6739509262141
923 118.67183986909404 32.37708264857012
924 118.75008443045196 31.99802423067823
925 118.55001948206427 31.74206465432388
926 118.98408801906453 31.969490448900142
927 118.57520876254442 31.934188143698467
928 118.67488254538186 31.775124439058366
929 118.53531455280223 32.11332533021192
930 118.82085590410354 32.03812562733558
931 118.70917845257843 31.821033142188092
932 118.86263743705865 32.208934036291815
933 118.95505942790996 32.03634396787621
934 118.63624610431833 31.883712278942117
935 118.74463187121665 31.717292732718242
936 118.86677514250187 31.996870471170862
937 118.66954678605637 31.73200697479413
938 119.13561102861419 32.3230013985455
939 118.54853180097042 32.018990941945454
940 118.61071626865947 32.334937935828975
941 118.71109322598767 31.85378156833838
942 118.94586304952006 31.937153073517038
943 118.54169641535763 32.03187320076672
944 119.13898570612344 32.30743476350277
945 119.11550173944562 31.706171621370757
946 118.95742120854284 31.909777074164193
947 118.75575194413452 31.681540505456883
948 118.68608952001419 32.34832080509152
949 118.71802312000615 32.252850160188714
950 119.1205889769881 31.92575743088386
951 118.8728537706701 32.109520555759225
952 119.16453717768441 32.05329218118956
953 118.84934591590009 32.075027570016395
954 118.65046102286814 32.25222097883
955 118.58058118113297 32.36144271944484
956 118.96172477867096 31.65578539438041
957 118.71876782669663 32.043135584189805
958 118.96203081124341 32.327828469813944
959 119.18144710527693 31.9195462013739
960 118.51099500239674 31.784041746697397
961 118.58029201389016 31.677859376471666
962 118.71518672042978 32.11876405303398
963 118.70879547909819 31.7384234447482
964 118.76908878330016 31.882019924549876
965 118.79937957307574 31.900479813872806
966 118.77717365537897 32.0970902477905
967 118.55864159888011 32.38891978806148
968 118.73523742810649 32.391521554316654
969 118.59937647447609 31.849533302237244
970 118.61743682706006 31.81757656432031
971 118.92213258962734 32.184178829133415
972 118.52292021148452 32.15481324045348
973 118.68423448316314 31.824537968165533
974 118.93950961482624 32.359032763539716
975 118.69562403442036 32.24434399140654
976 118.85008541842315 31.750501699649526
977 118.82673811547953 31.990841433224755
978 118.9281461769899 31.65595472494434
979 119.07170114261633 32.03511113160935
980 118.68084175806987 32.03760332862046
981 119.13306449412639 31.772542462275304
982 118.96700966124521 31.660487559442085
983 118.79237663777425 31.724788469319467
984 119.09018804549424 32.02902705897053
985 118.7799916796789 31.642313080062433
986 118.9951824069321 31.756013569499675
987 119.11877655684573 31.738314714731448
988 118.68877167028612 31.92469349615178
989 118.8363545662192 32.01834488813419
990 118.77634312083386 31.876637826189988
991 118.5641130784331 32.10139359568614
992 118.56965516122024 32.33265453880934
993 118.57350879685312 31.797509044358424
994 119.12857008551872 32.38646417224984
995 119.1207541079556 31.873107123306568
996 118.73744647832315 32.08707424465792
997 119.08604874140488 31.886012208362537
998 119.16654106629095 32.16111158036276
999 119.0311377255628 32.28854026099078
1000 118.66781849933083 32.242718089818865
