1 118.94692714016976 31.95639181488383
2 118.90107100837018 31.616046817326712
3 118.61065828039067 32.06145647247386
4 119.06215053136789 31.974043199572044
5 119.16098603222582 31.955883779292527
6 118.95159949231824 31.860123939701648
7 118.90909056374876 31.746945077934406
8 118.624986305786 32.06995695804582
9 118.69435993424612 31.830944741901057
10 118.7506882363644 31.823030237376887
11 118.63055180769179 32.096767123496505
12 119.20319183606018 32.03235708150484
13 119.1475675889 31.712133270739812
14 118.76219995366856 31.984110417948166
15 118.61408886665738 31.741664842842486
16 118.76596993898971 32.240240305942876
17 118.63063599239183 32.30339752999559
18 118.87023639472648 31.999577470097353
19 118.64620339773818 32.28972275195016
20 118.53892933486311 31.682380212386427
21 118.936124589339 32.010768532330864
22 118.74329693736036 31.644733278963784
23 118.99807061451959 31.928763339749796
24 118.85329657508274 31.68083786942591
25 118.97594986597565 31.685928604338173
26 118.74249228177742 32.094471555492426
27 118.89573965690003 31.792691892935874
28 118.84285269260154 31.666602011693158
29 118.92077176455858 31.789011165466828
30 118.53619482106394 31.863845430612
31 119.19369835848251 31.982332066637976
32 118.66733869759686 31.755711592674555
33 118.55193815430745 32.11214722005782
34 118.6932625523538 32.0043415677507
35 119.00286180479317 32.03639090636752
36 119.16531137680784 31.921366477103227
37 119.09912996639315 32.20970844085418
38 118.69869429620988 32.063269219603846
39 119.10305251242426 31.70387746756539
40 118.55698284600263 32.155308742357086
41 118.56701223140338 32.37244132504637
42 118.64161185646438 32.019074955682406
43 119.0409861602595 32.30454589705594
44 118.97340789054964 31.869723661420366
45 118.5938843784 32.06356879044228
46 119.0161459450212 31.92737430284386
47 119.02683081815424 31.916360682162747
48 118.60709577565241 32.23049560254751
49 118.95847178037147 32.022077023395425
50 118.7892900654398 32.35789185631396
51 118.5445366854716 32.03622586073905
52 118.86184541742918 31.684203511727024
53 118.83604618445244 31.898521596986132
54 119.11417255614691 32.28499813231351
55 118.9460981066122 31.962211548855493
56 119.10384438078356 31.605434830596728
57 118.8577885939474 31.809910784649794
58 118.98267616069154 31.654052844723868
59 119.16925753782695 32.382382598515285
60 118.51549962591282 32.381665328212264
61 118.7881671351379 32.24420854918821
62 118.81604218966281 32.07447364864664
63 119.04215838596751 32.220964817426584
64 118.52198259663352 31.745565983350332
65 118.89623787048721 31.840127786422123
66 118.69289662630187 32.009990246267016
67 118.79405280894433 31.88122272524095
68 118.96695344732339 31.662196962025334
69 118.92394984586593 32.34688823811455
70 118.66541669562297 31.973690625778094
71 118.62567230676862 32.00223287818574
72 119.07608539965334 31.88073678069647
73 118.85351558767222 31.82315699430612
74 119.17094959611848 31.88721441630278
75 118.96094500451352 32.27263558441023
76 118.63930143812058 32.21753155803278
77 118.62606402799855 31.880860838351886
78 118.7270091054272 31.631755388261464
79 119.03718854424439 32.23036994246762
80 118.83230266305775 31.81279708178666
81 118.8986903483957 32.076687369376565
82 118.91137141951612 31.607676826434645
83 118.65638832743379 32.115586615936394
84 118.72961676712754 31.930706313281778
85 118.69559244634969 31.97769044914257
86 119.14137071811763 31.94682404939252
87 118.51126842288312 31.891833855173136
88 119.18945251074894 32.011515403691654
89 118.62020558836676 32.38589037714862
90 118.84206092791415 31.711574186250413
91 118.6852759932905 31.86903545707887
92 118.69358399399262 31.615647085315032
93 119.03005842975737 32.19770137774015
94 118.99376096386806 32.136467827336574
95 119.03333726485069 31.75994774292428
96 118.61267576348352 31.91298453916142
97 118.65820676154657 32.11934564872839
98 119.03313160225512 32.14202416298462
99 118.55951184427269 31.72252714701767
100 119.09512961182755 32.33329250366521
101 119.11867259654764 32.2473712348568
102 118.84994787087572 31.677884007216242
103 118.98096976724679 32.29199629315589
104 118.73211452129165 32.209402914626935
105 118.94476503066956 32.26220336550705
106 118.52226750811474 32.008925543116796
107 118.67983389111026 31.799455299260412
108 118.79385158141284 32.364479084947874
109 118.87109982537342 32.08486575510334
110 119.19643731141659 31.880035924907908
111 119.20495117241762 31.836640836750245
112 118.58936575411526 32.32582534534453
113 118.71928698113125 31.950815143845197
114 118.55495260427189 32.04810773678331
115 118.72727828114982 32.12344520570701
116 119.15657028176571 32.27827479793634
117 118.91724417786052 32.087978474910855
118 118.52442172216564 31.75205557454425
119 118.89129757239333 32.05638135976228
120 119.17307893721006 32.00562216273451
121 119.19153450709854 32.02827641368054
122 119.13344992224155 32.14632951487389
123 119.02747000350922 31.788350029899796
124 118.66090734016879 31.740929219032818
125 119.12445594231907 31.680836816327297
126 118.72549441766071 31.84088816209371
127 119.1141440571541 31.609295552793995
128 118.51639354375801 32.088078496308185
129 118.55432072303604 31.831645722139392
130 119.06673543605089 31.75290495392395
131 118.54817914161525 31.680673479644664
132 118.79610304756856 31.81131591260063
133 118.75552466294988 31.782559356739075
134 118.64657266460736 31.82010412642349
135 118.7657054768369 31.967256205155085
136 118.83432575608387 32.041871930878756
137 119.10842129407358 32.24599767063713
138 118.93695476042373 32.373510011346724
139 119.13600495239481 31.644410504872262
140 119.10619003679004 31.794555154084687
141 118.612111644119 32.09905718028679
142 118.77384059519568 31.759382752394345
143 118.85485308876595 32.29341334469801
144 118.68602491286545 31.744823128640984
145 118.88652754517007 32.19093328018944
146 119.20200289410428 32.08833661576731
147 118.65874160077341 32.21713393777837
148 119.0680214706756 31.62917176671165
149 119.21059285519259 31.797160757085027
150 118.65439151413429 32.17725511846929
151 119.11540235854368 31.69849692391326
152 118.61541209894467 31.636277629726262
153 119.15504586234289 31.894599384724007
154 118.6940972108156 32.092155163710416
155 118.66685639888742 31.604984841832415
156 119.13081269475454 31.69092703599952
157 118.69209838167677 31.610051354359868
158 118.64771282334536 31.917531765167517
159 118.71952795460751 32.14934629828417
160 118.99726383561756 31.76453444324707
161 118.51638204760673 32.26950202684352
162 118.62603051453866 31.944628211667915
163 118.5834066698603 32.09289398473711
164 118.84318474581251 31.83867634467823
165 118.52403901731302 32.11592317456474
166 119.1574349331135 32.39606150206711
167 118.82849057485936 31.964417682402576
168 118.92595899188606 31.76571639702791
169 118.65265817897411 31.965617656349327
170 119.00713222260968 31.940467495654527
171 118.51225666717977 32.00418171824305
172 118.55374825906253 32.01882943883489
173 119.1493239702704 31.6398033499559
174 118.61915312635057 31.71400124401401
175 118.83979920304458 31.980410101440242
176 118.89105839329976 32.16620850666446
177 118.60895209502705 32.24156566740392
178 118.92664172938152 32.19310122879477
179 118.69963645549302 32.01057209733838
180 118.97482738676462 32.36155198281778
181 118.69674125296629 31.860132568000356
182 118.78449153391288 31.97526402997486
183 118.8408383328848 32.23471868332383
184 118.49315846069752 32.2538719935444
185 118.59200554928012 31.910492390208063
186 118.55318646600848 32.28004537164082
187 118.79409751064239 31.956117370314388
188 118.87696157278745 32.18233427716575
189 119.18317754672356 31.581672219425748
190 118.71732450763311 31.607924592704496
191 118.61655923523635 32.34709374059271
192 119.16077378499023 31.69001578296525
193 118.87793234649256 32.17041343269091
194 119.16242415870015 31.84133395717587
195 118.72515971924165 31.748990412664316
196 118.54274410336454 31.8936209970083
197 118.85239118224395 32.34867160275641
198 119.22353392707281 32.071600163819674
199 118.54695568588436 32.329779725095065
200 118.86337752840286 32.160166692579
201 119.08215683365081 31.978499325086002
202 118.66893176346933 31.991813835364937
203 119.06096364401411 31.78427939870132
204 118.54071811110241 31.627507234641165
205 118.70943669310783 31.905856213325734
206 118.621810163914 32.05072722859184
207 119.16982676655817 32.31823954627107
208 118.94434417542877 32.12885521663406
209 118.71372603043217 32.26524482496005
210 119.1530833782637 32.31383425078472
211 118.8859429203874 32.31405618036071
212 118.74192935419053 32.244493253886986
213 118.98924876840255 31.703529678884333
214 118.94818087582097 31.863679025913097
215 119.1851388140778 31.745187653486877
216 118.52229019684526 32.30379460921906
217 119.08309456077033 32.21137654886726
218 118.9773554969963 31.90215279524138
219 118.59458849487237 32.050070771594996
220 118.75004472559452 32.27236288538243
221 118.51405869883551 32.28149461972039
222 119.08190378664959 31.75256048487106
223 118.56616003022931 32.20344125869721
224 118.64286888268404 32.2610560652988
225 118.9688463547105 31.67652551004904
226 119.04204189396448 31.676777551139256
227 118.687031490598 31.94870802437357
228 118.63389978754118 31.777580276490944
229 118.52526333438328 32.28668649107741
230 118.55337944224543 32.190091095664386
231 119.12187803754826 32.1776404406968
232 118.67492740622026 32.19933202226929
233 118.76695478897938 31.82963217941022
234 119.04384264784308 31.78082311775002
235 119.16173713300002 32.0903323783543
236 119.12458305631466 31.917654827769113
237 119.09515530901429 32.34702405286504
238 119.07645141898307 32.13894024658733
239 118.75483399192832 31.893427318668085
240 118.95486824209995 32.26073727468227
241 118.99956535587486 31.933872903776084
242 118.80066698477489 31.72588774358424
243 118.9507801478207 32.2140456920665
244 119.18316242029873 31.99514120956962
245 118.71681817625424 31.798788785438685
246 119.16056056959243 32.14399706026047
247 119.17247824506309 32.37633554787092
248 118.9131747141847 31.79253831578978
249 119.16377287049863 32.233228304955375
250 119.01470253180774 32.19560031019569
251 118.9811294086753 31.69501176131332
252 118.57690187276921 32.29749275724427
253 119.03783928936345 31.967411639552946
254 118.61128800284247 31.673101820412253
255 119.04540760408685 32.03149578704047
256 118.52852784387342 31.86953267922468
257 119.13747558479604 31.72025072300162
258 118.62489515815274 31.660647535713814
259 119.08268587606875 31.770128264057643
260 119.1256554826379 31.95520398633269
261 118.53402958416514 32.1063832356533
262 118.57624450078278 31.663621697019508
263 119.16192860016403 32.15121340175414
264 119.17625715833843 31.694099622372665
265 118.54405151927928 31.729379494594053
266 118.94181957130948 32.19554395785757
267 118.76980405872203 32.284795588985034
268 118.5317556619689 32.34715622549866
269 119.10326565741461 32.11885917689799
270 118.96270737518468 31.96623615074046
271 118.57922270005422 31.68642971939287
272 118.80680424644771 32.065922674349245
273 118.78787993565061 31.721884550033273
274 119.18215963324818 32.00730251009717
275 119.19444652869578 32.08046253045887
276 118.65956545168122 32.268000698615246
277 119.02145116925072 31.856125037834374
278 118.95010438769137 32.393661549759976
279 118.83268052094743 32.36607218973696
280 118.88793118151152 32.292963447675156
281 118.79671672334369 32.177398448265386
282 118.51933065414609 32.153579412855514
283 119.03462453719435 32.32287795242583
284 119.0355279361939 32.36126432720252
285 119.12902822248229 32.2571055403717
286 118.8384676904186 32.135133780722825
287 118.5479013356305 31.706368725407806
288 119.1616928576483 32.096557178473255
289 118.68820708795916 31.86387309398248
290 118.57793376259433 31.717119365225045
291 118.60528675364382 32.308150862095665
292 118.93167912719892 32.2474175919399
293 118.76537094764977 32.01695106496486
294 118.98205845856346 31.969914939605058
295 118.52600386111223 32.01140508349965
296 118.52046183325618 31.827931973479615
297 119.18695423050643 31.907198937087944
298 118.53857474653257 31.954783381470484
299 118.76419865388564 31.627582008444048
300 118.5301873011856 32.30451557226372
301 119.13958003150262 31.648395805632497
302 119.10117890245294 31.92148394940869
303 118.89668518533215 31.705691129145098
304 118.57943362050149 31.783114063902683
305 119.08980244890597 32.34752112509101
306 118.5617510453424 31.89489752595424
307 118.7958709041554 32.17400320555897
308 118.72865361247024 31.694264171649543
309 119.2221555617671 31.784375836391572
310 119.18080816286998 32.297543613622445
311 119.08235738563533 32.32071228186038
312 118.81025495669432 31.798647803967313
313 118.85074166988846 32.37971330420328
314 118.89347100355864 32.14792269780442
315 118.8836730840045 32.017567760242564
316 118.63575932129095 31.87902489596607
317 118.66821378531071 31.865296852051447
318 118.998432743167 32.38700329659886
319 119.09372163275316 32.16755022242361
320 119.16029775586954 32.00318884865217
321 119.03517949803066 31.623420576693597
322 118.91694316090765 31.789546107597975
323 118.54748509459091 32.35265649138188
324 118.5608660893448 32.03804467307303
325 118.63533966897148 31.868786933047534
326 118.9731691448251 31.635507668876276
327 118.69310610240775 31.82502211925805
328 118.79481278968129 31.78675215871013
329 118.59759151333105 31.727545730187536
330 118.65660462925523 31.88252316972926
331 118.75045312548222 31.736422438728475
332 118.9357387874214 31.663560481712278
333 119.19767116424816 31.70780371336133
334 118.60388759210404 31.97297052263711
335 118.7170992835582 31.646159510782063
336 119.20083499579094 32.35957336447364
337 119.10481555860902 31.774813602643714
338 119.18294662039003 31.995198480997196
339 118.86513719683222 31.922265492830544
340 118.66207552669417 31.84747755871311
341 118.64019746538553 31.86517656752594
342 119.06855237568527 31.80462693159541
343 119.16832250739155 31.837704624165376
344 118.92583759425463 31.699178927685143
345 118.95005354797384 32.14310590302516
346 119.15353520731182 32.09410409016042
347 118.67138317242261 31.85219575238799
348 118.89276872942017 32.31949999496683
349 118.8932645626622 31.91782229683635
350 119.12815454337942 32.108170093310235
351 118.72158913492518 32.00437539021078
352 118.59654617001094 31.86303646818396
353 118.5942957858306 32.314853759926336
354 118.68387909490995 32.28290286295419
355 118.55307680124076 32.26993257739611
356 118.70183465815192 32.37838018281861
357 118.87299925852189 31.629411726589144
358 118.81113541573362 31.980801374812152
359 118.94485473627762 32.35857855897877
360 118.8673259867023 31.701564203138773
361 119.019374730932 31.79475167599284
362 118.8188596839457 32.00499909049392
363 119.05462343832093 32.10766791427801
364 118.81386511298649 31.86932209491124
365 119.03266084047836 31.841274639929377
366 119.00790452107945 32.226651044478224
367 119.10878890655849 31.6176168816209
368 118.60921853720863 32.243111172343426
369 118.9997073357733 31.952121272947032
370 118.49022531322915 32.122811218815485
371 118.77322592923194 32.16917059098572
372 118.9356590482743 31.675960539634847
373 118.48694201236208 32.33495963106891
374 118.53604658568861 32.25870110442372
375 118.65257175254472 31.874805153531188
376 118.78600563253943 31.768620380412344
377 118.97618086996886 31.668849552531242
378 118.6522115205947 31.839988776176366
379 118.78331372088165 32.175300327230374
380 119.1539370991017 32.292792809827155
381 118.72202585852679 31.851455896349293
382 119.03193193595786 31.7846358252384
383 118.92575463381914 31.853992431485597
384 118.55166133387893 32.38572696067624
385 119.1813639134234 31.656735266164283
386 118.59858966204548 31.729508378698938
387 118.76308751970862 32.165584454843234
388 119.1837970518813 31.693192737137704
389 118.6767477796899 31.784170608667967
390 119.15212158491863 32.27274482131082
391 118.95552156439439 31.855455560649094
392 118.60923530402523 32.09325711933081
393 118.60094564853773 32.04150706439278
394 119.18183571667518 31.834599057527416
395 118.81405357945681 31.793422033059525
396 119.05196675981969 31.802612688934804
397 118.59432455493958 32.30742365020162
398 118.8700346176587 31.620227375847804
399 118.57273827486344 31.698270151072055
400 118.8354465658819 31.88028799629258
401 118.51311992584151 31.76244019503527
402 118.50290473908261 32.03028419609751
403 119.13445173870817 32.02734218667735
404 119.12862172705131 32.00880103075886
405 119.01262104210669 31.844449505411582
406 118.84340805262836 32.01820357604417
407 118.63667005197352 32.2131808049918
408 118.99494636167597 32.24633530716654
409 118.64301348080309 32.0396224449858
410 118.53573708121213 32.244475442877615
411 118.71277093286145 31.67614217352791
412 118.90938509550466 31.724394891656384
413 118.90799572769697 32.202949847858996
414 119.067598345242 31.911971226923214
415 118.76392505370455 31.879964277781273
416 118.58969923797943 32.05804901342456
417 118.53581434319703 31.922535665652596
418 118.65054573957397 32.33292697099812
419 119.1689142833899 31.901705580705976
420 118.50109854177643 32.24898510735249
421 118.94134745640203 32.109414718362395
422 118.81665705229352 32.340383835685394
423 118.64790565282105 31.98677643908067
424 119.00201642176533 32.361569781584606
425 118.89839611944541 32.043441203163404
426 118.55955080375027 31.617184409319968
427 118.9695426699284 32.19261740882273
428 118.53024297801265 32.288445244829774
429 118.66971135367382 31.661300968321896
430 118.89010236517295 32.37120375540171
431 119.00806129228361 32.04521899690586
432 118.87918459122258 32.19358196232614
433 119.09594048152346 31.78398206361303
434 118.9770456682294 32.35516586384904
435 119.17645116966169 32.121058555719436
436 118.69447612916824 32.05841267763887
437 119.19230674059179 32.357424742819234
438 118.64886815060827 32.04445109832675
439 118.6339257644656 32.0267796727012
440 118.61348761632958 31.61050722077102
441 118.59034325663181 32.03590220110231
442 118.93879554515217 32.18197123599838
443 118.50261844112764 31.897507299079074
444 119.07439199789538 32.16059314675403
445 118.95780300702158 32.0423464585069
446 118.73727367180345 31.77849619178188
447 119.13182149985465 32.03696425722825
448 119.09720717191924 31.999212407593234
449 118.93169375330785 31.863758658047654
450 118.51878800443265 32.13437785045903
451 119.18426861276777 31.66030934816285
452 118.91157357065711 31.89540963354715
453 119.13986587812818 31.9550822775034
454 118.60140420858379 32.39151802077685
455 118.50921904502658 32.16218638412687
456 118.71259172056895 32.11516604446271
457 119.02977426180387 31.738282302168816
458 119.0645067083802 31.961074557434845
459 119.09762494612694 31.913576780984332
460 118.7204356554442 32.34835850880494
461 119.04027826968141 31.966908926062825
462 118.59741079383261 32.281823090082725
463 118.89463669203077 32.14260105783691
464 118.5204743341808 32.27549908411159
465 119.00317343157633 31.578076930786327
466 118.75877230811793 32.334643716803136
467 118.5619019931793 32.359250813171684
468 118.98740285056348 31.718634289968332
469 118.79555719898278 31.641748471204416
470 118.71210644679464 31.861480959736166
471 118.73378172760027 32.031264486313475
472 119.04409050158922 32.03267018274194
473 118.79502347034789 31.970805620838036
474 119.11967270134559 32.32231610726986
475 118.6054405419708 32.02619642618377
476 118.79036522366533 32.3428205396294
477 119.13825336717343 32.0661669586795
478 118.91596696657476 31.758973707920592
479 118.9901124374136 32.38540929378942
480 119.09761463198073 32.389493603359334
481 118.87208230386136 31.95124274330584
482 118.60025796582775 32.2099102099321
483 118.72413142750617 32.12345416886037
484 118.6696709714828 31.75500713418853
485 118.63048342994088 32.07650968939499
486 118.89482848992132 32.12193425483143
487 118.64396058314001 32.08277913376103
488 119.0774190705753 32.03856458822217
489 118.82846162619147 32.077375686093376
490 119.0820872154512 32.16571636225351
491 119.08846091020871 32.200586073460755
492 118.96996308082862 31.673734117041448
493 119.05184493306493 32.34631014218947
494 119.07153695980494 31.988633263940084
495 118.92385255027875 32.16563664279503
496 118.69901371412558 31.905362753004407
497 118.79963099361647 31.6747487604401
498 118.71850228566541 32.12519306419164
499 118.82961650774844 31.909975792796953
500 118.74910837255841 32.01710236279396
501 118.7625202063007 31.79472918891472
502 118.56734115761482 31.775540478659686
503 118.7831559831587 31.833269161899587
504 118.59701162090742 32.31074509026597
505 118.76648540853886 32.34735938796945
506 118.57310097845352 32.347728076159
507 118.76743620775159 31.946098074845445
508 118.8842068344337 32.226537443704984
509 118.53417554115198 31.74873862500033
510 118.66724296153225 32.182992612512045
511 118.77093874543336 31.93320751784332
512 118.70517048030197 32.25013044091203
513 118.89213299290213 31.76822093810873
514 119.0712443041914 32.24861067787541
515 119.03883613303815 31.687322828166174
516 118.67900948973823 32.298899266509395
517 118.6301729996326 31.950892090927653
518 118.92122355732468 31.753339498005463
519 118.78462137225164 31.84054406525252
520 118.5575249962578 32.17534687436929
521 118.64244503470022 31.963998403798925
522 119.17199537728686 31.7898106683462
523 119.1374506703021 31.806549708951618
524 118.73711212833682 32.15221231542161
525 118.52631184526656 32.106851469384466
526 119.02629939321005 31.655531656348614
527 118.67955280072388 32.27277636518626
528 118.51824163661915 31.698839329414426
529 118.67663527519929 31.777586095123496
530 118.57546003499762 31.619611758352768
531 119.12486524639696 32.031112481888776
532 118.63559748021892 32.306720151924615
533 119.02088333951698 32.33487307325566
534 118.61496414414025 31.974445831949705
535 118.56636051070524 31.685365764321965
536 118.7835727274935 31.998076062132117
537 118.94127474345225 31.829147882241177
538 118.89167814222503 31.83857040816969
539 119.04263360718478 31.767202973728278
540 118.77588313733199 32.35305575162894
541 118.95224595181756 31.91229560904031
542 118.54320006193508 31.59890305205002
543 119.0261939893887 31.98256191393534
544 118.97203967405898 32.11982000134769
545 119.07149304110574 32.24243866510289
546 118.55221621303221 32.18898128861539
547 118.82480508525535 32.13779715028849
548 118.96424250344015 31.799526842204695
549 118.47666875705488 31.865216754905653
550 119.1232993709574 31.9356949880784
551 119.07155830290635 31.734873743960048
552 118.8599761543895 31.965645634874452
553 118.74827778339657 31.690272291347682
554 119.00601823696341 31.675770473537746
555 119.12721931238192 32.25392848554689
556 118.87141935453762 31.727548191032227
557 119.13513308827065 31.956259328446937
558 118.56953389533886 32.07884399902058
559 118.72578299878786 32.357781352830166
560 118.987435990052 31.86006386109384
561 118.76187408612196 31.72365611197719
562 118.85542918576478 32.2941536179437
563 118.95238945485319 31.840386109680367
564 118.90855649067088 31.818298299265432
565 118.82217389184407 31.72455188528928
566 118.62346873150538 31.941606523584884
567 118.77764342030189 31.771900645405065
568 118.63758105135516 31.907494459710513
569 119.0321970549999 31.86145332711359
570 119.05914563689844 32.117217109972046
571 118.64107891292711 31.952599110585904
572 118.92516656878394 32.110022615421485
573 118.99768628145094 31.835394208697636
574 118.7999819684346 31.88951730973967
575 118.55109756719143 32.3854777741136
576 118.95427675454026 31.799525676763224
577 118.56532535718696 32.19928417568489
578 118.96402652578675 32.15415358331631
579 118.57025768104769 32.09990565571869
580 118.9578746258016 31.688578893373432
581 118.68313144131548 31.6019561431848
582 118.7610045065861 32.207667088892585
583 119.16948720513581 31.647923139881165
584 119.17795599511692 31.795363216674584
585 118.87215583129691 32.37019823311769
586 118.9603521687246 32.385810389498836
587 119.06730960215981 32.35170583287048
588 119.01554562241462 32.04855350423609
589 118.5808329216757 31.979016129302863
590 118.78875351557774 31.968993007193575
591 119.09034311664986 31.88543252047988
592 119.03012063896772 32.386990717359474
593 118.62834586062861 32.24641730324987
594 119.08615614633408 32.42196078627213
595 118.938991995051 31.84322695020144
596 118.70397330227735 32.076712168837894
597 118.53661352709958 32.12260910561365
598 119.0113706600504 31.9184905043174
599 118.8312450580503 32.06377672897808
600 119.17711200479229 31.731804796616707
601 118.66391354270195 31.841386758750534
602 118.566404030498 31.722377220335623
603 118.66405876065183 32.074105016817725
604 118.80673963804459 31.879217204385828
605 118.53103249819861 31.9415990380204
606 118.73589643979653 31.898897366697113
607 118.6552206939914 31.630116971142584
608 119.16706465236531 32.322161440935595
609 118.63869006703617 32.16224460888027
610 119.10940530385831 31.855643832251236
611 118.5572376282062 32.339546339624285
612 118.88771799265494 32.146924462476534
613 118.93031911000804 32.40196257569323
614 118.89253773009804 31.988134184819852
615 119.15722252101308 31.684689770801135
616 118.80034264746072 31.688188972118056
617 118.9404265796362 32.17282982067563
618 119.11663177960479 32.05753613843807
619 118.664724770788 31.77271944800119
620 118.86757614712522 32.00953206719755
621 119.18967469226882 32.032743679884845
622 119.041355802415 32.29424094889039
623 119.0129062407554 31.62143572607942
624 118.80087184245419 31.701034827292048
625 119.10824417403056 31.913092484621348
626 119.07790521401516 31.686037006788695
627 118.79793841482942 32.38508166903263
628 118.88251856452692 31.76643572064867
629 118.97580945230551 32.09227961049304
630 119.03004022277084 31.94925337144659
631 118.82968117209761 32.231163795528474
632 118.75311224461143 31.63314798471335
633 118.62382253614786 31.870869192412208
634 119.0359326049271 31.97547283119261
635 119.02247765549342 31.688316214193193
636 118.62935466134331 32.07646817263864
637 119.11401900771992 32.01309139745482
638 118.60768487251374 32.276813067790904
639 119.08191600963089 31.964533938232798
640 118.61268287643426 31.86226788300095
641 118.94120735775293 31.85416018575452
642 118.8635554666372 31.81862746771325
643 118.60483951125677 32.341454995396425
644 119.03282014252375 32.23612972365263
645 119.00093173903069 31.865532515548985
646 119.11223712552808 31.945893839775835
647 118.82518542360877 31.677042642600387
648 118.8738421074561 32.06569710679471
649 118.97331497479416 32.188169538531426
650 119.10086540875372 31.801316869345232
651 118.76214438825754 31.96512505439684
652 118.98562028364195 32.13742006761049
653 118.92188357478035 31.984232811111166
654 118.64030242324122 32.02874868943663
655 118.98109052476713 31.761935811522438
656 119.07650829057648 32.219250067954825
657 118.83205142709612 31.686537905253985
658 119.17660243076153 31.967966261836118
659 118.86877057250342 31.83030043994906
660 119.13036410149708 31.69418633472643
661 119.00542391489203 32.301258552233804
662 118.78584312188248 31.75780980994309
663 118.71753030682149 31.992602899742373
664 118.7814674796938 32.103662464221536
665 118.7463655510549 31.837366162134963
666 118.51887113722267 31.992635903152923
667 118.5304234425165 32.006656552475846
668 118.78223894615259 31.931962824412548
669 118.61595095153419 31.87594529567168
670 119.07934160291691 31.80004718255046
671 119.16514573849284 32.32254800640154
672 118.71224998208166 31.980595023804273
673 119.01868802165713 32.14971102212282
674 118.7456611782255 32.01603876536281
675 119.10518942525985 31.85687503225091
676 118.82077075107159 32.005793570214315
677 119.14103071598369 32.24374896388459
678 118.99534798970548 32.284818605621595
679 118.58558034575047 32.36295892659798
680 118.60452573028067 31.793907658670808
681 118.82740357226288 31.882481515733893
682 118.90938655984218 31.686748403992066
683 118.85216188480814 32.4106416687032
684 119.13620360084545 32.1106274962883
685 118.50658828839317 32.145960958155236
686 118.58482778606239 31.958642910538934
687 118.69186446275215 31.8129985001336
688 119.14296528011991 31.925089687752017
689 118.49942030375833 31.834385644433528
690 118.87531365815165 32.02574863519685
691 118.49269681253172 32.2581625839778
692 118.88991792647025 32.268954449741635
693 118.82977408477922 31.852121356127196
694 118.58729550503588 31.733565442005858
695 118.92604197530062 32.19422476226896
696 118.9290886236863 31.937491896258923
697 118.81787678570244 31.740947095982953
698 119.04416251991253 32.1039419618486
699 118.54982151016675 31.682889402330655
700 118.72164107246633 31.677148084767026
701 118.83788350385363 31.574173577653625
702 118.71406947261245 31.750469024106454
703 118.58484766987378 31.97477071788538
704 118.57737411416932 31.751035618041175
705 119.0367564663994 31.62974720307961
706 118.6954432366906 31.990685993101614
707 118.96453811304876 32.32373542983289
708 119.09488894893988 31.622610010823188
709 118.71467128937323 31.795009885849577
710 118.62470050149805 32.34907777722429
711 118.89773740561884 32.11068349049924
712 119.08764983378182 32.24439006634765
713 118.77563556452989 32.30806895500606
714 119.08234733763484 31.76979675275551
715 119.19815073270645 32.2139148148479
716 118.96738892036133 31.814806075679787
717 119.12333538830666 32.32347538236856
718 118.55640553034597 32.336681682051015
719 118.78174167563503 31.722516784652782
720 119.10374198714722 32.290820945107654
721 119.03309794841329 31.63748102792333
722 118.58096399613981 32.073650598850826
723 118.6695248586111 31.977551660633306
724 118.71822986434813 32.093880852464856
725 118.94616359950929 32.19714028780009
726 119.02668241072588 32.304801846859164
727 118.85345065423849 31.99361330499702
728 118.5330783836318 31.64477170763649
729 119.14161830405831 32.36209785729747
730 119.18011003419697 31.647098867082494
731 118.72839152965938 32.23934668353207
732 119.07398761621761 31.705210581353807
733 118.87420579347645 32.31932362270033
734 118.82514441515818 32.100796208597664
735 119.142704471811 31.852402388677525
736 118.4936516708937 32.26836342409912
737 118.7778808238928 31.735457553472642
738 118.64121994822683 31.78394530044345
739 118.82319310789103 31.827260794026618
740 118.81543032765519 31.913661421538663
741 118.63644912244409 31.798586187809708
742 118.91249726254058 32.31876463996045
743 118.75070682920966 31.950041908138807
744 119.12114991907625 32.37035558481778
745 119.16622119585436 31.839064602151126
746 118.75394546851834 31.967266610066503
747 119.01903964126073 32.2750580963983
748 118.94600459615957 32.392924222194914
749 118.76661350360133 31.97086490475679
750 118.72041074082344 31.97927070858661
751 119.15349136349774 32.36104366854955
752 118.66098381767237 31.9321329578159
753 119.06998220766717 31.95262494519768
754 119.03791685318768 32.393639850072816
755 118.63554722748479 32.002965821997684
756 118.75887926218196 31.68711180703283
757 118.82184627753855 32.37014740660758
758 118.8475399580753 31.949023453475146
759 118.93276548690977 31.892606797441687
760 118.77061895001155 32.305873747899014
761 118.94128730522377 31.606571009869487
762 118.79868177197116 32.36254560081364
763 119.17489773324584 31.660568726006495
764 118.963791810596 31.641158892926143
765 118.82540796295893 32.32498313098081
766 118.88901892149742 31.96021699962983
767 118.58264376084875 31.72684863981518
768 118.6733036769242 32.38348522994342
769 118.99799910046714 31.84099417277015
770 119.22405125085115 32.349519328750404
771 118.75059483187475 31.990235820999796
772 119.21508042203078 31.909638450571755
773 118.7619570015082 32.05128945618524
774 118.80301413768231 32.328484287386644
775 119.17245218961942 32.39080048146702
776 119.06081670584021 32.1303316395249
777 118.87663203417057 31.905008423527054
778 119.18556052506744 32.270043957622356
779 119.20387657810429 32.33748458641094
780 118.61889456719682 32.00825685306877
781 119.07196179785657 32.19199986489942
782 118.6851525910424 32.33170936126124
783 118.7105053132554 32.16645422326987
784 118.79034377711567 32.10261865460509
785 118.84418821089166 31.878516411519186
786 118.58851877628072 32.090727483310815
787 119.0310893222349 31.772949019859155
788 118.4961099877418 31.71392808500587
789 119.1914921810143 31.79453685594515
790 118.69449336563478 31.92915134677421
791 119.00089693926623 31.87110048187508
792 118.8480198050096 32.15540492634636
793 119.07880730261698 31.91180250244924
794 118.60965560221695 31.96651921426133
795 118.5191441023179 31.81630191215346
796 118.6116584819709 31.69882756993212
797 118.96581991834206 32.17513830602901
798 119.0802776822722 31.78436409095546
799 118.60375428230763 31.972728737942763
800 118.9250603572295 32.090964665092045
801 118.52175349539901 32.1328988618731
802 119.06169652097702 31.94988085363114
803 118.57528003978791 31.802683560388946
804 118.63847025636612 32.310967147255376
805 118.95460198488396 32.143643756309075
806 118.80941583215251 31.78137245122443
807 118.6949424724124 32.241233661554496
808 119.1721265157409 32.03501662016962
809 118.88120113396724 31.95556726327763
810 118.60535698565171 31.700997049582504
811 118.80180869300823 31.77987445954985
812 119.00484992820643 31.689493189588326
813 118.80704820155904 32.124192968266286
814 118.59105461596167 32.17893545115714
815 118.61694138561826 31.971769534823615
816 118.66438069078316 31.64346187062196
817 118.88306988674394 31.711290556982693
818 118.92794232937712 32.338242825812536
819 118.82513278454125 32.3175479013878
820 118.62779047649863 31.923629477031344
821 118.72710112299956 31.70245742872364
822 119.12709092355334 31.97047004348561
823 118.67820919051084 31.937591529328547
824 118.98714160791697 31.606971808666888
825 118.74128360341905 32.1874609900218
826 119.19443644483404 32.097740783615976
827 118.50500349115224 32.03220873550478
828 118.7029888187584 32.24239080616749
829 119.04421190469903 32.284635171950804
830 118.5351946499089 31.769570174727857
831 118.76257433496976 31.65194351221042
832 119.16065040533738 31.907753793700564
833 118.9825261214698 32.27047035925327
834 118.58718819757446 32.208258001658955
835 118.55307980504529 31.794425554086725
836 119.17557591875256 32.215582003426654
837 119.1525094974066 32.06430690276777
838 118.60963826887772 31.794845834068667
839 119.11541627834397 32.14641864841512
840 118.99838007337043 31.83795036297271
841 118.79675455348858 31.876402453746735
842 118.65410946267615 31.76627482757186
843 118.5990347411141 32.050405388054976
844 118.65135165144623 31.986059820780454
845 118.81688945798852 32.102464206204274
846 118.52373486956925 31.597657819796083
847 118.94579551975681 31.92646839970252
848 118.93532275844224 31.645958369711895
849 118.90443445979939 31.8440464911707
850 119.09257213907995 31.67648783910641
851 118.56425991717573 32.06848527562574
852 119.18344178151666 32.342084531501996
853 118.82185991276691 32.27271466141573
854 118.83241466014624 32.00512863917243
855 118.61858856193297 31.87345143736381
856 118.96071862612725 31.612316302959247
857 119.13377085404917 32.134377775041195
858 118.55513208594375 31.832496357538258
859 118.71213856149427 31.94301867841547
860 119.0536836479061 32.09286223008311
861 118.51826607680428 31.73770739518572
862 118.90303474751667 32.03851324911295
863 118.6460860837198 31.970338137748914
864 118.87219027124145 31.90341680466118
865 118.61208709088052 32.27870468640219
866 118.75186229218824 32.19879266631714
867 118.73131135609665 31.684375702391044
868 118.77473036901836 32.31322975729342
869 119.17043199263156 31.5775371847925
870 118.58816830823112 31.783588153097913
871 118.67970787222384 31.703259747696897
872 118.98381784376986 31.864782003963903
873 118.75839329395406 31.6980577966353
874 119.1423264202835 31.813449894228167
875 118.73312671000866 31.93685102281979
876 119.15593912529506 31.97225564886003
877 118.59289610096009 31.829979432924322
878 118.82255148249953 31.660260291637176
879 118.86862815618653 32.01943776268541
880 118.94192410039315 32.07566909345143
881 118.78314993097325 32.108157560549905
882 118.87212115293693 31.59697515260755
883 118.64112368290911 31.682124830675715
884 118.66744779490712 32.128829911674636
885 118.5670313371388 31.733187240711487
886 118.8748793307556 31.6959720253826
887 118.82922992828726 31.945687096556547
888 119.1961317632556 31.90369828527271
889 119.05724464599713 32.13215084679016
890 118.99986266445832 31.637011479080844
891 118.72290347569975 31.79271522471181
892 118.67017264284588 31.796213362417454
893 118.97615009677517 31.84741763315958
894 118.66828372414552 31.593478045470736
895 118.5221042042727 32.03994112535123
896 118.71810949016036 31.59391950718512
897 118.86652654112852 31.822910358623997
898 118.6231374447847 32.32026644187713
899 118.580061881378 31.70646549279143
900 119.13483426444374 32.14424097263113
901 118.82387321735719 31.96909000499844
902 118.50557815676075 32.31555310484786
903 118.6631355501233 31.967111607889912
904 118.53732995281094 31.77492672559444
905 118.70332602260682 32.41317987615257
906 118.78489989220309 32.17458538132495
907 118.58759060917882 31.717957664260847
908 119.13850056186226 32.0429531997645
909 118.83205582811102 31.862550003996603
910 119.09997621959283 32.31314869109778
911 119.05873437759747 31.727277646007227
912 118.59028691472714 32.102803526805666
913 118.54137910809706 32.34748953395828
914 118.91115912833388 32.341868274043144
915 118.52928243154304 32.30531316387658
916 119.07014797957494 32.101379926222094
917 118.7113363026268 31.855326525440212
918 119.03601400242499 31.646562976562848
919 118.6284768492296 31.75294276601027
920 118.71739997666124 32.309839592208085
921 118.94390714097867 32.158996962289145
922 118.65155489421446 31.67491777310181
923 118.66488943863727 32.3770918053323
924 118.7460295603603 31.999307654020477
925 118.54721788060236 31.743398591509468
926 118.98472271847714 31.974230880858286
927 118.57772401041984 31.93844547348797
928 118.67594719702484 31.779891068492468
929 118.53413175530085 32.11655721887826
930 118.81982951417876 32.034940809728745
931 118.71536242423231 31.82516714334496
932 118.86448583115966 32.2058039999059
933 118.96045850126426 32.03306535288228
934 118.63858340934136 31.883959510008413
935 118.7422408571147 31.716565955078334
936 118.85685809890565 31.98964733819264
937 118.67044874401165 31.726829691101408
938 119.14033898847893 32.32608559606716
939 118.54649518352278 32.01262015091672
940 118.6149636516165 32.3323845194266
941 118.70344534453731 31.8524636111744
942 118.94033407017535 31.94088501318288
943 118.54239779151226 32.03479485819898
944 119.1408632364969 32.31063037815341
945 119.11693447883317 31.711784543741906
946 118.95791718350027 31.909369246309076
947 118.75959315300007 31.68495803669303
948 118.69022913241159 32.34313526277619
949 118.71381666172441 32.2585819789614
950 119.12213028119098 31.923159340699904
951 118.87949290048984 32.11209758884891
952 119.16531295729457 32.05666916126621
953 118.85651490397564 32.0723691969902
954 118.64555581949679 32.2493413632095
955 118.57824372036582 32.36750074539067
956 118.96437092234332 31.650559064311576
957 118.7219818333747 32.042348388568605
958 118.96219216073338 32.325772188712314
959 119.17345805305298 31.91678552949974
960 118.51925646990294 31.779391147343436
961 118.58260692984793 31.674922299620732
962 118.7112907701025 32.120772666399944
963 118.70989746145513 31.733336487386477
964 118.77029196239059 31.89012527572094
965 118.80020438466273 31.90029010527334
966 118.77741686252548 32.09942625462389
967 118.55480099074296 32.38494251140111
968 118.7308950354197 32.39400563006491
969 118.60593457016117 31.849185967148202
970 118.61628142178083 31.81429785723389
971 118.92008250673265 32.18260205715071
972 118.52685436030612 32.150594166051874
973 118.69263633435186 31.82788562182378
974 118.93363680153249 32.36236824561932
975 118.70111076944295 32.24281477514532
976 118.85660941774002 31.74786731764046
977 118.83083721198891 31.984963515987825
978 118.93047220429497 31.656733743731237
979 119.07576394372789 32.03441108934599
980 118.68770487244153 32.04469869901193
981 119.13330756482704 31.778253573433986
982 118.97244704426781 31.663008003282613
983 118.7906569013173 31.715295826664796
984 119.08819604338468 32.026720928499145
985 118.78072657907292 31.63786554737922
986 118.99572256603524 31.754633184374224
987 119.1169179729583 31.73210415901886
988 118.6969401725576 31.92363122133266
989 118.83470095087704 32.01887728352456
990 118.7724959491446 31.877104099822038
991 118.56158753810607 32.09584215491839
992 118.5714090903762 32.33753594662477
993 118.56815224537281 31.801005141806954
994 119.12988615446648 32.38741515949742
995 119.11930119485348 31.874940504019026
996 118.73984604368037 32.08934287166754
997 119.08301746999298 31.89054284820591
998 119.16287385686302 32.16101385654048
999 119.0286885690196 32.28884191874426
1000 118.67066804337891 32.24051361441896
