1 118.94745042505873 31.9607058695236
2 118.90156102114851 31.630662427271034
3 118.61830552547003 32.06352934598055
4 119.05419656301972 31.965254204244037
5 119.1640468465499 31.961025275145307
6 118.94280742423453 31.868288100097704
7 118.90660924786617 31.755259034690198
8 118.62677844135114 32.062142958040866
9 118.69835774419569 31.838449854163624
10 118.74381720886737 31.828864449227044
11 118.62286344237098 32.1030232071802
12 119.19917711906291 32.03802325859915
13 119.15155306810068 31.717700844324213
14 118.76134816617409 31.98667266153175
15 118.62197480255651 31.74057566043617
16 118.7626503740056 32.23414765091093
17 118.62928414507682 32.30814809626398
18 118.87005269078448 31.990736894635777
19 118.64010627870269 32.28237579732262
20 118.5395701532563 31.68762214715083
21 118.93741113967671 32.01326279721925
22 118.74838172471785 31.629199267288172
23 119.00462448767192 31.933279426444667
24 118.8414733312535 31.69922432716667
25 118.9797916042859 31.689102706694968
26 118.74416391124873 32.08912751013994
27 118.89262603907963 31.79801027073518
28 118.84619708706335 31.673373580059373
29 118.91487613832425 31.783822906875294
30 118.5281575555894 31.873620479630443
31 119.18977410095471 31.989883363993485
32 118.66276877335208 31.756472263810565
33 118.5537402989405 32.12156262248579
34 118.70091018821786 32.00327294890196
35 118.99313872372623 32.031122293754635
36 119.16747372904818 31.91527774766431
37 119.0986330064013 32.216167287047476
38 118.70090310142015 32.07133215484288
39 119.10013074560719 31.711005131124455
40 118.5401107047792 32.16515909683325
41 118.56943957110992 32.37272040726688
42 118.63174796035669 32.02647804314063
43 119.04615825633435 32.304847767274914
44 118.97430744185971 31.875001505950852
45 118.57949412484739 32.06736128586356
46 119.02262881509147 31.933532400461935
47 119.03052838422678 31.921002660981422
48 118.6055452001558 32.23039465288996
49 118.96016146166474 32.03073716487498
50 118.79197901303101 32.35806633808589
51 118.54698080748248 32.037605629279554
52 118.87467100900942 31.680168729152367
53 118.8368781869616 31.885044084744564
54 119.12131696274865 32.28327593301997
55 118.94815138886617 31.96269561205621
56 119.10138643286828 31.60271635966722
57 118.8646262725925 31.80561185905224
58 118.98656720518744 31.655184557621457
59 119.16153924359641 32.38142631628938
60 118.50860565405218 32.382484151653856
61 118.79337736517326 32.24974663484775
62 118.80826588286098 32.071810231487646
63 119.03689178834932 32.232001482756736
64 118.51830819666075 31.748338490445335
65 118.90089456249784 31.841621676710503
66 118.68706331720395 32.0073027320317
67 118.78707946888527 31.879025279416172
68 118.97136569944416 31.672941657953853
69 118.92864818642445 32.34291295728153
70 118.66291739117992 31.974473679648142
71 118.61016866790575 32.011774265918966
72 119.07940995693667 31.879262350639934
73 118.85819885273843 31.81722817455117
74 119.16520904385504 31.891568173097927
75 118.96642864895493 32.27047584488422
76 118.62805977246016 32.22220459806844
77 118.61393131891509 31.868373966498798
78 118.73199457485858 31.63324618299422
79 119.03779447209332 32.23365076590972
80 118.83665539182905 31.808271480720833
81 118.89355730209446 32.071389834537484
82 118.91163729373196 31.605048965659673
83 118.65341929163604 32.114588703367694
84 118.73572009048641 31.92621736049345
85 118.69283394892568 31.974342983662495
86 119.14377537310638 31.94325047548995
87 118.51452034092253 31.878424328808094
88 119.18037701543359 32.00107221972514
89 118.61430910627493 32.390361805678836
90 118.83290893848155 31.715556864050736
91 118.68237722817844 31.862466888917446
92 118.69540480113082 31.61186705679907
93 119.0322680153721 32.19750147334091
94 118.99106699386155 32.13662554294889
95 119.03174125255642 31.768927769260685
96 118.6143590750892 31.905193800226435
97 118.65779950901059 32.12318928391365
98 119.02861138769383 32.148600718656425
99 118.56679394721266 31.7181792126635
100 119.10440916832167 32.33227839414667
101 119.12096336792013 32.243781154100674
102 118.8557610118541 31.672784604132307
103 118.97597376036933 32.29114833556152
104 118.73920662493063 32.21724967759005
105 118.93999175790123 32.25846065497559
106 118.52350202079539 32.01759928099167
107 118.67857920150624 31.793838406165637
108 118.79584476970409 32.369748960060804
109 118.87503444531337 32.096128949464884
110 119.19789218701128 31.88214301246085
111 119.1950619895931 31.838897003373273
112 118.58729652096753 32.319251841336616
113 118.71565089235429 31.962208578839572
114 118.56237307929794 32.03925015623034
115 118.73021979516615 32.12125754147614
116 119.14635566896665 32.28587337491305
117 118.9175985395866 32.08894451694742
118 118.52626629257185 31.757198440243748
119 118.90099540406203 32.06751777493818
120 119.16988149324557 32.009640597346824
121 119.1971698077138 32.02827726891004
122 119.12995545613279 32.15563129570304
123 119.03148607775047 31.781727112555256
124 118.6601988414226 31.751817144523507
125 119.12204194907736 31.68083194037327
126 118.73209284660466 31.842372884988244
127 119.12854575370916 31.599522530843135
128 118.51763408439203 32.082477092155294
129 118.5614594638077 31.83098001064215
130 119.06587969146234 31.754989074952306
131 118.5508314327417 31.6872352650319
132 118.79689456614854 31.806996682815697
133 118.75866062425199 31.777141646555204
134 118.65519121690761 31.82050203236428
135 118.76802354241532 31.963360072260258
136 118.84569394409877 32.04399606725798
137 119.10913308360753 32.246489107297606
138 118.9344691834551 32.380229454070914
139 119.1337753451145 31.642240659706296
140 119.11001877695942 31.800384658762574
141 118.61401059822668 32.09645709461406
142 118.77766394212648 31.763860159365333
143 118.84748478355384 32.294249958816174
144 118.69138542242032 31.750128436579065
145 118.89189466897645 32.19220692314954
146 119.18761399344308 32.08004365491642
147 118.65752097277655 32.21647955518305
148 119.07331535596347 31.628695297376854
149 119.20814285889146 31.794752682062136
150 118.64712739830092 32.17536970828715
151 119.11828037162651 31.704066096622896
152 118.61806933493457 31.627130895184653
153 119.15301559663803 31.899642532909912
154 118.70473392327749 32.095737345007365
155 118.67244778123587 31.616936999103782
156 119.1445891630083 31.683732105160733
157 118.69609526349224 31.602225873479785
158 118.65042664188401 31.90575858231765
159 118.72102819298811 32.14352457389891
160 118.99907810549443 31.76286420875881
161 118.52246605628977 32.27687828344454
162 118.62881064545232 31.95199726453078
163 118.581809269107 32.09795792732244
164 118.84135720479001 31.832415346462778
165 118.51904205818084 32.12505074782642
166 119.15402960780574 32.39554470487856
167 118.83143182000487 31.967482203435427
168 118.92512843671618 31.761563772287058
169 118.64666484941385 31.96252519507598
170 118.99675447533112 31.95145905476165
171 118.51053812828019 32.01160899375318
172 118.5512275066593 32.01772234512669
173 119.16294923518633 31.634901112560705
174 118.62515449397095 31.70894792687628
175 118.83541874784181 31.971453112215563
176 118.89211157917538 32.16986262897132
177 118.61750186795156 32.25686986675355
178 118.92264402303614 32.17492459139169
179 118.71113492603669 32.01987168993841
180 118.97772136700398 32.375796086502916
181 118.7062855473418 31.86386874217268
182 118.78950706516069 31.976958337174054
183 118.84181324950644 32.22672267537134
184 118.4991161682207 32.252224231595086
185 118.59260596633683 31.916863278242566
186 118.55235065718254 32.27460376100338
187 118.79732369204196 31.948636641024105
188 118.87971458835271 32.18932583573005
189 119.16780241947349 31.57447018488664
190 118.72472831292772 31.602161733109092
191 118.6122142340823 32.340057106766686
192 119.15949990459265 31.695204208948585
193 118.88097455041073 32.162782851790965
194 119.16073462448547 31.84052807045982
195 118.71651419121724 31.743816674304288
196 118.54428776663526 31.897903713604077
197 118.84696045933792 32.34541585287727
198 119.22467314463172 32.07264286611998
199 118.54655879451612 32.327428691985176
200 118.85775147501391 32.156401795309165
201 119.08832020361471 31.969624689979348
202 118.67526018134559 31.992887885602592
203 119.05915060264579 31.76688305182686
204 118.54109453039909 31.633990865795848
205 118.71117898944013 31.914761579429573
206 118.62157910882951 32.03993016522042
207 119.15916610608527 32.322284113295765
208 118.95506994135155 32.12675567917461
209 118.72141764221712 32.26134172946874
210 119.1453297525941 32.299645109590394
211 118.8802217753693 32.32124508455404
212 118.73866143475907 32.25071413091616
213 118.99618856656087 31.714573101194755
214 118.94005898111118 31.861992058331538
215 119.18282693440636 31.745037032937535
216 118.5206650277184 32.30554946274625
217 119.08472476510264 32.21150470934285
218 118.97474420143267 31.9021244405417
219 118.59255382386498 32.04870864702564
220 118.75079452683686 32.269617967599075
221 118.52279728186807 32.29536458039649
222 119.08467379827881 31.745804735278067
223 118.57790160200175 32.207713210718204
224 118.64862452646823 32.26650950530311
225 118.96820334928395 31.678591503252527
226 119.04496110308725 31.68246789592409
227 118.70187402835877 31.949549891803596
228 118.63217430839926 31.77024871223081
229 118.53058930221168 32.29953979727216
230 118.54688933574037 32.19254400946108
231 119.12842464444903 32.16758455053224
232 118.67307089009968 32.19661395724508
233 118.75958408584685 31.82382817664008
234 119.03699311317442 31.77390905943278
235 119.1627350319971 32.09331886702411
236 119.12297496183417 31.91279806386063
237 119.09893133307364 32.342841037364074
238 119.08210079891307 32.140116485839535
239 118.7581687210224 31.89078559903485
240 118.95016058594663 32.26520790722678
241 119.00123917061987 31.927022688927494
242 118.80625861884509 31.72590556624136
243 118.95850817488738 32.211926720149535
244 119.18083134206076 31.988981834381782
245 118.71289307914998 31.796679788965584
246 119.15792647797223 32.132746162102244
247 119.17775260530742 32.38642106712119
248 118.91582491698894 31.792239272806857
249 119.16899496326013 32.238128958493235
250 119.00388660201615 32.19649114521321
251 118.981535214243 31.68844006250348
252 118.57243146592458 32.28842913471054
253 119.04366474409869 31.96302267658386
254 118.6033338212669 31.674584975314453
255 119.05166269163236 32.024806830976246
256 118.52812203940098 31.877954128003122
257 119.13395740898852 31.72312859069318
258 118.62288769061728 31.64619873071271
259 119.08198570038358 31.775812788176733
260 119.13499489271787 31.948527183195772
261 118.5387787396538 32.11449374794541
262 118.5721378988369 31.672514140462532
263 119.15928559613228 32.156436094689454
264 119.18133929639444 31.694104659545445
265 118.55678045420149 31.729325262349786
266 118.94596570442943 32.193098464156556
267 118.76317297617422 32.27914308038273
268 118.52968712114082 32.347778301730884
269 119.09844217065212 32.11434263324529
270 118.9520752039827 31.97671019682348
271 118.57606436174898 31.68381582653892
272 118.81151001265286 32.08467653911059
273 118.78713293163001 31.723144085210283
274 119.18459264049793 32.00542675674002
275 119.19675651486074 32.08267186493125
276 118.65426562313166 32.277680498210664
277 119.02296859337056 31.8606034294432
278 118.94621705316675 32.396214310306554
279 118.83055549321706 32.37430335397016
280 118.88140155340082 32.299424572374726
281 118.80148703674914 32.187773921000826
282 118.51600240415661 32.14655989286029
283 119.02832144255733 32.316558554633
284 119.04102882114796 32.356836066494
285 119.12941571669305 32.25820015165923
286 118.83589039448853 32.136545020767635
287 118.55881948194904 31.705733953828627
288 119.1675148968127 32.09333549645818
289 118.69963523207277 31.858056228381724
290 118.5786475158617 31.713317496831802
291 118.59109707407802 32.3034581332195
292 118.93748996242769 32.25560988384857
293 118.76393360572611 32.01312745324976
294 118.97765097640054 31.976139464834084
295 118.51804419490206 32.01016541941697
296 118.51639983353928 31.821095826768566
297 119.18708921035308 31.916866112256802
298 118.53326096330612 31.947688637492877
299 118.7697185280724 31.627921565940063
300 118.53163465224789 32.298316856463195
301 119.14915773149592 31.64045090672634
302 119.1027740227345 31.928769887098838
303 118.90288089914877 31.700188850025828
304 118.58102407967088 31.777917703000288
305 119.07879226048685 32.3558999559976
306 118.5612405981976 31.89510574519635
307 118.78729951044521 32.177135768817166
308 118.73095601468371 31.691528365885354
309 119.21347199342026 31.77449514368104
310 119.19105719350831 32.29679542859286
311 119.0855524547696 32.3266649765531
312 118.81869928190298 31.793638893501228
313 118.85147106452808 32.374201243814866
314 118.88736222630358 32.15061341199897
315 118.87884370464565 32.017496827487676
316 118.6403369350427 31.888145770911944
317 118.68035834898454 31.857656530858026
318 118.99219870124773 32.38485213834995
319 119.09533840578243 32.17279295508625
320 119.16392045746848 32.00881293106535
321 119.03889567601306 31.625347937794547
322 118.92030098072159 31.80189998982983
323 118.54289404829764 32.35205435578622
324 118.56210722188888 32.03202341938406
325 118.62997934934283 31.86704224334987
326 118.97902480452318 31.630688410062948
327 118.69606994997781 31.826198565435938
328 118.79776548465622 31.790544796436535
329 118.5942503649587 31.734743211635756
330 118.6568243736884 31.878249832904686
331 118.756349708178 31.750258695409443
332 118.92976982929119 31.65608788749979
333 119.19710424323623 31.712070623864065
334 118.61298593108233 31.97709752032857
335 118.71095208275115 31.643902706260132
336 119.19943943070912 32.3546263425235
337 119.10692169741513 31.76790702885346
338 119.17844652418009 31.991951815722302
339 118.87618775574897 31.925889483049122
340 118.65910207702113 31.843139395927345
341 118.64289305934 31.869645141147767
342 119.06001639567113 31.81086114651191
343 119.16549949777918 31.83872683533014
344 118.92472861545164 31.698615496804297
345 118.95126169733899 32.138990645420584
346 119.14786196975957 32.09471215236917
347 118.67325282730052 31.83986585639424
348 118.89204055734045 32.316870759867975
349 118.88916935235636 31.91702435275384
350 119.13526939042413 32.11316756874741
351 118.72044595975808 32.00791230507985
352 118.59456820095441 31.856291993332764
353 118.60283514258721 32.31941576727547
354 118.68337492571247 32.286956933321264
355 118.56148892745355 32.26417695943423
356 118.69793390056954 32.36449303472298
357 118.87837876919444 31.632569907794323
358 118.80651179401698 31.98568893661217
359 118.94268959967984 32.352088258786175
360 118.87195399824962 31.708315167961512
361 119.02870339574697 31.781600189227323
362 118.81869029520568 32.01606426639629
363 119.05481223492163 32.111243997705515
364 118.81496925245283 31.876469136919056
365 119.02702160767879 31.84262663542719
366 119.00422881566942 32.22250774071898
367 119.0962168137938 31.605086088533465
368 118.61939030055183 32.24172000454776
369 118.99804490256798 31.947550037968735
370 118.47567385930891 32.12000479904607
371 118.77323620805639 32.164018534093714
372 118.92936307153897 31.67314385881297
373 118.48814031739565 32.342508996114226
374 118.5230439922545 32.25182620295844
375 118.65402845607335 31.87938084508228
376 118.78654486890875 31.755211494341037
377 118.96937151475177 31.666371010618864
378 118.65330766919371 31.869400127397736
379 118.77551564259107 32.17354630134601
380 119.15875823179304 32.285254184870766
381 118.72197862918416 31.852824241880047
382 119.02559546070029 31.78664827263034
383 118.93051248864045 31.863041711504327
384 118.54326725445512 32.383064962271476
385 119.17907152180848 31.662417841461494
386 118.59802174075793 31.73139910247247
387 118.76408976109647 32.16538295984569
388 119.1871490446788 31.68936845522128
389 118.68019297748955 31.774317652337526
390 119.14278802787017 32.27465208761125
391 118.9508195409894 31.851133615857247
392 118.61402043137855 32.09052969943743
393 118.60232077924826 32.04182965164615
394 119.18124260898261 31.831592677299287
395 118.80912374994972 31.796516867971945
396 119.05741217453804 31.800881370022378
397 118.58714820860533 32.317063128713976
398 118.8699266753606 31.61351667197013
399 118.5746840730568 31.696508417536563
400 118.84208810789558 31.892045689200668
401 118.51670260223483 31.76112334606629
402 118.50095499869788 32.03197346886426
403 119.13026746625587 32.023015208219825
404 119.125220422494 32.012881267217935
405 119.02194268086741 31.844080094437093
406 118.83783578180847 32.01893680135191
407 118.63226385033249 32.21596260676772
408 118.99317999491278 32.23463989962273
409 118.64362431821236 32.045632013255975
410 118.53441999056912 32.2623683635488
411 118.71250321495583 31.67355228940183
412 118.90590749234312 31.716466940638654
413 118.90242302782742 32.205334595918444
414 119.07078004484862 31.901427829383998
415 118.75673034310472 31.88412456839951
416 118.58087224034897 32.06350049000222
417 118.54131563956072 31.921143028088373
418 118.65512360049544 32.336310527049115
419 119.17976967579838 31.901035146066345
420 118.49623909858225 32.26027579246916
421 118.93704379244406 32.111831565551846
422 118.81868109715428 32.342262128098874
423 118.64659515169308 31.98835833553608
424 119.0020566337026 32.35873592292518
425 118.9004109244776 32.03409930296583
426 118.56093367864973 31.617865534914895
427 118.98122252074046 32.18890669790978
428 118.5206694672869 32.27619594959733
429 118.66527036232856 31.66109034349701
430 118.89301389804325 32.369451448343746
431 119.01252919085341 32.05198047458307
432 118.87154209440637 32.19387039271261
433 119.10519743347426 31.788229974956145
434 118.98978531948508 32.35088402168601
435 119.17405109871117 32.115897360639146
436 118.6919591765638 32.06386462708707
437 119.18030089007661 32.35151026415391
438 118.65388230920391 32.05057269016781
439 118.64663199330654 32.02287762840003
440 118.61559944721962 31.609856802238774
441 118.59072043715163 32.02584960617916
442 118.94583103253035 32.18490600821156
443 118.51120230582386 31.898172210422423
444 119.07639156523251 32.166188637885014
445 118.96650296311252 32.04373938633259
446 118.73924566926593 31.771709448909174
447 119.12608438132548 32.033889894013036
448 119.10692669632272 32.006802874572415
449 118.93251594389248 31.871536807461165
450 118.52740982318015 32.138779964052524
451 119.18634840389782 31.663459813420307
452 118.91922049522776 31.89610383211708
453 119.151107502476 31.94476575369625
454 118.59722942700539 32.39803195148602
455 118.51618516611187 32.16800310197533
456 118.72021576027855 32.116014019198424
457 119.02473736037216 31.74121311308809
458 119.06366416214226 31.96050801750545
459 119.08856866745515 31.90290291878276
460 118.72879839714777 32.3496953846335
461 119.03881465412167 31.957733081030156
462 118.59549312673832 32.281944842004386
463 118.89354597342765 32.15356332527782
464 118.52129433215009 32.2716107386522
465 118.99598807992568 31.576301611541727
466 118.7596740869763 32.329263240447496
467 118.56138525865141 32.35712018886965
468 118.98780362536723 31.728917340995476
469 118.80008543986541 31.63729772800626
470 118.72213577584134 31.862830097095358
471 118.7476460534092 32.03176225298361
472 119.04154892346205 32.03845692290072
473 118.79929573806882 31.98234298154362
474 119.1115260847803 32.32124014035268
475 118.61308587976795 32.02211699385746
476 118.79006406488328 32.3412262201578
477 119.14264732319981 32.06909829749764
478 118.9176225602928 31.762657035839222
479 118.99161701761196 32.39185376419963
480 119.10027784726357 32.38921083775145
481 118.867502313369 31.95523940988608
482 118.6000530533353 32.219156382328485
483 118.73719415389391 32.12838100101408
484 118.68158333177401 31.75117122772086
485 118.62365231622807 32.07322775633635
486 118.90008801337673 32.11596837315748
487 118.64029746541766 32.08616285377766
488 119.08425306072569 32.049732948854654
489 118.83066181111712 32.06861052609086
490 119.0783143313806 32.1707426464122
491 119.09583767606009 32.19400744724365
492 118.97170646036014 31.65865423583074
493 119.04489880139617 32.34395089830872
494 119.05964905453295 32.003180982658485
495 118.92211267809985 32.16081630968618
496 118.68900936171197 31.911596399244846
497 118.78655314626508 31.666675843229587
498 118.72228216773372 32.12520065719021
499 118.82161180576279 31.91715992550537
500 118.75338287891041 32.016809352569304
501 118.76541858430318 31.79898430726957
502 118.5744652551639 31.769000271169617
503 118.78452819936663 31.828577859215837
504 118.59479157770001 32.31293714604614
505 118.75856345442647 32.350593291875896
506 118.56384240020127 32.35568527031988
507 118.77352179923017 31.95407058167278
508 118.89219486553569 32.22042811177259
509 118.53825584705774 31.73749239932762
510 118.67304003372183 32.18715278280966
511 118.77822532627263 31.947763161517432
512 118.71673120846025 32.25422536115275
513 118.88594955922744 31.76906093910676
514 119.06718544568947 32.247981023942934
515 119.03241655010544 31.682304914631743
516 118.6830584974605 32.304723420797515
517 118.63163702977145 31.948458287789343
518 118.92244264619166 31.751312557456504
519 118.79187382963481 31.83369454033104
520 118.5625735205522 32.17130478264386
521 118.64307650409582 31.962530484514915
522 119.16597000224289 31.78497823095261
523 119.13352158312324 31.81179205934328
524 118.72944963922666 32.149804282288564
525 118.51930716375654 32.10883551894756
526 119.02913340164079 31.65369041030017
527 118.68178913822808 32.27145669805967
528 118.52515617713932 31.691854370594893
529 118.67873257471322 31.77975412603044
530 118.57771012504841 31.623580868133303
531 119.13762831760287 32.032155451782785
532 118.64153326289434 32.31591596536444
533 119.01209924455333 32.333990787610574
534 118.6041078421869 31.97260230317743
535 118.57409559521022 31.68846772655565
536 118.78772766478676 31.998134017668463
537 118.93981179838606 31.82720122641655
538 118.88589074872691 31.845635783576718
539 119.03779210402595 31.761903445125988
540 118.76807220853998 32.356417064837814
541 118.96164268596884 31.91733875832994
542 118.54114171613917 31.597567907197575
543 119.02786164552793 31.977099499271397
544 118.96727860637044 32.1110906009305
545 119.07051114929305 32.24278600191332
546 118.54843233562266 32.18433820621054
547 118.82852584124144 32.143661016298154
548 118.96576726173824 31.790890202228585
549 118.47034778069802 31.865058306118023
550 119.12062566248268 31.931234397805717
551 119.05989258125362 31.742326113074725
552 118.86133566345706 31.97568014162228
553 118.73996789024878 31.68754732599686
554 119.01859722742753 31.68264770204577
555 119.12662182575856 32.25201343905835
556 118.87658772012517 31.72006369779542
557 119.13788160335955 31.953348523344623
558 118.57557183539838 32.07248338528149
559 118.72134810340829 32.352187338941214
560 118.98926347657775 31.86177230036237
561 118.77471948194973 31.714984902077337
562 118.86054788509531 32.297026865408796
563 118.95238791743766 31.836654675841967
564 118.90605184033498 31.82026920514518
565 118.81216079034796 31.73909081078858
566 118.6305708142977 31.952966419957452
567 118.77724615317345 31.757074217512656
568 118.6302318326528 31.91867339147074
569 119.02932399898303 31.858482389052405
570 119.05698762127956 32.125214971104185
571 118.63858430348452 31.960056086731942
572 118.9213022730687 32.10105832974023
573 118.9877266169136 31.84493899883978
574 118.78670554538762 31.897860738205914
575 118.55274673614005 32.38742919065632
576 118.95735632724963 31.8033439700736
577 118.56536293843142 32.19494239341417
578 118.97920809034221 32.16298128721929
579 118.57744867850646 32.0987360980718
580 118.9553816420031 31.680218088481798
581 118.67822714434057 31.610360145873667
582 118.75315705588869 32.20463703184517
583 119.1649167675617 31.638884115876554
584 119.17609315212844 31.802141010226368
585 118.87851615319647 32.36678877730414
586 118.95745468562177 32.39138476870957
587 119.06448577107693 32.35409966821192
588 119.01441941724097 32.04470042612012
589 118.58713833645373 31.981154568904497
590 118.80260443766993 31.977864622463034
591 119.0876153646173 31.887936979148225
592 119.02015651505975 32.39459920795645
593 118.6218070505226 32.24007632314894
594 119.07973014611183 32.418199809786124
595 118.93688168275209 31.829735058842644
596 118.69507123413267 32.07878043238398
597 118.52706579732018 32.12457975253701
598 119.01182350318922 31.91770503044795
599 118.82628277831242 32.06632420370096
600 119.1811893362693 31.73201026035281
601 118.6628942847851 31.836722970006726
602 118.57245219178455 31.72567399793742
603 118.66236708208694 32.071446340235084
604 118.80147018792675 31.876142571867838
605 118.53449820985807 31.95029918364189
606 118.73749321135348 31.890689312080283
607 118.66082315095429 31.620994386217916
608 119.17036722510689 32.32867286728998
609 118.62949362316407 32.16140373640385
610 119.11060189610878 31.8558155425731
611 118.56459542325649 32.32569107243134
612 118.89389948141688 32.14270082109718
613 118.92095221245319 32.414156656806846
614 118.89494371974844 31.983789832209993
615 119.15331842550448 31.687372979352077
616 118.80000638803344 31.686545742839215
617 118.93072896109251 32.173940819035074
618 119.1122818663398 32.05044540897803
619 118.65993949702997 31.770033655607772
620 118.86122094660597 32.006701915205404
621 119.18474672830246 32.02865151429948
622 119.02917489965095 32.29726357632589
623 118.99984651488353 31.61566805175915
624 118.79860980853286 31.693270088817123
625 119.10929906285321 31.919146632391882
626 119.06928000452287 31.685856133258593
627 118.78935391616257 32.37054943552027
628 118.8921950623141 31.76599049887966
629 118.98069420914406 32.086014653614846
630 119.0271558079345 31.947501504661375
631 118.84147470493953 32.224868053913994
632 118.74814002765044 31.632445087935974
633 118.61526376359878 31.863826571795315
634 119.03131685160236 31.976066645203446
635 119.02523081019012 31.67768686629807
636 118.63022660786832 32.08136564800967
637 119.10790216015656 32.017709926827585
638 118.6120304714965 32.280980103560275
639 119.08806676094875 31.963808911718804
640 118.61045885837754 31.86485255590448
641 118.95035944497846 31.862304963569937
642 118.86421678505549 31.819565148689072
643 118.60958328552786 32.34032745538321
644 119.038604871806 32.22914129498008
645 119.0010854469332 31.87148834695103
646 119.1022854903694 31.949682532645475
647 118.82095538483749 31.684705444232108
648 118.86981393430827 32.065583395969675
649 118.97769565745199 32.18842441962909
650 119.10696069234446 31.80523210301161
651 118.77006928924689 31.965867549194538
652 118.98486596621184 32.139376969010875
653 118.927083233153 31.982638501223608
654 118.64342547603094 32.036079652889505
655 118.98144543569619 31.768691232477565
656 119.07491715757175 32.22407686080773
657 118.8274929437396 31.686438718013896
658 119.17691578571493 31.96418444383221
659 118.86501505452637 31.833295662782533
660 119.13394407083423 31.692651198358735
661 119.01076700387237 32.29784057875608
662 118.7903738490677 31.769635133756154
663 118.72395280852538 31.992863715860405
664 118.78936026862974 32.0983206190709
665 118.73995364789869 31.83334924939258
666 118.5104571916649 31.993603421070365
667 118.53601907207944 32.012170678682736
668 118.78161556963545 31.937284087905034
669 118.60487762556363 31.875712864893586
670 119.07951422772275 31.80290320213746
671 119.16327191965323 32.335314594056854
672 118.72258303323761 31.972468915147655
673 119.02195908838532 32.143731754481905
674 118.74212530690538 32.022677561904885
675 119.10439908238757 31.85809575179549
676 118.8173301826248 32.01172473087494
677 119.13689882369617 32.24282627974048
678 118.99724487565489 32.287899259460424
679 118.57926821937781 32.36152445079926
680 118.60782945778931 31.804316270213008
681 118.82282508023555 31.884015984211405
682 118.90550405341251 31.681007031286942
683 118.84797490487742 32.40787400412821
684 119.14603923305138 32.12104881764106
685 118.50379282299433 32.16020419737195
686 118.59083666515302 31.964497347685185
687 118.69834473412483 31.804513826633915
688 119.14392073398622 31.922626419194238
689 118.49551708151581 31.836161626965037
690 118.87355947373975 32.02086382915826
691 118.49591295934071 32.254945662626874
692 118.88502204042908 32.260511137185546
693 118.83315032381661 31.851407900708015
694 118.58087795518249 31.730368177499876
695 118.94134137294284 32.185698634989734
696 118.92459719067762 31.928566726979007
697 118.81878410837312 31.727521349239712
698 119.04706929459279 32.10580308590968
699 118.5421445433755 31.68046482372339
700 118.7262223457658 31.670189793414092
701 118.82458800545479 31.58460131015784
702 118.71319293419296 31.74682733475346
703 118.58029091216083 31.975809673632828
704 118.58147101107816 31.75492809702914
705 119.04311167105388 31.6356618494448
706 118.69256042641764 31.991827424383906
707 118.96496096485616 32.32458752124534
708 119.09928600348717 31.621571168940807
709 118.71534472689957 31.800876183963307
710 118.62958187221157 32.3438348138206
711 118.89786419601604 32.11272615847055
712 119.08715524925535 32.245018860676595
713 118.77679392673473 32.30389717709294
714 119.07473628550828 31.76824862922792
715 119.20034144244791 32.21009604891347
716 118.97426534888353 31.82577561149792
717 119.12578610120332 32.31551064951641
718 118.54879475842527 32.34121279361568
719 118.77066387321742 31.72272113765502
720 119.0987621666588 32.28813523375276
721 119.03180237734189 31.633890016287637
722 118.58601816209945 32.074790450878986
723 118.67300587594183 31.968509079808992
724 118.72198485204787 32.09683040358969
725 118.94325822465397 32.19971899822534
726 119.02101717445532 32.29846323091371
727 118.8575817806149 31.999606707483164
728 118.5291373228729 31.646348200471206
729 119.14233541054607 32.3548023249301
730 119.17735311432368 31.64617757036633
731 118.72773340569465 32.23841726303488
732 119.07053381682354 31.710119070551524
733 118.87556533535007 32.30827964458466
734 118.82597879490315 32.09756343860262
735 119.14601181190088 31.853953069702627
736 118.4920990541209 32.25634966420789
737 118.76999284746998 31.741690320021927
738 118.65007319103225 31.77978138711974
739 118.8280601902248 31.832612737417204
740 118.81204730258595 31.917571127888504
741 118.63976427086575 31.789206962267325
742 118.9108563081598 32.31510147604928
743 118.75279145371177 31.963618068001228
744 119.11978365055107 32.37989660226215
745 119.15928918425733 31.832111436713273
746 118.75145401323748 31.968605801214647
747 119.0203556392764 32.27481499695982
748 118.94695486863127 32.392627002621474
749 118.77224210706747 31.966408024747636
750 118.72853733272115 31.980219026388994
751 119.16285915896093 32.3522870228002
752 118.65981139465399 31.937012988850313
753 119.0686234796664 31.956450786896127
754 119.03302006718306 32.39163933817781
755 118.62932102690802 32.00701294020879
756 118.76583103134912 31.676825328598085
757 118.82622116376804 32.36451261325293
758 118.84746675595619 31.95409937152439
759 118.92839227796988 31.887482436685616
760 118.76758471017115 32.30342932515669
761 118.94486695309392 31.617213366995884
762 118.80126711608655 32.38063900365394
763 119.16968549478781 31.66535495121749
764 118.95953331231215 31.640073579344893
765 118.82439474603416 32.3188716075309
766 118.89326308746665 31.963278766169765
767 118.58687834318457 31.729762338721
768 118.68641398721962 32.383603835045264
769 118.9940111252786 31.8406956663411
770 119.2202589013937 32.346005601046905
771 118.75108228364823 31.990076583449664
772 119.20532442421676 31.919485619711732
773 118.76112586982751 32.05495752282862
774 118.80157445189663 32.33524784579048
775 119.17868123985625 32.38695217887341
776 119.05508633106552 32.13516230728621
777 118.89304362924005 31.89842339039705
778 119.18928240889971 32.267151707372605
779 119.20561255506607 32.34708892738069
780 118.61261638952877 31.996999874639023
781 119.06998095944645 32.188911104201075
782 118.68659963458245 32.33859349857571
783 118.71028027752558 32.16322271119124
784 118.7945808731128 32.11348745908921
785 118.85063921593915 31.879787624507628
786 118.59009720393487 32.09686033702782
787 119.02355087553771 31.778641966039007
788 118.4982918172142 31.709991910456015
789 119.19360713680359 31.791612964307863
790 118.70800380742213 31.93906494978732
791 119.01200270876797 31.86488354532054
792 118.85407175510296 32.15722335180252
793 119.08782147723444 31.905123101115098
794 118.59951002486555 31.965365521220328
795 118.52150280082425 31.81878036612307
796 118.62260073392325 31.70047876878048
797 118.97640692008153 32.17185605235844
798 119.06979506354432 31.792769650666617
799 118.60664367294555 31.96335644784187
800 118.91486556688494 32.09252096006748
801 118.5192256946456 32.13478760899101
802 119.05689766219766 31.947210624137114
803 118.56517912493852 31.8070144784021
804 118.63686166654918 32.31010461539028
805 118.95663616187987 32.14320862306327
806 118.8234946378274 31.782158928078662
807 118.69682186451281 32.234515985475916
808 119.18482795476537 32.04592233719793
809 118.87840193415447 31.959123395915398
810 118.60921108721415 31.70586368807786
811 118.80062960400143 31.785108665628663
812 119.003574386318 31.68913195656688
813 118.80565183078572 32.13005251244701
814 118.5835349995406 32.19356707541726
815 118.61336345753078 31.978397700212955
816 118.67364207106459 31.65256861254803
817 118.88906199853493 31.707948364996906
818 118.93694740833274 32.337460230821364
819 118.83235743390365 32.32174712500539
820 118.62656208275466 31.914841643790417
821 118.72641269144353 31.69525565621347
822 119.1278536301381 31.975884685708763
823 118.68308049833286 31.92360706763688
824 118.98853864490626 31.60715185114649
825 118.74512167867884 32.19607699436915
826 119.19307156854173 32.10143029732902
827 118.5108356096303 32.03562279747415
828 118.70658607360303 32.24210691814654
829 119.04002506236267 32.28964977648339
830 118.52443472005125 31.77611714505295
831 118.76053579504654 31.657252869639276
832 119.16738252965602 31.907534659304968
833 118.98392843806691 32.27685481559054
834 118.59038015248551 32.204436874036574
835 118.54605194934216 31.80707687072848
836 119.17124741498705 32.21205113453315
837 119.15366112789005 32.070732273302404
838 118.61612507755412 31.790700156729674
839 119.12228587909382 32.14427622189979
840 119.0128261653195 31.833894477091413
841 118.79853454922106 31.8764580262115
842 118.64101844775448 31.754592313933813
843 118.59739060429344 32.05775712201688
844 118.65281870210876 31.977855538285866
845 118.8098816097245 32.098889882232974
846 118.51736733994753 31.596329956632914
847 118.93868057231225 31.923444647403144
848 118.94200246049489 31.647935736236555
849 118.90184832106615 31.852101445524127
850 119.08518777324737 31.680194446305418
851 118.56192970626564 32.06151440085831
852 119.18722075144717 32.3456718544352
853 118.82800662398651 32.267673106683645
854 118.8353741446349 32.00233485816147
855 118.6222208813142 31.876401111857056
856 118.97219030372237 31.604113298606084
857 119.12885583626834 32.13255748315807
858 118.54482372834728 31.839984697690053
859 118.70831135314279 31.937314419707164
860 119.05530293504277 32.08602552511717
861 118.52015134774459 31.73395725419489
862 118.89642584217506 32.038899139918165
863 118.65289862109562 31.961304755167824
864 118.8787917289978 31.902016161746992
865 118.60995542989097 32.276313326658645
866 118.75610098468483 32.20790859021925
867 118.73470464339805 31.684215593569814
868 118.77350666362295 32.32384350225318
869 119.17262439200884 31.568343447962107
870 118.5950453462764 31.774457202668884
871 118.67399715499037 31.709284182390256
872 118.97646193309603 31.864888797262193
873 118.7701872139775 31.70547721817089
874 119.15076403191715 31.81549435298009
875 118.72397479296731 31.93112991588312
876 119.16181258869737 31.960911058514604
877 118.60214810452527 31.83565049289444
878 118.83665200704937 31.642146396424998
879 118.86351695371044 32.024417330637704
880 118.94086314615798 32.07036649483345
881 118.77248408523255 32.11982116625778
882 118.87547845947539 31.594538517266734
883 118.64349259744768 31.67979197676986
884 118.66236589141113 32.13972954281623
885 118.5705527628641 31.73309533336709
886 118.87574294355018 31.696715164240523
887 118.82080945448905 31.9461460649145
888 119.18633797847895 31.903524276104825
889 119.05756123780424 32.12414807290454
890 118.9972533737599 31.636432480861597
891 118.71632213367894 31.79379585176414
892 118.66844467337506 31.79877217033993
893 118.97203104498892 31.855098345448802
894 118.66818102371651 31.580290481143635
895 118.51025156169341 32.02776402572302
896 118.72100551449432 31.587666191518274
897 118.87215680151466 31.83372296972923
898 118.62395894561088 32.31207211995558
899 118.57047944298692 31.703831204002142
900 119.13586607986814 32.14368125366954
901 118.82080857724765 31.966561258348833
902 118.49961527032578 32.319929062718856
903 118.67130183108189 31.95965252714174
904 118.54662092856601 31.772771234949314
905 118.70720960978166 32.411880732045354
906 118.77977314326289 32.16445925912039
907 118.58836282055168 31.717519305715516
908 119.1379499836704 32.040253250822396
909 118.83197811061466 31.85499807936186
910 119.09844303409781 32.30728199232711
911 119.05407102300141 31.73143717891519
912 118.58919754051381 32.09553871072382
913 118.53444904051402 32.34311300812185
914 118.91072550109996 32.33738627414933
915 118.5403841509653 32.30918882834753
916 119.06819952056661 32.0931474416161
917 118.71907261052901 31.85479595385926
918 119.04210032755937 31.65192255641119
919 118.62284498025069 31.748787298711797
920 118.71868504497543 32.29933708868156
921 118.94358444407855 32.16660648054238
922 118.65250018608018 31.661458304258122
923 118.67064840505522 32.368721378636
924 118.75954258435658 32.002354037622034
925 118.54273524591866 31.753095058795296
926 118.98576121933796 31.967846845629026
927 118.58692587188466 31.952986777994138
928 118.6834537729498 31.783199263233573
929 118.52823316173438 32.11115113212007
930 118.81630809810012 32.03797585509127
931 118.71574057951423 31.820051837768617
932 118.86730407149098 32.19719952110997
933 118.96564684082588 32.03107146202302
934 118.64903345115633 31.880883088355052
935 118.74035175982071 31.70383595949839
936 118.86772040373552 31.981189869213125
937 118.66971265394075 31.725721454062075
938 119.13909554601373 32.32571283406064
939 118.54414088450774 32.012250356409325
940 118.61135908499399 32.33729123450795
941 118.71548520538225 31.858358510613236
942 118.93912932065358 31.94977533352528
943 118.55034569050135 32.031537322939045
944 119.13801533430501 32.316565292376595
945 119.13209115019974 31.716278175170853
946 118.9676792597817 31.907395677419004
947 118.76753943757484 31.681503474562316
948 118.6845942779998 32.33680503729838
949 118.70706368522016 32.254167384680166
950 119.11292553265356 31.93050049270988
951 118.88917598535625 32.11352031754845
952 119.1617630295531 32.06477291158509
953 118.86358629132653 32.075029758590915
954 118.64846212566862 32.241798140798736
955 118.57853752152826 32.365836413453486
956 118.96804181377136 31.65515038891502
957 118.7226002067769 32.03905123846961
958 118.9556543796396 32.32776253441202
959 119.17069445980208 31.9134864974092
960 118.51644538379217 31.79291496339711
961 118.5720971238915 31.66771389412905
962 118.69883087797838 32.1294943387297
963 118.71336219998268 31.73928514275398
964 118.7817271717762 31.900951245844254
965 118.8088695809947 31.903499854552518
966 118.77191655911568 32.1006500683118
967 118.55140340967384 32.38361405363234
968 118.73090839645135 32.385159122060735
969 118.61085725242407 31.849568836569738
970 118.61438104456202 31.806599335792487
971 118.9146278454816 32.175874552197556
972 118.52063958773384 32.15165998544446
973 118.6911449208223 31.837760315373444
974 118.93659472868798 32.36287460674622
975 118.69385077305175 32.247188473563945
976 118.85353131619179 31.754009012247227
977 118.82086559070916 31.982901715718107
978 118.9275931959837 31.664870811696346
979 119.08207183301081 32.037035029906264
980 118.69410853889246 32.03550500297534
981 119.15050735009646 31.779296511762336
982 118.96970335552285 31.674052410858817
983 118.7768916679816 31.701476369980238
984 119.09019754885323 32.024964808016485
985 118.78167564390105 31.629236697823593
986 118.99679394587152 31.75269659203004
987 119.12017142162152 31.733076736831098
988 118.69984164607271 31.927482279534193
989 118.8421587108055 32.01388305769827
990 118.77094670231287 31.88156270962616
991 118.56488574093558 32.1074831147412
992 118.57663708853244 32.33372979889736
993 118.56309193666829 31.794118318994926
994 119.1213202679295 32.382090422459484
995 119.12050631722373 31.88401185413166
996 118.74702576386832 32.085625189090685
997 119.0896844756069 31.89327797527352
998 119.1647516884621 32.15103488232105
999 119.01869888305399 32.290193800442026
1000 118.6654113854867 32.24770786723482
