1 118.94084966010854 31.943981404428325
2 118.90439448594054 31.615093152544823
3 118.61301634815008 32.05678368141745
4 119.05814703662038 31.968967694464492
5 119.17175144880865 31.94088719014813
6 118.96032615735889 31.865706446338173
7 118.90588729636713 31.74234189546293
8 118.61249396876632 32.07307519258353
9 118.69695334005745 31.827054963842578
10 118.74845071951556 31.822985826511896
11 118.62397167323071 32.091386756844905
12 119.2008167578411 32.02949402113219
13 119.15277973243128 31.712651824258554
14 118.76779669069651 31.983179907815845
15 118.61488999830146 31.74106322077728
16 118.7691406922108 32.23540070035283
17 118.62885598389204 32.30045568845025
18 118.86819029425824 32.00298072007792
19 118.66217085745447 32.283981918420494
20 118.53068849080235 31.67200758815591
21 118.93654380919345 31.998763362076655
22 118.74539350828714 31.647819542027293
23 118.98727650289304 31.935489207545796
24 118.85332635696949 31.68552624130196
25 118.9751608226857 31.69471700052887
26 118.73433525668554 32.091207192527676
27 118.89606407064758 31.771530314630436
28 118.84201960266876 31.675545002703647
29 118.92557810391004 31.786317969399988
30 118.52975071844158 31.865716152819306
31 119.18727777190432 31.981416566451884
32 118.66893724322865 31.759498427121326
33 118.54777117696817 32.101677751853266
34 118.69986113520659 32.00305993921782
35 118.99072616800474 32.03114635364424
36 119.14506477875534 31.9141516099397
37 119.09429252561405 32.214456368050975
38 118.69571943204139 32.05379858801983
39 119.09843582644216 31.712892539305184
40 118.55572341618635 32.143053075725646
41 118.5580948990075 32.37203811065474
42 118.63457780602967 32.01152067342338
43 119.03607098843196 32.30765933408706
44 118.99460801971668 31.863937696384337
45 118.57984511972369 32.07090452444988
46 119.01861175361807 31.93481833919746
47 119.02180865385456 31.926673959853503
48 118.60210179449037 32.24036975085204
49 118.96417522581265 32.02460079880215
50 118.79137980497725 32.354931029848494
51 118.54622870161944 32.02997806830513
52 118.8721167972288 31.682048921742055
53 118.83772037447437 31.898900789351668
54 119.104734988479 32.28734750147934
55 118.94120931033088 31.965149615012354
56 119.09981908325 31.622375733662064
57 118.84896465481548 31.81902613672069
58 118.99884865584822 31.645815940731843
59 119.17295767623227 32.38937503831367
60 118.5144584014724 32.378168849471784
61 118.78896598959716 32.24044498422565
62 118.80795896322697 32.07246974928187
63 119.03879138206747 32.21995660771022
64 118.53549697155157 31.74700612380913
65 118.90177490627012 31.831052902013973
66 118.68867758935257 32.0097492389774
67 118.7940742415501 31.88382627727476
68 118.97092736903862 31.65640956296408
69 118.93323667621452 32.36330804592058
70 118.67464906212885 31.974855330588827
71 118.62800932617711 31.994725550303077
72 119.07443465442398 31.88004872102463
73 118.85699756520278 31.823061431319797
74 119.16904780013182 31.896270473000655
75 118.95298405750125 32.2647604587194
76 118.6464631832372 32.22434447308037
77 118.62047671734692 31.875950726650842
78 118.72852782086933 31.627278702318492
79 119.04286700046508 32.22184814254506
80 118.83152147080598 31.803551962941643
81 118.8950950932414 32.07443149795929
82 118.92503053331286 31.61671135307
83 118.65300720461943 32.11497480613935
84 118.72342149300638 31.931423400992962
85 118.70863486910247 31.96972458538153
86 119.1420041764187 31.9232454390407
87 118.51560484610378 31.88826066619155
88 119.17314942584477 32.01536516790058
89 118.6166577308787 32.38040250061576
90 118.8530951570263 31.698721846152857
91 118.69154373615505 31.86627468237987
92 118.70225437176501 31.614204090179648
93 119.03112892084835 32.20768791904177
94 118.9996412586815 32.1382026154045
95 119.03643871254381 31.769642037908298
96 118.61445495464483 31.911092544738732
97 118.65155459017873 32.13521644309566
98 119.03340764990214 32.13800694210748
99 118.56415280239264 31.727407889878034
100 119.09098785104493 32.32815183231708
101 119.11133696236853 32.244532592290824
102 118.85915595036555 31.67825362804752
103 118.98552596615409 32.285797263661784
104 118.72628504301014 32.214296393050624
105 118.94247348752594 32.253861321142345
106 118.52750216242504 32.02319672576437
107 118.68186652196785 31.789810595336952
108 118.80148688257712 32.36262986093856
109 118.87540920568495 32.08347947265808
110 119.19700462608938 31.877422474774743
111 119.21482557635257 31.834986633305004
112 118.58376702386538 32.3227319256447
113 118.70824843512152 31.948683539017768
114 118.54983911248658 32.05011448927903
115 118.72680017419448 32.11327769394369
116 119.15172132568969 32.27148465333665
117 118.90914907525207 32.088446066263
118 118.52633975484069 31.745803424261194
119 118.88754568820079 32.05737910953392
120 119.16543154054172 31.999820781628628
121 119.1928612227325 32.03786559609922
122 119.13354666998123 32.15928642921316
123 119.02866440358896 31.79151086720471
124 118.65538070394767 31.74804247558393
125 119.13603696094759 31.692290744690478
126 118.72552730663257 31.842959608334844
127 119.11802058753324 31.603629681027044
128 118.521484106948 32.09476966744321
129 118.54678091773 31.83972029668374
130 119.05190246229344 31.75513326488202
131 118.54837088956671 31.6792392362708
132 118.80212823907021 31.80636184053992
133 118.75513924698033 31.7812618628033
134 118.65150506841883 31.831911071645553
135 118.75769808210393 31.964930706937537
136 118.84076433083665 32.029668100951206
137 119.11298368212988 32.24851405848691
138 118.94073338737549 32.3667458925005
139 119.13693394542668 31.64554110420892
140 119.10455348871892 31.802977090102267
141 118.60333469209938 32.0898021041175
142 118.77252667464137 31.76623498006274
143 118.85184477424167 32.2971386287898
144 118.68103981919224 31.74293697528753
145 118.87979623422568 32.17737088470083
146 119.2009249029153 32.09648132880333
147 118.65961003750677 32.22084145894717
148 119.05751841572747 31.626939431745548
149 119.20467002575455 31.794231689312824
150 118.66669472738513 32.17370011976236
151 119.11391500594668 31.707898871148924
152 118.62934292155279 31.641066045316066
153 119.14498479597351 31.88652222062174
154 118.68954612865167 32.09000828186256
155 118.6867213300577 31.603802044478595
156 119.12810307042984 31.67219347823212
157 118.6980575308433 31.619251236203084
158 118.64943983546709 31.917233203781933
159 118.71495322023507 32.142254098175165
160 119.00110896992473 31.76743821611213
161 118.51216629717796 32.27585901186545
162 118.62244695507832 31.9510792764831
163 118.57832106383843 32.09851189059388
164 118.84651158308787 31.830560781749632
165 118.52177170682825 32.10800673181947
166 119.14651756368394 32.3850361418558
167 118.8272829527593 31.960391578693077
168 118.92543529088756 31.76119639696323
169 118.64576305422112 31.959592101134383
170 119.00352219569696 31.93594821975202
171 118.50693725278738 32.00118240193551
172 118.55479656436312 32.01634477865831
173 119.14731896967209 31.643014767575856
174 118.62023648093964 31.730576116347006
175 118.84008778317342 31.969884341316362
176 118.88511538598287 32.1633661379678
177 118.6120795121114 32.24645478540568
178 118.92071165912985 32.20105017437151
179 118.68251897588796 32.02263772460232
180 118.96146961448795 32.35157944445691
181 118.69800967000141 31.8591179627564
182 118.77790028716697 31.976751382773077
183 118.8425683516445 32.235645118060305
184 118.49783405247383 32.2514741862487
185 118.58146889469685 31.911517203192815
186 118.55027621976102 32.28093340483281
187 118.79773299139468 31.953613156303945
188 118.8809462853135 32.178732038276536
189 119.18444461018719 31.587953212523928
190 118.73096832706898 31.610835832011222
191 118.60748720820824 32.33552563467532
192 119.1594349412801 31.69074050891991
193 118.88510737427762 32.16017457356151
194 119.16505056352045 31.841239540990795
195 118.73297891562449 31.750451873035704
196 118.5473714984629 31.884383026306715
197 118.84723910258784 32.34887295887161
198 119.22128014969782 32.06378269102655
199 118.54559498162227 32.32425442907339
200 118.87217204795095 32.17290701876173
201 119.08281724816256 31.980020253115352
202 118.66335705501201 31.999444156316418
203 119.05701353073317 31.781184123996052
204 118.54481351393949 31.617745784491788
205 118.70818192174107 31.904496842977206
206 118.6113211657326 32.040069249206454
207 119.1681930103881 32.31847153774482
208 118.93959110461888 32.12722141978133
209 118.70145593193826 32.26179171047975
210 119.14144497996291 32.314875092657296
211 118.89162543547666 32.32734821124441
212 118.75568699640925 32.24431382379336
213 118.98595506021492 31.70775330162044
214 118.96039841827573 31.875003136922114
215 119.19042905222413 31.751137182581605
216 118.51721360064279 32.293819105576226
217 119.0894369918714 32.21378884536564
218 118.97164260122194 31.88164264481724
219 118.61087441870126 32.048931191639646
220 118.75746665698055 32.26684174328783
221 118.51611239212824 32.27402053513553
222 119.09059313250658 31.748751907093432
223 118.55592244847949 32.203336261245994
224 118.6422627385997 32.266544900566906
225 118.97533797693153 31.667249420486097
226 119.03220690967606 31.67919772928581
227 118.68098303813714 31.943944972248154
228 118.62518357100227 31.78932082510577
229 118.5219085496518 32.303774297753755
230 118.55029731052859 32.195404437691685
231 119.12492147013792 32.171754974332096
232 118.66403407179119 32.194040380183026
233 118.76956249588956 31.837803173541456
234 119.04248807819326 31.784118013544226
235 119.16388984902042 32.085927868900946
236 119.12587544220844 31.907891676434268
237 119.10633568659647 32.34129264163709
238 119.07630317983809 32.13443181621534
239 118.74543453620839 31.90408765194328
240 118.95494412493265 32.25724500077761
241 118.99926597076124 31.919485839597833
242 118.79837672028854 31.722793289561118
243 118.93379442793712 32.21377754883401
244 119.18141543219778 32.006268659639034
245 118.72326158448166 31.798869883374305
246 119.16406887860641 32.14621545407795
247 119.17735187213648 32.383494497342404
248 118.89759872833584 31.796793946750586
249 119.16525404475604 32.23016748545874
250 119.00169681474225 32.19369563730111
251 118.99275501621472 31.69177042236925
252 118.58157853020323 32.28047419553254
253 119.03567313929396 31.972134322595565
254 118.61943964768182 31.67961071400031
255 119.04925598016013 32.024757620758976
256 118.5264643419531 31.85830611066655
257 119.12653360912778 31.72376300720328
258 118.63096936578245 31.663164668584017
259 119.0819956755712 31.781435386670914
260 119.11328224028908 31.955476620906254
261 118.55151881600757 32.10593909162234
262 118.56399050461008 31.66219982906277
263 119.16681993573006 32.165752447738505
264 119.17997713524885 31.684478625224976
265 118.54342542727849 31.740999847579058
266 118.9389034021058 32.181368038757455
267 118.7639809026796 32.28460198956068
268 118.52816619650986 32.34925759069735
269 119.10019806869725 32.11301380510256
270 118.9621270917136 31.966000136882226
271 118.56966557300504 31.687194381236743
272 118.80984207667237 32.060492507866265
273 118.79506372242976 31.72024476075857
274 119.17747687117749 32.011540308464475
275 119.1918937256088 32.08532014200254
276 118.66105577943816 32.27319552722496
277 119.03298309960645 31.849414975521515
278 118.95090574805826 32.38754408087164
279 118.82193740445089 32.36317042061568
280 118.89428665544887 32.276785476069655
281 118.77933304475813 32.173727576341214
282 118.51629216913724 32.16373185670342
283 119.03501248464724 32.31625267505882
284 119.04107844981948 32.35634619522705
285 119.13796937495272 32.26084367697559
286 118.83710400595444 32.127644159839285
287 118.5506362024911 31.69959430655422
288 119.15407375362508 32.10486447649531
289 118.69555108245623 31.877471554906176
290 118.5909855243157 31.7129265830292
291 118.6004358850607 32.317723705805996
292 118.92335130005316 32.255483929664386
293 118.7631227100507 32.014783389398424
294 118.96845070669183 31.966385796051103
295 118.52809885046058 31.999341385854255
296 118.51034161744529 31.823685160127674
297 119.18497796725711 31.904930341809308
298 118.5465821425099 31.9637121575544
299 118.75436677238406 31.6279287535366
300 118.53286609436877 32.30790328315661
301 119.13862496355861 31.635466352258238
302 119.1035277658004 31.916190580728305
303 118.89824279899025 31.691933650694107
304 118.58474828848097 31.78501470946795
305 119.09461702293947 32.34738403741973
306 118.54756976122869 31.896524118921537
307 118.80175059732123 32.174852368198906
308 118.71845657177299 31.68491711457071
309 119.20686555804707 31.78317172278175
310 119.16984718712777 32.296153900639666
311 119.06754273346499 32.314834224630296
312 118.81155837952159 31.796565554152142
313 118.85805132104812 32.38314487848991
314 118.90563547121823 32.142774566378264
315 118.88523534890997 32.0092774023762
316 118.62863097427892 31.880500991593696
317 118.67099224012046 31.876627852556766
318 119.00250050246561 32.38936253325292
319 119.08559159964099 32.161161392727095
320 119.16501222573537 32.00678863311813
321 119.04563475480046 31.633702322381698
322 118.9230821619328 31.79450844992136
323 118.55124126698377 32.343499511618994
324 118.56337798617417 32.0387006002655
325 118.63509088104702 31.871837692959257
326 118.98557543781354 31.636484966087988
327 118.69854710354197 31.813751734899835
328 118.7838381685624 31.789837318833243
329 118.59654065736832 31.724701617561443
330 118.66997952198888 31.883943895573694
331 118.74964518567982 31.7351692938189
332 118.93472944540672 31.676424812356135
333 119.19645042687195 31.714080889638456
334 118.60044640460447 31.98319702567993
335 118.7195356161715 31.646289719176664
336 119.1996835618767 32.34816940400288
337 119.10256979723897 31.774534998432344
338 119.18056305203575 31.995407184873308
339 118.86334849261716 31.917029354656627
340 118.67034952179374 31.842838645000437
341 118.63260723197905 31.867434352492914
342 119.06163990037682 31.792004680794662
343 119.16562756296398 31.834785872828096
344 118.92074150393898 31.702961356144684
345 118.96310530295017 32.14287771741931
346 119.14279496869517 32.08810103186071
347 118.6794257094899 31.84566544410773
348 118.89762628810881 32.31928325095394
349 118.88874689787694 31.918503235845993
350 119.13786694773215 32.095525289930514
351 118.73742889998617 31.99651090532427
352 118.58292997134163 31.870598639612417
353 118.59781255108444 32.306638464376526
354 118.68469986506304 32.27690033574956
355 118.55373584557717 32.27133633999077
356 118.72061181030672 32.38966771770765
357 118.87494383938252 31.62900037664098
358 118.80846502767646 31.98486837006565
359 118.94726824729266 32.361507372397426
360 118.87282681807031 31.7025745253034
361 119.01609641467418 31.793644323388396
362 118.82333037704653 32.00382797865832
363 119.05421202850808 32.10850682541302
364 118.79747587078239 31.87829465867347
365 119.0332757898266 31.84806735399606
366 119.01167437052766 32.23412506784323
367 119.10174762967787 31.621716981939862
368 118.60840880977698 32.23822994896115
369 118.99535440907248 31.950030925294122
370 118.49376427669998 32.124176925125404
371 118.76896765540299 32.166747267244084
372 118.92331348031841 31.682066302644298
373 118.49697361602007 32.33518244914784
374 118.53839749295625 32.2525553908142
375 118.65956516758133 31.875457723370282
376 118.79214241357018 31.761295059391934
377 118.9817371203393 31.668027648857784
378 118.65138465138362 31.84075324884783
379 118.77191127270532 32.179334777530485
380 119.13761227273048 32.29104475751472
381 118.72844890959757 31.84372411725821
382 119.03355075092644 31.790777881181455
383 118.92248077267327 31.856515241988724
384 118.56032966223822 32.380857255813495
385 119.18118398313298 31.663018669443968
386 118.58966862080618 31.734895721589552
387 118.75460778324704 32.15519641675033
388 119.19610645915876 31.701429489497677
389 118.67669956200791 31.777641867429992
390 119.15194790242843 32.26441925591661
391 118.96713831603371 31.843308663830474
392 118.61612201407503 32.089595291289996
393 118.58574338734526 32.027995257349616
394 119.17706986896788 31.834562507712292
395 118.81330694611209 31.801778227183608
396 119.040705018936 31.78878048153983
397 118.60878619923734 32.30586808703644
398 118.86486477144267 31.61409707401505
399 118.57145438885783 31.697196918456374
400 118.83194787772098 31.867745595324507
401 118.50885355400979 31.764385584215606
402 118.50270767506409 32.03808901963038
403 119.1385965812417 32.0301255984329
404 119.13215121239563 32.00518072804706
405 119.012716328284 31.838261906710713
406 118.8548665840949 32.01794573762901
407 118.63378933460373 32.21957143818025
408 118.98994596887493 32.24448016880876
409 118.64354924604505 32.03017483061943
410 118.54528717550535 32.23901381540201
411 118.71493030732192 31.666680437683656
412 118.90485391576236 31.733162767532633
413 118.91146158604951 32.20362576019568
414 119.07133406972127 31.916729075603637
415 118.75817689351894 31.87497244220771
416 118.58875517422754 32.061053808017334
417 118.53793160928622 31.912273977766525
418 118.64918038859271 32.333596611045444
419 119.16008247732438 31.90037147956655
420 118.51267156113083 32.25447571363218
421 118.94243931182181 32.09048738136044
422 118.81179389043429 32.34054528070078
423 118.63346939530727 31.985634579730434
424 118.98924968215645 32.36840439830446
425 118.89640196492208 32.048007166550796
426 118.57347871459262 31.62463951338231
427 118.96306370537104 32.18719278976983
428 118.53215187663301 32.29848461592976
429 118.66218953069075 31.659406235159164
430 118.89457934532714 32.375749568299156
431 119.01067413461932 32.055411448979946
432 118.8694141133813 32.200059616613515
433 119.09937330833246 31.77997095704008
434 118.97773910254058 32.35246172016247
435 119.17749850136438 32.117162980137415
436 118.6810232535798 32.06457249667856
437 119.19031986109177 32.36339080842514
438 118.66101341094928 32.04690888884812
439 118.63507452697584 32.025469918078876
440 118.61214684989284 31.616601079646777
441 118.58937817739634 32.03597144949998
442 118.93374371797589 32.19016475434578
443 118.50607121013995 31.897691778432097
444 119.07380652517092 32.15883025555952
445 118.94606687496965 32.03733671841494
446 118.72656385207749 31.768618947031182
447 119.12370466344717 32.02815504342657
448 119.09190560260195 31.988906047472447
449 118.93241923127319 31.863619211329105
450 118.5163174498299 32.12864557857008
451 119.18643639601456 31.654591940253507
452 118.92006730572658 31.89260895097016
453 119.15079005452785 31.948926904432813
454 118.58901858986627 32.38269909676169
455 118.50474296217824 32.165494439233484
456 118.71931155234984 32.11715386121314
457 119.04110437693066 31.72800369627217
458 119.07279380477218 31.968852808233304
459 119.10082396017857 31.90397497987027
460 118.7247146483056 32.35488931506401
461 119.0594578868359 31.96153712549951
462 118.60044398232836 32.271780980381806
463 118.8957585055716 32.152475080026726
464 118.52004147213188 32.279726478070984
465 119.00478969410179 31.583828464183004
466 118.75828876638776 32.34703085100202
467 118.57032948629052 32.36531314708916
468 118.97689949285248 31.724825754159788
469 118.7923604696127 31.636613027848476
470 118.70198723319159 31.86136928726507
471 118.74204492868276 32.027346388740504
472 119.04634576213734 32.02160338430655
473 118.7930422038982 31.964407494606547
474 119.12338352194242 32.318724331052266
475 118.60312918050298 32.04671410350463
476 118.79540136361142 32.34586774266555
477 119.13261645866764 32.05894543904401
478 118.90810786023066 31.75241416504078
479 118.99235272915615 32.40059410338209
480 119.09385525196981 32.39469661270178
481 118.86974747038384 31.950590867134178
482 118.61009620657126 32.19907823525098
483 118.71950650379495 32.1219427963955
484 118.66104501525707 31.751142635283745
485 118.62191328496192 32.07002336535962
486 118.91045113040026 32.12538654049955
487 118.63833355224695 32.07560857833045
488 119.07378287517966 32.03532985399782
489 118.81710154181661 32.07366286465512
490 119.08292034289329 32.178242407243154
491 119.0936585707841 32.20103228973997
492 118.96910863469164 31.680083795905432
493 119.05233975576772 32.33649364697279
494 119.06318173058477 31.99884529505917
495 118.91877719101066 32.15813833148813
496 118.71307781269782 31.904836165138764
497 118.79771992163013 31.666453223653576
498 118.70671759647051 32.12305520758632
499 118.82801632027264 31.902444610611948
500 118.74237894263594 32.024308106373624
501 118.7515067659696 31.80581283574814
502 118.56022889030531 31.772093354603456
503 118.7871320883612 31.834862076258162
504 118.59016596836233 32.30522551492437
505 118.75791246663361 32.34885897763811
506 118.57920717193699 32.36048858093239
507 118.76517192620958 31.93897061144684
508 118.88160364746605 32.2267563019802
509 118.53353828048101 31.749427005721888
510 118.66106469546457 32.183212664436844
511 118.77509863475024 31.921714558816323
512 118.69691152312352 32.25707561943739
513 118.88638795133133 31.774567528083438
514 119.08173192620401 32.248030942818865
515 119.05498635123745 31.678090159104958
516 118.68277473177403 32.30810977896679
517 118.6393557230073 31.952713074751983
518 118.92018822575925 31.74766573213882
519 118.77412962642076 31.838636881650146
520 118.552855217738 32.17927193551702
521 118.64497541862772 31.97177621634592
522 119.17031483486093 31.78479821663732
523 119.14594994486136 31.817761657777066
524 118.74432229629849 32.14155047700616
525 118.52201183131916 32.120007585623746
526 119.03685109751524 31.646734414705385
527 118.6896831927468 32.27327740374549
528 118.52123203356494 31.698754839685108
529 118.6828198069971 31.785065563069438
530 118.58270654152017 31.610598108723092
531 119.12479738130311 32.02501668744393
532 118.63623768672932 32.29887514884052
533 119.01034610991653 32.32978239215629
534 118.62550779141434 31.97484958101788
535 118.56077735839196 31.687495266715786
536 118.77792152836898 31.99772069791106
537 118.93456644051464 31.826022631465477
538 118.880086045974 31.834842119693022
539 119.04951441344768 31.768669493932247
540 118.77969255702101 32.34918498600737
541 118.93346110023121 31.907142789339716
542 118.54134548552513 31.592925301679188
543 119.01807827209925 31.979468727056187
544 118.96628243517273 32.134534610286934
545 119.06946850809588 32.24619846535806
546 118.55825375837121 32.18974055725306
547 118.82616751244123 32.145525820440895
548 118.97077829196984 31.80199993658176
549 118.47929889119705 31.867635686466997
550 119.12378104485616 31.934354420514655
551 119.0652031501018 31.725597158517793
552 118.86595931545166 31.963812990666366
553 118.75228748839895 31.68184908213727
554 118.99801015306406 31.67388685653618
555 119.12349374271362 32.25345511328553
556 118.86393766773347 31.727180500436237
557 119.12898778033498 31.96468209126413
558 118.5703657913356 32.07471028222232
559 118.72209312903014 32.35507060235074
560 118.98062197866294 31.860525396012108
561 118.7643608794633 31.730813829012554
562 118.86190877761611 32.29319635277922
563 118.9542827388888 31.836498950262385
564 118.90809965270297 31.829374364944744
565 118.80811181080232 31.72709593730542
566 118.6259441629172 31.944164713410316
567 118.78494059252174 31.754792643787532
568 118.64691452108185 31.90150749888048
569 119.03345511371302 31.855632844736583
570 119.06220123767962 32.13024717320491
571 118.65068037640297 31.957915876489718
572 118.9148310438391 32.11609533515053
573 118.99657336835705 31.844839001843177
574 118.81584180311316 31.894831044841407
575 118.554889359803 32.38013994786652
576 118.9709289660279 31.804940086167104
577 118.56040960682675 32.20285602788596
578 118.9659661198699 32.151490980552026
579 118.58208392415958 32.090923956831986
580 118.9450751362338 31.694679343668145
581 118.68660158351001 31.606945192532798
582 118.75538041362469 32.206064987177506
583 119.18040401583946 31.650408978908526
584 119.16065971715794 31.79836175083869
585 118.8822135758326 32.36997928169435
586 118.95742133752711 32.3823511616373
587 119.05602255290636 32.34632717297154
588 119.0156734494781 32.045858243104945
589 118.57892745441686 31.975465622916026
590 118.78854341998019 31.96822426012978
591 119.07871779018791 31.86956854693631
592 119.02529908195578 32.38212544877829
593 118.62121764846704 32.255195426190916
594 119.08744796493639 32.42248374060054
595 118.94107398385563 31.8426807488993
596 118.70415977602615 32.06618667293329
597 118.52543776158191 32.12131307235635
598 119.01387987899162 31.916636984122963
599 118.82575167992859 32.062917856907475
600 119.18490521722866 31.7236749129812
601 118.67364950720855 31.849081210066856
602 118.56333204479759 31.71469513546701
603 118.66991158229075 32.07119717730282
604 118.80145054319549 31.87496772128329
605 118.53613550946154 31.939679403892452
606 118.73804291242388 31.903263622383722
607 118.65658657271727 31.637046607709536
608 119.17156410573479 32.32472914567177
609 118.63802068330274 32.15287793070469
610 119.10921983205684 31.850595959619326
611 118.56613265929995 32.32685316627782
612 118.90119674163377 32.15840036600039
613 118.93102094479337 32.39756214851975
614 118.89116429971854 31.985593063255052
615 119.15396151735321 31.685646691574036
616 118.79986598139281 31.68678926252001
617 118.94133616529771 32.17771690063846
618 119.12085383458113 32.04725488724316
619 118.65595396505103 31.773454624391714
620 118.8655038772911 32.008127118298056
621 119.18875546220173 32.01897291496536
622 119.04546390481522 32.296706819140965
623 119.00485115468928 31.60430241451705
624 118.80335350505898 31.70395709511937
625 119.11648507471888 31.916478094025283
626 119.07384082360927 31.688025287360208
627 118.80463647027666 32.37162016711802
628 118.88284738483145 31.76628616243667
629 118.95812063605015 32.10021860270262
630 119.03547913392659 31.95630481409365
631 118.8359257173687 32.216588316852956
632 118.74993596198166 31.62502555606217
633 118.61007110854307 31.862878004329875
634 119.02701653936927 31.976075968046512
635 119.03207654825927 31.688830047357648
636 118.6206498792463 32.07403677068397
637 119.11099466711005 32.00145188510946
638 118.60189713014117 32.27061511953614
639 119.08146143881521 31.971549202352115
640 118.60850466668848 31.853686859405524
641 118.9498790644534 31.84926272140649
642 118.86484600746786 31.81149906982243
643 118.60322327314597 32.34367719125267
644 119.01830897454666 32.23778136607727
645 119.0058883000575 31.862122518193505
646 119.11408284395313 31.9482138928619
647 118.82998741538529 31.677680327528098
648 118.8770322239094 32.07166248775976
649 118.96560638257907 32.19421401878137
650 119.10300269169855 31.80837030259806
651 118.77171844916192 31.977737136530873
652 118.97306912355815 32.135038638000125
653 118.91637261852689 31.980033815408046
654 118.63817784528314 32.02773007176553
655 118.98570023159218 31.761008765425714
656 119.07602501501229 32.21382960881757
657 118.82979407048578 31.690460449618595
658 119.1798669736119 31.976519876850535
659 118.87300932649994 31.83859516151879
660 119.13885649116857 31.6901530899353
661 119.01690865847165 32.299020414893626
662 118.78025903372892 31.749983680049294
663 118.72879863766603 31.983684741412688
664 118.76833648528951 32.098090366229705
665 118.74785588563388 31.837997032103548
666 118.52231409276234 31.999761605264343
667 118.52174018001529 32.0148098009414
668 118.79725788459548 31.949730852220068
669 118.61765760487945 31.87715140353065
670 119.08119808936335 31.786896551996108
671 119.16036952567933 32.320380497820345
672 118.70448953736818 31.986095049014256
673 119.02452710009989 32.15085674185186
674 118.74663107129064 32.01505445182523
675 119.1016424817168 31.84692478046613
676 118.82276742666072 32.000337320830994
677 119.14804165003136 32.23657131990012
678 119.00370707907399 32.28277351428672
679 118.5824599610766 32.364093806608146
680 118.60437114999795 31.790188870876147
681 118.82174163643343 31.870188922709204
682 118.90199030572198 31.688744971402098
683 118.85225355971451 32.40272261312162
684 119.1368833304235 32.11850400613783
685 118.51257940873684 32.13687741962218
686 118.57830732247155 31.959577753032978
687 118.68574438152503 31.81291857553552
688 119.13309149291622 31.92978078522346
689 118.49323655541147 31.85331704286028
690 118.88344398693971 32.031888493972815
691 118.49483706462355 32.25218692302012
692 118.88283969437083 32.27890212377365
693 118.83895519688946 31.84331922258113
694 118.59790331750379 31.725429982324062
695 118.92390162769863 32.19103553607036
696 118.93070137207381 31.932005756685147
697 118.81716972673883 31.73790317203428
698 119.03696086808809 32.11019533430112
699 118.541436997381 31.67639949058179
700 118.72390174063115 31.685458758579685
701 118.83294448550363 31.58006967822734
702 118.7194058402219 31.754369211354714
703 118.58806608532606 31.97857680514403
704 118.58296126699783 31.747674573081767
705 119.04540141639899 31.64335716643037
706 118.69273406255535 31.99432269632931
707 118.95705974564397 32.31475966626431
708 119.09543970806735 31.6094845454621
709 118.71120453781869 31.804421420547776
710 118.6235008673121 32.338759722687485
711 118.89521098475112 32.11794467458277
712 119.08639802217242 32.24847767643095
713 118.77000272774349 32.310408798953894
714 119.08523441622468 31.775684713093675
715 119.18985061874427 32.21113545084628
716 118.97250976626086 31.810530943151953
717 119.12714469609952 32.32774254285017
718 118.54755367480114 32.35527190492323
719 118.77617309293036 31.72855588917227
720 119.10335766045029 32.28457701199002
721 119.02444573422552 31.64640241002764
722 118.56947035100958 32.081905945937784
723 118.66020176023808 31.978714570363863
724 118.72110492399833 32.08267461171326
725 118.94065907703357 32.197950937196964
726 119.02240999976888 32.307269421870075
727 118.85087956722465 31.996249676838236
728 118.52493851023834 31.64583616904755
729 119.13668399043739 32.35520949231374
730 119.17536332056818 31.646643748492448
731 118.73953126360568 32.24029184519298
732 119.06833656467617 31.720003147180254
733 118.87263401367073 32.32275051360511
734 118.81986316523545 32.10008741439234
735 119.16182504243709 31.84916847605757
736 118.487795912529 32.27453761444968
737 118.77608437016156 31.72564638625031
738 118.64279043617499 31.785607394102463
739 118.82331054616088 31.835573004444733
740 118.7990764082253 31.91075870101981
741 118.62848886329417 31.792666600815696
742 118.90460995709572 32.31684389266587
743 118.76033641412748 31.942038249023227
744 119.12487256094643 32.36710191349627
745 119.15762648876344 31.839625689474097
746 118.75432966110282 31.96880400448946
747 119.03397232231072 32.268418469796366
748 118.94870498384219 32.38692559943028
749 118.76296120327446 31.978779865014406
750 118.70445850489315 31.972083930174836
751 119.1597949248899 32.356963179698674
752 118.6603555236456 31.937302263166757
753 119.05069136649432 31.958547730725183
754 119.03657341695627 32.380671579314864
755 118.62928522721872 31.996063257493127
756 118.7611288921705 31.676642555395897
757 118.80923008904311 32.36396342314472
758 118.8593174555371 31.94601124101621
759 118.92689955919397 31.884721974592175
760 118.76265599262774 32.31462499228184
761 118.9300179238327 31.605274626134754
762 118.80171423336702 32.36825179664437
763 119.16496218889502 31.654931698216583
764 118.96489416697523 31.649796742850437
765 118.84152172448476 32.32674607921325
766 118.89239753085648 31.963502536687802
767 118.57702575561336 31.728079111337472
768 118.67927455490026 32.37035654335505
769 118.99725663771842 31.842429318453533
770 119.21279811497402 32.34752772603718
771 118.74097171803353 31.981006063737887
772 119.20845387023071 31.917152044411008
773 118.74911785766038 32.04987203499562
774 118.81351061674992 32.322834944822006
775 119.16997666525022 32.392397781363414
776 119.06754078729354 32.13880964144497
777 118.88223702627829 31.904467839479906
778 119.18728846961476 32.269721291887976
779 119.20526901745049 32.333820571976126
780 118.61991346674468 32.019030673901874
781 119.06864745877112 32.19132332521303
782 118.67893452818572 32.325464318137826
783 118.71327762845436 32.16435667654168
784 118.80011991299571 32.10889563112933
785 118.83709228859689 31.88504890446005
786 118.59345948251875 32.082144962040665
787 119.02651252989547 31.777096580822025
788 118.50802011403695 31.713422385536088
789 119.19985179371305 31.806260546824305
790 118.68342152477838 31.941295170719023
791 118.9960042728876 31.87493036738952
792 118.85773983340749 32.166219301730116
793 119.0894137138686 31.914082251944713
794 118.61137875148177 31.972151527447718
795 118.51792209491667 31.81199624654778
796 118.62362021768213 31.67781118617804
797 118.965112967261 32.17699419980327
798 119.0805123117193 31.782345207385102
799 118.61361512251386 31.969842588009364
800 118.92702534193631 32.09083063556556
801 118.5208274283343 32.129945029030615
802 119.06855713973441 31.941203756669008
803 118.58572033183579 31.795089981930122
804 118.62662291692382 32.31439557022899
805 118.95123860038558 32.15156883940068
806 118.79950633300805 31.78759682978007
807 118.70181060303761 32.247178067070486
808 119.1666353259641 32.04797013771991
809 118.87750658304373 31.96582452158117
810 118.61000287005189 31.702190384857616
811 118.81596974325214 31.785299364390003
812 118.99432309801476 31.69210608649768
813 118.81369671775451 32.139536041343845
814 118.59201071241127 32.17140316798503
815 118.6155172169069 31.980880765314076
816 118.65815182520029 31.64821541863711
817 118.87353314537133 31.710177804904127
818 118.9362699128735 32.33816200380242
819 118.82782531397794 32.314069908165706
820 118.62982218228933 31.920578112088833
821 118.73585128532743 31.717793495808568
822 119.11411766221923 31.96364123808385
823 118.67914265262844 31.94028047863094
824 118.9847145317912 31.610467400500372
825 118.75396347431936 32.17881006567104
826 119.19218755793443 32.094259337715464
827 118.492068962459 32.034231590873475
828 118.70941199574784 32.244481646425996
829 119.04325492139297 32.287124702102304
830 118.53079840587903 31.766467207443576
831 118.76365498133764 31.653533056356576
832 119.16174541543278 31.907259229039184
833 118.97407820712675 32.27473731183443
834 118.58995439346866 32.212614054187135
835 118.55399882745641 31.803148204144783
836 119.17655009524589 32.218219216253296
837 119.14836390524142 32.0653314336283
838 118.61502536452119 31.794753035547366
839 119.11701603904919 32.14888077851273
840 119.01524298196443 31.837991309626734
841 118.79131056616369 31.869817367832372
842 118.6598453774714 31.769737352497756
843 118.59553905904686 32.047630431117774
844 118.65763428529641 31.994489728020323
845 118.82880116327068 32.09654490247485
846 118.5282385739369 31.592343428107473
847 118.93664877000674 31.93373557758329
848 118.9336229890792 31.63584136829432
849 118.90500781424754 31.852540474219186
850 119.08412063889469 31.66663499797346
851 118.56212343122293 32.06480288060255
852 119.19514025713883 32.344027715336104
853 118.82959785611716 32.27029726144603
854 118.84332744761682 31.98742569730847
855 118.60501782429033 31.8784863093762
856 118.95514869215589 31.60084781516575
857 119.14010679827676 32.134135711639175
858 118.55469612996451 31.835827382932038
859 118.70937795493782 31.94219721246788
860 119.0516057957739 32.090531998882014
861 118.50721771514971 31.76030963973089
862 118.90501385899601 32.0421968014021
863 118.65536124984567 31.9596528420953
864 118.86807033656378 31.911555942608718
865 118.60824506013957 32.272244764509814
866 118.74318038338235 32.19518950387294
867 118.73414600247538 31.68840068459793
868 118.78601058940507 32.31198024487932
869 119.1706348167821 31.58242511945693
870 118.58262188580345 31.779468637417033
871 118.68691590463852 31.698745828144737
872 118.98761557039224 31.856707531063424
873 118.75636946671177 31.695847615058703
874 119.14048539143594 31.814043917030595
875 118.73495255364541 31.928450809312857
876 119.1542108803014 31.980595789043395
877 118.58746631919355 31.82594397467462
878 118.81784596357805 31.65456692517458
879 118.86888804832041 32.00489296038467
880 118.92126623387615 32.078434730395365
881 118.78155058004211 32.11045393260995
882 118.86786328297843 31.604145647933006
883 118.64390491343671 31.686299026660915
884 118.6677109201482 32.1276548153655
885 118.57210562598388 31.723728702849503
886 118.869451846636 31.70081830117683
887 118.8296132969596 31.94236178060809
888 119.19849412747124 31.903782967260693
889 119.05654619395607 32.12924789230861
890 118.99423544800308 31.6320115934984
891 118.72583958694513 31.798415128929392
892 118.66766875817918 31.801544462806692
893 118.97601423597817 31.83516455389247
894 118.66505423095502 31.601101178902447
895 118.52772462379296 32.046214348760614
896 118.71907057462934 31.594225876842884
897 118.86414027606338 31.820352360197987
898 118.627786376972 32.32506690146135
899 118.56908632498275 31.717948350208836
900 119.12069701513624 32.14606180433118
901 118.82127345528792 31.987706371904213
902 118.52611612652974 32.328712335075004
903 118.66467419309248 31.957787709096785
904 118.53486567196533 31.77287576713935
905 118.68443467511099 32.39657635327243
906 118.78877165140936 32.16482590338164
907 118.58134860337093 31.709749342200414
908 119.1364281461422 32.03139281285479
909 118.83595994891947 31.86767319564044
910 119.09263984458528 32.307691494297174
911 119.0636948560539 31.725835337935262
912 118.59450707399961 32.10186433742479
913 118.54199556639277 32.3597657067011
914 118.9097392523923 32.354132712988836
915 118.52287842403523 32.313682946698066
916 119.07912167163956 32.11777413969584
917 118.7039950128584 31.848579841664524
918 119.02793128635987 31.640392468599785
919 118.63069652202473 31.741531550090574
920 118.72284090745933 32.31044469156776
921 118.94717132436547 32.15009181018296
922 118.65978051978242 31.665301062647213
923 118.666675873007 32.37556970957137
924 118.75822853044362 31.996166878776744
925 118.547210765995 31.750945569527975
926 118.97908076463213 31.97482233320736
927 118.57925208364512 31.932948394511964
928 118.66867769338344 31.774777511907175
929 118.5442074881027 32.10944845827948
930 118.82015007672733 32.035445472211315
931 118.71548269459878 31.818554338298004
932 118.85465648396661 32.21887640652135
933 118.95177721394178 32.02738810204355
934 118.63661605738879 31.880970130484616
935 118.75126111232262 31.722007669864936
936 118.87758502788276 31.99511825927612
937 118.67803723758458 31.728360212529633
938 119.13154419230787 32.33132467681169
939 118.54775787295563 32.02206313385757
940 118.61102732182778 32.33817728305673
941 118.70367536863537 31.86321048497724
942 118.94871744261333 31.94621095596786
943 118.53480943399467 32.02127888873062
944 119.13507003133556 32.30960465161784
945 119.11616929313186 31.70868357351044
946 118.95191867390982 31.90960674940211
947 118.75485487796152 31.678198198917602
948 118.69252495831103 32.36210473721834
949 118.71770826063805 32.2469172606264
950 119.12768129425292 31.92479799103201
951 118.87249213576071 32.11393071561159
952 119.17228337749285 32.05640560236621
953 118.85641725364725 32.07661838600657
954 118.64854608266437 32.25842732236902
955 118.57407763949571 32.36738075968302
956 118.96379572911876 31.669200199948065
957 118.7290331544945 32.04398555378993
958 118.9529590654198 32.33178653021585
959 119.17540459427138 31.927065718244883
960 118.51122666958385 31.784504409818762
961 118.58473605533543 31.686065191520054
962 118.72827055926184 32.124187436407276
963 118.70700152642078 31.747359964332993
964 118.76846527058369 31.89271158689574
965 118.79759702788165 31.896228718608373
966 118.78298620962255 32.096035252656336
967 118.55926082826154 32.38675093340957
968 118.73692550865184 32.39977568223334
969 118.60496835560468 31.84977939647714
970 118.62125237423648 31.814635128209503
971 118.91735172914123 32.17646328972806
972 118.52836181756787 32.156978998437474
973 118.68981398424592 31.82698562785525
974 118.94098133986601 32.37585425496764
975 118.69773463437892 32.2477185942254
976 118.85729065567455 31.74598919286601
977 118.82764342147536 31.989029257804592
978 118.92919483488825 31.653600027600582
979 119.07806078440942 32.037092435374504
980 118.68629264647608 32.04189087367101
981 119.13319868084932 31.765817327378016
982 118.96884102777767 31.660590450403927
983 118.78777058293181 31.720621871282095
984 119.08602605132336 32.02465740037498
985 118.78339385612989 31.640562355221824
986 118.98596171026561 31.761054462750767
987 119.11386071149157 31.737859672371712
988 118.68060864934732 31.92044915263833
989 118.83695746275622 32.02032049281793
990 118.77987081080983 31.878578332830454
991 118.56163275985952 32.105071433360656
992 118.56769385972225 32.33348979317663
993 118.56656024652784 31.798712494463498
994 119.12713462121492 32.38556078313151
995 119.1204256081684 31.872029303183048
996 118.74637053671317 32.085537717500834
997 119.08691397101413 31.88257084384869
998 119.16584021079966 32.1563424711675
999 119.02940381398373 32.29481186115661
1000 118.67222479136517 32.22856417997259
