1 118.94636674406121 31.95811960584286
2 118.91181169090113 31.624598769488124
3 118.61604151743926 32.056984696187264
4 119.06261522712464 31.962298093493885
5 119.15814869183322 31.95620938409319
6 118.94368807964815 31.8618753650376
7 118.9068738864878 31.74951299070479
8 118.62538482716636 32.06371257334181
9 118.69804966789054 31.837619183353834
10 118.75161466322506 31.819226881937972
11 118.62494145705217 32.09918155626765
12 119.19976805656341 32.029456592955334
13 119.14590676614056 31.714853443822758
14 118.76693974487593 31.98481929960401
15 118.61821331634152 31.738250796587938
16 118.76566501401005 32.23572546099793
17 118.6287490996611 32.308959515805284
18 118.87062524018005 32.00036493970541
19 118.64305476937628 32.28687065662615
20 118.53767866909728 31.683085840864507
21 118.93131611629772 32.011329537458536
22 118.74531070173389 31.634697536619377
23 119.00701104921181 31.931834068117023
24 118.85241070857153 31.68617881898048
25 118.97721353753404 31.688477504881245
26 118.74508675138048 32.09396853758931
27 118.89661826052762 31.79419487284687
28 118.841464885645 31.668413517836193
29 118.9204725299068 31.789067730890395
30 118.53853923169791 31.870292036738437
31 119.19443754372008 31.984698432721853
32 118.66854911870307 31.759020856359736
33 118.55524530938165 32.11658959409392
34 118.69485546553499 32.00279033675027
35 118.99785852821083 32.032698734579725
36 119.16626685398342 31.9167106596889
37 119.09886494023108 32.21283246387504
38 118.70164386726209 32.06743579122018
39 119.10115538851865 31.710082375283214
40 118.55139551991537 32.157332128247326
41 118.56858864439889 32.37208525356349
42 118.63840604702324 32.01975399181775
43 119.04470269153363 32.30464712462555
44 118.97197571007563 31.86905603989905
45 118.58884707432722 32.06846869686185
46 119.02120726765503 31.93081445101509
47 119.02588568805687 31.913713700577933
48 118.60142973431795 32.232498646791704
49 118.95969558824112 32.031083100466866
50 118.78774739402601 32.352266805361644
51 118.54337406119157 32.04128130512836
52 118.86535041712776 31.682976459143227
53 118.8432472826706 31.89262167819115
54 119.11444152057895 32.2853295356374
55 118.94555231765462 31.96104333440671
56 119.10012156457678 31.60334545014775
57 118.8583611612327 31.810990585835793
58 118.98881779170303 31.65594618855239
59 119.16023152572984 32.38098790268402
60 118.51475129987719 32.38185218848551
61 118.79144446619362 32.24865726088049
62 118.80929726644386 32.0727793890477
63 119.04404195828116 32.22799563817776
64 118.52139612774702 31.744436022730316
65 118.89919717658908 31.838569830418454
66 118.69507110804321 32.01500036790459
67 118.78774998255031 31.886273687034873
68 118.97001908536001 31.661274074302106
69 118.92844401162401 32.350811793214206
70 118.66096716071257 31.97228418096743
71 118.61931620412449 32.00291559996072
72 119.07074993250869 31.877956596925095
73 118.8541453386449 31.824633857936533
74 119.16673815434537 31.886913319504366
75 118.96466357824401 32.27747787642237
76 118.634062918945 32.21981043965765
77 118.62172451096302 31.87635092902741
78 118.72804165209335 31.627261010598954
79 119.04014383944052 32.232024983285356
80 118.83520955828492 31.81196843528973
81 118.89816936778223 32.074710319759895
82 118.91037119373244 31.602322529826456
83 118.65412615360461 32.11934885975499
84 118.73260158637277 31.92563174885215
85 118.69404611085292 31.974576595250326
86 119.13988342125754 31.944483315544
87 118.50522288332954 31.88530904516796
88 119.18696771714148 32.01368476914312
89 118.62053201774921 32.388618970102904
90 118.83661529621448 31.71463625483799
91 118.67863515848668 31.86815138833689
92 118.69663529641055 31.614217061939282
93 119.03492584802905 32.20808587394199
94 118.9941539887168 32.136811104473175
95 119.02883453478518 31.765150261492682
96 118.61078650117416 31.907529111764546
97 118.65574651960615 32.12091635788655
98 119.03081933131405 32.1442034177429
99 118.56326441047031 31.7185396454546
100 119.09436063443994 32.32650628763778
101 119.12455040909593 32.250953177310805
102 118.84945016951102 31.681634896861336
103 118.97904109891807 32.29166141533737
104 118.73113728794628 32.21380667075906
105 118.94564425074095 32.25996647267816
106 118.52660505693163 32.01071154284807
107 118.67787026373607 31.792344023852262
108 118.79606842820512 32.36636850858116
109 118.87069193034779 32.09027111593301
110 119.19826365948707 31.883008429160963
111 119.2001632694868 31.838987551089176
112 118.58875289981646 32.32380828206999
113 118.71915978462293 31.958352970082448
114 118.55874379035698 32.04935123066463
115 118.72077889183335 32.11713204062857
116 119.15354441043581 32.27902455477175
117 118.91576066887976 32.08678187373754
118 118.52128514273234 31.75766507534919
119 118.89717393303346 32.05968520095071
120 119.17299751272961 32.012843456348996
121 119.19453286806962 32.02832411068014
122 119.13022782176317 32.15491343117073
123 119.0328913212558 31.78319207788098
124 118.65814770201045 31.750613149594177
125 119.12421037521464 31.679681387301024
126 118.72925763163664 31.8373885034723
127 119.11843513013 31.603009722126778
128 118.51918637823943 32.08658016312082
129 118.55975422880016 31.835349434042087
130 119.06592636594405 31.758984334196235
131 118.54805141464976 31.68303304513465
132 118.79714198228935 31.810209129605525
133 118.76167654917205 31.780063483923428
134 118.64246332303543 31.816729738129276
135 118.76675967329568 31.96806944421179
136 118.83510273586559 32.04585850823187
137 119.10971931938666 32.24037007484504
138 118.93162293150569 32.37525563036038
139 119.13746871592345 31.64880019771064
140 119.10706967871303 31.79928167872414
141 118.61201169723101 32.097585552191
142 118.77494815598537 31.7634852313831
143 118.84971511445174 32.292560020850416
144 118.68526192263553 31.74369008880816
145 118.8858804424845 32.1940282207456
146 119.19672768912898 32.085896519713394
147 118.660397489559 32.21321364413548
148 119.07666236279738 31.629964396542903
149 119.20763891999074 31.797791290311256
150 118.6533378790796 32.1768900946542
151 119.11781809399466 31.6971502414053
152 118.61313762650657 31.630710383784933
153 119.1611824259218 31.89469859198309
154 118.70039102758675 32.09745032371785
155 118.67538694466174 31.608557700165743
156 119.13441526487975 31.68064066121467
157 118.68939151070816 31.60515296204427
158 118.6497056300408 31.909121733492963
159 118.72036929216489 32.14814484209563
160 118.9947211765328 31.759950699732595
161 118.51711283495926 32.27690876552211
162 118.6291533369798 31.941248820530298
163 118.5820041503246 32.097910029928926
164 118.84593454939923 31.83929706658752
165 118.52469059068677 32.11934346299737
166 119.15208949802542 32.3932067032362
167 118.82958961130329 31.96947046768803
168 118.92627362136541 31.76194729642469
169 118.65228575536128 31.965216466759816
170 119.00100031597727 31.942822724027334
171 118.5171399596673 32.007179862928176
172 118.54888989059833 32.01659313904203
173 119.15471294557419 31.637628118667557
174 118.61846094159586 31.70849186729129
175 118.84315870023954 31.978051558997464
176 118.89335249458719 32.16861368497415
177 118.61220559943784 32.249171454385106
178 118.92898033649966 32.18627700496136
179 118.7041507334505 32.016762912626646
180 118.97125614673938 32.3722125597777
181 118.70494920307773 31.859529834548287
182 118.78667465721168 31.979774505601483
183 118.84372037884611 32.2280896674253
184 118.50074805047136 32.2549437777765
185 118.58905004955676 31.919387200343955
186 118.55359646658547 32.281428942365146
187 118.79616480724802 31.957778587423583
188 118.88047759406652 32.18977740380814
189 119.17784088002388 31.579905203825426
190 118.71428749587805 31.609736457803795
191 118.61381357967605 32.34234107600844
192 119.16072084596459 31.68765881222964
193 118.87500276954198 32.16544626377097
194 119.16120535602066 31.841417021294145
195 118.72281354407944 31.73983916099078
196 118.54313489704406 31.889747434747395
197 118.8531908198352 32.35073357716821
198 119.2289193452554 32.07693158011825
199 118.54304489883025 32.3251066059086
200 118.86266941736302 32.167017082096216
201 119.08429887915386 31.9711461508349
202 118.67108710338964 31.992752778585274
203 119.06140804376484 31.7701773963622
204 118.54538408427611 31.63291429679437
205 118.70621971275004 31.90582259533518
206 118.62349307850803 32.04521545411332
207 119.16479394737215 32.32593070810312
208 118.94770579468806 32.12655718790747
209 118.72175662813707 32.263949831601906
210 119.15035833865657 32.30444304476212
211 118.88027906778467 32.31855223409283
212 118.74077699662566 32.248025550048574
213 118.99203903994669 31.71068009980175
214 118.9401679206059 31.862739007812365
215 119.18699667545629 31.745325786643768
216 118.52178112209428 32.31091708338629
217 119.08409534693368 32.21369872218365
218 118.98037796229372 31.89310641392767
219 118.5955704356219 32.04696991834124
220 118.74546682312302 32.26635226505454
221 118.51625311945155 32.28641700664948
222 119.08056302909961 31.750597730600546
223 118.56925590945512 32.202819774762446
224 118.64737712975482 32.26874818838409
225 118.97182897419934 31.676840510332717
226 119.04224378535436 31.67933325916732
227 118.68661962748448 31.945584237732557
228 118.63646633327299 31.772783437597248
229 118.53010033921817 32.29183002057137
230 118.54882298744687 32.196189735957205
231 119.12152964545459 32.180642435428396
232 118.67501113517086 32.197969793502324
233 118.75771106014643 31.831359547335214
234 119.03961852403476 31.773203753048957
235 119.15941968364693 32.09491113586479
236 119.1232322006262 31.9097146644715
237 119.09786517245803 32.34202674167999
238 119.08076759382746 32.14135541438258
239 118.75463089348311 31.893634027649952
240 118.95252855192902 32.26503001779475
241 118.9956559778197 31.933334902185397
242 118.80418360605427 31.727046714527013
243 118.95819499199715 32.21359195988504
244 119.17777503992046 31.994317550867745
245 118.71718350874303 31.79810432764948
246 119.15853577151753 32.13549775772937
247 119.17725534177677 32.37939772621976
248 118.91261590312168 31.792856193760414
249 119.1667871984359 32.231378595293876
250 119.00905875895533 32.196542088098475
251 118.98019573538681 31.696182688687557
252 118.57446714202258 32.29043381716549
253 119.03487110944415 31.963018053238923
254 118.6110942790317 31.67119740788526
255 119.04882056495383 32.03048957872367
256 118.5343004467542 31.87671133889737
257 119.13987204682576 31.71845857248834
258 118.62686514559735 31.652341656636498
259 119.07869460461959 31.77297349527692
260 119.12876424333636 31.952116689894005
261 118.54045346468655 32.114329048230836
262 118.57565845687095 31.663440099080358
263 119.16292790001117 32.15458628110321
264 119.17558800161343 31.691194872660592
265 118.5438042814344 31.72923165790125
266 118.94111697256497 32.19424011489586
267 118.76974156612503 32.28882299418786
268 118.52497946985422 32.34877160357624
269 119.1003309840473 32.125216895258276
270 118.95317425830383 31.97457634514349
271 118.57975230619661 31.687210501879186
272 118.80994444956198 32.075839733595856
273 118.7843553400864 31.719049751060613
274 119.18692406907007 32.00919783127176
275 119.19310414059247 32.07978443586581
276 118.65588446774265 32.26629483201237
277 119.01667585484168 31.856017388565284
278 118.95083861411185 32.39694955826478
279 118.83126031018156 32.36825495352202
280 118.88872221613906 32.29885878912793
281 118.79682543407712 32.182714385201905
282 118.51137907782334 32.14681152646772
283 119.03378441165215 32.31751904096694
284 119.04564409315223 32.366243463465175
285 119.12434116023722 32.25469654122467
286 118.84071174059171 32.1364104161456
287 118.54807046618207 31.703474101879902
288 119.16409894894996 32.099494059213626
289 118.69822348961581 31.86579724969779
290 118.57503253080534 31.71060973827608
291 118.59768212459763 32.306817441830304
292 118.93635906409543 32.25405952777177
293 118.76247769363168 32.01383595381459
294 118.98105221200719 31.974050786451883
295 118.5240636487261 32.00787249544504
296 118.51396494017835 31.827021331812336
297 119.18510378165713 31.916304361866896
298 118.53626070020661 31.948326529058658
299 118.76968697362985 31.624638604404954
300 118.53110150455792 32.30428069888898
301 119.14174820662504 31.65061219560022
302 119.10851269984144 31.922433795053717
303 118.90121857436374 31.703430075835136
304 118.58643594028102 31.78229724148435
305 119.08503175002213 32.34970208648531
306 118.56185647036266 31.89211592235781
307 118.7861396686591 32.17881726793137
308 118.73138936119129 31.70038009576416
309 119.21516747395441 31.777903416156544
310 119.18792697264126 32.30120388145633
311 119.08267520210374 32.31904045143586
312 118.81705017441719 31.800563009793485
313 118.85238663822129 32.37537766860458
314 118.88966797826944 32.149463433718175
315 118.88468981166163 32.01707222348826
316 118.641244687381 31.8821186796029
317 118.67067085590925 31.86026205811809
318 118.9981313558388 32.386950724728734
319 119.0995973115825 32.16151877919461
320 119.16130762192753 32.01403861306127
321 119.03910793371526 31.629006625736366
322 118.9192874617993 31.794091880834344
323 118.54126302243246 32.3544007724471
324 118.5597787579932 32.04209419531258
325 118.62732207095998 31.864920293887774
326 118.97525028289965 31.63319772839794
327 118.69392741938394 31.82381804368272
328 118.79407876997847 31.78982237481657
329 118.59773997721118 31.727849827044547
330 118.65108869621396 31.87864881287563
331 118.75203515937358 31.74253819853652
332 118.9361006363402 31.66141450284671
333 119.19908547879535 31.707433998514823
334 118.60551465791657 31.972761237364626
335 118.71554562795346 31.6512347308446
336 119.20052020071347 32.36111279331773
337 119.10637895937079 31.76992950996552
338 119.17915620486785 31.99251896718753
339 118.87482158737366 31.923412056455945
340 118.65416523202094 31.84980423970118
341 118.637985129983 31.868260171023163
342 119.06455503311284 31.80490696988897
343 119.16673424357133 31.834683005601224
344 118.92039657993661 31.701125842097376
345 118.95509411103625 32.1382566972878
346 119.15409522145823 32.08920763054064
347 118.66634478795315 31.847677392665776
348 118.89215189151277 32.318559029824875
349 118.88852479245253 31.91701261876995
350 119.12921230185744 32.11505282790921
351 118.72304801584124 32.0023724210259
352 118.60255388044982 31.859681925981292
353 118.5971781599987 32.314339141507574
354 118.68241579098466 32.28110044710296
355 118.55477180189727 32.269299411770575
356 118.70269057772738 32.37727819921281
357 118.87847886775552 31.631003496433934
358 118.8073903503378 31.97981021010843
359 118.93887967181446 32.35751911139828
360 118.87329676746471 31.699792775744164
361 119.02057478980728 31.790245241952064
362 118.81394936292921 32.01084534427046
363 119.05356960623799 32.10645363633247
364 118.80857899837247 31.872377627109753
365 119.03072115724707 31.845140929931663
366 119.00851883863004 32.22768166725881
367 119.10145683440687 31.613307521553985
368 118.60834133219886 32.24260262730775
369 118.99964949241078 31.949277688666907
370 118.48802363616223 32.1235212075121
371 118.76998208907855 32.16523175255044
372 118.93148023129379 31.673474248133182
373 118.49191460222208 32.34200012988155
374 118.53093500332335 32.254332586257824
375 118.652920221304 31.875843027837604
376 118.78291513055258 31.759293123022314
377 118.97829092241635 31.667307208639375
378 118.65275847101111 31.861530949324543
379 118.77921661828215 32.173292127994785
380 119.16301456354037 32.28837183392001
381 118.72369746982513 31.849108102136146
382 119.02419623272922 31.790237525244155
383 118.92662468795739 31.862167743982543
384 118.54612562272791 32.38183965115001
385 119.18178011577552 31.658393712016007
386 118.59807675366218 31.733690965611324
387 118.7607750784623 32.161630773915846
388 119.18754972896147 31.694133118622627
389 118.67834523536041 31.778060754238865
390 119.14580286664874 32.27460350067785
391 118.95791071186291 31.85990889214826
392 118.6079709303726 32.089232033670605
393 118.60446994448598 32.03925880474785
394 119.17342035668877 31.827105653453444
395 118.81303772827292 31.790886613688418
396 119.05718894866257 31.79659724073334
397 118.58566578342594 32.308164393035774
398 118.87536904870323 31.61896003554803
399 118.56919538003025 31.700828781847758
400 118.83781624841312 31.884600346937535
401 118.51221691699742 31.7572167711192
402 118.50425341107227 32.02799249460643
403 119.13581941532159 32.02526457249169
404 119.12368185627656 32.01368647120433
405 119.01647139531835 31.847656944268586
406 118.84192507333819 32.02147606004684
407 118.63780843876846 32.22052028191126
408 118.99367947628159 32.23524543040613
409 118.64352344096793 32.036124988904234
410 118.536581153536 32.254082702451505
411 118.71273000392311 31.67506923312752
412 118.90292627539748 31.72381866267748
413 118.90346563142691 32.200377099399105
414 119.06794256373381 31.904906129517006
415 118.76365665102244 31.881299211670864
416 118.58696809450312 32.05831147404269
417 118.54011297330918 31.92108074989768
418 118.65088311126955 32.33145254927389
419 119.1749091724267 31.899910029370695
420 118.49271107754444 32.25619870934263
421 118.94312379073159 32.109976076807854
422 118.811934960982 32.347655475734285
423 118.64551715655745 31.984018259782967
424 119.0011145092287 32.359832748597064
425 118.89699954439831 32.03319956229852
426 118.56381166175123 31.62072272784372
427 118.97642783028878 32.19230750459484
428 118.52467008906439 32.28230787126528
429 118.66674517260805 31.664955021532673
430 118.89304271284334 32.36870750725736
431 119.01157819907812 32.048839473000996
432 118.87410759529764 32.190686135806246
433 119.10191068128124 31.785861250653078
434 118.97582832311575 32.34834617553108
435 119.17386677957343 32.12179598806958
436 118.69292307591688 32.06173011304227
437 119.18056280686987 32.354651165170644
438 118.64969014092252 32.04124444831453
439 118.63709296293126 32.02469959809399
440 118.61764340816212 31.610120618677026
441 118.5896707900841 32.03297813281154
442 118.93852746560533 32.19047546907969
443 118.50324469037736 31.89738505314889
444 119.07814537323489 32.15771465983581
445 118.95648388041428 32.04017252348176
446 118.73822044459327 31.772908240274553
447 119.12980150253784 32.03500640648998
448 119.1006767103166 32.00958408306573
449 118.93933079113806 31.87194231231098
450 118.52189877338706 32.140076443767015
451 119.18537670334999 31.661360137649798
452 118.91375099600786 31.895156590731794
453 119.14140820740904 31.951496526553083
454 118.60101993752227 32.39245689928361
455 118.51349716637725 32.16352196750296
456 118.7199217220851 32.11064540024995
457 119.0305226343395 31.73944635655188
458 119.06396253502174 31.95877541619495
459 119.09515468103186 31.911906194189303
460 118.72266558292158 32.353339344669166
461 119.04727041610019 31.961833846345698
462 118.59771087318501 32.284178620353494
463 118.89132631964368 32.14763318396079
464 118.52605237922234 32.27801191586698
465 119.00002368806317 31.577569777156416
466 118.76080687049546 32.33113158898378
467 118.56495274329151 32.363986540821166
468 118.9834810191149 31.72700587411886
469 118.79738034507459 31.639402518344372
470 118.70901022160865 31.85858868915643
471 118.73682530702744 32.03268917613108
472 119.04687361298946 32.03665252619951
473 118.79624812162709 31.97440788741886
474 119.11777791270138 32.31724477500336
475 118.60751770255023 32.02723433631069
476 118.78791174318721 32.3409066279595
477 119.14057061920043 32.069857342232574
478 118.91671791849899 31.756463325013915
479 118.99642852319198 32.39195727475781
480 119.10227943247081 32.38706174977223
481 118.87013886934345 31.953597702090196
482 118.59972708058943 32.21787109944284
483 118.72746913066813 32.12558268695709
484 118.67471026382961 31.757360405363162
485 118.61995838265601 32.07563915851538
486 118.89771984722755 32.123271509137915
487 118.64206983706883 32.08473303986433
488 119.07941525344265 32.04611458357905
489 118.82539447021223 32.073666654701825
490 119.07464261173894 32.16690312920016
491 119.09146495736375 32.19842628948883
492 118.96693437354003 31.663290985285865
493 119.05154220460544 32.34091343766642
494 119.06763138549233 31.99549553484572
495 118.92701286531565 32.16245306269176
496 118.69807041822187 31.909630021290607
497 118.7958210626919 31.670835407669585
498 118.72177100962995 32.126167923520384
499 118.82845679224725 31.913519917203185
500 118.75040826292573 32.01844651663992
501 118.76197055692614 31.798950121093853
502 118.56895828166805 31.77800273555695
503 118.77969741338875 31.83293475257349
504 118.59832649775045 32.31144130717961
505 118.76205078800831 32.35369852891843
506 118.56689824816438 32.34924507021663
507 118.76960644526768 31.95192570549057
508 118.88700896732678 32.22875320492649
509 118.53657622002912 31.74524978045863
510 118.66617679037039 32.18463691900015
511 118.77818434566056 31.941129618904654
512 118.71003203013271 32.25610012562151
513 118.8918466575122 31.76564533062076
514 119.07255532801727 32.24964115392647
515 119.03320318941796 31.68679135329259
516 118.68333141177821 32.308484122156
517 118.62982739968673 31.94864949011327
518 118.92345988482957 31.753416641268156
519 118.79021177458058 31.83868819472075
520 118.56394049584698 32.17763813420967
521 118.65025240608948 31.964797982736624
522 119.17191188243437 31.794329355241782
523 119.1343663825986 31.80890999925259
524 118.73446714209838 32.15179008704183
525 118.51841827391375 32.11053297777137
526 119.0286563706833 31.65227705678956
527 118.68135821324995 32.27492939225263
528 118.52445893560513 31.693346667876742
529 118.6772870656854 31.77305723288144
530 118.57186957987808 31.622063215215956
531 119.13239824818525 32.03756251894764
532 118.64169168808638 32.312896741330995
533 119.01394951012635 32.33360881874665
534 118.60716181697993 31.976014750598395
535 118.56919094870987 31.686803239662748
536 118.78481568403998 32.00154652926511
537 118.93782916039784 31.832952397635896
538 118.88924661557957 31.836298310384954
539 119.03972744936247 31.761651529363263
540 118.77663073939317 32.35197707696715
541 118.95678665142772 31.91562423771406
542 118.54221097649821 31.59488559011028
543 119.02609591078124 31.981168798555906
544 118.96924721318513 32.11224831330025
545 119.06826534213313 32.24266468366964
546 118.55112845378791 32.18336708813765
547 118.82796840108855 32.14163304366707
548 118.96481335713223 31.800354289228952
549 118.4709284701155 31.867009145036807
550 119.1308396748329 31.934499263701518
551 119.06575063045536 31.734446273113072
552 118.86092216077 31.968758438732184
553 118.74527743935892 31.68797460089416
554 119.0181063010603 31.67784490826967
555 119.12641739036809 32.24968183838945
556 118.8705513324574 31.726329791346554
557 119.13458267040312 31.956450280258732
558 118.57169308301695 32.07306856344958
559 118.72424952813078 32.35371598216999
560 118.98632057014622 31.861762595127654
561 118.76822747507886 31.716970178681684
562 118.86091078999256 32.29771113697389
563 118.95122544045341 31.8413008305722
564 118.90245676924876 31.81584205925337
565 118.81988279607741 31.725519299521014
566 118.6242443127135 31.946573243117875
567 118.77853449386772 31.766210871768997
568 118.62865977738745 31.90859068106008
569 119.0267544094416 31.85598227541896
570 119.06534441455015 32.12000180386383
571 118.64045305257423 31.94959153791773
572 118.92506696570736 32.1035964794279
573 118.98214421863682 31.841582367145396
574 118.79410082936441 31.893812185769573
575 118.55109463863718 32.384407090125485
576 118.96051352652844 31.80307126893084
577 118.56484006568229 32.194139895393
578 118.96861505517315 32.152702914228776
579 118.57801240944822 32.0998879847021
580 118.95675626349436 31.681056444334992
581 118.67836824513448 31.60362437061728
582 118.75771244396672 32.208058951620885
583 119.17050520301964 31.64597914937253
584 119.1806685533183 31.802166654537295
585 118.87658734725554 32.37114961351126
586 118.95770385196687 32.391958845447235
587 119.0670279573882 32.35130283580575
588 119.01266652141607 32.04581180100601
589 118.58416428269302 31.97916535399351
590 118.78858100167122 31.96946758749047
591 119.08886852894136 31.892380239760485
592 119.02565889585445 32.38956952513513
593 118.61868865358807 32.24814825922609
594 119.0827593676275 32.422560118285894
595 118.93590996259624 31.83617583326094
596 118.69734035468528 32.07758716298006
597 118.532759101105 32.11959162852095
598 119.00857843208843 31.912080628968614
599 118.82483014517717 32.05738574484082
600 119.17744103558977 31.731314327298097
601 118.66396087400263 31.835624002051844
602 118.56556086145368 31.721640572516307
603 118.66281240881472 32.07722939161286
604 118.80103886100589 31.878878720186375
605 118.53472383204692 31.947841438146007
606 118.74100965489129 31.89838346682681
607 118.65876011614246 31.629019251386374
608 119.1654156915055 32.323146436378245
609 118.62766264626502 32.155939559242086
610 119.10773059803246 31.855402241713353
611 118.5592643005077 32.33117139726971
612 118.8872016443311 32.13815667774581
613 118.92779813116108 32.40892061770842
614 118.89709928574376 31.984483302057562
615 119.16065376040132 31.686281145284255
616 118.80018745321402 31.686742755831734
617 118.9407181300637 32.170749328380936
618 119.11193134488227 32.0559848308813
619 118.6631886484067 31.772930820550812
620 118.86280203908663 32.005304996219934
621 119.19149396744983 32.02955893870196
622 119.03340108129125 32.292627277317834
623 119.00739997608612 31.619779646019868
624 118.80195323457305 31.69199854875493
625 119.10555140911235 31.917323456541386
626 119.07228089572965 31.688712415729785
627 118.79330093771796 32.37972359695067
628 118.88593956894199 31.770109295384874
629 118.97611042597445 32.082997137042334
630 119.0302460228996 31.94987017313034
631 118.83416940744435 32.23247777006638
632 118.75207575074307 31.636162172867124
633 118.6142776732819 31.86878819251155
634 119.0370158703181 31.973076700633808
635 119.02689208151337 31.682444242226122
636 118.6290190720972 32.07954011186066
637 119.11483640421167 32.015137202664945
638 118.61181527931076 32.27397388384292
639 119.0802149065273 31.963885554775054
640 118.61145839377593 31.85918695471753
641 118.94236002397857 31.857579492860705
642 118.86767901425307 31.819595954210776
643 118.60932451405391 32.33801311251897
644 119.03228485119108 32.23639052153233
645 118.9973792538417 31.865387188830503
646 119.10469016192953 31.9414999155811
647 118.8222078062828 31.67959678120129
648 118.87778119120586 32.067354992759306
649 118.9746996214391 32.1870307999796
650 119.10979952646677 31.804158451218694
651 118.76637412172461 31.967038934166116
652 118.99053539704384 32.13297274541988
653 118.92185488482895 31.98264924267079
654 118.64112351519074 32.03075706196256
655 118.97844379420638 31.764518743966555
656 119.07889698589581 32.22472972670047
657 118.82988228528022 31.690757885406374
658 119.17837592424198 31.96402486022774
659 118.86370273310361 31.833326761648365
660 119.1313036542051 31.696246765586974
661 119.01087151026518 32.29868970404182
662 118.78360378240465 31.760530002370096
663 118.71503704237571 31.99530150813075
664 118.78328612681088 32.093151706775025
665 118.74141379763385 31.83394208570676
666 118.51263566768999 31.996132817442394
667 118.52876469416641 32.00781593496633
668 118.7836154354811 31.936140986375328
669 118.61300800734362 31.873709887752614
670 119.07556623460415 31.80131778817687
671 119.1626286257378 32.32292411093112
672 118.71586969700911 31.9775246057491
673 119.02531869543485 32.14901704039343
674 118.74548512615742 32.01653255972676
675 119.09734452417644 31.859246098512617
676 118.81741522033015 32.009379712221616
677 119.1394453203258 32.2416888577424
678 118.9927122413984 32.28062667846159
679 118.57699512970545 32.361915919423296
680 118.60780283321151 31.798645460680987
681 118.82362222670577 31.874961446362157
682 118.90808442808017 31.68368100234509
683 118.84937825752536 32.41111621498096
684 119.13824632527144 32.10956863463373
685 118.49929032315042 32.152446157936055
686 118.58335284523962 31.957406490502485
687 118.69987385607845 31.810825279952166
688 119.14349393213215 31.923532487613013
689 118.49475481878642 31.83774260973117
690 118.87639400320938 32.027119525044114
691 118.49439021654328 32.26258306072503
692 118.88939877385435 32.2659089903122
693 118.82961277733392 31.850259968804878
694 118.58394344999712 31.733376371350843
695 118.93799701717406 32.1902262304196
696 118.92834846799451 31.934557355816235
697 118.82123487602288 31.735046657529196
698 119.05027470839462 32.103350615161695
699 118.54381008860605 31.67909825593871
700 118.7228767491375 31.673394567289368
701 118.8327986406649 31.581090861711612
702 118.71524439334337 31.74650388651583
703 118.58046453498221 31.983607086676404
704 118.57904338431189 31.75655972447502
705 119.03967683290388 31.631665139769176
706 118.69534419925256 31.991906763652246
707 118.96299859123562 32.320765177167594
708 119.09221726221507 31.62335396191606
709 118.72123462752069 31.799447114582733
710 118.62933777247774 32.3489264824904
711 118.9011072470825 32.106457901294185
712 119.09168848949193 32.24060276459267
713 118.77475539361068 32.30932239891447
714 119.08147901069594 31.768859910568676
715 119.2002146231778 32.21492188528558
716 118.97367980725896 31.82280114884064
717 119.12911920912515 32.31306606840555
718 118.54900089129606 32.344686580436964
719 118.7791264160311 31.7212955951565
720 119.1026644409578 32.28928778721163
721 119.0381288508567 31.63739238867174
722 118.58979920960932 32.07159065826277
723 118.6681840065489 31.976452908831078
724 118.72111978696701 32.095273192065974
725 118.94204654560114 32.19602712408999
726 119.02280360546324 32.30418505968101
727 118.84729185043614 31.999549013853912
728 118.52748785432934 31.64531272242319
729 119.14075824709212 32.35890256648532
730 119.17665020600587 31.64427212140895
731 118.72707755958287 32.23668536534952
732 119.07485014534171 31.70732590019021
733 118.87434975142885 32.308950991722526
734 118.8209396070342 32.10195337333001
735 119.143258470524 31.853097055791963
736 118.49284903063574 32.262426995782164
737 118.77627575578148 31.738808114080406
738 118.64219169608026 31.78497828519899
739 118.82410863674338 31.831642567556536
740 118.81212887468438 31.916537906985113
741 118.63687685445593 31.795647842698127
742 118.90529097256828 32.31975426627868
743 118.75498316713362 31.952414554683667
744 119.12134816668735 32.37815691619633
745 119.16012993523414 31.840666872776023
746 118.74965713440668 31.97573685850259
747 119.01239573572533 32.27608980245917
748 118.9466135631539 32.398802546898374
749 118.77377643674082 31.965396389979606
750 118.72677545692362 31.97907935373718
751 119.15780421462996 32.362297676618624
752 118.6588052179558 31.928700166821866
753 119.06414905283437 31.948753158226907
754 119.0327707658037 32.39580026708241
755 118.63593870221429 32.012524544655946
756 118.76324495254387 31.682772617246098
757 118.82206360660453 32.3741539998353
758 118.84050458421866 31.94309076272655
759 118.92692893372104 31.896857477553162
760 118.76963767299665 32.303776869868955
761 118.94439173240772 31.60732689593075
762 118.80567802737907 32.37337439873098
763 119.17455554503739 31.663274172488226
764 118.96460667464842 31.641062168371768
765 118.82814048370487 32.32732894739259
766 118.89601074681015 31.96138450725685
767 118.58553494289549 31.72751880893191
768 118.68658940546106 32.38546692767042
769 118.99591554642541 31.835112621546408
770 119.22394447965567 32.34878840192318
771 118.7544429554916 31.99351412787968
772 119.21209941084446 31.91272443003824
773 118.75781015024812 32.0484239624059
774 118.80746646409546 32.3311471496834
775 119.17412120315223 32.390532131727454
776 119.05819914016347 32.13179100728839
777 118.88178357778844 31.905903698404423
778 119.184019109835 32.27009424689325
779 119.20860787382479 32.33863732780073
780 118.61434477726131 32.00492212984237
781 119.07052273460923 32.18507392483037
782 118.68208687169685 32.337023725697655
783 118.70963554382367 32.16673523591087
784 118.79229596443095 32.10969764796707
785 118.84452423026045 31.87888410326012
786 118.59356157955096 32.092896918782365
787 119.0279706801647 31.76904301485351
788 118.50011397971815 31.713676261289688
789 119.18776233881933 31.795624822908337
790 118.70381403968867 31.934988400845082
791 119.00478278213338 31.86938011528629
792 118.84858211017703 32.15114896108591
793 119.08715298682006 31.909672051909304
794 118.60752075365036 31.967232571050626
795 118.51813148772526 31.820235560903523
796 118.62130892015267 31.701790843047622
797 118.96612676643929 32.17414817634406
798 119.07825477460003 31.782826724272372
799 118.60511223377411 31.96817278032167
800 118.91461030333777 32.09321944693337
801 118.52401081395209 32.13513443159692
802 119.06145967211417 31.95546939378211
803 118.57260413330143 31.80235804439636
804 118.63933310454497 32.31277649938301
805 118.95349471107863 32.14547598759144
806 118.8197746824416 31.786167981286486
807 118.69508233402098 32.23865742242373
808 119.17325758174722 32.04293626403292
809 118.87697631270038 31.963570220101786
810 118.6089678204506 31.702270855647786
811 118.80321025806275 31.78293714049735
812 119.0031043817919 31.69018220785001
813 118.80085124402636 32.13212161880377
814 118.58513411247002 32.18642316923212
815 118.61620129060205 31.97442240045428
816 118.66846363618272 31.6481180410892
817 118.89126261965743 31.70800489141158
818 118.93034725999486 32.339304931257956
819 118.83278637058537 32.31617775094041
820 118.62769478692088 31.918866125652464
821 118.73095927443225 31.699052460383122
822 119.12477323834446 31.96821319604443
823 118.68480296420815 31.93125408710455
824 118.98464573394548 31.60628862945736
825 118.74228443863525 32.18831903337881
826 119.19702295015733 32.10220676522061
827 118.50874210901536 32.03032896648327
828 118.70904095292853 32.24387529096872
829 119.03988960992693 32.28956082244697
830 118.53100562512587 31.77349333353597
831 118.76472558109714 31.6510383001742
832 119.15667452852705 31.90696495852273
833 118.98260350483163 32.279329789056625
834 118.58990960524302 32.20776639106427
835 118.54641467799392 31.800462936481356
836 119.16982412731066 32.2142594947159
837 119.15542567577862 32.06843876094471
838 118.61098011090105 31.795286939213266
839 119.11410472466527 32.14791396411444
840 118.99784710371111 31.83020971593859
841 118.79651821008838 31.87387348902474
842 118.65108840956418 31.760905358542498
843 118.60096690730127 32.05585033820404
844 118.64950526867322 31.981906722590832
845 118.81416414397407 32.107503050975176
846 118.52089501401895 31.594485437309036
847 118.94397663467342 31.92420133770377
848 118.93545228032647 31.650537431721247
849 118.9024526593504 31.847061419810117
850 119.08785945509014 31.675414850110013
851 118.56278011588341 32.06900575729661
852 119.18715340851067 32.34466499306971
853 118.82786866678158 32.270378349768706
854 118.83269697368323 32.00510900358531
855 118.61743563763936 31.870781633228102
856 118.96534419775314 31.606395216522074
857 119.13159902092468 32.13878264380644
858 118.55147398973713 31.836665925820483
859 118.71508726547849 31.94088877893368
860 119.0525806623579 32.0891360817669
861 118.5138620424106 31.73719388679749
862 118.90545067767262 32.036665711307705
863 118.65032391227794 31.966274827395242
864 118.87985925519035 31.902544817700775
865 118.61207912132417 32.27638318295155
866 118.7493591625127 32.20501640010225
867 118.73627779851503 31.689072963601138
868 118.77554427702309 32.318115983604756
869 119.17286168612175 31.573229741067735
870 118.59078644108745 31.783087003136476
871 118.6719137041929 31.70251145514406
872 118.98117721437292 31.86438789718064
873 118.76119462907505 31.70025382230976
874 119.14542820235562 31.816676816773093
875 118.72681086515591 31.933921498782514
876 119.15508940164263 31.96259713062769
877 118.59824102702235 31.834256009713425
878 118.82638400975726 31.656937662602896
879 118.8665376970385 32.02581076660504
880 118.93630883475856 32.077326932996975
881 118.77877978537542 32.111046284422805
882 118.87344553356986 31.602732955905296
883 118.63991391114914 31.68370083600404
884 118.65985247509629 32.13399667878496
885 118.57148740150288 31.734211207901037
886 118.87428189902013 31.69890342788928
887 118.82577787219049 31.944009468881607
888 119.19250686872158 31.90457594850018
889 119.05797664687209 32.12645083125304
890 118.99965809702499 31.634510793013916
891 118.71641326519678 31.788779052908822
892 118.66755175849268 31.797189484082107
893 118.97541361560666 31.85411213584897
894 118.66661358912476 31.587386208242467
895 118.51393382528613 32.034694809917355
896 118.71835580787064 31.58925865934118
897 118.87290887876333 31.828836375005462
898 118.622892750681 32.31684885731131
899 118.58141158348106 31.706415634733656
900 119.14248030114894 32.14730804887137
901 118.82644506789036 31.964150589020917
902 118.50176439315432 32.31632324898656
903 118.66618361872945 31.962224560127485
904 118.53556086761974 31.77731027220922
905 118.70296183690388 32.41239458179018
906 118.78715299466269 32.164613401805234
907 118.59185974563606 31.718091191830894
908 119.13816655240177 32.03977247660849
909 118.83667811937116 31.856128750916902
910 119.1066412292233 32.31881033932639
911 119.06217728336998 31.728435195654914
912 118.59323234120255 32.09834928182111
913 118.53712628538008 32.34891058631718
914 118.91259810191208 32.34365971575177
915 118.5367504960198 32.30916107566599
916 119.06648085992484 32.095698035171615
917 118.7172288222746 31.85503441667636
918 119.04231566715217 31.65016074718317
919 118.62868713208967 31.745369427605098
920 118.71793185280303 32.30397991868328
921 118.93932855767551 32.163144458558016
922 118.65441406929453 31.669415541271714
923 118.66644186840976 32.37727029601344
924 118.747835349012 31.998981689691455
925 118.54379517137687 31.753456152808308
926 118.98633151105912 31.968375286126992
927 118.57961010779063 31.942430918121737
928 118.67677674331875 31.774905756471846
929 118.52885710819358 32.11497323201487
930 118.82215122553457 32.0336686294681
931 118.71527665441754 31.821185567794387
932 118.86076538284908 32.20827766723287
933 118.96445129355105 32.032642821071676
934 118.63899501067257 31.875184151618022
935 118.73906249475662 31.706728725585084
936 118.86661193811804 31.987043615644073
937 118.66547355599121 31.731270189101316
938 119.14783158776606 32.32703664385563
939 118.54499781991474 32.014136848611855
940 118.60990416661174 32.33426465879179
941 118.70656239007018 31.85674117808798
942 118.94013126725403 31.942712725819188
943 118.54562020201924 32.03237547767151
944 119.14339279205815 32.30977741734266
945 119.12105473931274 31.712795000919957
946 118.9617655228446 31.907942076388316
947 118.76280098997849 31.68403994260287
948 118.68763460470652 32.33811811280109
949 118.71166897416074 32.25486266107064
950 119.11596451609944 31.92364295560409
951 118.88254516420982 32.11551808949114
952 119.1619180754879 32.05982793710027
953 118.85939455333452 32.07744291417326
954 118.63878124142758 32.243689997289
955 118.57717383452164 32.365734939536594
956 118.96469137601434 31.650649668187913
957 118.72306009274577 32.043101398146
958 118.96330180940933 32.330657621926505
959 119.16803122192914 31.9130430863191
960 118.51907136184734 31.78470519497238
961 118.57366070013221 31.67180013931535
962 118.70876579900595 32.12469503728026
963 118.70680335979948 31.73614978614901
964 118.78028843563605 31.89328547517798
965 118.80574747971932 31.898691120331325
966 118.77648616676761 32.09843565455823
967 118.55430197449046 32.38087922495179
968 118.73190955236102 32.39162546169937
969 118.611582969849 31.84944954788232
970 118.61920780194761 31.811077731509574
971 118.91847629811089 32.179347844169584
972 118.52494109285283 32.153507370171845
973 118.68776783845338 31.830757996951323
974 118.93437106682687 32.35991739980584
975 118.69270752052877 32.24869716705011
976 118.86134945507217 31.7535677128811
977 118.82818633830382 31.980195510046933
978 118.92665788461211 31.661788869942367
979 119.07958394433507 32.041884819835595
980 118.69161544477876 32.039711805892836
981 119.14686864024445 31.777158144454063
982 118.96995907648505 31.664266561597618
983 118.78103940825004 31.70793544064059
984 119.08369483666787 32.03117353480116
985 118.78360226149209 31.63913311617658
986 118.99693608859272 31.751717732102684
987 119.1210309328641 31.72871645237969
988 118.69708382915287 31.927948286836386
989 118.83787234266072 32.01562745845555
990 118.77140752466485 31.87724100560607
991 118.5593624726098 32.10302871142356
992 118.57234266519909 32.33541546998799
993 118.57035998822828 31.80003790137139
994 119.12499145520185 32.38948874011977
995 119.12010112117298 31.876189513608047
996 118.74444410643704 32.08456406616382
997 119.08402762119026 31.889751142286315
998 119.17034912175787 32.1570310040175
999 119.02309137090822 32.28697366484105
1000 118.67015689859495 32.24034994886369
