1 118.944980870151 31.941777472281544
2 118.89850696099704 31.612868936261624
3 118.61386985877691 32.036266561257015
4 119.07606653853134 31.968512332287197
5 119.17455945565801 31.951329840205286
6 118.95900408548826 31.869203075376074
7 118.90543865838733 31.752955782716466
8 118.60031965300313 32.07872921099156
9 118.69263820928568 31.83321237740466
10 118.75972586214543 31.801292648496904
11 118.62885707895002 32.094422351465454
12 119.19624744484474 32.02311790177331
13 119.14236641098067 31.715907533687727
14 118.75412001170328 32.00335824008263
15 118.60336096200083 31.74023179601058
16 118.78060649514916 32.2338254940702
17 118.62351526545574 32.296305689588394
18 118.87886677198641 31.98956336662876
19 118.64707762033674 32.28743912345805
20 118.55001378677719 31.656261757687584
21 118.931835966472 32.00237006278407
22 118.75099758188246 31.651494795601604
23 118.97738141026696 31.947897249886246
24 118.86951823190223 31.673557103230344
25 118.9448899469697 31.70266652518556
26 118.72290646405521 32.075932621420634
27 118.89860447698604 31.783597496107806
28 118.8363353414781 31.680859845205628
29 118.91757968762693 31.775666930274514
30 118.51013747730465 31.871656164165792
31 119.17519659968917 31.96870305587631
32 118.67462941839625 31.753302841647145
33 118.55927332518469 32.10178404470088
34 118.6968820283027 31.98629269008512
35 118.98826319834305 32.01313067001549
36 119.14438399345084 31.901169608420112
37 119.09559320249723 32.228658228305804
38 118.71259420386966 32.06726282979593
39 119.09136993523951 31.715109499015682
40 118.54460891642402 32.15998648692604
41 118.55626033161325 32.37453767267715
42 118.6282034391051 32.002301264106634
43 119.05456940699092 32.30290590787414
44 119.01479924603335 31.868156348760994
45 118.57648105481633 32.051640241131025
46 118.99563146065373 31.941375703512414
47 119.03456827174242 31.952273268476933
48 118.6057579759835 32.230083074329094
49 118.95403140458978 32.018836826443255
50 118.77427367098363 32.356439794745654
51 118.53992009161364 32.03792799885636
52 118.86435993524093 31.67029933625496
53 118.83968578447401 31.889404849279963
54 119.112120621857 32.27374550813971
55 118.9157838593938 31.924627855324697
56 119.10012433438547 31.623596870892236
57 118.82933212092328 31.809559479070337
58 119.00296287337163 31.641004889002822
59 119.17599043985233 32.375206383408425
60 118.51362177833056 32.377737394099064
61 118.79625934534359 32.23746809742057
62 118.80461827350875 32.09483338486888
63 119.04384147842485 32.21282149207292
64 118.50819141100236 31.7319225970549
65 118.89035383020598 31.825761637571077
66 118.68322619649518 32.006089933735176
67 118.82333631403264 31.882593555424442
68 118.98798371597391 31.644839909747184
69 118.93384592949893 32.3726265363382
70 118.66296401447107 31.971104252893483
71 118.64429408648414 32.014561607297274
72 119.09163888220942 31.866195567661343
73 118.85103367507561 31.815046901840955
74 119.17867315313673 31.89562231329389
75 118.95764055085559 32.267478065107774
76 118.65851839189567 32.207596988425166
77 118.60950912278555 31.894815094553376
78 118.72507976993616 31.612599275932524
79 119.02857318905326 32.23627232512065
80 118.82822644396204 31.80905392776844
81 118.90446729655679 32.060458062465834
82 118.91373942466697 31.606697693712288
83 118.63738670564246 32.12178917090576
84 118.73012472311827 31.914485023040726
85 118.70611375253416 31.983355850909277
86 119.15134225288143 31.928085380325598
87 118.52082351687886 31.872211539108374
88 119.173022078761 32.03959485842427
89 118.61177896833293 32.38077440871671
90 118.86846280024112 31.704279559324647
91 118.6943462813716 31.874224704029867
92 118.71007076643129 31.625368956777624
93 119.0418638479315 32.19459041198554
94 118.9976064725429 32.12941863332819
95 119.04524494490718 31.77963404249217
96 118.6284720377936 31.92511011523408
97 118.63854727602615 32.13934339021244
98 119.0338632247477 32.132464210557615
99 118.58668873099947 31.747783478867767
100 119.11152295928477 32.30606702962458
101 119.13459195586098 32.231464701717066
102 118.84125888759891 31.692656222747612
103 118.98542406176955 32.302290299129346
104 118.72923980218737 32.193409000721644
105 118.96500067663648 32.23688237460997
106 118.5316015618051 32.0274242536768
107 118.67361042763903 31.78488023925161
108 118.80173397378347 32.34164281446499
109 118.8606808836748 32.07616712009875
110 119.19544929493655 31.870251235137737
111 119.2045743698987 31.823675484399256
112 118.58831069340458 32.315090895494905
113 118.69681163518692 31.955297441546755
114 118.55594576895392 32.03843692025373
115 118.72743521878844 32.09528486544206
116 119.1471960742715 32.26836163024938
117 118.90214673444706 32.09219770747657
118 118.53316854057212 31.742777786719063
119 118.86674274066137 32.07523634411158
120 119.15784199726045 31.999978114989407
121 119.18905336703268 32.05364769429264
122 119.1443881552286 32.16036133169499
123 119.0406716216888 31.792148949268892
124 118.66981836322208 31.760055700094245
125 119.11967183526394 31.690773901555367
126 118.71391178695836 31.825201737488822
127 119.12304123332346 31.610809097626507
128 118.52277552460706 32.09145977721721
129 118.54014735512092 31.844772321027207
130 119.06280343420583 31.758190959227584
131 118.55542658953637 31.670795093041992
132 118.79765031293638 31.825915773599508
133 118.74131138140064 31.76493128067276
134 118.68112390822714 31.831101393310853
135 118.74962588160135 31.9613657093696
136 118.838393576736 32.04282226339161
137 119.09739966855564 32.28075558497134
138 118.93667476847965 32.39331285091364
139 119.12823386831506 31.62881834143755
140 119.09543590482278 31.79110727172918
141 118.59027000107143 32.11181965118346
142 118.77358904064035 31.748137566642836
143 118.871027064905 32.29716534050167
144 118.68593343415402 31.76754840491419
145 118.89328988727415 32.18309382115492
146 119.18498708578133 32.11806620917013
147 118.64034208871682 32.221250488249716
148 119.04608098626014 31.63142284437351
149 119.2039035578343 31.785627229281175
150 118.6805780266462 32.16747555332788
151 119.10638505153902 31.677122063758738
152 118.61929954541122 31.620482078053232
153 119.14811290992161 31.876670240801523
154 118.69923524160627 32.080632770449405
155 118.69347905032761 31.625506742059375
156 119.13930776429862 31.66161038441336
157 118.69453281692013 31.630482333087038
158 118.64450612671898 31.921886875393245
159 118.71578041010909 32.148616105331826
160 118.98136375442724 31.768985341697583
161 118.51295013390482 32.2915158761977
162 118.61169164134034 31.964117303038147
163 118.57759562567938 32.0972293724842
164 118.8587074475744 31.828937625980675
165 118.52677398321943 32.093566820984336
166 119.15383179029932 32.37751830218005
167 118.83297008313397 31.956479445903042
168 118.92552507508984 31.77925298335986
169 118.66567215446752 31.940103968093506
170 118.98115069052758 31.95018949244961
171 118.5079329954155 32.01741822283013
172 118.56758127989082 32.01341980506802
173 119.13193112650383 31.63500611014674
174 118.62977551313028 31.72441924855654
175 118.84006007957683 31.959877450288573
176 118.88050113753448 32.166529366015226
177 118.62329470384009 32.232128786105555
178 118.9023061685019 32.21007085840344
179 118.68195667591833 32.01936120076124
180 118.96515768888634 32.36011860343634
181 118.69179008578236 31.85682131145015
182 118.79793225517274 31.973556535049074
183 118.84184777995503 32.211665740813736
184 118.51052131209305 32.27219652158421
185 118.57651639837148 31.92048384684957
186 118.54219108247254 32.295219912303175
187 118.8055371060024 31.97071275184812
188 118.8748166046945 32.177624744736534
189 119.18082775810751 31.615773657355536
190 118.75191797941083 31.606354248196848
191 118.62791761858578 32.33516065066138
192 119.16824415311665 31.68690836991996
193 118.87547071209383 32.136439312276956
194 119.17264678718026 31.829535791503016
195 118.74233331996733 31.763692377382718
196 118.5514327573201 31.90632593221821
197 118.81709186482883 32.345316710411026
198 119.19386728137283 32.059712467312245
199 118.54537003433879 32.33238391773241
200 118.83970933369528 32.162112006270426
201 119.08601885966657 31.98881672625255
202 118.64058324154894 31.995277675913812
203 119.05602005789513 31.773290706738088
204 118.54658783447933 31.60437613083725
205 118.72664338149968 31.934910927671307
206 118.62359225638266 32.031593326373404
207 119.17545451366632 32.30109297060058
208 118.92985758645541 32.13120568349009
209 118.69862611122208 32.26924343412578
210 119.14981706222784 32.33799285729942
211 118.8972372643083 32.34434279135609
212 118.76838977115814 32.26273123927813
213 118.98874606877534 31.70971306628293
214 118.961508710449 31.8798746334774
215 119.18755503441861 31.751573007885753
216 118.53189469268065 32.29107123334443
217 119.11527330572945 32.22813790468469
218 118.96863100246648 31.880075651350523
219 118.60580378832157 32.048892954296335
220 118.76411826101761 32.25048722261954
221 118.52549350646419 32.282918773480034
222 119.09304680629644 31.766379192646564
223 118.58563474480711 32.18521099706014
224 118.65522300291222 32.24011897189282
225 118.9941998599384 31.63696586204616
226 119.03110552401306 31.679841572346184
227 118.67988415082726 31.934152351053314
228 118.61758627894997 31.767191188494778
229 118.51795429935486 32.305923579856554
230 118.54293587055052 32.176416556272585
231 119.12482434324434 32.172394257773604
232 118.63881243225117 32.234683627061095
233 118.78061688604014 31.860608553876204
234 119.05000307031189 31.79060420793295
235 119.17957454456594 32.0842090671241
236 119.12079351755936 31.924892244161157
237 119.13321236615381 32.3353921065257
238 119.07974516307974 32.127013724153215
239 118.74338011083489 31.901540975068105
240 118.9567385393148 32.27905289314785
241 119.00263333144595 31.92060460181132
242 118.7982940159977 31.738653484471556
243 118.93419125599388 32.220513253821025
244 119.17066795608186 31.98055625024534
245 118.71828897554384 31.807446679237017
246 119.1486400213958 32.159908492064424
247 119.19294943920633 32.39144747520972
248 118.9052817292304 31.79750272600106
249 119.13392727933085 32.230474184205306
250 119.00906471827781 32.20919335027429
251 118.99100492835004 31.684862623697388
252 118.57704568761321 32.26175653649512
253 119.00983335002526 31.966468376754307
254 118.61932013808811 31.693842921856383
255 119.02971268889988 32.036020476704955
256 118.52541894330912 31.852305114110493
257 119.1168664377613 31.723361429293373
258 118.6311823720101 31.664577344075095
259 119.09157191383777 31.75256514044118
260 119.11760318288151 31.94901924046279
261 118.57335477958253 32.10996869101711
262 118.57307722584963 31.675629063252615
263 119.16671764810351 32.16836614332057
264 119.18659467617589 31.677800229274578
265 118.55201321533276 31.74482406582845
266 118.92938068155026 32.175927186348154
267 118.75246831683812 32.28967464287393
268 118.53734153538981 32.36730520685545
269 119.09301859353512 32.13042787706588
270 118.97382111054539 31.977286406755145
271 118.54791798465457 31.688253074983443
272 118.81630029922175 32.04829675942034
273 118.78471366620987 31.735372416519443
274 119.19320936115355 32.014656185447876
275 119.19053115537089 32.081948051536
276 118.66704168082032 32.276571484063
277 119.0318196690474 31.853143789650556
278 118.95017821226264 32.39032700830136
279 118.80817303601395 32.37369301538081
280 118.89264452224319 32.2718530509968
281 118.77877281555449 32.164428483224086
282 118.54335916522288 32.18080450699227
283 119.03216235576346 32.3172737690161
284 119.0651092800938 32.35936713980443
285 119.15729352415252 32.27686877310526
286 118.86617934267866 32.10972252477876
287 118.54247358074126 31.67196022908332
288 119.16076452733758 32.105540588747964
289 118.68570366213208 31.878582023219153
290 118.58800180853159 31.71015806784646
291 118.58992061357571 32.317171952439125
292 118.91524855506013 32.263406058320676
293 118.75860177042817 32.01795207267504
294 118.97541997103939 31.9771458831459
295 118.54449798929787 31.9950011096638
296 118.51802355765153 31.80174681750852
297 119.17278268898748 31.919599616360866
298 118.55390742252632 31.940966185874593
299 118.73213879435018 31.606576455129698
300 118.51044027988146 32.3139137019537
301 119.13256354788314 31.634903143066797
302 119.09583465193553 31.908592228074014
303 118.9062312378403 31.688180250694593
304 118.60796720893653 31.764028094703043
305 119.05690070714223 32.355624356845986
306 118.53953267094725 31.893123027632633
307 118.8164956887604 32.16682444981197
308 118.72507941757624 31.694539266542424
309 119.20343523208112 31.787006010440678
310 119.17873438035187 32.30210823872108
311 119.0819235243601 32.31658292557718
312 118.81329229462818 31.808166373310243
313 118.84870534766218 32.37233492012567
314 118.88364911104723 32.134336151338815
315 118.8862095961715 32.005783406470755
316 118.61559524689305 31.883175323714894
317 118.65634678512869 31.88614995460495
318 119.00269468812563 32.362452175366144
319 119.08545184146327 32.15869003143634
320 119.16804358566439 32.01424841852925
321 119.02630950712924 31.626139371310433
322 118.89732194444926 31.796168989359522
323 118.56429612274536 32.349237812931214
324 118.55837258867759 32.031371501545266
325 118.62074292612085 31.886420543947956
326 118.98992427297013 31.623059400075586
327 118.69800080498331 31.80970935662614
328 118.78790195726586 31.79851144033042
329 118.6121388977875 31.739736111288362
330 118.65514441423312 31.88122093975572
331 118.7741243008204 31.75506197248906
332 118.94950182269167 31.66228666660571
333 119.20090649121664 31.684304397674076
334 118.5880334610348 31.995125697959928
335 118.71577965571697 31.646494017991866
336 119.18855143925957 32.3406116975207
337 119.10800066645041 31.76125660513156
338 119.16628020858946 31.98825279783725
339 118.85892928832223 31.927564033616378
340 118.66390437786357 31.84166163224899
341 118.65358620975816 31.852759726525107
342 119.07308222407964 31.78530241300187
343 119.16845725160539 31.82138472006322
344 118.93220001187132 31.692678856947833
345 118.97116799392361 32.150949122165784
346 119.12879246020466 32.09887256138803
347 118.68085091426184 31.85471596566921
348 118.91821875252589 32.314551497788
349 118.89359693994147 31.909134313914787
350 119.14680185306992 32.094543518609704
351 118.7354306310796 31.996136184373125
352 118.59807751749241 31.86664281139138
353 118.57059010858565 32.33261670594907
354 118.69577246267103 32.27856778562892
355 118.55359396942752 32.27227310735703
356 118.72513907397942 32.368507634556664
357 118.89563417268312 31.608081574249457
358 118.80188642090437 31.98795193111958
359 118.94480438654855 32.34710591181634
360 118.8644264148507 31.702675766581933
361 119.02882067416529 31.806098663241134
362 118.82278932780477 31.993843752488747
363 119.04512081324816 32.12085800232214
364 118.81519346176593 31.866103394272937
365 119.00625740631023 31.838994058456905
366 119.03097615312646 32.23123954778864
367 119.09437795699893 31.610062247840144
368 118.61384146737193 32.231226746026245
369 119.00833597433859 31.93549725127789
370 118.49580591603811 32.104269106713296
371 118.77826095029945 32.16077812276279
372 118.89954507192502 31.685828775739562
373 118.52360431523557 32.326390124190084
374 118.52551111512165 32.25307902948124
375 118.65408003332135 31.894073534421967
376 118.76297650212715 31.741252181240895
377 118.99161172553661 31.65343751224797
378 118.63139118241553 31.84187692097719
379 118.7797085185635 32.18211103655856
380 119.12975653947892 32.27693184371387
381 118.7393178889107 31.86147542967928
382 119.032119414277 31.78019657803391
383 118.91915519416996 31.859877594213184
384 118.5395674459558 32.374653334217676
385 119.17361332314961 31.6812702299626
386 118.57542080497443 31.73479287750122
387 118.74839541105757 32.15350234188636
388 119.1849376360495 31.71520498520959
389 118.67293627387137 31.797228317634666
390 119.15648974054645 32.24628286052683
391 118.96736342918014 31.84469373829816
392 118.6281236515753 32.07768065218086
393 118.60141727059819 32.043035454987724
394 119.17500500797009 31.824117687988096
395 118.81935084800001 31.802130662800078
396 119.02872743152057 31.814312853698418
397 118.60138586104554 32.29879320651401
398 118.85313077492081 31.607711527017837
399 118.56236079353977 31.687880871105094
400 118.83621438749847 31.87729984550725
401 118.49454899734724 31.77784108859276
402 118.51787111231576 32.05180604302262
403 119.13329766252328 32.026627548734005
404 119.10824741424472 31.995271844805192
405 119.03016555680972 31.841839463961882
406 118.84998945349746 32.018305428013704
407 118.62617626938243 32.21963595862157
408 118.99476262396233 32.241515103683106
409 118.65870431699737 32.03572538874531
410 118.52885931014173 32.24642782734555
411 118.71620915466451 31.652757608938167
412 118.90226096106566 31.73911097676277
413 118.90557125063415 32.191258183068115
414 119.08216774999917 31.910285151070834
415 118.77014660441476 31.851841513504574
416 118.60525260335015 32.06666424167556
417 118.5306879301459 31.904354135811193
418 118.63869511847011 32.33261723132244
419 119.1559597417606 31.913377164580808
420 118.5146497563404 32.26173613614511
421 118.93612073964496 32.082932626492834
422 118.81063352426271 32.326893453070454
423 118.63738057471068 31.98485820818258
424 119.00186031237371 32.3690579709421
425 118.90507502403935 32.05267019809539
426 118.54448596785042 31.63587665641072
427 118.97066386967538 32.18993676301882
428 118.54546448501834 32.30549875570353
429 118.64454414197026 31.67737899960079
430 118.89521141395339 32.35946612005793
431 119.01884099894801 32.05817952914044
432 118.88563531032834 32.19387681651894
433 119.12801367274798 31.765290856842896
434 118.98716700765043 32.33955846660657
435 119.17704239991212 32.115981215400645
436 118.69141340599612 32.03182207459281
437 119.18886719467008 32.37070057822257
438 118.65183523635412 32.05071191657445
439 118.62048524408621 32.01499871887752
440 118.62310721327874 31.64345496166588
441 118.58199291042662 32.04295652102972
442 118.94159069856167 32.19262839221284
443 118.49853978676634 31.88991067453117
444 119.07862247638677 32.13952900887673
445 118.93980877307563 32.044469450247064
446 118.70395664243372 31.77134340116966
447 119.12303779678555 32.03347657429298
448 119.09401607491253 31.988690203908288
449 118.94070624639438 31.87101668242101
450 118.54957124279112 32.12973883367974
451 119.18265808651067 31.66563471268337
452 118.92562969311749 31.88498739764524
453 119.13055772483905 31.94327763074517
454 118.60158632192434 32.3849846512771
455 118.51718821533504 32.16412118811526
456 118.7149415856456 32.104446279368524
457 119.05614906702576 31.721383885411136
458 119.06355015385186 31.961190939106316
459 119.11997718933065 31.90155069994549
460 118.7342459841655 32.35446178718541
461 119.06323438868988 31.95918610521368
462 118.60021277607345 32.2834342946253
463 118.87661937476663 32.122336666776306
464 118.53956610501318 32.28915231799831
465 118.99820131474529 31.597873116729964
466 118.74849570203307 32.34803896477481
467 118.57619340414612 32.36605674547979
468 118.95298608448715 31.725776869869673
469 118.7783849544746 31.646290781256145
470 118.71445138613988 31.86707853167073
471 118.74529774646987 32.057835761603286
472 119.04073381061023 32.01793992649135
473 118.785253585661 31.950589025475352
474 119.11654880975807 32.32997857336401
475 118.60247704800182 32.05353669378016
476 118.7756751014047 32.33844733990746
477 119.11311741220432 32.04385730835254
478 118.91630045926922 31.73894556752354
479 119.00447679439587 32.382700400187154
480 119.08673972249652 32.38996209494618
481 118.85569881549488 31.95537975442262
482 118.60694770540125 32.20009446911721
483 118.7145830058261 32.12002255939917
484 118.65863473095503 31.740821482195898
485 118.6184908728802 32.06287624142188
486 118.91637125206528 32.11345175727391
487 118.64356350839387 32.07179086588611
488 119.08296322740051 32.02496814027367
489 118.8210460202744 32.06436330017462
490 119.06667844790591 32.1662151771576
491 119.08406142619162 32.21515296071456
492 118.98425334520842 31.683364461389935
493 119.06679911136902 32.32913545848524
494 119.06877879312303 31.96516750621402
495 118.90607530825416 32.15787763129649
496 118.72843375087105 31.914293820996253
497 118.79636033026863 31.648588552438525
498 118.71673046983167 32.12211752758024
499 118.82782467133615 31.89857218482055
500 118.77241754214695 32.03438627401204
501 118.7295406511041 31.808492874366543
502 118.57554943055285 31.762320465846425
503 118.7806565228065 31.816569152323737
504 118.5878309313382 32.29283550533858
505 118.75350199400584 32.347324829988004
506 118.57434429786322 32.36483862770036
507 118.7550958439346 31.94211799839016
508 118.87564087769856 32.23198783962274
509 118.54319004982685 31.737206294236866
510 118.66481190733123 32.18639943785465
511 118.7956362749113 31.940731855672105
512 118.68094033283151 32.27241345733911
513 118.89360971608275 31.757943346045305
514 119.0784841124986 32.25256783416354
515 119.05098299450599 31.653374987092054
516 118.6740685342845 32.29585154923621
517 118.63858659715801 31.94038388789484
518 118.89275435103161 31.709352549480027
519 118.76652533918097 31.82819192147202
520 118.52807057185288 32.183254477758396
521 118.65975192940097 31.950525606695013
522 119.1755425171506 31.788902842476503
523 119.16208101820827 31.801480851770176
524 118.75188879161237 32.13821558306417
525 118.53545435546069 32.11626488306886
526 119.06711734682085 31.65230804840108
527 118.68544016684415 32.252604219928486
528 118.53342187157686 31.704981099040694
529 118.67882492770894 31.792028050443513
530 118.59545518047135 31.613237252118243
531 119.12231965448672 32.022583503021046
532 118.62832775564324 32.275211429251776
533 119.02992645376217 32.339028129966344
534 118.60141190194017 31.965664770865814
535 118.55364427440988 31.688735703457862
536 118.76753831244984 31.995062287288167
537 118.9325342111298 31.82539765503635
538 118.87451751030484 31.852222437806777
539 119.0707754843455 31.77573679993041
540 118.79255045238506 32.35257593721039
541 118.92992195964807 31.925455223274575
542 118.53425951563214 31.593485020359207
543 119.02739597486634 32.0018300746106
544 118.98039406833567 32.1570845917385
545 119.06485797670413 32.25111278990273
546 118.57304421999129 32.19913479573896
547 118.8209014839113 32.1645111766447
548 118.96306974579805 31.758681168394446
549 118.502152231053 31.866921627806793
550 119.1003595452897 31.960647780720127
551 119.06495217411698 31.72638701905928
552 118.86620764856472 31.93823851063586
553 118.7424950275121 31.68174443992251
554 119.00642354736658 31.67061493058428
555 119.1233734811533 32.261871693451305
556 118.84753511479742 31.730104140344675
557 119.11499842271306 31.968843032356258
558 118.61490456536849 32.094284571436994
559 118.71988159707745 32.35622655859533
560 118.9969416264947 31.853699845070373
561 118.76170291234703 31.756359592026055
562 118.85783083066744 32.307654742497654
563 118.95384287182452 31.84636167323846
564 118.91234291232756 31.817202784402998
565 118.81493393805839 31.716746260103754
566 118.60256199511308 31.960473719242668
567 118.7835429010745 31.77815461616883
568 118.65498525780102 31.890159105670975
569 119.05471353491423 31.861853984581494
570 119.05785409790221 32.09233749759972
571 118.64983566862708 31.955516035623113
572 118.91080986139502 32.128630787353146
573 118.97554076020107 31.844442619187035
574 118.81323729730454 31.871839582095433
575 118.5518260497584 32.389470676135005
576 119.00271918280704 31.792806252046883
577 118.5436240447103 32.21150998247134
578 118.9711827194049 32.16305302084777
579 118.57108530048248 32.10866201821804
580 118.92543636977533 31.691183123006414
581 118.69096472937576 31.591405270673324
582 118.77003940332251 32.197851362729374
583 119.18567779391307 31.664206741654795
584 119.15701236202895 31.793062290284777
585 118.90223184629009 32.382701535087826
586 118.96665418723451 32.37415702498502
587 119.06124714066642 32.342405821349246
588 119.01125344974545 32.05806058270764
589 118.59353144757753 31.976768373266765
590 118.7990120718737 31.958052600121682
591 119.08177587567342 31.8660378033405
592 119.01442642774693 32.37138215181991
593 118.63421492730951 32.248436966932516
594 119.0971006487699 32.40969081162656
595 118.92369837720744 31.843164958090945
596 118.70257123285744 32.06120667612193
597 118.52766098670821 32.13889080764034
598 119.0286409188664 31.90459059878943
599 118.80239544287821 32.06568723948393
600 119.18113641672285 31.738891845991922
601 118.6713847073764 31.85660720944698
602 118.55714906052928 31.71953948723598
603 118.66982937734826 32.1058327966465
604 118.78988172830542 31.877027828425756
605 118.52379386171417 31.933675678530076
606 118.7573040081017 31.89066830592448
607 118.6685592119148 31.652855843224604
608 119.18598574006815 32.32195220261825
609 118.62776529104191 32.17626059550794
610 119.10395541865134 31.85780066402511
611 118.6031081788948 32.30833941745859
612 118.90004718538819 32.14910231944392
613 118.96345252755714 32.39301942090299
614 118.8865948518037 31.983504375326532
615 119.16496252182732 31.68999205468828
616 118.80114566583696 31.68758099287108
617 118.94607061885772 32.193089322440585
618 119.11025168356588 32.05215848296843
619 118.67250851182776 31.768925060792007
620 118.8621565939856 32.03217757132924
621 119.17483088925445 32.02699507243158
622 119.03168680087404 32.29435894806838
623 118.99742759347079 31.635826832886412
624 118.76927557195614 31.682243361634452
625 119.10068323537276 31.95086027935513
626 119.07564166031048 31.700916130289507
627 118.80571169447866 32.39255727604352
628 118.89771195541279 31.764060998344124
629 118.96586366857913 32.0965797695891
630 119.03686111066355 31.953865975420946
631 118.81774360714772 32.23139641768832
632 118.7422366575647 31.633734109493233
633 118.6022145057935 31.853155770148717
634 119.01202632946823 31.985005220385656
635 119.03447605068955 31.697865024585074
636 118.62703261788135 32.10479426299317
637 119.10632548572467 32.02609231227785
638 118.6086210382405 32.26385547128064
639 119.07680583390862 31.960623623107836
640 118.5980749439736 31.845629720680602
641 118.95092736882545 31.841211124457466
642 118.87932687332905 31.79395381681799
643 118.5946120010307 32.3480346802368
644 119.01516161929344 32.23938416685789
645 119.02911301831693 31.87830383300003
646 119.12293326762605 31.950496529584647
647 118.84815172134927 31.68919350775162
648 118.88038637419547 32.0740305642092
649 118.9525068701904 32.1873040884619
650 119.12919630000158 31.791987297062402
651 118.77395862341419 31.960904270336602
652 118.96538671645331 32.1313061595016
653 118.92057497537071 31.968476370245618
654 118.63096975508643 32.02828679771936
655 118.98419143902389 31.752683939606015
656 119.08916638066962 32.22509586126053
657 118.83085115052235 31.677331007179756
658 119.17850243683162 31.978079423503043
659 118.88676098099522 31.83870344994651
660 119.10906364923076 31.680849485332935
661 119.03335676489432 32.28745359198154
662 118.78398496267732 31.739634901746385
663 118.72817124120593 31.971980814779855
664 118.76750874948507 32.092519440242185
665 118.74518729954454 31.828745700704854
666 118.52577071414383 31.985336019901506
667 118.51110072987174 32.021718956365476
668 118.78516189224396 31.942777955155872
669 118.63101092997017 31.88838434614403
670 119.09256076445638 31.794490984837896
671 119.17021523504364 32.3449587514624
672 118.70639459609406 31.999214881436156
673 119.01575750458363 32.16076520885899
674 118.75636943659057 32.01754977702845
675 119.10216830563085 31.843945343036882
676 118.81497948756655 31.988204584712605
677 119.15236516524146 32.25739556105438
678 118.96771473011775 32.29258335575229
679 118.58535658813702 32.34397116745533
680 118.59914452409713 31.77794491095688
681 118.78997965405726 31.881135880755092
682 118.90891324129404 31.690817673054116
683 118.86153674812483 32.396072893001524
684 119.11893260570608 32.10937109358109
685 118.5066168490927 32.16784280720777
686 118.58028078113693 31.957043773001374
687 118.71514920149077 31.80765273547694
688 119.1031779718149 31.923536895835444
689 118.50576911697529 31.836978638784686
690 118.88788849803852 32.01709189511455
691 118.50165606360163 32.248010154779074
692 118.88503959191816 32.26661670732294
693 118.83410908751144 31.843713395034698
694 118.58186173083095 31.736858946534014
695 118.91568060031803 32.19426607918399
696 118.9354160787037 31.938433914024376
697 118.81949922676006 31.7499595338909
698 119.05024790272485 32.10401185002436
699 118.54963986096779 31.694365742408127
700 118.72774553439594 31.685969277928038
701 118.84821818693844 31.601558775638026
702 118.72780746541491 31.742059030351204
703 118.58704844077171 31.98250511633134
704 118.57398182830264 31.73573374223443
705 119.04826820752578 31.641300603246687
706 118.68171269185011 31.987451499487957
707 118.96053304952808 32.318137000667505
708 119.09977037833184 31.603879013739636
709 118.70958029011268 31.78639374706617
710 118.62876013077216 32.33040838437648
711 118.90077964840151 32.11989249906289
712 119.0747413977936 32.25816823056464
713 118.75731115451525 32.32459832845859
714 119.08529158563165 31.784762867583083
715 119.19988010281315 32.20302685297476
716 118.9706029366923 31.803407845760635
717 119.12755772003248 32.35421085731781
718 118.57375879170479 32.37108482440053
719 118.7752830614766 31.72812887925372
720 119.10957386971813 32.25894860803793
721 119.01196105081499 31.650093829925694
722 118.57173041423657 32.08437926815643
723 118.66400747375233 31.982774965043095
724 118.73271261547488 32.06748711264156
725 118.9566285431064 32.19705072495829
726 119.0206341833711 32.30133248661206
727 118.8425679919819 31.995574526170905
728 118.52362669339908 31.65053227860438
729 119.1254562739842 32.32825794915132
730 119.14911484256787 31.646527188730843
731 118.74275544001448 32.24172545323906
732 119.06061258140652 31.70983887099306
733 118.86292013405546 32.33126430211502
734 118.82637350635329 32.09605953546212
735 119.1551862470398 31.84882210307687
736 118.50894616679842 32.28717614682973
737 118.79074976504903 31.730766570286594
738 118.65497888044193 31.77924151886358
739 118.8298952626992 31.84968543403057
740 118.81942902119675 31.928121587880778
741 118.62532689755876 31.78074625177363
742 118.89742813347775 32.329019644998596
743 118.7793353871218 31.959665527792744
744 119.14624947041152 32.35858010886873
745 119.1459842865537 31.813006552722406
746 118.76934616583321 31.967233912449835
747 119.0381734631518 32.25529192362907
748 118.9396966041616 32.396757359921644
749 118.76638139920627 31.96909732002332
750 118.68595361426905 31.986822078493198
751 119.14513290188081 32.3671574275029
752 118.64955272039123 31.93544409720624
753 119.04408757616287 31.945167655847328
754 119.03450518526688 32.37598913035647
755 118.64296383251643 31.99204713760046
756 118.75896389447082 31.70018423949243
757 118.80175609270823 32.36225725433611
758 118.8451535722739 31.99954668746211
759 118.91039967111115 31.880384243000663
760 118.75580160807077 32.330830754078264
761 118.92419608849616 31.610484999190056
762 118.79891498662299 32.358810089271984
763 119.16864741069642 31.679150563728115
764 118.9688278480283 31.660742633064523
765 118.8763283279606 32.34161909096831
766 118.90026526268093 31.972023870513716
767 118.58574198785561 31.733728041330675
768 118.68550583505714 32.390027770975415
769 118.99421793669782 31.85103542762138
770 119.20354635210505 32.345563548365156
771 118.71978537472452 31.970667330998133
772 119.20347148588746 31.898023121620415
773 118.74723019099899 32.05299164294498
774 118.81491880822657 32.32611346999933
775 119.18332756175154 32.38707085104656
776 119.06987026631053 32.14800493849098
777 118.87082149003872 31.9031991451446
778 119.18423737568119 32.268990081208564
779 119.19322040808596 32.33458671083837
780 118.60580129279984 32.04145718884519
781 119.04453159356319 32.17342253880761
782 118.68712167663837 32.30622242826008
783 118.7146326601834 32.15385294971858
784 118.81434922211749 32.11111347486341
785 118.83513068726995 31.90760605474464
786 118.60267731838343 32.073971633154684
787 119.01942206985657 31.777184114029687
788 118.50575019979378 31.70859985990228
789 119.18244860479099 31.7956209278556
790 118.67366740711537 31.94847434466562
791 118.98456365930559 31.86534832087742
792 118.87430907506364 32.16882441450336
793 119.08157799440208 31.90978170833864
794 118.6438286691987 31.98821694571105
795 118.51830662503107 31.817491429193538
796 118.61646477960008 31.66212236679047
797 118.98242731450559 32.16716976630599
798 119.06923122924792 31.768236461801887
799 118.60159542703398 31.978279374146968
800 118.90051573068797 32.08070772379257
801 118.52934679175614 32.14147753164493
802 119.07610909126028 31.946117112880884
803 118.5728675653914 31.809844421963202
804 118.6220130796242 32.31461160045691
805 118.95126186456605 32.12162647975726
806 118.8235070764767 31.806210204601033
807 118.69385067475184 32.22259524009657
808 119.1565365575352 32.02030536322825
809 118.87244808291133 31.941969847385725
810 118.61318915220596 31.683211346272515
811 118.79116469821334 31.784619352719343
812 119.00391743308056 31.692776527135152
813 118.82519484101547 32.14473717536519
814 118.57200957262157 32.17714020894875
815 118.6100366835376 31.96061911317024
816 118.67378373523762 31.641480182026772
817 118.86947233669706 31.73745438997707
818 118.9520291887857 32.34464503022689
819 118.83043109554293 32.30470911235073
820 118.6406582213001 31.912273022187012
821 118.74512283366519 31.69963066163963
822 119.11159906159565 31.96441621817532
823 118.67817364423297 31.94337568221706
824 118.96744443267907 31.615991658972604
825 118.75482999147847 32.17717286559386
826 119.18177345902804 32.1183765411611
827 118.49714716534532 32.05098057655079
828 118.70313607374574 32.24426287569978
829 119.04050769739307 32.25558552657752
830 118.52935083104681 31.759947763773276
831 118.77682469251877 31.667219235658095
832 119.16642829966237 31.9016051854105
833 118.96577821171624 32.297407183375704
834 118.58931606755907 32.21373503493447
835 118.56519120138806 31.792744068427528
836 119.15870384311334 32.21510899128347
837 119.14212734441723 32.056345437739104
838 118.6315481284978 31.818807139871776
839 119.10971950490412 32.16863062127898
840 119.02232466961016 31.843088928859146
841 118.7822384822306 31.86329556852234
842 118.66069446935077 31.768432172287326
843 118.5939777861066 32.05928191602919
844 118.63997516152341 31.969204922135006
845 118.8608376397003 32.09547857299926
846 118.53033717613233 31.616679164846847
847 118.9337909666533 31.92587222541068
848 118.91144589421211 31.63883247918107
849 118.9486613104015 31.858421844077398
850 119.08061537616257 31.669876671611128
851 118.54318973709265 32.02940770827914
852 119.1898050220365 32.32721475878787
853 118.83537953100468 32.28428659337057
854 118.8385522711186 31.996237521238644
855 118.61023275252145 31.881748076414173
856 118.95985342604811 31.624545399903155
857 119.10786467469835 32.11849505281356
858 118.5479418704931 31.838679377319572
859 118.7140112575509 31.92384194831761
860 119.04603742318139 32.10127383849028
861 118.51618387545135 31.746866081643923
862 118.9060039512151 32.03705807639712
863 118.66886346844815 31.973457383947473
864 118.86198104929426 31.91055638904845
865 118.6004200346615 32.271649597688864
866 118.7446020058403 32.19768134806667
867 118.75555060926905 31.711934588346086
868 118.78056507343315 32.31211376663747
869 119.16788132880211 31.607427121277713
870 118.59630121277138 31.789364740188148
871 118.68156280517297 31.714221594076992
872 118.97479173155602 31.869208374117814
873 118.7567121545094 31.699191372237333
874 119.14432191363854 31.82861731285032
875 118.75873901226478 31.91181667175067
876 119.16990955767888 31.982876713711505
877 118.61655752392043 31.817613001766507
878 118.81982376328416 31.658479822007152
879 118.86375244892578 32.01153693573246
880 118.90400763586415 32.086954833679904
881 118.77846392254249 32.12525981577581
882 118.86774686388146 31.608161386052604
883 118.66431398130872 31.687645495534476
884 118.67055610759613 32.12934881496826
885 118.5586865551683 31.701559512858896
886 118.87560302357821 31.671312005229336
887 118.84478002570268 31.951175503479572
888 119.19799444090222 31.894007415175277
889 119.05268769393115 32.12689934693005
890 118.98902643087912 31.617888939710586
891 118.70314444533852 31.794134798517923
892 118.67743366679875 31.827439015627043
893 118.97837380358858 31.865225165175662
894 118.64865153218679 31.606439805977715
895 118.54408614983197 32.04200914142416
896 118.72280239530438 31.604282730619047
897 118.87661722946387 31.846285849693523
898 118.62732364644944 32.32833966794066
899 118.58512559464212 31.725637136627743
900 119.12127078899104 32.12528004720521
901 118.83434402287395 31.979951509504033
902 118.5098492193599 32.33738996623036
903 118.66665446932154 31.948148819668976
904 118.54498835904529 31.75537598577338
905 118.68154450199239 32.39023795201093
906 118.79895574746376 32.1723179806639
907 118.59220309881425 31.704124658758467
908 119.14000894846704 32.019853106624694
909 118.83911689773974 31.854343707956502
910 119.09963683362399 32.302503026662684
911 119.08751774783629 31.740284260880678
912 118.58727548124254 32.11632250919957
913 118.5459437397392 32.36157721826446
914 118.9031481007983 32.34202166730341
915 118.51001129998139 32.32990222259732
916 119.05601996961393 32.12737673578272
917 118.71712601060624 31.84334426441254
918 119.00331034405633 31.65670916168878
919 118.63453936219702 31.731990924112925
920 118.72614796726782 32.31936837294938
921 118.94621458525879 32.16220501315371
922 118.6463354063935 31.670442831125452
923 118.65146747607217 32.38247591215954
924 118.75210474774653 32.002613461439154
925 118.50196630492994 31.742007250176027
926 118.97799294297789 31.982462103928246
927 118.58381816942398 31.92348527609566
928 118.66249419857385 31.77477690092058
929 118.55147552775463 32.093306002704225
930 118.81749985273922 32.01994607878424
931 118.67702564578146 31.81581886699276
932 118.86618377777887 32.22560929664868
933 118.97114319384193 32.02403106795235
934 118.6519461849602 31.877910745123156
935 118.73971265810829 31.727619288367134
936 118.88658335745653 32.00717193209161
937 118.67437682445953 31.71620885536237
938 119.13285004572893 32.320606374065
939 118.53006232905653 32.00736854325337
940 118.5978779629414 32.34656183499286
941 118.71076465324538 31.860010761426366
942 118.95910355975055 31.959479659829732
943 118.56235909876914 32.02522910295527
944 119.12175229017521 32.31175108385399
945 119.13226444217645 31.69772258271059
946 118.96026395344236 31.91323690640892
947 118.76335438423254 31.670627442854396
948 118.69812133040236 32.34740757413866
949 118.73374871659988 32.269977864679205
950 119.12124447034886 31.912244858362506
951 118.8662653160703 32.12632439171334
952 119.14509424307353 32.05215579440876
953 118.8319662117439 32.08663937273178
954 118.6484169513599 32.25991635959713
955 118.56322763231377 32.37485504138661
956 118.97233836264631 31.655911356557503
957 118.70814187631323 32.052673530369766
958 118.94865554365478 32.32444151725922
959 119.15019794296526 31.917410383861167
960 118.51178692834361 31.805041620426557
961 118.56028822653832 31.69477089845561
962 118.7287884992699 32.10032694778139
963 118.72031898846984 31.772541788583787
964 118.77272210729163 31.906708081513294
965 118.81603995014028 31.906763860324535
966 118.79110808952672 32.08907190147607
967 118.56789174470475 32.36298126689462
968 118.72625033283023 32.40251996661258
969 118.58717684924655 31.835295839930794
970 118.63670969501649 31.81663760139035
971 118.90807155837379 32.192711503956616
972 118.53085636818196 32.1620370774062
973 118.69876108021596 31.825934243481957
974 118.91994745544399 32.36458233084162
975 118.69303531247382 32.24595762062956
976 118.85866731790992 31.764621142991682
977 118.79836794833649 32.0008742215606
978 118.93276172270618 31.66509667485584
979 119.09087020902973 32.020529885342256
980 118.69893589260654 32.04560756228283
981 119.13409011457198 31.75891797561321
982 118.96062245321387 31.67165160585226
983 118.78683882054457 31.740693033513267
984 119.06305751745998 32.006932031744064
985 118.78854948925706 31.64801303634305
986 118.9702139337582 31.7507924513321
987 119.1202493356393 31.738096794745143
988 118.71231094236913 31.935641464053703
989 118.83869530542256 32.0232992944841
990 118.77139248536622 31.879141630998546
991 118.5772213748799 32.11175515744839
992 118.56754948112571 32.335461017803084
993 118.57676255273145 31.788729804602248
994 119.10341135753795 32.39327795369596
995 119.13467885656165 31.86159655150804
996 118.73629949334 32.093418298411386
997 119.13193555414004 31.887778932268493
998 119.16662671629122 32.145679582135294
999 119.03603454821746 32.293331138540005
1000 118.65957990994123 32.23926908686825
