1 118.94096175139069 31.94819607403402
2 118.89393287538178 31.605037210875107
3 118.6169011902659 32.043829374884325
4 119.05680006298832 31.97437894164137
5 119.16851195255562 31.946936772592498
6 118.9553371649186 31.87184016867609
7 118.89481598087625 31.75933458011478
8 118.60568712182827 32.07472211079465
9 118.69338268634384 31.841011063879467
10 118.7492235265855 31.80771944000576
11 118.6224753107743 32.095201047891116
12 119.19754228132983 32.02035112390012
13 119.145061852888 31.730991759827283
14 118.76133897950027 31.977697159125114
15 118.5983244954395 31.73140928272999
16 118.77437943133542 32.23137676215726
17 118.63371666067422 32.30448936787095
18 118.86922056785988 31.99701224682062
19 118.65660873631775 32.282952005908534
20 118.54605660323885 31.666893766442307
21 118.9393385242095 31.995959871415057
22 118.76530166358219 31.65116999441293
23 118.98234249936122 31.943557936174674
24 118.86585417441657 31.678601207225114
25 118.95868981728786 31.69374323801619
26 118.72385481718659 32.089104299517324
27 118.89982921108262 31.769862241337126
28 118.8324222249445 31.658518565902167
29 118.91505935725742 31.774741650633732
30 118.51989331244408 31.87603864346364
31 119.1861130806534 31.969321346099637
32 118.67644355907058 31.76016746074353
33 118.5588930249879 32.107826495631336
34 118.70172659811458 32.0089234822251
35 118.99104875249901 32.01758184781683
36 119.1480129630638 31.915676789418317
37 119.10527142571166 32.222620433920824
38 118.70437255860251 32.07001501496348
39 119.0945615459915 31.717044672128573
40 118.55850035342442 32.15329973932632
41 118.55203030553584 32.36987223948352
42 118.62730239326895 32.01316646276905
43 119.04345251676897 32.30398126433142
44 118.9972639562783 31.870252419412463
45 118.5902226605587 32.058550520298816
46 118.99674248415191 31.946442126977754
47 119.04121565341286 31.93036752220193
48 118.60162508355603 32.24273385878172
49 118.95980399587793 32.02658894391852
50 118.79235254936528 32.35726088231314
51 118.5415602208361 32.032273278307294
52 118.86863545719869 31.669722728899536
53 118.84202451349961 31.910272081673654
54 119.10436725481838 32.26659770237625
55 118.93415857249053 31.93579141217225
56 119.10935967864341 31.621272988113336
57 118.8514558776715 31.813121171636116
58 118.99995072544031 31.642734690458486
59 119.17347069236858 32.37695048553966
60 118.51287500582198 32.377750308488096
61 118.79601094072363 32.243038114368574
62 118.80521949122654 32.0921443831826
63 119.04393279945387 32.21704634678053
64 118.52138388614736 31.73379532603298
65 118.89885035233627 31.830528327728924
66 118.67800198257147 32.00674253354957
67 118.80910649626645 31.881216411234163
68 118.9789178993396 31.641764148494413
69 118.93612347000091 32.3571716885711
70 118.66696515309557 31.971315940219586
71 118.63434654362733 32.0094922355274
72 119.08303697476683 31.880833529458293
73 118.85562779436101 31.826274316462058
74 119.1764253234241 31.887267291910867
75 118.96369257773331 32.26919179087735
76 118.65390838234146 32.219361878253814
77 118.61475258779686 31.87801020269873
78 118.72653007980836 31.60824227539246
79 119.03654352247563 32.22199195366652
80 118.83158811449462 31.791725149062096
81 118.88602420756399 32.07319830914519
82 118.9219672059726 31.606341287241527
83 118.64324034618718 32.110614098954514
84 118.72908497450047 31.926623135153932
85 118.70796568811268 31.987168547265682
86 119.13248451078955 31.941798896202677
87 118.51645184061228 31.87820796256977
88 119.17230196147557 32.02199045718372
89 118.6188711237051 32.38527872535381
90 118.8560548202628 31.70758008437695
91 118.69771945154392 31.869535299398038
92 118.70823220850926 31.6316218129239
93 119.03770749933591 32.193504621923175
94 119.00736869270798 32.128125019134885
95 119.03483612568554 31.762436317017592
96 118.60489006653391 31.906465332927155
97 118.64604571291461 32.143963311395225
98 119.02876674614221 32.13830623040673
99 118.57402348066228 31.737872669630182
100 119.0993066872934 32.3095340286474
101 119.11468033240527 32.22904820148393
102 118.85369439634637 31.67442932724004
103 118.97786202842077 32.294598957057495
104 118.72354440224589 32.20390317775293
105 118.96232768104032 32.253507842287306
106 118.52370915752256 32.02786135373398
107 118.67951139311742 31.77175671942028
108 118.78604484815267 32.36062792206842
109 118.87160603498819 32.07528440673557
110 119.19802196955627 31.865477439317733
111 119.21616633610851 31.837066165029682
112 118.59305688126194 32.3091285287114
113 118.70214310855758 31.96244218020187
114 118.5496447426441 32.03889960467367
115 118.72714175917852 32.10343805776883
116 119.15639173882549 32.27602822526544
117 118.91173859360576 32.08857987131225
118 118.53304223738907 31.745177072924054
119 118.87220222608059 32.07372955887897
120 119.16911286223353 32.00105126689069
121 119.1845448200812 32.040057148368405
122 119.14291303188597 32.161863501933524
123 119.02994378157663 31.79229243423718
124 118.66329836066161 31.752575412944292
125 119.13023439791633 31.68086379239778
126 118.72130381739984 31.825821521704796
127 119.11826184290591 31.613209078764704
128 118.51919450280842 32.09088169021878
129 118.54478551355018 31.839279282888555
130 119.06232713346938 31.74628654240491
131 118.55267889801061 31.67769354555147
132 118.80565622756501 31.816829362888946
133 118.73703170983639 31.783307070496782
134 118.6705147141856 31.82227158941626
135 118.74722041194774 31.952364421406294
136 118.83930624913606 32.01909008164106
137 119.11661007050986 32.25977396717773
138 118.9398881516127 32.385314358625436
139 119.13555718779782 31.643728334890294
140 119.10357190862375 31.79627033062255
141 118.5974907460405 32.109387418428675
142 118.76846033577647 31.752691014455365
143 118.86420475762695 32.30741970276897
144 118.68071095652265 31.76099260295605
145 118.88485076264789 32.170037876911216
146 119.20172407321583 32.09525698371294
147 118.63821293135585 32.22755549529562
148 119.0527701378038 31.63775799495694
149 119.20860598879334 31.782285130371054
150 118.66353791859024 32.17173017338181
151 119.10640675607688 31.70128862348937
152 118.62687725491269 31.630485130638682
153 119.14960996340695 31.888768379992396
154 118.69358310617109 32.074149406671026
155 118.68574653092998 31.611556259793883
156 119.12924130084764 31.670516543885128
157 118.69269224892209 31.629133701895544
158 118.64340488901581 31.921733072906136
159 118.72325875324567 32.14983983403512
160 118.98416215227911 31.763278026049527
161 118.51714416474243 32.28631004050386
162 118.62011562629917 31.95148496171314
163 118.57174721380962 32.09358431111998
164 118.85005134074385 31.832120503583237
165 118.52327295124441 32.09657074330021
166 119.15156264079636 32.381902888416775
167 118.82766580308066 31.970840871335447
168 118.93136770556622 31.76940782276457
169 118.64820665903761 31.950344639301786
170 118.99326710266853 31.941119778840466
171 118.49577094137288 32.01037196052604
172 118.55380389474435 32.01090035493823
173 119.15129726873711 31.646983237158196
174 118.61913586869427 31.723004705572635
175 118.83440396681618 31.964040021551423
176 118.89599408703505 32.15814793989107
177 118.62822570931833 32.23726274620923
178 118.91447446758822 32.208356467501986
179 118.68074544398111 32.01967745877482
180 118.96144025497766 32.37673213836443
181 118.70556752701509 31.844974185324244
182 118.78711295817759 31.96942865457984
183 118.84287020171757 32.23138700829571
184 118.51650940025682 32.25138569456072
185 118.58211283594302 31.913918923752707
186 118.5432380600972 32.28676259386084
187 118.79743065922646 31.97501131143747
188 118.87801623695911 32.177163794150275
189 119.18885655087551 31.60350330838148
190 118.74475519387518 31.59954545223118
191 118.6259000915003 32.333657537811874
192 119.17911970364882 31.696411526509703
193 118.88423193880976 32.155419453732186
194 119.15553075993279 31.83157722922717
195 118.74025037904852 31.757245564294287
196 118.54896929185864 31.889746481312915
197 118.84419435591566 32.34620649507007
198 119.20886717787572 32.06171101910637
199 118.54329059583873 32.32835030010477
200 118.86003629058088 32.172963762023684
201 119.09208562758444 31.980001368667683
202 118.65472829841444 31.994205234437747
203 119.06315983616336 31.787705470857667
204 118.5415173420184 31.613467171865512
205 118.71484838771056 31.916270597196824
206 118.62496190660468 32.039646222915586
207 119.16701334313535 32.295995399073526
208 118.93262805370651 32.13284853915731
209 118.69627416192367 32.25359981007573
210 119.14434165653785 32.322564434600125
211 118.8958931836191 32.33775476550035
212 118.7698803681641 32.238140134160524
213 118.99059187947192 31.70731515518438
214 118.95796464573343 31.876063980502394
215 119.18313763619331 31.74558025177635
216 118.51930168763431 32.2918393404314
217 119.0953258454823 32.21857139760305
218 118.97782301429683 31.891477597640197
219 118.60506085554226 32.047898860380585
220 118.76906087678385 32.25525606267991
221 118.52264894707396 32.27333455429154
222 119.09865866359196 31.757488288026927
223 118.56599162078997 32.20165955652918
224 118.63952427743763 32.249875299903884
225 118.99365885658588 31.65948791348845
226 119.03340969525607 31.673220498975144
227 118.68421327740006 31.937201497982027
228 118.62767224114222 31.775404114412293
229 118.52413003449026 32.302955304504216
230 118.53430475799696 32.18838865630995
231 119.12371330318828 32.17078903239157
232 118.6392195580919 32.22049909547614
233 118.79373687074481 31.850565800655016
234 119.04919433777009 31.788041898259877
235 119.1701932598093 32.087090234669255
236 119.12528027848604 31.922870734455493
237 119.10358609569208 32.330341657468935
238 119.07102231574518 32.12931354062728
239 118.74304971756996 31.89813831691493
240 118.94819114179528 32.25968967537038
241 119.00467180293631 31.89877708010569
242 118.80621622705229 31.729540481779054
243 118.9366566553404 32.21068849273707
244 119.1872387555101 31.98438390188412
245 118.72617882678354 31.799891986640866
246 119.1515048430117 32.15101114370735
247 119.19484306337985 32.387597341226254
248 118.89348590530086 31.802592984185058
249 119.14821113199034 32.22715085525695
250 119.01287468843016 32.201737912445495
251 118.99020802711178 31.69552033412193
252 118.57926616452869 32.2705627722389
253 119.02147692272574 31.980482879142667
254 118.61549066341578 31.682887003744526
255 119.02647721247092 32.0343799184458
256 118.53031118255215 31.864766648222524
257 119.12602008106704 31.726983165060144
258 118.61605689682587 31.650367570682537
259 119.09471158483683 31.75755712590173
260 119.12004781932498 31.949342037912437
261 118.56513038839888 32.12247975701913
262 118.56118921429471 31.672883534624223
263 119.1593125170331 32.1618100250911
264 119.183188132338 31.674489460576698
265 118.54562544577506 31.73927444553346
266 118.92982507409441 32.18237911777322
267 118.77786888523882 32.29498133549561
268 118.54043750791594 32.36327578160593
269 119.09735293236582 32.125474105655556
270 118.97149626468904 31.976960283931206
271 118.55508000418904 31.687730473402205
272 118.82460498220604 32.056511266435606
273 118.7856619092839 31.72143646732804
274 119.18802045121174 32.00838457642412
275 119.19510945596356 32.08878213530649
276 118.66421610053516 32.27624146382698
277 119.02553046355591 31.85874902262141
278 118.95995655550496 32.375532696030774
279 118.8214407936193 32.3709940550748
280 118.89209178020819 32.26925207746727
281 118.77071299253312 32.178210941801645
282 118.52317066185888 32.172078110192714
283 119.03683709106926 32.300117729643986
284 119.05037166891628 32.35782729484234
285 119.13722432167465 32.268669527226194
286 118.84382073002183 32.115548653337896
287 118.54769425567149 31.692474944526765
288 119.17131314861959 32.10461518890489
289 118.68812548991696 31.876925146439138
290 118.59114900553139 31.70648102279495
291 118.59380771728522 32.31046792275964
292 118.9236402895771 32.26371869592001
293 118.76252404752333 32.00460575169341
294 118.96416734902839 31.97434181383035
295 118.53931674090845 31.994602432910767
296 118.50756269767047 31.817085585716455
297 119.17591222640691 31.898273069520908
298 118.55435829381577 31.957394639169223
299 118.7376501465245 31.620962358362885
300 118.51673728953826 32.31444988237057
301 119.13013381304638 31.632915741263222
302 119.1033882487114 31.912634880941344
303 118.89696238790616 31.697245296682844
304 118.59815656788001 31.7681175261356
305 119.07478215307229 32.3585507558221
306 118.55083328832728 31.900020378506856
307 118.82930968166865 32.157992565256485
308 118.7174931373478 31.686433042224277
309 119.20079961737056 31.77289954193125
310 119.1755062234462 32.29550029694581
311 119.06567758495163 32.30060135514818
312 118.82326355104809 31.795254252673143
313 118.84948943276004 32.379030782107115
314 118.89398004220463 32.145779163629406
315 118.8859347777982 32.01177182396043
316 118.62497730000288 31.880148507392754
317 118.68142091821177 31.87923232225984
318 119.00070174235887 32.37066102024246
319 119.09593819649763 32.169164051449314
320 119.16711075851696 32.01506189079388
321 119.04055843994395 31.634132349966112
322 118.90944938501025 31.794702115879215
323 118.54123174154157 32.35239149193006
324 118.5528573910319 32.031074080509015
325 118.62308406437072 31.8723025641355
326 118.98852260620995 31.63329085830552
327 118.69696667403188 31.813510794744587
328 118.77683902024692 31.79269654348582
329 118.60663658088876 31.730924407662737
330 118.66094013185723 31.87933054700128
331 118.76749589650588 31.745902064519512
332 118.95059091438702 31.662722429828047
333 119.20279838714097 31.709314822588578
334 118.59622365275231 31.985022904230476
335 118.72168250352846 31.65323761873391
336 119.18924317353445 32.34405785705342
337 119.10770887834923 31.75478456756497
338 119.18272690202234 31.992095194175807
339 118.86515174656905 31.927240280967403
340 118.66406939911522 31.83246747889937
341 118.64946058787172 31.869280692080295
342 119.06297029709724 31.788570330206582
343 119.16031188038089 31.811860608361133
344 118.9390839724074 31.710155410857983
345 118.97686606869519 32.15134060071757
346 119.13083963418326 32.0861785565919
347 118.67699101352412 31.844731877157514
348 118.92273126717156 32.31517120080034
349 118.89117300365756 31.912395685758515
350 119.14078403601815 32.09358868836748
351 118.73079086901488 31.99720236685809
352 118.59535547357653 31.86104388226997
353 118.58564318552055 32.3066375183527
354 118.68776908264385 32.28923538508606
355 118.55259012149952 32.274329602599146
356 118.7297221523181 32.39112109613509
357 118.88468807617596 31.623977638578385
358 118.80449759766195 31.991863075723803
359 118.94542005060391 32.36211498368756
360 118.86382975716012 31.70124089470339
361 119.01659313593058 31.809616182395704
362 118.82364683368158 32.015307745140696
363 119.0484185462374 32.11045797515176
364 118.80750538318648 31.882768864406767
365 119.0231511528875 31.846163007238857
366 119.01520052928593 32.22937091519448
367 119.09436884755279 31.61897843670881
368 118.61833197684089 32.24161222298563
369 119.00584615465392 31.928120565522686
370 118.4969883662645 32.09826942420991
371 118.77527822234013 32.16362489214978
372 118.90941424766955 31.685985318999844
373 118.50179573578829 32.34111169816048
374 118.53842326077573 32.24907162537757
375 118.657902407085 31.885273750381582
376 118.7859268244586 31.74861023657068
377 118.99234015352249 31.66081734655451
378 118.64588286135495 31.838213860161673
379 118.76915705118657 32.179054864781804
380 119.12944115119679 32.28969098643566
381 118.73669352680665 31.834893732829496
382 119.04538167880601 31.789800006386294
383 118.91550782876045 31.864765754019736
384 118.5425054361668 32.38086906919995
385 119.18002704633538 31.674387306716124
386 118.58517082237383 31.73892947441038
387 118.74183026638524 32.154822140246864
388 119.18643276758412 31.70810926594785
389 118.68824250085483 31.784223097154868
390 119.15326762629311 32.258406176056795
391 118.9637296576527 31.851758557135053
392 118.63196132968125 32.08097952872815
393 118.60020018914517 32.039034172037034
394 119.16879677515422 31.83065534040333
395 118.81901630258052 31.803645151175395
396 119.02639599454672 31.807715401959722
397 118.59708025812195 32.30333302848641
398 118.85369507484307 31.60685851429131
399 118.57011492970872 31.69240752804442
400 118.81740187261177 31.874301627257967
401 118.50286320572538 31.771180094961803
402 118.5104773193886 32.041977381764895
403 119.13601340428771 32.02212860557709
404 119.12804456097216 32.00054846849219
405 119.03266577334136 31.842580544258357
406 118.85349567042837 32.009834292923784
407 118.64493848807241 32.228452373963904
408 118.99723351041881 32.24018965528542
409 118.64646938644428 32.036213139547506
410 118.54543957088254 32.23755014264364
411 118.71378507535294 31.667711891521765
412 118.90609896187283 31.734906190092797
413 118.89626304062386 32.19940655236603
414 119.06609776724393 31.9136379952489
415 118.75916637891702 31.856250687144716
416 118.60301749674385 32.06448317761275
417 118.54322224466397 31.91110392088641
418 118.65451579734741 32.33434627342
419 119.15414997240501 31.9053891473286
420 118.51426439991943 32.25549914992664
421 118.93903112270246 32.084192258878154
422 118.8230875120688 32.31794830148099
423 118.63657905644278 31.992437758096997
424 118.99893075714581 32.37698487573259
425 118.90342392534605 32.04674592715703
426 118.5717463784375 31.628046427413533
427 118.96804522419542 32.175549543727826
428 118.53895343362251 32.30382596600477
429 118.66348224781709 31.660707563160084
430 118.89186340427239 32.379011708877535
431 119.01169700610575 32.06402311599663
432 118.88090851768362 32.20093177025839
433 119.10748216698063 31.771203318208524
434 118.98008432829067 32.352972187506175
435 119.181210334726 32.124628892978286
436 118.68587054324615 32.037682843599114
437 119.18306907149949 32.37646936088223
438 118.65708602440068 32.04911135420056
439 118.6408647764639 32.00207248248045
440 118.60819815256993 31.629588780890664
441 118.58393731931601 32.04898155923441
442 118.93560329953277 32.20172195502461
443 118.50356122459596 31.893612717730093
444 119.06756278810542 32.14054745086968
445 118.93812132282967 32.034146140213835
446 118.72611902691861 31.761860142374218
447 119.11795980739971 32.02967625369531
448 119.08826288713169 31.983792900677027
449 118.92861935354608 31.852049125250556
450 118.53876499627934 32.1238532860182
451 119.18922718295039 31.653191442330026
452 118.91435056428365 31.88533773199653
453 119.14441194043293 31.95882529379223
454 118.60226441053773 32.384858197566025
455 118.51903366105202 32.16909889796556
456 118.71233520100736 32.09693494312122
457 119.04939575369437 31.73060266941766
458 119.07623326992021 31.94861965023434
459 119.10916218394739 31.899687977705778
460 118.72307439036993 32.352193418450724
461 119.06172130479445 31.95902719704969
462 118.59781110430762 32.284768251207
463 118.88569675311992 32.13581167720594
464 118.52762919357951 32.27971113261015
465 119.0023112260289 31.59299034701098
466 118.75447872201636 32.3509830781485
467 118.57705491303577 32.369797362577906
468 118.9713249041313 31.712314119419876
469 118.78115185339423 31.64610874408632
470 118.70484879947868 31.86514144252505
471 118.74201453764893 32.03709316869715
472 119.04874722326585 32.00921709929842
473 118.78799128188584 31.960858844397823
474 119.12323194827187 32.3104879595404
475 118.61014994299286 32.051251870521504
476 118.77788652665258 32.33893947911385
477 119.12308633305899 32.05887010236226
478 118.91485023759626 31.745356635119656
479 119.00276876755535 32.39909523852512
480 119.08154808948406 32.394651086285464
481 118.86532595654178 31.957316836702628
482 118.60511813424228 32.19948901078957
483 118.72535169614423 32.11583187451686
484 118.65240573259612 31.738835538696133
485 118.63354284081845 32.05645505509363
486 118.91775953587235 32.12256801959832
487 118.64954558170017 32.07462598717487
488 119.07793087841364 32.026318925779364
489 118.8133372763985 32.06937272360191
490 119.07680131945533 32.171676261771076
491 119.0954342653582 32.21534968313031
492 118.97554255116765 31.67598461256958
493 119.04640372757945 32.33938433232633
494 119.0605224894921 31.98948498795865
495 118.91941295679003 32.153010097286185
496 118.72066354711295 31.91532367590769
497 118.79445663894442 31.65505799245829
498 118.7088081329075 32.11834413621749
499 118.82821441913192 31.89997671007302
500 118.76028904168615 32.029193148582266
501 118.75028843594485 31.801040908888552
502 118.55872741091817 31.76348298334249
503 118.78281015277078 31.818379578873557
504 118.58122598259625 32.29727460511873
505 118.74981366467914 32.344865140709224
506 118.59122414189892 32.364891048632394
507 118.76394475194891 31.935081093745847
508 118.88113329380465 32.23335780991276
509 118.55020657334356 31.75404950389529
510 118.66668282324753 32.186183626527864
511 118.79390396881055 31.935944490430778
512 118.69672833374098 32.26776425927332
513 118.88321758383117 31.77140249820297
514 119.08404167556927 32.24430984687448
515 119.04825226278685 31.670483910507468
516 118.68066600765754 32.29653651585239
517 118.64264622370209 31.944311802241515
518 118.89698183091446 31.729103138447062
519 118.78129317705614 31.840023091195448
520 118.54527630242555 32.17725160619493
521 118.65855331346035 31.950400277375287
522 119.17000919894895 31.781910271331082
523 119.15435268345556 31.811583955228386
524 118.74626108939839 32.15269950750586
525 118.51981588079867 32.119306046582395
526 119.04601208735035 31.652392050829878
527 118.67479969494757 32.26269884416071
528 118.5171290642666 31.69357693596159
529 118.69547865942796 31.772896936408586
530 118.58792242303119 31.62518580052343
531 119.12517253220717 32.02856911971981
532 118.63504515594475 32.29001716518479
533 119.01207962775311 32.33925324068062
534 118.60621065108302 31.967386301217378
535 118.56052478562809 31.69663427608614
536 118.776148053049 32.00314172206237
537 118.93878578954073 31.827318418325433
538 118.88187411761754 31.8448823790405
539 119.06087372674104 31.775237295427303
540 118.78821017448432 32.34391334240553
541 118.92129986560926 31.913741348860942
542 118.55068778421919 31.58884607521137
543 119.01746166050742 31.99672737369738
544 118.97735461262135 32.1361394495209
545 119.05563960004457 32.238480457718346
546 118.56260027023932 32.204003229623474
547 118.81389677046666 32.155072213033
548 118.96425706655393 31.77390226393226
549 118.49463146131676 31.867978049516463
550 119.11483313521961 31.951550793799417
551 119.06722898704622 31.725118070805465
552 118.8639629212354 31.959237151189626
553 118.73638334885656 31.67563261157504
554 118.99689911636914 31.667752615113198
555 119.1158990937274 32.25834832356429
556 118.85474994542585 31.720610112429778
557 119.13508976603605 31.9652760129816
558 118.58258426477897 32.086194969737285
559 118.72746922502151 32.357206324090136
560 118.97849044125272 31.85683521621797
561 118.7639191693314 31.746791462595027
562 118.87156965273178 32.2983885625533
563 118.9560349514766 31.83007644657648
564 118.91090645800068 31.825708554604777
565 118.81287249332142 31.724964957923245
566 118.61383517056122 31.95499697948263
567 118.77261590424433 31.755699005732744
568 118.65345079386039 31.903333047602114
569 119.0297706036284 31.861541279450115
570 119.05543812106643 32.11256115141811
571 118.64191518768205 31.95186900371864
572 118.91305571030979 32.12465596758848
573 118.99304240045385 31.843335065666544
574 118.82104258251296 31.895469117013953
575 118.55336257134991 32.37599904751514
576 118.98180356368583 31.795585395654737
577 118.55116057214818 32.19985147147785
578 118.96591548522628 32.155225980577875
579 118.57499190886774 32.10480090939923
580 118.94757874735195 31.696553247885287
581 118.68558201992951 31.592879315309634
582 118.7622426025937 32.19323105233424
583 119.18234922117568 31.654400892468278
584 119.15597802346345 31.806679231680178
585 118.89295959983582 32.374828558884204
586 118.95186873379603 32.3719558709654
587 119.06336696699267 32.34035934268609
588 119.00166651616469 32.056831245692905
589 118.58747304494815 31.956087853907384
590 118.80018964425706 31.970996069758574
591 119.08965709637056 31.870217613777495
592 119.00922589027904 32.387719753564056
593 118.62177365414075 32.248001561677384
594 119.09022305733477 32.425752225824176
595 118.92314342334826 31.84806197497221
596 118.70833247544435 32.072104526204676
597 118.52783383964051 32.12645511234334
598 119.02910770324353 31.91114587781825
599 118.8164736393651 32.06442192506073
600 119.18672885645368 31.730789901053402
601 118.67658441953515 31.848502101355646
602 118.54911669573879 31.71338656641427
603 118.66128734028013 32.09149692141652
604 118.78963841781642 31.870707988092253
605 118.52122253478255 31.93530939371783
606 118.7407485793686 31.900377973302593
607 118.65560473237916 31.645883200688534
608 119.17653507769994 32.32107043775395
609 118.63231625812226 32.163051292891616
610 119.11458565332833 31.852750507975497
611 118.57515100969596 32.30314006586451
612 118.90244446970863 32.164431466236806
613 118.94367060151994 32.38085479304548
614 118.88667353283981 31.985563754429002
615 119.1650348429235 31.69730409746991
616 118.81457491895053 31.691634783750047
617 118.94500791230983 32.18431822481819
618 119.11440796283522 32.0419714307697
619 118.6571978254952 31.775873437634022
620 118.85830602670585 32.020917477467144
621 119.18035593311991 32.0182894318281
622 119.04610648879587 32.29918414016451
623 119.00940950490579 31.614421175959798
624 118.79159437351656 31.69290512674623
625 119.10891691417065 31.930624855498532
626 119.07176397686095 31.70401085484095
627 118.80895760799208 32.376056088216785
628 118.8851197659715 31.77333949121368
629 118.9661717306838 32.10004897927439
630 119.03084736190814 31.95317046017215
631 118.82208666539113 32.22661386259072
632 118.73791467396657 31.63466957590362
633 118.60674753042817 31.853928164848927
634 119.02420477700815 31.989612491040962
635 119.02990023366777 31.682807721707274
636 118.62481657664922 32.07838264362942
637 119.10614581145896 32.01694944277527
638 118.6154332497604 32.26868312942038
639 119.07462064034404 31.968757771684476
640 118.60564516426638 31.849504678084394
641 118.94286473810595 31.83449323359945
642 118.86908719426968 31.820504451816834
643 118.59907618348731 32.34489950833842
644 119.01141041067888 32.22974796393797
645 119.02039223166972 31.875958949506234
646 119.1252837254216 31.947898900944505
647 118.82396090009577 31.6915062904067
648 118.8870011118216 32.076853702506746
649 118.9561697941317 32.187758927429826
650 119.10646702622988 31.79859722865144
651 118.78318991375681 31.97334808712292
652 118.96803490393917 32.12419005839148
653 118.90612986690867 31.976323781099886
654 118.64209209469722 32.02462307596326
655 118.97772811904379 31.757791698039
656 119.08648947087799 32.21630441113904
657 118.82421035592068 31.686888061415196
658 119.18071213484926 31.98158954867021
659 118.88099565097264 31.854492309404396
660 119.12115085171641 31.699247242661883
661 119.01919613885923 32.29251107370833
662 118.77078567025988 31.753436956970692
663 118.72884207096303 31.976647994668028
664 118.7536712435177 32.10049946662992
665 118.74493608806132 31.836734424834265
666 118.51502905899123 31.991148693744243
667 118.50909107326365 32.013419055845006
668 118.78721660070556 31.943867836096217
669 118.63439256143984 31.891025900489662
670 119.09431219696359 31.78863266012616
671 119.17265416319592 32.32407231949071
672 118.70454171363473 31.990357469690483
673 119.02853644436462 32.160355180437136
674 118.75553345651329 32.015495947815786
675 119.09902649014765 31.836690015211317
676 118.81621709076914 31.991903992177644
677 119.1494297048613 32.25203731292462
678 118.97998230236713 32.28664335306292
679 118.58452620101335 32.34620928993474
680 118.59696326141759 31.793887714471065
681 118.81018503132375 31.87689132406199
682 118.90858904861166 31.68410903532889
683 118.87244491901289 32.41019794833459
684 119.111500025657 32.11984948450244
685 118.51724228440915 32.153691581409326
686 118.58715256061227 31.961305115738256
687 118.7029994250536 31.81042463010623
688 119.10617952326443 31.9327461343113
689 118.49562425541919 31.850857946562247
690 118.87339423385565 32.02834282039362
691 118.50971157536443 32.241036638126715
692 118.88599997953754 32.26558673049149
693 118.83342729090003 31.847615790167943
694 118.59221591525616 31.737547882921234
695 118.91840499682029 32.193111484206774
696 118.92778913955817 31.93791241929861
697 118.81100463658716 31.74428925151712
698 119.04510744881121 32.108117323379695
699 118.54024534760035 31.684142716211838
700 118.73211877306116 31.679468259488317
701 118.84549435590334 31.59557298242514
702 118.71480181411575 31.74928463000537
703 118.58437217663273 31.97074966403458
704 118.58287562069084 31.743108535981115
705 119.04132010170335 31.643729242394084
706 118.67940934819603 31.99765031555252
707 118.95935659213305 32.3242400153354
708 119.09154684851003 31.598088935432806
709 118.7146137474745 31.790558873502565
710 118.6244266414073 32.33997574571163
711 118.890704640429 32.116144887312856
712 119.07219326364095 32.250650135585545
713 118.7591192147973 32.31351905099594
714 119.08719407572498 31.77776002456051
715 119.18973413465834 32.197203290623754
716 118.99141116249278 31.818562628461137
717 119.11692956231666 32.33619857712428
718 118.55602295966266 32.35076639061564
719 118.76873291517207 31.733276170772278
720 119.11320683710376 32.27911592818202
721 119.01574365661932 31.65857573038875
722 118.58435610386059 32.084138696480245
723 118.67161260157933 31.975421188222846
724 118.717295649569 32.06436868963501
725 118.94920298690715 32.21035909818723
726 119.02183170007822 32.311432697142855
727 118.84615442875868 31.9962806468325
728 118.52155947210714 31.648322981067494
729 119.13080611342885 32.34992416277254
730 119.16282837847714 31.637368683099794
731 118.72847370591732 32.233481976069946
732 119.07661853410227 31.725230533705904
733 118.85890751642658 32.33608945191816
734 118.82829673750388 32.097740048974444
735 119.16605339718616 31.832311218301324
736 118.4971838458936 32.27583632874283
737 118.79924248402486 31.73107104174688
738 118.64021118638952 31.77131585957104
739 118.81931824954411 31.830434301152685
740 118.80747449971467 31.912631165192135
741 118.62451043010685 31.795167337616117
742 118.91003924120515 32.32540232534179
743 118.76664622908868 31.96423419443712
744 119.13767568315207 32.36364404108169
745 119.15319684058541 31.833062809300625
746 118.76362259545009 31.970088548158127
747 119.02973277394861 32.26609956448319
748 118.93850777149765 32.38044354658664
749 118.76637564688275 31.964209887574466
750 118.6933672922448 31.982504930317788
751 119.14465032517296 32.35669427482328
752 118.65033536287768 31.948511883221382
753 119.0420643236162 31.950930110725043
754 119.05025931226574 32.372783684799415
755 118.62919212430735 31.99638535346163
756 118.76051047643325 31.690651208718084
757 118.80085557834369 32.358920908594946
758 118.86223560819394 31.965565820134817
759 118.92504044417322 31.88076292039739
760 118.7661336261762 32.31679785341115
761 118.93101316134214 31.604637402066526
762 118.80262960676535 32.37179389874058
763 119.16759260501317 31.670749056676716
764 118.96018495492459 31.659262088199828
765 118.86952983441424 32.32436473390581
766 118.89037453490445 31.964638626792315
767 118.58262855291197 31.729875625438012
768 118.6784632243278 32.38429338185514
769 118.99024240474921 31.849491993075585
770 119.21582751749762 32.342078562119454
771 118.726522928602 31.977263667978313
772 119.20733259276703 31.918348704866386
773 118.74857165418162 32.05809760358412
774 118.81319458647855 32.320080056448745
775 119.175327213536 32.38939646355617
776 119.07171931140059 32.14222534610733
777 118.8819536941944 31.904384397800026
778 119.18183176593732 32.26119065740059
779 119.20261808283199 32.33988151331465
780 118.61438532020087 32.04619350233418
781 119.03884033559027 32.17967835975455
782 118.68328032249023 32.30815877480927
783 118.71098713657585 32.157934777679365
784 118.81428582649008 32.09741517431315
785 118.82612129528414 31.88741493657875
786 118.60166017266482 32.08372103088801
787 119.02099515485828 31.776335321325657
788 118.5106405402812 31.710508568515916
789 119.2009569399063 31.805074207287138
790 118.67283964263251 31.948934510058745
791 118.99549193795202 31.87523627017718
792 118.86380409637336 32.172967703075756
793 119.08401127655856 31.907529465883712
794 118.62697990599867 31.974536738517145
795 118.51916875497713 31.809885452676003
796 118.61935377094919 31.66440463860325
797 118.97954923857597 32.16735688198978
798 119.075398663103 31.775182631165592
799 118.60199342781655 31.978401018277367
800 118.91175101443771 32.08025903458402
801 118.51398266673087 32.14344082373332
802 119.07501654387382 31.93563051259746
803 118.58105134182067 31.807677025851135
804 118.620058343231 32.313952812192234
805 118.95308695270943 32.14115047023208
806 118.82562936155317 31.801885668291945
807 118.69749065490788 32.23426568073763
808 119.1718547017494 32.04030622117202
809 118.87129659235886 31.94819233858858
810 118.61865189807523 31.69287285769482
811 118.78973767419393 31.78179048176564
812 118.9987719522678 31.697092781409562
813 118.82269315755947 32.15108592039055
814 118.58593698179159 32.17378241287689
815 118.61527118436992 31.970844521981856
816 118.6601824963712 31.643478832134512
817 118.87747028331533 31.725118371806648
818 118.94296791116214 32.34773365830604
819 118.84170316980682 32.3049642099147
820 118.64104491778197 31.91431680989352
821 118.73578928575664 31.70849228978467
822 119.11431700081755 31.95905687032455
823 118.67465282608434 31.9449688973986
824 118.96616355998673 31.616735824895624
825 118.7584048170628 32.18256104507027
826 119.20599528741553 32.1187180317044
827 118.49397501965694 32.04748258192653
828 118.70731991284046 32.24879105787456
829 119.04290234875322 32.273883635849664
830 118.54174639141446 31.76237427878613
831 118.7685326555579 31.65790124373668
832 119.17159392528936 31.904969042284243
833 118.97946198328049 32.2789764103446
834 118.5914678103465 32.21539474202969
835 118.56205194181034 31.795959021566627
836 119.1705535762158 32.215224618037126
837 119.13905762287145 32.065906195604036
838 118.62042094261973 31.820755492565024
839 119.11686387393452 32.15434997808053
840 119.01249876748722 31.84213391208365
841 118.78496822846087 31.855962233675367
842 118.6632234822269 31.76838830028738
843 118.60277343973713 32.05437328826204
844 118.65786559000972 31.982556486595747
845 118.84100890147023 32.089554206608966
846 118.53570160401094 31.61455041203064
847 118.92904864104979 31.920883337911462
848 118.92048757821472 31.62302273686587
849 118.92667660598451 31.853907834768574
850 119.07915283356601 31.67877371862711
851 118.5538855049565 32.05034460124291
852 119.18951343222732 32.341565393472266
853 118.82240533734749 32.27696881519857
854 118.84298220166664 31.990078595780226
855 118.60306916910561 31.902947842441787
856 118.9554138718553 31.61735682110365
857 119.12648512479366 32.12783146739363
858 118.54624108001697 31.848811428353375
859 118.71026375296503 31.93685043728148
860 119.04791659530461 32.09673647294944
861 118.50867025584209 31.74823261180803
862 118.90565594054023 32.04134692665022
863 118.66177269835966 31.9655297925205
864 118.86016523874787 31.917660770986817
865 118.60297616484605 32.27489569421789
866 118.74083737858318 32.20036519894028
867 118.74124578756607 31.704229717549406
868 118.7771001406421 32.321566353692354
869 119.16261874538426 31.60043179242475
870 118.59161759248563 31.782294376231732
871 118.68215881163621 31.706430072136037
872 118.97698976765415 31.866161979515926
873 118.75474832115488 31.686914367209553
874 119.14826130649531 31.831824955968962
875 118.73967297579046 31.910894740010853
876 119.15231656355162 31.9861949313518
877 118.59194371500001 31.8318573643885
878 118.8141176621362 31.655940356954517
879 118.85300128314978 32.00430358764351
880 118.918423912289 32.07610462001108
881 118.78166163112266 32.11709359168744
882 118.86480512682996 31.607674200316833
883 118.65432507928936 31.681125957031387
884 118.66588102417452 32.13300239444551
885 118.57507866567599 31.717684084722595
886 118.8781905369555 31.679320160640263
887 118.84816264076326 31.944245963251838
888 119.20224454658921 31.898298509819213
889 119.05203303904257 32.120840914519356
890 118.99342148414813 31.62258942374598
891 118.71556154415374 31.797234932196044
892 118.67164189977628 31.81533457294195
893 118.97659283004528 31.857520429482904
894 118.65948969370726 31.613813569379467
895 118.53876222630176 32.035935885378805
896 118.70452476265245 31.599030803939065
897 118.8651661739972 31.835600621025293
898 118.62094816295806 32.32163360555228
899 118.57853331848433 31.723964906533887
900 119.11399322113408 32.13854529667315
901 118.83895419255413 31.993639751150884
902 118.52777321240897 32.324356128261115
903 118.66173867560967 31.951249072565783
904 118.54438571170385 31.745761437949064
905 118.6812653807173 32.40866399727149
906 118.80474885195093 32.169612966721225
907 118.58545403864487 31.697440048108323
908 119.1395468529639 32.023499146328135
909 118.83387397992408 31.86678872465824
910 119.0850603726598 32.30748282546988
911 119.06525499516584 31.73318591923067
912 118.59211367547476 32.116452800572745
913 118.55003640889468 32.35742845752774
914 118.90832517983198 32.34440438383678
915 118.51441826567397 32.322000770357384
916 119.05507207359251 32.11750826049597
917 118.71752037251771 31.85133808509826
918 119.0156371333772 31.650713435010488
919 118.6281805807277 31.742847803003414
920 118.72098323713254 32.31020961375162
921 118.94044010096378 32.16534379702931
922 118.66559153831713 31.669497677105973
923 118.66115348843385 32.37334754925609
924 118.74685940154772 32.00037512076079
925 118.52775063734488 31.7553436891762
926 118.9830337576996 31.977228959806943
927 118.57378954858939 31.933315170408488
928 118.66288530858337 31.78353486694479
929 118.55606971246306 32.10350917519059
930 118.8174314686009 32.02622057741702
931 118.69470279613215 31.81875973628025
932 118.86208090972727 32.22507396777302
933 118.95772263687144 32.03497799102857
934 118.65306923850325 31.882914229915038
935 118.74409147620437 31.72326966975079
936 118.886680377426 32.00293150408361
937 118.67216857135824 31.712322417348382
938 119.12322060025029 32.323177921090824
939 118.54911402643681 32.01141505572928
940 118.5962531209277 32.33408981050333
941 118.71825689349619 31.856268810036283
942 118.95329682581189 31.94950614777587
943 118.54799221771815 32.02901643488398
944 119.14184090991694 32.30240549336665
945 119.13561439842431 31.697289718833403
946 118.9580359800254 31.91274057778328
947 118.7587216349668 31.682432162165092
948 118.68395857362833 32.35435996723741
949 118.72567041612737 32.25669410075285
950 119.12589784125649 31.92507525761457
951 118.85772712817425 32.12601629215512
952 119.16015560879349 32.04992620042151
953 118.84959774792515 32.08042968487609
954 118.6427189341227 32.257644957586855
955 118.57463888155539 32.380714645881184
956 118.97149818321391 31.659933065959077
957 118.71299058047298 32.05336095101872
958 118.9525761135994 32.331320599460234
959 119.1637634075758 31.926497784593124
960 118.51464184476869 31.790399361921846
961 118.5571408427418 31.686020760737364
962 118.73097803152208 32.11517122252668
963 118.71219452873419 31.756301233163132
964 118.76003366667037 31.892147035964236
965 118.8234581276624 31.901456120636954
966 118.78311193843514 32.094333477618044
967 118.56250091375537 32.36352897123229
968 118.72663739769517 32.39674149171441
969 118.60377926763049 31.83387344502438
970 118.62353445405968 31.813251649541915
971 118.90968465342866 32.18593277368508
972 118.52398271280443 32.155731295901994
973 118.6838461342775 31.833699604461827
974 118.92706990021851 32.354324374599415
975 118.6948944146958 32.250461071592404
976 118.8539126035163 31.752457795838247
977 118.81824143785644 31.99862253097052
978 118.93360472197902 31.66982492440123
979 119.08722981569535 32.03815864215874
980 118.68954983650833 32.04923051802287
981 119.12661302672336 31.75588449237907
982 118.97394822282112 31.65657208340128
983 118.79000335192774 31.726469769327174
984 119.08118237866871 32.017716644527766
985 118.79077270915334 31.647643037428796
986 118.97458347108486 31.742456463360345
987 119.1306940118141 31.748592419660564
988 118.69030386016462 31.920825727817554
989 118.83947886989515 32.02270449075521
990 118.77004739697031 31.876953077755314
991 118.57204617012388 32.10027846603295
992 118.56711935686134 32.332962873842334
993 118.55701795647481 31.796464773154597
994 119.1234736695883 32.38678914481612
995 119.11958873674699 31.858531258292192
996 118.73372634065063 32.0929619166652
997 119.1077489408366 31.886499170238473
998 119.17320441746922 32.14882144043057
999 119.02936265249349 32.291723547259814
1000 118.66106567671949 32.24070070323259
