1 118.94822436310201 31.957629300875706
2 118.90458324334469 31.62175688873852
3 118.61048745278102 32.0627538747249
4 119.06683818818088 31.97033685709381
5 119.15973678371468 31.955682741490996
6 118.9476512950983 31.863097198193323
7 118.90734164951532 31.746041859068008
8 118.6245332147699 32.068978114576
9 118.69549940071633 31.835070677064785
10 118.75521903818817 31.821585061017895
11 118.62762630893673 32.096154098224645
12 119.20146630025081 32.02997541972049
13 119.14919855292642 31.713380029488107
14 118.76383531124957 31.98446060107172
15 118.61564785726382 31.74226712541966
16 118.76493837551159 32.23851621423336
17 118.62968845998098 32.303535496904146
18 118.87115824706345 32.000750355896514
19 118.64576421539478 32.28882186883763
20 118.53869917657026 31.68307111363322
21 118.93531359228679 32.010380316716954
22 118.74400496827396 31.641772931484724
23 119.00152985780396 31.93116185015923
24 118.85115182103142 31.682002126702407
25 118.97791727045906 31.689169051752664
26 118.74417897727979 32.09452988639702
27 118.89485515282402 31.79028625755016
28 118.84454047394846 31.667324062878315
29 118.92474040177976 31.7871176924348
30 118.53813157033333 31.864968916975872
31 119.1947624858479 31.978713020260383
32 118.66595048849321 31.755537391862063
33 118.55320405263707 32.11498318080746
34 118.69798475701776 32.00455500351866
35 119.0035122332127 32.03584548602129
36 119.16763291810717 31.92106137324995
37 119.10025947616865 32.21114985185476
38 118.69845383060262 32.05966330166417
39 119.10401432006508 31.70666321282474
40 118.55657906426144 32.15166160371658
41 118.56981680269949 32.37105662117706
42 118.63891170932351 32.01851429331995
43 119.04300657973936 32.30628441878707
44 118.97407546854589 31.871259195522857
45 118.5913503817736 32.067214230816454
46 119.02123464735278 31.928568200438516
47 119.03044115997162 31.91745812265007
48 118.60891814250256 32.23028199677472
49 118.96023962592042 32.02755380410702
50 118.78884107615038 32.354814894815725
51 118.54522454393141 32.03669680687904
52 118.86261994559754 31.681997365522054
53 118.83542018045209 31.894924426681172
54 119.11518416986215 32.28310426466957
55 118.94536296382292 31.962796434304334
56 119.10489314779457 31.607246311350867
57 118.85412561402951 31.81022236721489
58 118.98295314789603 31.653223777171103
59 119.16630149114589 32.3834590336467
60 118.51545929799279 32.380251339390796
61 118.78981220589047 32.24723123217171
62 118.81156244021858 32.07434506486649
63 119.04425880216472 32.22290123979278
64 118.5233825668303 31.744868806106133
65 118.89657514190074 31.837647296088324
66 118.69369209763612 32.01193588149115
67 118.79271688780274 31.88006346664456
68 118.9668467398306 31.659061461579128
69 118.92357490703937 32.34696585460778
70 118.66282242520887 31.96904772771286
71 118.6235789549314 32.00323488056587
72 119.07345233222098 31.88458316671718
73 118.85499639780255 31.82264660231831
74 119.16971224489339 31.884980754062177
75 118.9651081701055 32.273338975089594
76 118.63799888839989 32.21748426587223
77 118.62499949333764 31.874619021662078
78 118.72653411603424 31.633149338051904
79 119.03689153976038 32.23221474959839
80 118.83332244313911 31.810996546195927
81 118.89707028445504 32.07373655986506
82 118.91130090087525 31.604673400165908
83 118.65114929851201 32.11616628206288
84 118.73060099638037 31.92809100472087
85 118.69426390489798 31.97737034900276
86 119.14138595318407 31.94247767215499
87 118.50690929115922 31.88922310103229
88 119.19007282858016 32.010909004745656
89 118.62041824305177 32.38649045761412
90 118.83861899829395 31.71229705417301
91 118.68420872907564 31.870341337801122
92 118.69347525506053 31.61542753898079
93 119.03119747547635 32.20417238032632
94 118.99312926158181 32.13592419539138
95 119.03399011605809 31.763553431811953
96 118.61060244469513 31.910740008101556
97 118.65698527105283 32.12286909608628
98 119.03235086623266 32.14198254079791
99 118.56497644989808 31.719002089725755
100 119.09423909810047 32.33368774656402
101 119.11945603714372 32.25060951047068
102 118.85280314445035 31.68004328693878
103 118.98253575322983 32.2909175632022
104 118.72985311279204 32.20907155740184
105 118.94397849419994 32.263576025858306
106 118.52497745316418 32.0085037931562
107 118.67769071577597 31.799443805106606
108 118.79408665754336 32.36369485047581
109 118.86898471662789 32.086989772987664
110 119.19667339870969 31.883533685693582
111 119.199665640069 31.836421954073582
112 118.59020885104957 32.32641234382884
113 118.7155088918102 31.95134627228777
114 118.55452511259513 32.049158869121754
115 118.72479812724121 32.12598661144869
116 119.15888985408644 32.27892374184532
117 118.91851759038894 32.09014906839414
118 118.5257844569532 31.75400592317346
119 118.89158720340642 32.058615201750676
120 119.17437655487713 32.00900425512306
121 119.19437782504362 32.02672386385856
122 119.13220320190266 32.14707579934012
123 119.03181666521233 31.78676437220825
124 118.6621375407121 31.741973682466988
125 119.12383703539953 31.679110052223724
126 118.72581669709406 31.83855820581755
127 119.11608436312322 31.61061277236835
128 118.51420988070271 32.08562081365127
129 118.55681139631172 31.83085510072164
130 119.0685200295892 31.755233437387727
131 118.55153847956494 31.68380071981884
132 118.79815888144877 31.80767128854874
133 118.75604679329014 31.779447303311798
134 118.64577972222604 31.814877804868086
135 118.76776052338143 31.96560665714884
136 118.83825349149538 32.04660677726126
137 119.10823327093394 32.243459687376244
138 118.93633618994438 32.37607408807189
139 119.13449531526416 31.6454265374288
140 119.10617056508403 31.792889514323225
141 118.61597705063387 32.09918418424195
142 118.77403290752822 31.761712369584764
143 118.84838996960653 32.292346180953665
144 118.6861645157808 31.744716428005635
145 118.88891086297814 32.189934651515856
146 119.19771264825917 32.083892706119876
147 118.65831948856389 32.21668426039158
148 119.0691469485619 31.62755174548133
149 119.21158833103229 31.800869270373493
150 118.65327695296764 32.17599946003884
151 119.11388123428169 31.69612498343626
152 118.61146877543992 31.633236891724472
153 119.15462292351428 31.896301571139826
154 118.69675433759885 32.09364275832067
155 118.66923366320421 31.60636462528306
156 119.13160272715045 31.689564593574115
157 118.69289647044278 31.611687552430816
158 118.64807022543103 31.91591645584301
159 118.71736817740637 32.14953642660776
160 118.99567632202313 31.766010541247223
161 118.51441123456924 32.27094984202355
162 118.62601524206782 31.943819873358063
163 118.5822804657316 32.092947543503385
164 118.84568097866583 31.839505430065447
165 118.5259068659015 32.11567887925171
166 119.15565136602524 32.39776289271979
167 118.83097396798989 31.964462450364266
168 118.92717289574982 31.76479901449879
169 118.65380689385827 31.962837554285684
170 119.00525623171288 31.941052648509807
171 118.51473025809683 32.001908393240704
172 118.55387077742105 32.01646034540802
173 119.15091013984721 31.642637324081264
174 118.61940835579566 31.711246363403568
175 118.84148249811007 31.98229849801337
176 118.89129739454548 32.16727885935078
177 118.61106700717836 32.24172377209872
178 118.92703728347209 32.18841751630494
179 118.70100550306225 32.01580457976761
180 118.97654382395659 32.36813219477234
181 118.69933370419098 31.859366755920238
182 118.78216884639308 31.979052732721694
183 118.84333846387982 32.23417057007528
184 118.49876850911437 32.25589161273273
185 118.58987289258972 31.91247792528544
186 118.55131585725334 32.27966658669162
187 118.7962428571426 31.959767883941016
188 118.87908791045399 32.18619780052467
189 119.1830385953061 31.582032423138816
190 118.71487773747378 31.607273389462083
191 118.61957541836419 32.3477172222692
192 119.1599566368586 31.687553115894495
193 118.87727785220322 32.16975134896111
194 119.16235730020729 31.84231648666408
195 118.7237624943416 31.7462928649546
196 118.54550754680513 31.89363926012211
197 118.85159682953446 32.346963515719594
198 119.22343237544327 32.07499800006647
199 118.54764987375924 32.331557909111034
200 118.86429107351856 32.163518197890625
201 119.08039125091204 31.975394173055506
202 118.66881302699433 31.991369198290144
203 119.06056084301422 31.779652445246136
204 118.53845023630002 31.63063289630474
205 118.70948070242049 31.903902430173922
206 118.62379217848078 32.04796630050862
207 119.16660120779713 32.3187530885847
208 118.94553975336848 32.13189330734059
209 118.71571030659743 32.263232865610036
210 119.15091820278676 32.308590251173264
211 118.88583194635909 32.31613121206011
212 118.74140680817617 32.244656087440134
213 118.98927194863442 31.705519683216608
214 118.94532343790523 31.862496797478336
215 119.18928046008256 31.74439058331764
216 118.5228776454227 32.30553584008105
217 119.08640469744611 32.21280982707879
218 118.98033413741379 31.898839829680327
219 118.59533111513855 32.05025750665768
220 118.74732378136385 32.273497033876275
221 118.51374297210991 32.282195110166995
222 119.08099271009768 31.751784358272342
223 118.56770762483035 32.200682638660865
224 118.64422150929576 32.262401374297305
225 118.9689644952249 31.677374041953872
226 119.04161561822443 31.674144192573824
227 118.68990901036884 31.950662681888453
228 118.63454007761587 31.77772588508971
229 118.5241956715944 32.28836944288827
230 118.55499279761791 32.18740511019105
231 119.12478381314196 32.176241360443576
232 118.67688782661648 32.19663819417511
233 118.7667251742724 31.825125420556077
234 119.04184361061779 31.778697496231203
235 119.16392367487337 32.09158410719325
236 119.12632155842626 31.915987478159316
237 119.09512157663275 32.347036742467566
238 119.0757140712167 32.14126484093198
239 118.75700218639051 31.894363121291132
240 118.95876709432892 32.257747881337224
241 118.9976249572816 31.933702906437826
242 118.80439308712722 31.72565558328018
243 118.94918168808864 32.21428176603788
244 119.18088224473854 31.99386764720451
245 118.7133929590518 31.797057459281177
246 119.15906456350062 32.14163517069703
247 119.17396208571934 32.37811106238395
248 118.91403556935732 31.791804296001768
249 119.16720508966011 32.23385380900282
250 119.01491504014338 32.195121908353094
251 118.98151290954469 31.695427317817362
252 118.57829175865722 32.2913898947351
253 119.03752087858854 31.96831123498035
254 118.60901582874405 31.673705820663336
255 119.04633827744743 32.028792448586834
256 118.53065893459926 31.872900147813557
257 119.13844792659066 31.720685633037515
258 118.62654427264721 31.662625521919963
259 119.0832900015679 31.76773481273478
260 119.12472670425493 31.955513214146883
261 118.53147044295619 32.10834749931959
262 118.57484295085555 31.664938650748844
263 119.16233161862304 32.15237468244038
264 119.17521372770618 31.691932221061506
265 118.54024998291911 31.730927708350045
266 118.94233438866483 32.19477996886035
267 118.76872298291403 32.28794831801743
268 118.53355239966102 32.3497631216978
269 119.10302519225722 32.12029605250966
270 118.96047319701835 31.969847320145416
271 118.58016586581402 31.685078064898267
272 118.80765975560608 32.06886471361798
273 118.78547753577892 31.718137823215525
274 119.18308233985834 32.005077394150575
275 119.19039090500301 32.078041589800165
276 118.65946967362832 32.267850655520085
277 119.02127912263357 31.85402221271593
278 118.950152387511 32.39578575990828
279 118.83182585085783 32.367868501079386
280 118.89157926623795 32.292476616629095
281 118.80013128740111 32.18016485016228
282 118.51812100332893 32.152826334937636
283 119.03527725381171 32.32389726221183
284 119.03816480719873 32.36160539328421
285 119.1287793277582 32.25639697753559
286 118.83829671217677 32.13449510624092
287 118.5458093539944 31.703344817776582
288 119.16130764675779 32.09698435589306
289 118.69361781904911 31.863876118105217
290 118.57496089902553 31.718549456061215
291 118.60478581721883 32.30767775467135
292 118.93283342896275 32.24832429192448
293 118.76546599283367 32.01648712592961
294 118.97953447038313 31.97361634250416
295 118.52734491320062 32.008344431134525
296 118.5184100974887 31.82716677212039
297 119.18436266268712 31.908090434773403
298 118.53790980926104 31.951693081043242
299 118.76541606272208 31.62731854287635
300 118.53212965134809 32.30314739705791
301 119.14278779538779 31.650383199094367
302 119.10098006125779 31.92251524879977
303 118.89937595277124 31.703228278623868
304 118.57726012418067 31.782955117207443
305 119.09067564155633 32.346486537933174
306 118.56241356119415 31.89445489935371
307 118.79422124584708 32.17588744137689
308 118.72958615736663 31.69681077803173
309 119.22261777313204 31.78355932809712
310 119.18371136341905 32.299873466027954
311 119.0807549526439 32.322525261734334
312 118.80913406515572 31.798501210671347
313 118.85032954154183 32.380552926637925
314 118.89304136377619 32.148438652254775
315 118.88514117380069 32.015989315942456
316 118.63682093080625 31.877597948329772
317 118.66790910455676 31.86616932682378
318 118.99860185536515 32.38698957810202
319 119.09496237083214 32.16688750086873
320 119.15915902494555 32.006305757423995
321 119.0365074413089 31.624741573286634
322 118.91571105066295 31.79354946589036
323 118.54601292587388 32.352380686564196
324 118.5561648736599 32.040730829529615
325 118.63442433720763 31.86942603686257
326 118.97105513106071 31.6346640066096
327 118.69444752556794 31.823682462500187
328 118.7956231924323 31.789633710245187
329 118.60184344833618 31.72843804880351
330 118.65522818406534 31.8816744737586
331 118.75034011256321 31.736811354262837
332 118.93797430507266 31.66222117804353
333 119.19370927503886 31.711469891623327
334 118.59998822474736 31.969052365653223
335 118.71443331322655 31.64676434331921
336 119.19974329226746 32.36148477249669
337 119.105612868267 31.77243613315178
338 119.18799675537325 31.993258858158864
339 118.86798853071653 31.92163266658905
340 118.65954170762194 31.84912922409374
341 118.63857364685612 31.867012009841705
342 119.06630996997805 31.802020057816147
343 119.1679994398183 31.83472019612143
344 118.9240655510594 31.701110140645703
345 118.95333569806508 32.144243280743225
346 119.15333652773647 32.090342697851554
347 118.66971128396487 31.850894073826666
348 118.89124177557503 32.31815541572862
349 118.8925786994751 31.918515230681592
350 119.12735953473292 32.10951263144106
351 118.7238811360299 32.00338159424481
352 118.59944326083502 31.85965531838995
353 118.59841232686108 32.31410458399079
354 118.67912016360836 32.284427867136394
355 118.5528559511835 32.26984680905062
356 118.70026046865904 32.37718370661453
357 118.87431713419132 31.630777617333024
358 118.81047008868634 31.97748402118515
359 118.94172433656982 32.35628737972767
360 118.86800937829503 31.70123485130963
361 119.01926278075722 31.791977577379104
362 118.81533065335523 32.00633186675475
363 119.05342165778517 32.106405852762045
364 118.81500184324108 31.867936285787977
365 119.03377494172437 31.843782473862706
366 119.0058715939652 32.23099259423707
367 119.10225887483345 31.616507568558543
368 118.61082991882864 32.24243088083207
369 119.00117170380882 31.952450715827883
370 118.48973995759306 32.121494528477996
371 118.7734873905307 32.166510463927736
372 118.93173892805619 31.676529247476147
373 118.48860259794948 32.338675804882854
374 118.5340177731697 32.25485255803537
375 118.6524731370959 31.874106036658077
376 118.78232210598158 31.765207201550957
377 118.97629482227461 31.666541139952844
378 118.6555662726306 31.847501582106478
379 118.77956020018337 32.17417970199381
380 119.15868286394522 32.28811587286319
381 118.72086210821732 31.85451304495555
382 119.03189720853382 31.785085297039203
383 118.92606067124902 31.85862628271522
384 118.55102848889236 32.38330643679315
385 119.18041223340484 31.657379818209147
386 118.5964876150087 31.732512272977708
387 118.76118998660871 32.16453684175205
388 119.18487141024109 31.692989606781556
389 118.67550266550887 31.7827516685083
390 119.15180350517272 32.27288677718804
391 118.95740461540538 31.85603987369388
392 118.60740654748668 32.09511828383759
393 118.60168549911907 32.04151368068498
394 119.18079889524435 31.832685672624176
395 118.81526852592407 31.790982371986033
396 119.05182910774856 31.799416752798482
397 118.59330632334272 32.307163812308005
398 118.86874669311386 31.621269895005593
399 118.57341571591672 31.700474124795637
400 118.83718393429275 31.883929818501674
401 118.51156684622146 31.763265347429297
402 118.4971010837412 32.02879773046792
403 119.13368702700632 32.02791312401142
404 119.13001893969333 32.01045084696679
405 119.01146805481211 31.84519782468951
406 118.84168830081809 32.02224495302322
407 118.63883673583372 32.21996147835269
408 118.99108461155421 32.2448924474316
409 118.64325678311845 32.03907017583271
410 118.5367368863151 32.25168015520212
411 118.71225440665835 31.68064775673931
412 118.90761255924276 31.724676559583216
413 118.90624982798559 32.20008596271835
414 119.06784055084775 31.911195490263914
415 118.76276358407382 31.880158671026134
416 118.58769541799118 32.05674709567002
417 118.54128028413992 31.921190622765188
418 118.6516107749713 32.334319949653604
419 119.16956984256852 31.898864384649755
420 118.49814408456605 32.251406411879316
421 118.9425314441691 32.108676876665136
422 118.8159458948092 32.34402998017536
423 118.64747099689211 31.988524938901406
424 119.00382822993106 32.363514425787265
425 118.89618380873976 32.038093345190084
426 118.56072766874752 31.621416700013047
427 118.9727233407005 32.191420878573076
428 118.52857404059637 32.28749205029678
429 118.67125945043566 31.662649907262914
430 118.88877258561175 32.3670059254432
431 119.00836826496074 32.04609253307548
432 118.87701775899605 32.19276738346828
433 119.09609275148321 31.781762386582802
434 118.97786361071367 32.34979896390476
435 119.17216482137043 32.11869584320642
436 118.69566002017972 32.05968058052616
437 119.18838798465701 32.35746187756355
438 118.6511302195669 32.042923962778374
439 118.63339536353715 32.0241291189515
440 118.61405009734196 31.612417773096222
441 118.59298552203957 32.033335301538195
442 118.9388639667731 32.18517206350676
443 118.50299843402226 31.89941582580734
444 119.07349913170232 32.15924478003587
445 118.95914572203525 32.0437781692892
446 118.73944780781399 31.780149092677497
447 119.13248063652738 32.036129087368884
448 119.09928111853272 32.000025579466616
449 118.93575767049909 31.867351392090573
450 118.51902827061511 32.136522709743964
451 119.18688582595577 31.66115238155255
452 118.91102441653379 31.89328679561308
453 119.14041743995963 31.953540749967274
454 118.60328009165386 32.38974107764713
455 118.51225272685544 32.16360876826629
456 118.71639604683575 32.11519854946515
457 119.03075967425569 31.73653979042811
458 119.06565887971055 31.959742093437296
459 119.09613481866914 31.913201829640713
460 118.72113771362103 32.34936894331062
461 119.04145614151255 31.965073623542196
462 118.59489159894144 32.28185079143804
463 118.89506784791585 32.14350803970155
464 118.5229929416172 32.27744819591355
465 119.00396913266628 31.57606520854383
466 118.75758744174608 32.33199370831434
467 118.56291427464328 32.35966173843811
468 118.98349185846565 31.719807162487623
469 118.79548878904295 31.643395576480987
470 118.71054712145774 31.862305818549228
471 118.73334778230891 32.03147501407769
472 119.04630439677003 32.033461999443254
473 118.7950069350297 31.975419561473107
474 119.1176484367901 32.31948233866116
475 118.6044981789896 32.02532616265408
476 118.79144237092234 32.343398853643734
477 119.13839394265462 32.064622625605445
478 118.91614306875536 31.75524043596415
479 118.99217789532236 32.387977513291155
480 119.10023108719403 32.38866768814645
481 118.87377772478847 31.948971758295208
482 118.60242295621605 32.216496294573524
483 118.7248299737709 32.11922616860768
484 118.6713440483938 31.756889144573794
485 118.63082779245816 32.07503974860824
486 118.8969582167311 32.12066487223261
487 118.64394787124633 32.080572990319176
488 119.07720254850014 32.03821728280922
489 118.83069549368142 32.072872196800034
490 119.08005071039342 32.16545011539795
491 119.08636363869077 32.202745505710176
492 118.96844086198666 31.67523365847292
493 119.05107069059548 32.343236587501096
494 119.06920943406769 31.988784768939215
495 118.9241294558898 32.16620628831934
496 118.70192444219512 31.90799840318535
497 118.79636225934354 31.671417945924148
498 118.71737243368868 32.1270838051406
499 118.83046633843567 31.908143911350102
500 118.74754079983104 32.017585746537705
501 118.76148887124276 31.798376432084797
502 118.5668079382451 31.777994283323086
503 118.78307671453847 31.83111781704681
504 118.59963156877605 32.315247762248234
505 118.76585622618762 32.34792800705745
506 118.57161934541243 32.35038419157194
507 118.76958825668865 31.94777162649094
508 118.88450886692704 32.2283929804246
509 118.53389897440674 31.75084012140077
510 118.66991482651225 32.18352615937819
511 118.77352774578246 31.934100547554195
512 118.71133260372814 32.253754171223925
513 118.89033174412026 31.767235588913138
514 119.07278753655201 32.24906306886231
515 119.04029351039473 31.686074487114436
516 118.67968514206585 32.300307770903146
517 118.62719290387884 31.95274595647261
518 118.92366454100613 31.751995295292005
519 118.78416427784735 31.845428554758577
520 118.55948179660705 32.17829757997944
521 118.64614465336795 31.963798921856807
522 119.17463250456355 31.79042145718433
523 119.13451851148051 31.80646384037695
524 118.73730153463306 32.154248915644985
525 118.52456431226061 32.109710879310406
526 119.02951169546012 31.65480987811059
527 118.67676513144772 32.27167800851704
528 118.5186285399926 31.697389489162603
529 118.67666616177804 31.778157869426625
530 118.57393525058532 31.620916848109893
531 119.12451552755041 32.031669783791806
532 118.63591191700561 32.3098997009218
533 119.01694360004923 32.33375014608503
534 118.61066705531883 31.97668360527633
535 118.56443900262698 31.68279119447106
536 118.78255159572429 32.000902318893516
537 118.93983870923779 31.82984357053978
538 118.89204575242042 31.837708259502342
539 119.0418512900252 31.763927511086333
540 118.7740006150989 32.35323192521735
541 118.95196815464062 31.91158399749818
542 118.54090379591251 31.59779449730013
543 119.0265538273882 31.982279568323936
544 118.97302944539024 32.11737643691551
545 119.07426387375708 32.23840501532178
546 118.55434392879995 32.18383471854843
547 118.8261361815374 32.138478591755316
548 118.96529336172699 31.802818002521832
549 118.47709577094803 31.86650014218434
550 119.12243360797618 31.93381295670971
551 119.0695034345721 31.73216983916655
552 118.8625728341304 31.967519035203917
553 118.74557424923549 31.687063935712622
554 119.00929171947729 31.677821343357124
555 119.12281958730338 32.25273093795106
556 118.87082830803382 31.72446529854745
557 119.13805205703966 31.956144764381783
558 118.56687233023445 32.078771320063524
559 118.72330509775193 32.357969308508416
560 118.98899056641879 31.85811218090538
561 118.76411671004817 31.720101640780683
562 118.85946592568318 32.296269669565014
563 118.95067636501996 31.84467750748562
564 118.90850433530697 31.815380954258014
565 118.82042074648349 31.72564349625853
566 118.62349182459009 31.94285477955214
567 118.77749096315358 31.77277641239494
568 118.63415066801296 31.909563469816778
569 119.02929980725602 31.85893170588052
570 119.06202288511804 32.118405449105474
571 118.64255698161254 31.949621101165526
572 118.92667714087901 32.10803570635984
573 118.99286665550837 31.83608323556604
574 118.79742238069652 31.889865112768632
575 118.54998981033535 32.38625541962116
576 118.95873109867443 31.80196913290363
577 118.56754270871785 32.19395126161022
578 118.96767319035102 32.15606401788251
579 118.57146463365784 32.096211913357564
580 118.95805984381143 31.68435843153486
581 118.68124021300984 31.602062591772555
582 118.7593484552847 32.20772320638545
583 119.17162558568948 31.64916977520638
584 119.18105050348488 31.794839461949053
585 118.8740471220628 32.36859973193393
586 118.95857233457359 32.38692207893861
587 119.06887612579222 32.35055161077652
588 119.01329629567026 32.046606895167876
589 118.58178505659191 31.977622552329702
590 118.79047463073488 31.967944728882237
591 119.09247992434479 31.888448972712716
592 119.03158384195903 32.390652585474676
593 118.62546769872614 32.24440931766134
594 119.08754072213497 32.421838966937415
595 118.93688809461821 31.84003926013219
596 118.70052201400307 32.07903256490686
597 118.5330266111335 32.12166955513427
598 119.00921049987343 31.91449766675789
599 118.8268930270363 32.062848140948184
600 119.17787771876067 31.735478729609724
601 118.66625979202034 31.84434351137954
602 118.5639535184129 31.72413737038299
603 118.66192816812907 32.0755275831745
604 118.80547072637577 31.87727043253377
605 118.53209796899314 31.940493266786856
606 118.73753748886841 31.89798091180778
607 118.65553825104044 31.63077919418383
608 119.16364082496389 32.32290037079007
609 118.63544384515447 32.1630735837828
610 119.10775335993627 31.854949004059776
611 118.55772181782746 32.33922211893766
612 118.8851365092165 32.14711614743822
613 118.92782942347965 32.40278446576311
614 118.89038536989425 31.98689431423421
615 119.15793083822463 31.684964975159982
616 118.80246213517981 31.687786699918217
617 118.93691353222789 32.17210158576196
618 119.11588755515015 32.060664639336665
619 118.66489189374998 31.77235685769318
620 118.86522962999149 32.00435439556275
621 119.19212559408682 32.03112724599023
622 119.03754794176115 32.294410048413575
623 119.00919492004495 31.62266367090559
624 118.80390098365766 31.70315421458121
625 119.108944861285 31.912337640174197
626 119.07658424759379 31.691171813827754
627 118.79864055171214 32.38578121733079
628 118.88524541967945 31.76694943363345
629 118.97703342187064 32.089494651331975
630 119.02846124060423 31.952614247434333
631 118.83164386269972 32.2321056611578
632 118.75154648413388 31.636586000129892
633 118.61906212817924 31.87100303395432
634 119.0352893716671 31.97497309529249
635 119.02696575465956 31.68724178854832
636 118.6280911771399 32.07778079954577
637 119.10911747800297 32.01434847346173
638 118.60922383658608 32.27407137026264
639 119.07755567055426 31.960814646563843
640 118.61265406946129 31.863581240932284
641 118.93988734291298 31.85650366063999
642 118.86169164565506 31.819129778855636
643 118.60914407674422 32.34058665059769
644 119.03231455988983 32.23609439461384
645 118.99735806170298 31.86660308984949
646 119.10979208580162 31.947101725518948
647 118.82159375198106 31.67853926849881
648 118.87770726435312 32.064511692961275
649 118.97176003732541 32.18725925835216
650 119.10087953052756 31.801359909344054
651 118.76147256719099 31.966011881372246
652 118.9894193865182 32.13576407875254
653 118.9243143849407 31.986481007308306
654 118.64114282121194 32.02989630342182
655 118.9811706351156 31.759562741419927
656 119.07719842262398 32.221700061164995
657 118.83260287044838 31.687040904221156
658 119.17613580849267 31.96743240870693
659 118.86884251633701 31.83371280541671
660 119.13056043723233 31.69167234117603
661 119.00977790830588 32.30068127049584
662 118.7850661706254 31.759782836210384
663 118.7184412526478 31.994281699138345
664 118.78447059638175 32.09913725110283
665 118.74508376546379 31.835609044329015
666 118.51716026769918 31.996105254673544
667 118.53087568958786 32.008949911520205
668 118.78252017374295 31.932280156101527
669 118.61581164305657 31.876625826480407
670 119.07869494347753 31.79859371115521
671 119.16602666810297 32.32101786214385
672 118.71043815326541 31.980880654750646
673 119.02276954671798 32.14991486272332
674 118.74780742159844 32.01767408059207
675 119.1042674340207 31.859103307081227
676 118.82042962127205 32.00688815170571
677 119.13771410437288 32.24259384507221
678 118.99416187392227 32.285166874621105
679 118.5851172087014 32.36443561649056
680 118.6070121494658 31.798156809787592
681 118.8245657043129 31.880624097579872
682 118.90779233227097 31.685227698858608
683 118.85427352481005 32.41249320486531
684 119.13653505845471 32.10825691822862
685 118.50693645778904 32.15126049130588
686 118.57902544076174 31.958312347251635
687 118.69421877092307 31.814159378116013
688 119.14450174758107 31.922397534394722
689 118.49880718300504 31.836774122927903
690 118.8756448726385 32.023816797722134
691 118.49228558346566 32.258268537473114
692 118.8912130619264 32.26851304146547
693 118.82776063231056 31.85357966486099
694 118.58595940766094 31.734820677771385
695 118.92956727269834 32.19247950806103
696 118.93344351157828 31.93572410906482
697 118.82035332801215 31.73732742566257
698 119.04796403106921 32.09788969963238
699 118.54759775676294 31.681862282467534
700 118.71938062926961 31.67696954710209
701 118.83869474366075 31.574556582350198
702 118.71553517738758 31.75143621774226
703 118.58548810176113 31.97827133591109
704 118.57769286616764 31.754667851519624
705 119.03694042938963 31.631691156222114
706 118.69649328697332 31.991993939913755
707 118.96659381151666 32.322249947800096
708 119.09500227120303 31.62348185048717
709 118.71572978732783 31.79620745896167
710 118.62469549972961 32.34663960812003
711 118.89992643721912 32.11301013361272
712 119.08617884385123 32.244120003155345
713 118.77398934601798 32.3081874897211
714 119.08017185245082 31.768509298513024
715 119.19515567152402 32.21409015373678
716 118.96974891111341 31.815755376303095
717 119.12566665506547 32.3203997216335
718 118.55548772260471 32.33990807855655
719 118.78244136391571 31.720582801617073
720 119.09997853163621 32.292611458853486
721 119.03703816981933 31.635532872798002
722 118.58419766308937 32.07157100562529
723 118.66961408958102 31.978743211753574
724 118.71742415459518 32.092469613646735
725 118.94476588261581 32.19581178431186
726 119.02499369243105 32.30315928065421
727 118.85123096340936 31.995397339335103
728 118.53010682363904 31.645557604302482
729 119.1411266003341 32.359700187637756
730 119.17694311499281 31.644689538083757
731 118.72790893404978 32.23846195914258
732 119.07588818628408 31.707805685299096
733 118.87407545854533 32.31548449011477
734 118.82577627396324 32.10041827349087
735 119.1435869108927 31.854060258435197
736 118.49176095248642 32.266207074258425
737 118.77896541941016 31.734386401296504
738 118.64270619853588 31.78883980211262
739 118.82206865998401 31.83020244053224
740 118.81462242782592 31.91582509047207
741 118.63388751645205 31.795478309909228
742 118.91019347455968 32.31942116649486
743 118.75420333619006 31.948583288015143
744 119.12288564486876 32.372525520623086
745 119.16658128334049 31.84157383687866
746 118.75221103357897 31.97176429608672
747 119.01761983961397 32.27600383315366
748 118.9396912391889 32.39426551233459
749 118.76882860161899 31.96778006775709
750 118.7202712302694 31.984329384052117
751 119.15391772535219 32.36331020646234
752 118.65898858506601 31.929926815069916
753 119.06587542890902 31.952102478243344
754 119.03850351229421 32.39266336989917
755 118.63666119601241 32.00531869388906
756 118.7605942252796 31.687248858245884
757 118.81900747517092 32.37252397369565
758 118.84585182365106 31.947976539717807
759 118.9306370565066 31.895034457117447
760 118.77049657897865 32.306601976676454
761 118.94253044354413 31.60479198684561
762 118.8060537150076 32.364185001841996
763 119.17319069377773 31.659380931277244
764 118.96229472631526 31.63901923013305
765 118.82629397262006 32.323039127487405
766 118.89138607152941 31.96350975076218
767 118.58293731037202 31.72668141209026
768 118.67500931483107 32.38461730854666
769 119.00054882453546 31.839157879239018
770 119.22201431652387 32.35062753174167
771 118.75189920375517 31.99457344965636
772 119.21571274771104 31.91430972462707
773 118.75988677947566 32.05418353963615
774 118.80582893464805 32.32870029698687
775 119.17145122668619 32.38886712199189
776 119.06002714014991 32.12898056563511
777 118.87885337304174 31.90529813627164
778 119.18532382461994 32.26963555242658
779 119.20644246392382 32.33707538875718
780 118.61577201575025 32.00813498900006
781 119.07150889459673 32.189725957759144
782 118.68387603784193 32.33076060978463
783 118.70965985921251 32.16787194901843
784 118.79159552415322 32.104683636917024
785 118.84442854596998 31.875714342896927
786 118.59131109153141 32.09549394058824
787 119.02900368112243 31.770107755396317
788 118.5004180321809 31.70969350854275
789 119.19139588377949 31.797587732598735
790 118.69591463949445 31.928639568104575
791 118.99824660127557 31.874735949560577
792 118.84804330038806 32.15713479432717
793 119.0812901964796 31.910004164282263
794 118.60804678813139 31.96793882605689
795 118.51858461762198 31.817019792415635
796 118.61405113919048 31.70001607471801
797 118.96627174343905 32.1754646891228
798 119.08488940063384 31.78275458685581
799 118.60392417135117 31.971853098394327
800 118.92257414482941 32.08958290060039
801 118.522378820652 32.13311803017868
802 119.06433038509226 31.951333179172973
803 118.57212282596046 31.805893611328944
804 118.63798752100176 32.31089970422923
805 118.95439953256553 32.14334028708829
806 118.81288160790965 31.784219323218224
807 118.69468980375012 32.23835242505016
808 119.17228579718385 32.03543978192262
809 118.88302629214841 31.95803342676318
810 118.60560514740664 31.70158410713283
811 118.80513647638008 31.779670295256935
812 119.00409394753578 31.69099774210539
813 118.80689991726189 32.13010121023113
814 118.5895962213266 32.18132719943192
815 118.61577117176584 31.97205770055576
816 118.66095246429622 31.64445756716944
817 118.885671401699 31.711239754056255
818 118.92976273201978 32.33628998569229
819 118.82926489029042 32.31340832291087
820 118.62520389117105 31.92126840287489
821 118.7274410442097 31.69997292078995
822 119.12978763580229 31.971420875958056
823 118.68061494799156 31.933276056278096
824 118.9860830247593 31.6069609226404
825 118.74338326367183 32.1902793433505
826 119.19518234008837 32.09743998481778
827 118.50757912016115 32.03329832672256
828 118.703584318329 32.24291379088499
829 119.03940258783066 32.285096435171106
830 118.53377210582404 31.77002581972285
831 118.76290814119882 31.654953068535136
832 119.15918235895091 31.906605855665315
833 118.98355464835504 32.27251881566783
834 118.58567478811918 32.207934432290905
835 118.54752105235697 31.7919553725859
836 119.17532623222313 32.215087689024806
837 119.15076010113945 32.0663327359258
838 118.61117053372094 31.796703621747127
839 119.11337279563172 32.14563407374201
840 118.99922862831794 31.83585918268772
841 118.7967794815257 31.872467863335697
842 118.65449358197407 31.763445742602855
843 118.60229204292992 32.05138261172181
844 118.64993454915275 31.988019549214794
845 118.81345529837498 32.106117416916995
846 118.5272761886722 31.597872039609207
847 118.94403855964045 31.926849576741954
848 118.93573363510629 31.648040375286318
849 118.90680344920563 31.846726868030554
850 119.09158602897132 31.673998772268952
851 118.5628576069184 32.07082463193776
852 119.18248906074878 32.341570620946385
853 118.8246167533431 32.27136456857896
854 118.83393186127616 32.00562044887623
855 118.61838029244058 31.874935404789493
856 118.96453318690544 31.61100024516917
857 119.13593806558559 32.13552765806582
858 118.55238831614376 31.833813028880712
859 118.71166678382785 31.9409674264431
860 119.05435249935722 32.089956268094724
861 118.51603643111213 31.739490679456704
862 118.90391101879571 32.0339986530915
863 118.64484478456785 31.97177239129393
864 118.87332009185307 31.90330392277727
865 118.61158371886236 32.27769992857567
866 118.75015609803185 32.2022719902755
867 118.7265154529506 31.686445168788932
868 118.77807634426128 32.31491065917816
869 119.1695886294922 31.57369403490893
870 118.59164306914877 31.782681439171597
871 118.67692903244904 31.70102927862239
872 118.98282384088446 31.864043914605293
873 118.75934284710097 31.696205473530735
874 119.14238382212784 31.813323865057008
875 118.7309727868373 31.93513767812344
876 119.15836078067288 31.9703069986967
877 118.59363809129538 31.82963899414941
878 118.82305947050199 31.65913444039587
879 118.86724854168415 32.02132208276831
880 118.94085798622775 32.074741014956054
881 118.77895152613199 32.11192188922552
882 118.87759371214587 31.599387567368833
883 118.64505670112146 31.684092112259236
884 118.66278826062934 32.128797190843336
885 118.56762026952893 31.737599597755413
886 118.87430920753239 31.69797618624945
887 118.82866527113082 31.943093862096013
888 119.19634954543508 31.90231717779536
889 119.0580278545872 32.129499036779514
890 119.00089611678939 31.634817805582692
891 118.72146469481946 31.79131896833001
892 118.67267497951501 31.79443785663263
893 118.97695237973339 31.848524260900522
894 118.66698315026808 31.590915879196736
895 118.51816866397839 32.03745338629817
896 118.71636414254066 31.593848603564073
897 118.87129141837435 31.826226676281863
898 118.62192114906473 32.32039761861303
899 118.58155722896234 31.707692877981444
900 119.13469551994308 32.144293359841086
901 118.82722413972425 31.965038328605242
902 118.50733128962018 32.31771053565332
903 118.66552356652649 31.96535385522543
904 118.53570171853102 31.778299040500592
905 118.70236756808501 32.411255651911134
906 118.78404265289284 32.17382344745362
907 118.58902801473741 31.7191227132144
908 119.13854341937466 32.04207619768253
909 118.83110707854249 31.860758987414993
910 119.10089831302787 32.31340900794097
911 119.05765840848638 31.72528116939892
912 118.59246738797485 32.103038713327244
913 118.53989075906381 32.347826543723954
914 118.91166246806966 32.3440373963063
915 118.53168212723298 32.30423927357432
916 119.06717818485365 32.0994985261741
917 118.71506015556683 31.85579494704746
918 119.0404655620991 31.64954084435981
919 118.62846931633015 31.74780169686409
920 118.71345604401822 32.30769839590029
921 118.94348364073805 32.164179563287185
922 118.65279767560025 31.673071230759604
923 118.66634036881914 32.37623760109603
924 118.74655594967771 31.997094856653337
925 118.5448386104391 31.744054368057096
926 118.98565338318835 31.971559827047958
927 118.57378493325544 31.943508340835802
928 118.67615868042996 31.777824387905977
929 118.53266194158881 32.11709259181124
930 118.81970250232713 32.036436289747606
931 118.71278796811771 31.823861051239877
932 118.86145539812765 32.20446720076522
933 118.96167759651374 32.03270734919554
934 118.64099569400223 31.87813955427256
935 118.74485554012844 31.715214368930198
936 118.86180477212557 31.98739752933832
937 118.66769411462585 31.730474403555895
938 119.1436421687004 32.326973596603544
939 118.54463386216467 32.01128826756501
940 118.6129823660473 32.33171604525944
941 118.70055677727709 31.85085086262169
942 118.9378007802297 31.939041465968522
943 118.54070131759326 32.03186491549719
944 119.14419504592566 32.30766712590072
945 119.11833249727677 31.713767399189052
946 118.95959628975753 31.909804768601255
947 118.75896008212455 31.681395534157968
948 118.6875546763241 32.3428845342321
949 118.71491290379939 32.25455496550208
950 119.12011472852791 31.92137245332704
951 118.88119655716693 32.11299244254663
952 119.16201239253795 32.0571749442917
953 118.86362272708496 32.075865209232695
954 118.644577305103 32.24636735751621
955 118.57697107827693 32.36720164850498
956 118.9673219900038 31.647403080858854
957 118.72267278851751 32.04659325020984
958 118.96223306632524 32.32854238422269
959 119.17332293379937 31.91447240085091
960 118.51837708919975 31.77839921561052
961 118.58055042023302 31.67290220246021
962 118.71099420966412 32.121326435086615
963 118.70737657142627 31.734724501513888
964 118.77262333166034 31.89237790962833
965 118.80107027370762 31.900482250940552
966 118.77574467453995 32.10063568760403
967 118.553115799638 32.386581884490305
968 118.73019825041904 32.39290190891123
969 118.60742068241916 31.848784158002836
970 118.61779637053898 31.813797480365
971 118.91900152294379 32.18181393296447
972 118.52725234496107 32.15356966159962
973 118.69078535142414 31.830007236391648
974 118.93320336704731 32.362316352472455
975 118.70247878843723 32.245336997555256
976 118.85890784519067 31.75076914438195
977 118.83021695340807 31.982716592426776
978 118.92732088965889 31.656897810744077
979 119.07473007181184 32.0356986548316
980 118.68712211743158 32.039633536925756
981 119.13925668523889 31.775666752198646
982 118.96953518260455 31.6630410595201
983 118.78762982200409 31.712753183782045
984 119.08737521168823 32.031329737050406
985 118.77998233582437 31.64244258886732
986 118.99806748281402 31.751158802724024
987 119.11997247796226 31.731034133544796
988 118.69700142593398 31.923429776221365
989 118.83586637870538 32.0187502770504
990 118.77413216376426 31.872869377731767
991 118.56183101062584 32.09773674893708
992 118.57500892981433 32.33572402537418
993 118.56844053304576 31.80114150417698
994 119.12795158895045 32.38859418466374
995 119.11773541772781 31.87861111209793
996 118.73885192437643 32.08707598032263
997 119.08561319288033 31.890325712677907
998 119.16400609611719 32.16227790101299
999 119.02882687130116 32.28706713352441
1000 118.6700944649916 32.24311603237668
