1 118.94120523570716 31.946367478103948
2 118.89470676720462 31.615920526400863
3 118.61511101934957 32.05069522472753
4 119.0544816978003 31.966689274937785
5 119.16864125923226 31.941594403350795
6 118.958746831095 31.869435931142206
7 118.90482229528685 31.754157796009988
8 118.60955563216821 32.074819619617905
9 118.69980423168705 31.831986868244723
10 118.74910015384242 31.811544920104936
11 118.62442952113709 32.095039579030505
12 119.20312283552367 32.02640506927862
13 119.14618169868648 31.71524697454905
14 118.76686917772581 31.98866382099851
15 118.61187360137264 31.73086494042512
16 118.77223920854232 32.23247641689844
17 118.63445562401537 32.30440193107179
18 118.87344732134963 32.00421503980128
19 118.65987928094843 32.280705026206704
20 118.53706034949349 31.666782933507193
21 118.93093426083739 31.990279376366427
22 118.74684364859121 31.636044382908082
23 118.97988265568175 31.940057604176825
24 118.85992922275575 31.68543643691263
25 118.97068847644023 31.68941733953914
26 118.72520208431042 32.08668997235519
27 118.89821089430491 31.777339334264244
28 118.83903993394117 31.667736460222738
29 118.9221020929746 31.778419996444192
30 118.52031644961667 31.87249259897249
31 119.1887849424321 31.97701690979008
32 118.67055794512449 31.76579594290752
33 118.55721102170949 32.09685696954763
34 118.71065120128041 32.00299368631387
35 118.99481072704165 32.03114771872556
36 119.14256148313649 31.912913599148826
37 119.09121079333286 32.20539605530819
38 118.70767548717244 32.05119215346536
39 119.09600711794447 31.711351719591196
40 118.5609205555391 32.14789965438076
41 118.55558202470493 32.37091401130579
42 118.63283764711896 32.01680296637101
43 119.0427299925876 32.305063744404265
44 118.9919870798037 31.870501551373412
45 118.5880439901343 32.062099982810636
46 119.01079362377125 31.940206676014302
47 119.02983723678227 31.929317776020696
48 118.59922902455459 32.24176218936192
49 118.96557287200757 32.03400753405642
50 118.78308065505158 32.35461376029855
51 118.53889324686216 32.01923243735042
52 118.87298372589643 31.674115957234275
53 118.84693866372157 31.895695897884877
54 119.10333279709496 32.27878847925768
55 118.94514388375997 31.94973374696098
56 119.10049781946128 31.624274217928573
57 118.85511493342109 31.820737122223232
58 118.99778828026803 31.639126363988186
59 119.16836619540416 32.37946880018336
60 118.52636450114412 32.37907930603831
61 118.79921310708392 32.23976913704998
62 118.80885873046603 32.076262817181735
63 119.03971122042525 32.21780392987903
64 118.53085018837334 31.74773968161678
65 118.90356538377237 31.83493147291301
66 118.68469290670569 32.00266053494764
67 118.79866761785023 31.88504137888639
68 118.97165981806621 31.65086090998247
69 118.9312775284827 32.35688693467202
70 118.66303515818501 31.973021770116322
71 118.63447205621274 31.997999720941507
72 119.0755463678403 31.87578241783592
73 118.84904185548409 31.820940857142244
74 119.17477512885128 31.887243134690017
75 118.95961106622696 32.26919266988525
76 118.65269487872182 32.225186780009636
77 118.62291974688209 31.87820058469198
78 118.72738854702989 31.616764114465155
79 119.03892682727775 32.2260686191153
80 118.82216192960736 31.807614515923053
81 118.89346409364073 32.07099552082827
82 118.92565775421339 31.61168756761119
83 118.64935649150365 32.11228935918277
84 118.7223055096589 31.931907208572117
85 118.71070418380523 31.976258309636542
86 119.13555237285 31.927656604226076
87 118.52004049091272 31.885002941358874
88 119.17576073807244 32.02237898891184
89 118.6116107580749 32.39166503774747
90 118.85046464631698 31.70041797426974
91 118.68209340719282 31.862790411387813
92 118.70087272294974 31.631102307016725
93 119.0324731176975 32.20689988781747
94 118.99633306201865 32.13578819831915
95 119.02857037746412 31.769168393747737
96 118.59999838431024 31.90637621140647
97 118.65353098262706 32.13473384398712
98 119.03387950447151 32.1356146657874
99 118.56923903663501 31.72967813510781
100 119.089501339182 32.320441709021075
101 119.1049471350021 32.232226789207104
102 118.86110445658372 31.687226884662127
103 118.98148116530633 32.28538712880411
104 118.72715021354698 32.20770296996392
105 118.94435545763719 32.251498578140165
106 118.52866898160853 32.02774850853588
107 118.68018883211846 31.780921014872167
108 118.79103349221435 32.362946955038424
109 118.86896085714503 32.08053703417219
110 119.19808716653118 31.87231053604886
111 119.21738908688116 31.833568317390544
112 118.58802737008 32.318808944916796
113 118.701265081108 31.955952753947706
114 118.55342081135984 32.047995816006576
115 118.72587861815661 32.108614093103895
116 119.15721035131277 32.26781396210958
117 118.90969769535016 32.09015677922501
118 118.52747425564948 31.73840107589622
119 118.88173504241385 32.06221230556089
120 119.1599174134192 31.995135194862556
121 119.19043961297457 32.04064406411293
122 119.13278043795096 32.15843233798928
123 119.02951418228963 31.793678427877364
124 118.66344880962632 31.74965075668637
125 119.13896711780386 31.69362370966272
126 118.72680845462672 31.834320302934966
127 119.11575196201319 31.60909548760399
128 118.51998477215915 32.09075510786733
129 118.55235947948415 31.836719539048147
130 119.04986379453757 31.748834423414564
131 118.552912802864 31.673271687774086
132 118.80688787225556 31.815306951597165
133 118.7454005572675 31.777864912954573
134 118.65565444747928 31.830215478734807
135 118.74781398876063 31.964061328304165
136 118.83701996907072 32.021193597548084
137 119.11989857004728 32.25731324071187
138 118.94084657896344 32.37274185964989
139 119.13998612035154 31.640942610230347
140 119.10673050780964 31.800346126055896
141 118.59106493613567 32.09786265475082
142 118.77337668399903 31.76122364458977
143 118.85921370626474 32.29980632653847
144 118.68610485362012 31.753256449065333
145 118.87780842978448 32.16945175960772
146 119.20081624722444 32.09768893031886
147 118.65704346443319 32.23064251531861
148 119.0536204135418 31.631687380500626
149 119.20192307111924 31.790649043870612
150 118.66124111940492 32.17627134726221
151 119.10449428621453 31.704533457559933
152 118.62451879520175 31.636152115467457
153 119.15199999883406 31.883843986120546
154 118.6875267220627 32.09712438216577
155 118.69836022211287 31.606058985519518
156 119.12463654881718 31.67640807315855
157 118.69517529262352 31.622406858444336
158 118.66021065047433 31.92025065832135
159 118.72580067422625 32.14334865271359
160 118.9960916917062 31.76150977467357
161 118.51276798794449 32.2770088024542
162 118.62048887187828 31.950552893875077
163 118.57271769371897 32.1058535676622
164 118.84021907682508 31.832366159211162
165 118.52235085611451 32.10862847109754
166 119.14724047490694 32.3846521403521
167 118.82409691255808 31.966926382240317
168 118.91881696009116 31.77038154495391
169 118.65935442404556 31.955923987095275
170 118.9973351636606 31.939544602271457
171 118.5005052000779 32.00490676460466
172 118.5514788820934 32.01672452787434
173 119.15071026155645 31.642816130516085
174 118.62242954682497 31.726497411907705
175 118.84617555804628 31.966004395961306
176 118.88809910328803 32.16399304189298
177 118.6076338648341 32.23293644682538
178 118.91332973801036 32.2083100616303
179 118.67812055789177 32.01854061598209
180 118.95583720686761 32.37122114013686
181 118.69407195084779 31.85053971728154
182 118.7749177902935 31.980116126303123
183 118.84541336332806 32.23598121823507
184 118.50155782876936 32.25399365214797
185 118.58420910641031 31.911132392592826
186 118.54956867765772 32.28609597256891
187 118.78878193450727 31.95793375024108
188 118.88647081627757 32.18225836962423
189 119.1809568119706 31.59511716576238
190 118.73770955038962 31.620144305324963
191 118.61661844094066 32.33073924395159
192 119.16437314128707 31.69255514223504
193 118.8783799283761 32.154433482739165
194 119.15984991413339 31.83544981487698
195 118.73729929890182 31.75705667067769
196 118.54931616065831 31.87939734999386
197 118.83815602689677 32.347561973359866
198 119.22243760826011 32.06063062711427
199 118.54219574684619 32.32489135379399
200 118.86276515978389 32.167026173121926
201 119.08561025010451 31.97385374325335
202 118.65519326994847 32.00227612258286
203 119.05991610331844 31.78164664119973
204 118.54406020004379 31.61195745448569
205 118.7132367689386 31.9070584550102
206 118.62086829776365 32.04159547995344
207 119.17041711298774 32.31292733586818
208 118.93175465404785 32.12474240256774
209 118.70413939730064 32.26129065235582
210 119.13308120375393 32.325973853557905
211 118.89579705080969 32.330855546537514
212 118.76354909068328 32.239894779464706
213 118.9851793102096 31.715342253783238
214 118.95483695502776 31.88116075011206
215 119.18348545751083 31.751923457295163
216 118.52244911729903 32.29899238669262
217 119.08735901235629 32.21329641378588
218 118.97698457426127 31.88287700532306
219 118.60386746809229 32.0492276724514
220 118.76013993943002 32.2629313811927
221 118.51727249758585 32.279098217832725
222 119.09452573751743 31.74977342791787
223 118.55465062869864 32.20324895315221
224 118.63457537802438 32.26086308672959
225 118.97909254907532 31.667991716786272
226 119.03494322693187 31.676411766112622
227 118.67514563507163 31.9372519788375
228 118.62882997059671 31.78016080356919
229 118.52400318349041 32.3119488796279
230 118.54254569970885 32.19104413252556
231 119.12615648407741 32.17005376377542
232 118.6524805376923 32.20645777237744
233 118.7787550012174 31.839421087637714
234 119.04696196458158 31.78077904631271
235 119.1678369234005 32.082097766275425
236 119.12804136203808 31.911391124646606
237 119.10906318660898 32.32796339092049
238 119.07343669479977 32.121476375105175
239 118.74653378105057 31.89631204486486
240 118.94900554481482 32.26055952109585
241 119.00727416262816 31.912109833921765
242 118.79520055151421 31.725056360929944
243 118.93838601581875 32.21837024411184
244 119.18653860705973 32.001213698408534
245 118.71859976651089 31.795469118759545
246 119.15723028095806 32.149813082474594
247 119.19074905627252 32.388066221672226
248 118.89187123296753 31.80495148718565
249 119.15884677785812 32.22666376812951
250 119.00835269817955 32.18759994327909
251 118.9942099194308 31.69913276721909
252 118.57423329273114 32.28018141777216
253 119.0228954166475 31.97724236942804
254 118.6180673648149 31.683243498870365
255 119.03190765623877 32.019783664270456
256 118.53342458206559 31.852385440536285
257 119.12501889024492 31.717364012989208
258 118.62324771424477 31.65956825282512
259 119.09263422636478 31.77357086004122
260 119.11225124312215 31.954512363110663
261 118.55271001313993 32.1149945577977
262 118.5606181765001 31.669327905451414
263 119.16344581186482 32.162018313656525
264 119.17918624954432 31.68368532694275
265 118.5475074951369 31.742112915484157
266 118.94310352608802 32.18113536812767
267 118.76872378366987 32.290396652588456
268 118.53948773407886 32.35200298712287
269 119.09894815295567 32.11646624157759
270 118.97063886515934 31.96624066656496
271 118.56235235660861 31.687239722847046
272 118.8207596442315 32.0553565763571
273 118.79157475997914 31.72161582177635
274 119.18012490872843 32.0094467219544
275 119.19165270126345 32.07907278497518
276 118.65693477132558 32.2722957494899
277 119.0308791231157 31.852019815986516
278 118.9588290633694 32.37890431420037
279 118.8273798122625 32.36729872210807
280 118.88894813064502 32.27427586007987
281 118.767985247449 32.1706483368144
282 118.51596592481984 32.171629929435454
283 119.0331898603531 32.30779377925928
284 119.03914350124633 32.36571944191364
285 119.13704478620573 32.259202181151196
286 118.84084834205471 32.125111345455025
287 118.55616562721977 31.69243929145055
288 119.16746268895734 32.10383476712138
289 118.68911250030042 31.884622420556717
290 118.58832008327543 31.7148071868145
291 118.59477979534628 32.314957651759215
292 118.91895709992744 32.26227292065863
293 118.76088591286549 32.007899375303445
294 118.97451094116028 31.968260754268382
295 118.53469174013462 31.99649823097985
296 118.51717039185542 31.825140065439967
297 119.18198559999679 31.896513125655122
298 118.54804482324228 31.96202209140978
299 118.74252399474447 31.62236446963557
300 118.53011219567259 32.310824243174686
301 119.14190061976839 31.63801042621664
302 119.10602043410724 31.916206466830598
303 118.9010787783769 31.687768212677767
304 118.58857117978712 31.789124483352413
305 119.09195614349157 32.35634162993011
306 118.55013974988603 31.896354986661326
307 118.80983091618879 32.1682591947621
308 118.71282307145444 31.689049695870654
309 119.20805870829683 31.779456891800578
310 119.17603689628723 32.300365675802574
311 119.0715228145306 32.31142313983641
312 118.81290927525592 31.789730552298582
313 118.85811024172978 32.38322776384943
314 118.89707014961569 32.14974165921178
315 118.89120427178696 32.00303457803939
316 118.62544589114053 31.877621129036417
317 118.6743909582068 31.876590010669947
318 118.993184249235 32.383256576144625
319 119.09358350508023 32.16065390400432
320 119.16831892302282 32.01135570425389
321 119.04716711479021 31.63280422163649
322 118.92218264762788 31.804456050994
323 118.5370027968633 32.33516140406371
324 118.55998902483176 32.037637476922235
325 118.63188705736826 31.867767678945754
326 118.98729464168063 31.64179680538804
327 118.70556369993481 31.81645642824463
328 118.77974962549196 31.789341368322443
329 118.60166687131637 31.728859955019697
330 118.66531947938745 31.878382010878042
331 118.75187109580814 31.739535891436873
332 118.93948403501466 31.66374328604215
333 119.20028305637378 31.715696150318237
334 118.60016989873061 31.987792319170488
335 118.72337124092292 31.647321748669267
336 119.20202137609708 32.34253826181803
337 119.09880006010152 31.769606461814522
338 119.17518030731281 31.989625501681875
339 118.86401624214676 31.92120180254238
340 118.66427376152495 31.840284907052435
341 118.63733965489418 31.86865705346626
342 119.05669935864121 31.798284775344307
343 119.16062442140581 31.819456970050773
344 118.93114536755648 31.702694747497368
345 118.96332805323118 32.14098904174551
346 119.13046486470436 32.093587460938
347 118.68171920422306 31.847275631736764
348 118.91567807525954 32.31722306101884
349 118.88189159857609 31.92139066633699
350 119.13715043561767 32.095800447545706
351 118.74026501538083 31.995905674497724
352 118.57944509766588 31.862867524177584
353 118.59352475162086 32.30377846834103
354 118.69021845704212 32.28775135161232
355 118.55450609035941 32.27443838523235
356 118.73002839267095 32.39621694087324
357 118.87779247910242 31.630871019717024
358 118.7995032668484 31.985217019349626
359 118.95017141960432 32.36510637998271
360 118.86175635540879 31.70267154988232
361 119.01669912878573 31.795750958334633
362 118.82678061084236 32.012945113629755
363 119.0557675449835 32.11494679150914
364 118.80084839583581 31.874209323917565
365 119.02636953774123 31.85019228298673
366 119.01469434352813 32.23609850859774
367 119.09461897460916 31.618188071089346
368 118.6206673083821 32.236286190550025
369 118.99752687675473 31.935549410195733
370 118.49420450657468 32.12092045882779
371 118.7734901252407 32.16934500232603
372 118.9143446225214 31.684656181323856
373 118.50423240077733 32.34218402092407
374 118.53968730534281 32.258020135599814
375 118.65111755756851 31.87745146052656
376 118.78987066958648 31.754098829529386
377 118.98980853580377 31.664114756618964
378 118.64783725759344 31.83414154999775
379 118.76726152267813 32.18087599461527
380 119.13559270906407 32.291585295069645
381 118.73199492526457 31.836300280836358
382 119.04058590606891 31.795961183465856
383 118.9145298908967 31.851096339626896
384 118.5607694957668 32.37296216960581
385 119.17208000167021 31.66755079892101
386 118.59033171216346 31.73530745192924
387 118.75238274168912 32.15705326449863
388 119.19137204406977 31.702470262579297
389 118.68347438926435 31.78378413613977
390 119.15316773866661 32.26551529456158
391 118.96490833515249 31.843271824559498
392 118.61774579232502 32.08758657993643
393 118.5908140996494 32.02639378271613
394 119.17840010859895 31.82729216455459
395 118.81395491977072 31.80220061287418
396 119.0398960087231 31.786245548695625
397 118.60592729534554 32.302110555303685
398 118.86407770016564 31.615522857080908
399 118.58129528764206 31.689183516050615
400 118.83046371555865 31.871433284604436
401 118.5063885868592 31.76785732109864
402 118.5019170826422 32.05006757471187
403 119.13158814180778 32.02473536352634
404 119.13419972664911 32.00231355165603
405 119.02580297455464 31.84522461539229
406 118.85328905317449 32.01845933053747
407 118.6429163740157 32.224249824353485
408 118.994149789197 32.24144349403024
409 118.63830803523499 32.03865406128709
410 118.55073792322537 32.237548410745454
411 118.7077058055634 31.669993635607298
412 118.90699031421786 31.735169563677896
413 118.90509783416948 32.1990531839152
414 119.0666683661621 31.919115093718776
415 118.75581941724622 31.860658275895002
416 118.59125700409638 32.061065885444044
417 118.53843947918996 31.911600862289895
418 118.65249334662704 32.33171271352672
419 119.15257916401274 31.90332129619919
420 118.51274412287538 32.255081362904704
421 118.93531448084524 32.09483573467317
422 118.81245611671376 32.341755076875494
423 118.63998240180683 31.983920215076303
424 118.99783409463232 32.36801718549305
425 118.896910187366 32.041316208291114
426 118.56870710715546 31.62773326595468
427 118.96490494690413 32.188958281164055
428 118.53236161996315 32.304048984058376
429 118.6601782002677 31.659210252628135
430 118.87995173755927 32.3795726167258
431 119.01801042132693 32.06447133041415
432 118.87314545081702 32.19294892224115
433 119.09729539547975 31.777720929842577
434 118.98222825265964 32.348155178698036
435 119.1817416515969 32.1195866077381
436 118.68642511576545 32.05149907016811
437 119.18236612690916 32.3734695042575
438 118.6576913013337 32.05238765495008
439 118.63700129420928 32.014876894597876
440 118.61800645173554 31.627491198379996
441 118.58572885458659 32.046097507150094
442 118.93938540406076 32.192850611383655
443 118.50060461350509 31.903915272838884
444 119.06932207600624 32.146066332152614
445 118.95130752842306 32.04083787197879
446 118.72368336466167 31.763501673975053
447 119.12046781476576 32.03813086892064
448 119.09531735450773 31.981689249438435
449 118.93256079566432 31.86167591837211
450 118.52832217506844 32.13144527172038
451 119.18502517143133 31.66070876235225
452 118.92446194699144 31.88886849475859
453 119.15477300213894 31.94321560132865
454 118.59449890102064 32.37964160177766
455 118.51417071061718 32.16011566241569
456 118.71887678017907 32.10805454120983
457 119.04142543081358 31.72056475545821
458 119.0694037538385 31.960406052732143
459 119.10189475042876 31.900581957944862
460 118.71523545572656 32.36327622480492
461 119.06176690062792 31.957673398043315
462 118.59525647628067 32.273813111881246
463 118.88666852435311 32.145921237252004
464 118.52722923771911 32.2750595577367
465 119.00085466957363 31.58067997380582
466 118.75491968502847 32.35533381844373
467 118.57515062458857 32.3585339587933
468 118.9759909551091 31.720330682534644
469 118.78020666911304 31.637920419782393
470 118.70041788941195 31.861258094780226
471 118.74841543357692 32.028202202250604
472 119.05034700569739 32.020263172751605
473 118.79529174154396 31.95657235804262
474 119.11647651853663 32.32506097161851
475 118.60473358963145 32.04462580249778
476 118.78571149421836 32.34671603238102
477 119.1308859507348 32.06538542482782
478 118.90514304472177 31.755792430370423
479 119.00351894355082 32.400336831164175
480 119.09564750884432 32.39155115768604
481 118.86938580730681 31.951532252162497
482 118.60744891233625 32.19901809945375
483 118.72305216735927 32.12163015185189
484 118.65348817756241 31.751102784115268
485 118.62898870201818 32.066822417134595
486 118.91237158476223 32.121197955686206
487 118.63635344030217 32.08439913441399
488 119.06877821093454 32.03087581446079
489 118.81294808568141 32.067482065310095
490 119.07299159212128 32.177476086171076
491 119.09335696817242 32.20902282547898
492 118.98028472230904 31.683450072944723
493 119.05174419106277 32.3309200148674
494 119.05707017788038 31.996987442717092
495 118.91854790425812 32.1560084985653
496 118.7229561314855 31.90783733503101
497 118.79714382602107 31.65438255494419
498 118.70518442078242 32.11799557520548
499 118.82475348852768 31.903424809427314
500 118.74705967110269 32.02048101919917
501 118.75318017279129 31.80720016756321
502 118.55295276376584 31.768547983792622
503 118.78239720523578 31.83234744245155
504 118.58326310903428 32.29464802766813
505 118.75133786438833 32.34551963548391
506 118.58773511639926 32.36726801155525
507 118.7591806674664 31.938716918113155
508 118.87580198882158 32.236121140288816
509 118.54495533826898 31.74451483737528
510 118.6632651150921 32.18187116134292
511 118.78813042099556 31.92207750859388
512 118.68839742815992 32.25696074379552
513 118.88563767080949 31.783758113683415
514 119.08633788358243 32.25084539332312
515 119.0483525584304 31.676489095975107
516 118.6830150722849 32.30134240812439
517 118.64402444471415 31.955317249196394
518 118.911122704354 31.74101218813871
519 118.77278498095559 31.84183972492449
520 118.55279040673581 32.18217379571243
521 118.65577679175857 31.964635632883773
522 119.16392502611599 31.78369073509658
523 119.14886151232515 31.814000717191036
524 118.74661709138957 32.14533165824003
525 118.52424055947627 32.1248667733913
526 119.03992963723604 31.64433696535875
527 118.68621144891982 32.268884131399474
528 118.51689542118383 31.694070943578925
529 118.67939691143133 31.77665165679152
530 118.58706719616009 31.621804113944137
531 119.13173957732621 32.027004435181674
532 118.6365871881755 32.29891276851466
533 119.0078969368413 32.33032354054187
534 118.62491721991644 31.97770557028579
535 118.553689416785 31.69841112761514
536 118.77015463150795 32.00020485319961
537 118.9401163971057 31.827080752524537
538 118.891770750508 31.845135778029224
539 119.0547706068566 31.773397716023727
540 118.78524260999964 32.35022280426625
541 118.9275689226847 31.909750237360434
542 118.54335121274008 31.58622649088689
543 119.00604151457428 31.981145820425244
544 118.97378236820474 32.138357171472194
545 119.06185621012526 32.24161375736479
546 118.5525927260672 32.19162475504698
547 118.82140903266621 32.15027721889258
548 118.96119970663926 31.78812501704331
549 118.49370171439246 31.877356779189594
550 119.12710030511327 31.937016587274403
551 119.06795678900446 31.72834333239754
552 118.86451817651057 31.965071390210916
553 118.74602411422586 31.68235894900267
554 118.99408243273776 31.665865107568987
555 119.12148601939157 32.25437774873462
556 118.86805857165444 31.726566620791463
557 119.12305510102988 31.9678299201319
558 118.58581749720717 32.075066813335575
559 118.7196808870857 32.35078531986467
560 118.97382561793988 31.862683075604828
561 118.76250129860993 31.74110368649988
562 118.8583714412255 32.285865893040864
563 118.95029599687585 31.835560892140712
564 118.90283838872915 31.833401264919114
565 118.81368045295987 31.73467907608312
566 118.6168259982209 31.95741885226307
567 118.7794619526142 31.757867854755858
568 118.65303908982301 31.9021802531851
569 119.03078062216032 31.859959462918578
570 119.05144564221368 32.120913031435755
571 118.65283626374055 31.9552041760295
572 118.91233914590565 32.11412977526997
573 118.99450558263594 31.846122770005888
574 118.82425142710036 31.89208252841799
575 118.55612159893404 32.38189741328811
576 118.97104202109335 31.800244671354292
577 118.55171475605711 32.20658070769144
578 118.96968338155467 32.15676374584685
579 118.57581412767505 32.10150007708376
580 118.9552423204988 31.693417420090977
581 118.6883078654524 31.599692302787144
582 118.76324039350544 32.201564117381515
583 119.18507999976423 31.65006933969083
584 119.15695517714451 31.794090367006092
585 118.87837309826338 32.36900892560309
586 118.95180648438638 32.38043979662205
587 119.05534870316846 32.33867530942845
588 119.00994394635387 32.05084529030039
589 118.58738724920364 31.964048527803733
590 118.79180203023223 31.974896810877805
591 119.08118090445947 31.874081153425912
592 119.01274194370852 32.39130577007839
593 118.61442004337628 32.25365522215501
594 119.09230275222805 32.41848286574006
595 118.9378436841276 31.8472597207323
596 118.7037292929396 32.068963143689324
597 118.52929050977615 32.123708145973694
598 119.01824433976925 31.91910281568514
599 118.82372179864126 32.06749204084031
600 119.18220785102007 31.73206251921017
601 118.67350161894875 31.85447938791066
602 118.56267700455737 31.711971486471967
603 118.66273458312222 32.076028780224384
604 118.79922309770151 31.87694291013481
605 118.53476331078521 31.934729792708872
606 118.74103997469314 31.90883421814955
607 118.65301669849701 31.644162164491913
608 119.1671220054243 32.333480474733925
609 118.63077979148972 32.15798095507774
610 119.12161387114084 31.846908806822615
611 118.57224809404559 32.31846139885258
612 118.90257864870834 32.164062795717115
613 118.93980672041432 32.394601063112866
614 118.88941765774824 31.98813581368189
615 119.15493482909184 31.685072157873773
616 118.80610973432043 31.69229305555389
617 118.94712826374344 32.17340657949328
618 119.11991811873723 32.0485503791387
619 118.65906914946729 31.773877504645604
620 118.86155335764963 32.00703931309069
621 119.19000111559657 32.01872960859201
622 119.0500619759681 32.29659148442471
623 119.00493684639127 31.606194619905423
624 118.79950428563085 31.701202760208798
625 119.1094332667514 31.922587921029063
626 119.07879946893343 31.69528743239066
627 118.80288042778707 32.3713495955063
628 118.88628686224554 31.765955925004743
629 118.96374226252185 32.097315491974385
630 119.03649796082723 31.951753282661066
631 118.82997350594944 32.216546797053745
632 118.73877315582017 31.625727664816452
633 118.61364837222801 31.86078655632122
634 119.02916114400497 31.975968015702332
635 119.02008653687658 31.683229777615765
636 118.62562201999336 32.073398086141125
637 119.11200956815878 32.00522254486344
638 118.59926894494588 32.26159628388678
639 119.0790481244192 31.975169861912768
640 118.61142476275703 31.851830000847652
641 118.95037160446645 31.84005989596886
642 118.86257513862184 31.82290933853383
643 118.60290354046666 32.348822046726205
644 119.01594382909795 32.2351514380612
645 119.0127285774162 31.8645562995013
646 119.12779511558202 31.951929521315794
647 118.8292471763224 31.681954644345662
648 118.8782500790424 32.07025405410331
649 118.96553364707444 32.184540156493895
650 119.11006157751387 31.804430452241018
651 118.77737931116332 31.97868948116125
652 118.96260268824781 32.12785963244587
653 118.91911319441587 31.983401019800407
654 118.63679543981657 32.031527259856766
655 118.98496230835782 31.762006308210395
656 119.08015138005476 32.21358563250637
657 118.82348127621088 31.68485404908457
658 119.18477461008415 31.97206209925222
659 118.87794505176947 31.842530216959062
660 119.12712380751113 31.694058442457855
661 119.0183768739748 32.295897052370556
662 118.77082793357607 31.75267616286322
663 118.73286085956862 31.978924551250188
664 118.76038295093214 32.094390379260595
665 118.74488963124044 31.84028344188678
666 118.52757308685295 31.999116197995125
667 118.5109347325134 32.00683734443357
668 118.79047990478885 31.944202357700554
669 118.62272529208948 31.882047052349378
670 119.07991646754253 31.788040617085212
671 119.17265925595012 32.31855056757938
672 118.70972128400469 31.990102794088642
673 119.02684270408837 32.15095189061798
674 118.75233383219428 32.0142951400945
675 119.10755495343939 31.844038130796985
676 118.82650407588555 31.992613013471875
677 119.14786171242464 32.233302345273295
678 118.99608075755077 32.28672161227257
679 118.58416624078778 32.36126440738803
680 118.59986604912123 31.787618827283204
681 118.80327612883694 31.869539452021712
682 118.90405669623227 31.689098850160768
683 118.85404723655859 32.406256401878835
684 119.12861824022646 32.113009770527796
685 118.51337417802131 32.14569895104718
686 118.58141129458237 31.968004373518937
687 118.68755268242411 31.81970836583828
688 119.12945337629911 31.922621627308693
689 118.49340434463805 31.85860544358856
690 118.87884969796015 32.03679209302063
691 118.49750172103133 32.25355731116022
692 118.88820913092553 32.27073504296981
693 118.84642015927577 31.840246472562296
694 118.59485870120024 31.728008597325147
695 118.91756561219442 32.19258044843629
696 118.93426602139087 31.939471040353453
697 118.81692580911138 31.741017926204464
698 119.03953657725455 32.11066014819529
699 118.54360189232058 31.68808782357598
700 118.72637170293342 31.682120476015772
701 118.84089633327252 31.59333382989838
702 118.71317477147723 31.74562072754454
703 118.58682630061936 31.968797476673036
704 118.58171828692126 31.74638219299708
705 119.04387098951322 31.64197826529432
706 118.69207856190718 31.990139437416182
707 118.96343139964742 32.31423074028869
708 119.09032924947356 31.616034700119883
709 118.707672829397 31.793649897791585
710 118.61915477513587 32.33666021243139
711 118.8941210561067 32.1093367553867
712 119.08223821088117 32.24591870679944
713 118.76842167886046 32.31493834659249
714 119.07897243505639 31.775337955782692
715 119.19121535648753 32.21297348098063
716 118.97797302767222 31.819777825523015
717 119.1175667504126 32.32399789459699
718 118.55087670970131 32.35881026812649
719 118.7715012952458 31.732990995546146
720 119.10416338824498 32.284413929295084
721 119.02579071771254 31.65276019264474
722 118.58230629043872 32.08154484200801
723 118.66800428942993 31.982303734992318
724 118.72015436696071 32.075441535188915
725 118.9453865288471 32.20519064513441
726 119.02348941290586 32.3090401547736
727 118.8504358151418 31.99561764627911
728 118.52595078380457 31.64007240803504
729 119.12699025923821 32.3538354823638
730 119.16115099015309 31.639944022566826
731 118.73599725533228 32.23804139122824
732 119.06939610336016 31.71730169290229
733 118.870838673846 32.32173239343572
734 118.82457268610001 32.08851224011219
735 119.16976452891902 31.842245396817784
736 118.4905105572719 32.276083256309704
737 118.78461295682352 31.727624355508155
738 118.6400304390397 31.78004317242588
739 118.81925384712402 31.832776217239463
740 118.80940937024525 31.90819083447052
741 118.62634428627354 31.797313802562996
742 118.91238340418168 32.324817507780224
743 118.76489931236347 31.951503196617494
744 119.13101029121607 32.36347464438853
745 119.15902841746336 31.83749995717934
746 118.75352586481823 31.96984293911203
747 119.0252503427301 32.2771246684672
748 118.94728588901738 32.38587705672107
749 118.76153727258189 31.970987777294255
750 118.70042605547029 31.968123056250175
751 119.14817195232429 32.34663713652396
752 118.66170497053606 31.940098571000206
753 119.05364288615948 31.958854164662167
754 119.0430864769222 32.3745052685735
755 118.62785719590352 31.989624571566473
756 118.75937490461398 31.675479606182822
757 118.80877875273546 32.36598117514474
758 118.8651946355789 31.95905167922166
759 118.91987212265478 31.881784167872915
760 118.75684004932856 32.32586734127603
761 118.92597006890254 31.60141678984619
762 118.80279142456182 32.37235154162025
763 119.1637416956989 31.663142005961245
764 118.96759708346258 31.6534689572457
765 118.85286435877656 32.32711673883682
766 118.88370885211586 31.963201480779855
767 118.5790426973602 31.732472847525433
768 118.67919626677045 32.37736284502189
769 118.99546568738178 31.84548126423622
770 119.21370913647999 32.34360586140503
771 118.726585944938 31.985418688647865
772 119.20532512630238 31.9195674872239
773 118.74172511330953 32.052874765969044
774 118.8111139977686 32.31835030130441
775 119.17583918443907 32.38189106698818
776 119.07176024076178 32.14277540832354
777 118.88152843439548 31.90576710238657
778 119.18230889783347 32.26878521954604
779 119.20557245485696 32.34425882477066
780 118.61873625140181 32.04117781933485
781 119.05656522126324 32.19057287991542
782 118.68482613821871 32.31645639174685
783 118.70745675700489 32.16741649183336
784 118.79962396158561 32.11155186922033
785 118.84209354614156 31.888546676094105
786 118.59503798445724 32.083232538768925
787 119.02958082670222 31.782401141758196
788 118.51815855309408 31.713833575514272
789 119.19729882260727 31.801689172933074
790 118.67314283654825 31.941935943071122
791 118.99901731951981 31.878220747868273
792 118.8565098271331 32.16886246084252
793 119.08977501728846 31.91581613593941
794 118.61789719297606 31.97550227670521
795 118.51996857679036 31.811994023636046
796 118.62674124239986 31.670178042780016
797 118.96656358907828 32.176250222880874
798 119.08174637761444 31.77379685527207
799 118.61314930539014 31.97201228851024
800 118.91959902886389 32.084957923509904
801 118.51417655826019 32.13995261291735
802 119.073186173406 31.941986394983886
803 118.58032618400907 31.792950748872524
804 118.62292427696524 32.31509149326562
805 118.94789341125738 32.143676630638005
806 118.8088090167322 31.79417100371743
807 118.6975123326204 32.24740947935149
808 119.17024667363775 32.04881903828883
809 118.872740625434 31.965263756144875
810 118.61874812558841 31.695376240836083
811 118.80332800351422 31.78877075177174
812 118.99084972436583 31.69041240323306
813 118.81889240040607 32.13825902616816
814 118.59328238537157 32.172656538218014
815 118.61343130036002 31.96535920238229
816 118.65526843169918 31.645190572956615
817 118.87734374379566 31.718437678192533
818 118.94052196440593 32.338208979389464
819 118.82593531428645 32.31402101278696
820 118.62822735185169 31.918817157734484
821 118.74053331204148 31.71909764132637
822 119.12086956071533 31.96660782346837
823 118.6761633341847 31.937371769348918
824 118.97729111847691 31.61992924539938
825 118.75708924633304 32.183271059017784
826 119.1935500923408 32.100487511872906
827 118.49145299504437 32.046145019574055
828 118.70662652573324 32.25441174967159
829 119.04789876285012 32.27772737077316
830 118.53709248512925 31.769568756974987
831 118.76679101368457 31.65808003740667
832 119.17144913395913 31.90751626484141
833 118.98583975742982 32.279199422143385
834 118.59614583747023 32.21384849645242
835 118.55576509781997 31.8074640853859
836 119.17370025778162 32.22405762939943
837 119.15245997322845 32.07495382932586
838 118.61881099913607 31.80575349144982
839 119.120887160555 32.1496829287295
840 119.02579627010073 31.846045419723843
841 118.79570614811024 31.862342074067396
842 118.66697085721994 31.769212355399134
843 118.59139176591017 32.046282245293874
844 118.6615358913271 31.992345640468507
845 118.83457584615523 32.09459627907475
846 118.53354082086055 31.603983153843046
847 118.93413795724884 31.92414741524224
848 118.926986523481 31.63525190892309
849 118.91319708490492 31.85057252419931
850 119.0815959692657 31.677344404961392
851 118.55839326650829 32.058973726964396
852 119.18973424377455 32.34653645746106
853 118.82859211204303 32.27088240408848
854 118.84727342930432 31.992870747252873
855 118.60354613981322 31.889042378173723
856 118.95119874116742 31.60762633494881
857 119.13236024472972 32.12759918216485
858 118.55876103411724 31.83949933040458
859 118.7094608383455 31.942920566166492
860 119.05930235658131 32.083870803212875
861 118.51576274538142 31.75288247676067
862 118.90545230722891 32.034885720347866
863 118.65769843449331 31.95673195797475
864 118.85901874022022 31.913377723662396
865 118.60255999877509 32.27125351282135
866 118.74648266393623 32.19886594417077
867 118.7408909142647 31.693511107843044
868 118.78026708146075 32.31621214717037
869 119.16926096982701 31.585996877118028
870 118.5795348300131 31.785749165860885
871 118.69619607223608 31.700387816004394
872 118.97944846124467 31.861927725335825
873 118.75774805235636 31.68923039501669
874 119.14945564074638 31.82439578859097
875 118.73504206612995 31.92722823283535
876 119.15131322542864 31.98478205682189
877 118.586136385827 31.829404567827833
878 118.81966438568982 31.64902232995532
879 118.86186299937275 32.01238349161818
880 118.9210191746399 32.07933534841264
881 118.77894003150999 32.10799009714411
882 118.8659857603848 31.59832555659847
883 118.64654837132936 31.68125491514567
884 118.66695286836301 32.13158141316835
885 118.58013930612101 31.725403394865225
886 118.8811973517788 31.689861580838954
887 118.84364951608426 31.9476471497342
888 119.19809269381999 31.90041005443755
889 119.05457992550836 32.12376381086334
890 118.99667410630578 31.61802632167352
891 118.73038802095958 31.797678227812344
892 118.66858516254608 31.80871259732971
893 118.97197468650364 31.840107693256126
894 118.66198541844811 31.60757904675127
895 118.52717698053776 32.040927952161184
896 118.71259540708 31.605232671604224
897 118.86027044415641 31.83218608507414
898 118.62407320896733 32.323656484537565
899 118.57595296626404 31.724370271042833
900 119.12431002592355 32.147525516397266
901 118.82423628251472 31.9885731341326
902 118.52802593278922 32.32583312103266
903 118.66770490779048 31.953773520320617
904 118.53507043233944 31.75724527765511
905 118.6879740809891 32.40018485317339
906 118.7923394276337 32.161590910238615
907 118.58224339241859 31.705366404286387
908 119.13996939972367 32.03346868361002
909 118.83258724615791 31.866881173405528
910 119.0878819934621 32.30890716710346
911 119.07036188914165 31.733747408882834
912 118.59605602067975 32.105148516288374
913 118.54236942132003 32.3568557942949
914 118.90232890643445 32.347566864815455
915 118.51457392552679 32.312909124604936
916 119.06385613897177 32.12128089676778
917 118.70860912333723 31.84165506837011
918 119.03174542054369 31.650209423339167
919 118.62918840946183 31.741152428022364
920 118.72379319429537 32.30984622789507
921 118.94303614788558 32.15119829966406
922 118.66233034545047 31.66126485280194
923 118.66657775649233 32.37594618004846
924 118.75346255934437 32.00018810480226
925 118.5404131724154 31.749217694695485
926 118.99448929612907 31.975556661675515
927 118.57379687444009 31.94354055684376
928 118.66190952716701 31.771671910102196
929 118.54889478525338 32.10358525058261
930 118.82570432764172 32.02790965932246
931 118.70508496189548 31.811904915573734
932 118.85348804951859 32.22054852200609
933 118.94939889050322 32.028398914726345
934 118.63504979195847 31.88065949622802
935 118.74008111279966 31.721363613796566
936 118.87514775195403 31.995512671160615
937 118.67394898714494 31.722249143781866
938 119.1322388263857 32.32702295041483
939 118.54885723021954 32.02773227274937
940 118.60551401816772 32.33155068086461
941 118.70768252261712 31.858969465231247
942 118.94977811664849 31.94796589296831
943 118.54472229832811 32.02243157728225
944 119.13408960908467 32.30269597510083
945 119.11713607824755 31.703216102842983
946 118.95466812658113 31.91557163767188
947 118.7534259590461 31.677390305221728
948 118.68925469301043 32.365576287105476
949 118.72346368926858 32.24388471203848
950 119.1249666074633 31.9355243353127
951 118.86862614643938 32.125608037083026
952 119.1643844323143 32.054463657349196
953 118.84931421548461 32.083345074635716
954 118.64268315225401 32.26235458458219
955 118.57434635431784 32.376605332121535
956 118.96380201760743 31.663248290256387
957 118.71580245208752 32.046434877524646
958 118.94983590422649 32.327328327312195
959 119.16523416487884 31.922155454503116
960 118.51713315106265 31.791070337786405
961 118.56897800634711 31.69227946715544
962 118.73115507771192 32.12200368336909
963 118.70865238294941 31.7510527638728
964 118.76455083883465 31.885502609652004
965 118.81156325569124 31.899021298415626
966 118.77977068242048 32.088612555386554
967 118.5589022331 32.38033507928969
968 118.72979277852448 32.40253136075931
969 118.60673289203119 31.836195187766343
970 118.61668056963322 31.81199994935581
971 118.9165315578826 32.17886584322458
972 118.51898152826818 32.15591528231152
973 118.67989804650244 31.831798723760585
974 118.93443836527896 32.36260099935054
975 118.69139739846396 32.242239912838116
976 118.85120393287136 31.744903712506712
977 118.824705543525 31.998976184554927
978 118.93009433914418 31.652402348608828
979 119.07632387750469 32.03557433265666
980 118.68283513330766 32.04456746449831
981 119.12832072548395 31.758145595704928
982 118.9699990466845 31.65696783214183
983 118.78386988932166 31.729369560706726
984 119.08814121077144 32.02076348196
985 118.7809881517388 31.643544520564124
986 118.98259033200964 31.752057406650298
987 119.11398528963156 31.75013029308042
988 118.68812360775644 31.91218529547563
989 118.84130819308336 32.02110208993034
990 118.77388581722907 31.87854503026346
991 118.56882396993254 32.100389226667296
992 118.57636298504006 32.32807478363204
993 118.56560008447292 31.793716804843754
994 119.12792612139054 32.389503868458334
995 119.12561912955859 31.866804805735132
996 118.73758673348009 32.094886408909886
997 119.09815281365441 31.886792209609773
998 119.16507977349681 32.153444319577645
999 119.02790548500161 32.29069259734525
1000 118.66774237950477 32.237372199345785
