1 118.94254186321096 31.940275344949164
2 118.8905230144422 31.616479241162956
3 118.61854402084732 32.04397819598617
4 119.06928898200596 31.973428150005482
5 119.17456494223595 31.95193437997772
6 118.94956967825372 31.870180443309366
7 118.90134636592995 31.752029676099227
8 118.60434820026987 32.08032391447072
9 118.69207098457818 31.830432228112628
10 118.75317325737639 31.805162854242425
11 118.62770652512067 32.09932301991405
12 119.19940752814539 32.02854122638095
13 119.13998270303127 31.729074746248422
14 118.75772092125712 31.978541516510532
15 118.60702373945553 31.734188033203903
16 118.77748664638695 32.22892517508456
17 118.62218109082264 32.29991303816371
18 118.86585597837227 31.994430111635594
19 118.64653488840757 32.28776692906046
20 118.55008708430846 31.66532174802224
21 118.93880293531255 32.00272066604024
22 118.75810405137054 31.655471256329616
23 118.98433508469343 31.95420070562602
24 118.86190961707646 31.672282100858315
25 118.94992810252342 31.693200820951912
26 118.72495770162709 32.089842210695636
27 118.89800089492297 31.773260674455553
28 118.83313585109754 31.66719054240859
29 118.91099235293592 31.773930987859245
30 118.52471228802634 31.876237369465965
31 119.18603851681496 31.962884792408
32 118.67408175441379 31.760707870496805
33 118.56171479563437 32.09697090810653
34 118.70262080724987 32.00651731228328
35 118.99124844994691 32.010041163445926
36 119.14855013511017 31.911048525428043
37 119.09584232638608 32.22407595170462
38 118.71061349951549 32.07130186854495
39 119.0896483889936 31.720852575799846
40 118.54577171307344 32.15899778418625
41 118.5503313661725 32.37489656764864
42 118.63182900589628 32.0027525086454
43 119.05315632070109 32.303137659556214
44 119.0056996369241 31.870223521815202
45 118.58722022856207 32.04922153885673
46 118.99860843403461 31.945838587828113
47 119.03743891305642 31.938280684623123
48 118.60679195055931 32.24300533820416
49 118.95977569414488 32.01765367604687
50 118.79608280585597 32.36079941611073
51 118.53866323817235 32.028633186858215
52 118.86391056635229 31.671192611066825
53 118.83684308002064 31.90208405714604
54 119.11311474109011 32.267479795500456
55 118.92793815807771 31.93413065430707
56 119.10851334822036 31.622289766152214
57 118.84369450446033 31.807864564877367
58 119.00846034587363 31.642008421873108
59 119.170546144634 32.377173063082694
60 118.50941011465565 32.389833725073125
61 118.79621245518624 32.23453089129869
62 118.81067614676809 32.08692779356238
63 119.04875100959978 32.219521984042906
64 118.50723789036962 31.726735567030534
65 118.89257394376651 31.82925810972285
66 118.68008753655323 32.00380823624719
67 118.81794441263777 31.87979234092838
68 118.97691649903165 31.645656151462365
69 118.93745714842981 32.37025664358832
70 118.66409339276338 31.973907822046307
71 118.63696709109888 32.012691443275564
72 119.08485874485329 31.870853397779285
73 118.85269324659015 31.816032391283905
74 119.17404696687183 31.89611746563932
75 118.95148306782077 32.26667439352758
76 118.66077359586134 32.22027953203155
77 118.60990828999098 31.877330277754073
78 118.72322275639394 31.60138445131267
79 119.03335011931249 32.22632458082596
80 118.82851687335815 31.79458029917337
81 118.88705931684764 32.06733711693293
82 118.92027264028671 31.60809781392451
83 118.64099829937358 32.11363922586591
84 118.72713418673145 31.92217729235463
85 118.69998529858333 31.990662530143904
86 119.14287195482794 31.93316420680529
87 118.5150064318593 31.876573183205554
88 119.17680777077452 32.03610045902452
89 118.62356738765695 32.383880262542746
90 118.8646621183116 31.70631274594077
91 118.69722372231622 31.860859270310108
92 118.70493390741892 31.632534137649742
93 119.03839094096743 32.191602266670486
94 118.99976955252501 32.121988900162734
95 119.03618146631062 31.766406060196218
96 118.61754905794946 31.911170393443268
97 118.64641443983959 32.14044247949186
98 119.02243906216795 32.12987117265733
99 118.58766700691515 31.746447459122397
100 119.09920941129518 32.30424482504386
101 119.12001796006643 32.22354446016781
102 118.85097685921858 31.681162242199203
103 118.9779147145812 32.29714830654147
104 118.73056880380052 32.20194222409532
105 118.96501490900056 32.25077259808498
106 118.5277654968532 32.038238601806405
107 118.67631484444827 31.77785339645201
108 118.79866216010335 32.348649854225926
109 118.87194980265343 32.07055708326246
110 119.19313237418083 31.870843468681848
111 119.21161682805493 31.833249180684348
112 118.59232034254397 32.305006665025715
113 118.69317116157451 31.947086041592236
114 118.55236216144787 32.0327437532991
115 118.72853893554579 32.09914769213732
116 119.15692595317435 32.27292484011513
117 118.91106727016552 32.09422530154912
118 118.53566773143919 31.7431294905397
119 118.86948334731957 32.07440860274691
120 119.16452993636844 31.995999938538308
121 119.18820793648035 32.04971840663936
122 119.14154419917672 32.172484480813104
123 119.03731499396905 31.7904604316402
124 118.6622344981171 31.75479681618738
125 119.12884523459468 31.69552403448506
126 118.72396787853998 31.829415380691753
127 119.12222661111534 31.6027703255191
128 118.52013811114475 32.09055034277346
129 118.54351362146978 31.837970527240202
130 119.0677998173347 31.751821183640097
131 118.55181235798847 31.669523135633458
132 118.80510388579631 31.8175190544895
133 118.73214891081274 31.769254804437473
134 118.68292098526152 31.837117351561215
135 118.7540110062017 31.95665077395108
136 118.84290532633297 32.03317711620807
137 119.11581317199084 32.26163395508297
138 118.9422118577115 32.39022446283491
139 119.12919159370459 31.640065834934994
140 119.09901612716216 31.797606343669216
141 118.59893255765606 32.108785745635416
142 118.77615880065369 31.752966891270727
143 118.85715004182765 32.30176191964307
144 118.6812354567837 31.766952365019268
145 118.88461429222552 32.17592491913902
146 119.19119625355773 32.102770479198
147 118.63715903551142 32.22823139099889
148 119.05771524819853 31.646261845239756
149 119.20630812773838 31.781183836891874
150 118.67710619807745 32.16190953864067
151 119.11346272035897 31.688562710618534
152 118.62243568441797 31.62626890130274
153 119.15361534003237 31.88284714452939
154 118.69583853127133 32.07930871209028
155 118.68609154792365 31.618086311808614
156 119.12875585252308 31.66753937649239
157 118.69384909272068 31.632480882282234
158 118.64025076016546 31.92488067793943
159 118.72738259276494 32.14373232264672
160 118.98999342534547 31.768774688572623
161 118.51391875380241 32.29021132032541
162 118.61706220714015 31.955880859001105
163 118.58088942084667 32.091239524500175
164 118.85960990657533 31.826981062608986
165 118.52549278893132 32.105004259980674
166 119.14555646469165 32.38443972786618
167 118.83623729357743 31.968254190306915
168 118.9193007187264 31.771527017309808
169 118.65675232952009 31.941044512323515
170 118.98363786772254 31.948977573919482
171 118.50179599645124 32.01337673841211
172 118.55750044465513 32.00680828149393
173 119.14260952033433 31.63183139599581
174 118.62805481965461 31.71758546119725
175 118.8332211547738 31.949011318268035
176 118.88377759863081 32.16607225248039
177 118.62450841422528 32.22590209328309
178 118.9106667849047 32.20708558354349
179 118.68437690148379 32.01969903340405
180 118.96306822889773 32.37070030854349
181 118.69631529776325 31.844934216229813
182 118.78370394555952 31.974825308990575
183 118.84043220759264 32.22775074710507
184 118.51302610829183 32.26135205185185
185 118.58963767956162 31.911189716460257
186 118.53886074653242 32.29192648220497
187 118.80231124525662 31.97199998489581
188 118.88258165632504 32.1824598358736
189 119.19224390618383 31.608721468954393
190 118.75416342856442 31.613987866209516
191 118.62239198885692 32.331126509253906
192 119.17378479841263 31.69618183156865
193 118.87820210265686 32.15199006130026
194 119.15808673903334 31.82977426816812
195 118.73706145951984 31.76124014131736
196 118.55528719201385 31.901649747334833
197 118.84101687181074 32.3460075092613
198 119.20864358421257 32.057716602419504
199 118.54313312198563 32.33463009402757
200 118.85243682453401 32.16446665920054
201 119.08517129775329 31.974539056823932
202 118.65244065462603 31.99052727989078
203 119.05588338605443 31.78386356293225
204 118.53804163728778 31.611506483553814
205 118.71972544025986 31.927317165385563
206 118.62770252239824 32.02974441149834
207 119.16693906779089 32.30156732435808
208 118.93310561922902 32.12663974293191
209 118.70374589346764 32.26487840701389
210 119.14563434166703 32.327119853985394
211 118.89768778438618 32.34771560420175
212 118.76423317832295 32.24537616942391
213 118.98501886802488 31.703521554506985
214 118.95294475809453 31.87882423111865
215 119.18730409876278 31.74767966887367
216 118.52606863080516 32.29524303389275
217 119.10131793102066 32.22696656275014
218 118.96403499513511 31.88025411769208
219 118.60716200119701 32.04792856051623
220 118.77756853044274 32.253175998021526
221 118.52251940391781 32.28421088351313
222 119.10032084098604 31.75980416985238
223 118.57071774407265 32.18752664421474
224 118.64709401299375 32.24758453888145
225 118.99302210424798 31.6549406705117
226 119.03435423735266 31.68748316951028
227 118.69091780010604 31.93727640561536
228 118.61234877657606 31.77461509828772
229 118.52073275348106 32.29837931874651
230 118.5458201527712 32.17110873602031
231 119.11843851996858 32.171917786374934
232 118.63397897436218 32.22229438328472
233 118.78833935227259 31.86397017639041
234 119.04838205739415 31.788757657510182
235 119.18039919716588 32.09299956657217
236 119.11854127886684 31.918426217401013
237 119.11285847751103 32.325592671331755
238 119.07318465329085 32.12511441580887
239 118.74187589592785 31.906130600105637
240 118.9493214514454 32.26230838836162
241 119.00620412294157 31.9113532660569
242 118.80274989517959 31.73974068133559
243 118.93327111870062 32.21607383321441
244 119.17916169256948 31.990196312334522
245 118.73039303160363 31.805827141450873
246 119.1483872102133 32.15413494592784
247 119.19931966631782 32.38628830566288
248 118.90642435516547 31.79576822122927
249 119.14329406953249 32.22986809639209
250 119.00784177156119 32.21040822970621
251 118.9944818594105 31.684102352849496
252 118.58478658938532 32.27505007145028
253 119.02190501467481 31.98072636012487
254 118.61735860689241 31.687538153065013
255 119.02506749214001 32.0322908336775
256 118.52636924084976 31.862395931101474
257 119.11974006254646 31.730699263958112
258 118.62866671762222 31.664353739248472
259 119.0933912982537 31.749028026360968
260 119.11730359069632 31.946148697449818
261 118.57240822429605 32.11295780643335
262 118.56235447280002 31.67549055840013
263 119.16035716476254 32.15798668974639
264 119.18647381788725 31.667586769338513
265 118.54861210267924 31.744144514354538
266 118.92372508801446 32.17897315491542
267 118.76769443226068 32.29640851269913
268 118.5395315262363 32.367347471872165
269 119.0998694247012 32.14534121476556
270 118.97791886927453 31.970513516297
271 118.55148997798926 31.68198722750125
272 118.81555133878666 32.05695896872868
273 118.7857632558594 31.720359966383846
274 119.19188716421715 32.01198984576392
275 119.19304719918641 32.0862853790336
276 118.66937246693722 32.27826153946354
277 119.03212785653398 31.85935376791551
278 118.95445708599817 32.37826153387083
279 118.81192450300715 32.37274367418928
280 118.89431660341158 32.27051441315252
281 118.76940348430388 32.16720106999146
282 118.54568989202802 32.18227635359511
283 119.03368838754697 32.309859583471024
284 119.05521201751192 32.35293934087586
285 119.14504967046172 32.2757460016868
286 118.84360321455736 32.11671480098193
287 118.55036031306453 31.685589065048397
288 119.16387122073664 32.10536048690254
289 118.68512268801943 31.879642328511153
290 118.59122248948603 31.71326801872198
291 118.5856763675307 32.30681885966114
292 118.92355628126477 32.26697894227178
293 118.76836769371356 31.99866961420832
294 118.96698787494907 31.97317604608375
295 118.54435449887598 31.993894673031562
296 118.5140186810709 31.812302471560653
297 119.17668983591665 31.912213907097396
298 118.5595252565196 31.951758493622144
299 118.7293351520983 31.60927222210546
300 118.51927628419293 32.31526362224233
301 119.12736471359214 31.63169645200445
302 119.10105735830057 31.906023015454586
303 118.89512062258854 31.690278820672084
304 118.59726193596558 31.771601688200892
305 119.07337290425608 32.3581103866753
306 118.5459361530939 31.896347056817813
307 118.82761881693709 32.1607058681595
308 118.72082223601255 31.690380604304
309 119.1987810736787 31.78192839209759
310 119.17312096619334 32.29346019703738
311 119.0740977704792 32.31026323001418
312 118.81586634621229 31.797211197385387
313 118.84975119173242 32.37051886028195
314 118.88936684297006 32.13721032439743
315 118.89233797275237 32.00835287801576
316 118.61936090555994 31.88159009675416
317 118.67647408281302 31.884229435553237
318 119.0029784321969 32.362195735247276
319 119.09481278130404 32.1677775652033
320 119.17079068377679 32.012993588431655
321 119.03284056778921 31.634171949455716
322 118.89963449431797 31.79558857507602
323 118.55327132229729 32.3444355220074
324 118.55225764514893 32.03053255318425
325 118.62909312178039 31.881597309969237
326 118.99280337448167 31.63871738046946
327 118.70258134830515 31.81130901402981
328 118.78556499794996 31.806921880157798
329 118.61077643626844 31.734558021771345
330 118.66273099943201 31.879201731384146
331 118.77273617357926 31.755871904406522
332 118.94703323117409 31.659539097099387
333 119.19800776675488 31.699019656482466
334 118.60285601354184 31.986606785295326
335 118.72301751862582 31.652037634154652
336 119.1917086391825 32.347311700683925
337 119.1192857405981 31.763779373521825
338 119.17888725833672 31.99297352794472
339 118.85787365467365 31.924192853108316
340 118.65380253219304 31.842005271475433
341 118.6514142133968 31.86876969990739
342 119.06853735211315 31.791400192566964
343 119.15951200154856 31.816165454546205
344 118.93283254766295 31.70291653626217
345 118.973929857808 32.165050254107776
346 119.13633939338 32.08563372383169
347 118.68070108918697 31.83678571572312
348 118.91216006210021 32.320842017516014
349 118.89117466819849 31.90566666830481
350 119.13766846895777 32.092996025803345
351 118.7295808585942 32.00409042633494
352 118.60199276571666 31.863192027321688
353 118.5838288603612 32.31443789316215
354 118.68112943864324 32.28056553026778
355 118.56146293906848 32.27410934157528
356 118.72852316469188 32.38647946942242
357 118.88999634971414 31.625914355854206
358 118.80016535825997 31.989447383221595
359 118.94149365553695 32.36541558946606
360 118.8571330107963 31.706898222213443
361 119.02122190208193 31.813809867726253
362 118.81740094828636 32.01159157323187
363 119.0538313468135 32.11721030965851
364 118.81215203487379 31.874178938745636
365 119.0214344146528 31.842420315467226
366 119.01146233488122 32.227107944537174
367 119.10358483216676 31.611170566191458
368 118.6159207922002 32.24251329094614
369 119.01237940139882 31.927600346248237
370 118.48551151322808 32.104737018966496
371 118.77838531422609 32.1588296552088
372 118.90929089118609 31.68387870512933
373 118.51333617464805 32.33347219158541
374 118.54091951084993 32.24422881444263
375 118.65017083353851 31.881279983508094
376 118.77900400963614 31.74143960340579
377 118.99469320707493 31.653875251402223
378 118.63754505860257 31.84506102829717
379 118.77895472333297 32.18033917088705
380 119.13448366185297 32.28596530160141
381 118.74241133224238 31.840814499775107
382 119.04532203515225 31.781125729346524
383 118.90233254504669 31.857326893376158
384 118.53965364501994 32.37342986095588
385 119.17717594094104 31.677430002584718
386 118.58407681340873 31.74604259309684
387 118.7504551147299 32.15136003588047
388 119.18812817745804 31.712005705280507
389 118.68570800624998 31.786897545705045
390 119.14544209015672 32.259093450297264
391 118.96296703092808 31.852050021536183
392 118.62942919706258 32.07879971680878
393 118.5991424064008 32.038348650339444
394 119.17728780687645 31.824233792120573
395 118.82413676999175 31.80296478391583
396 119.03138402486911 31.8016306478337
397 118.60670222130648 32.300654580303195
398 118.85342202002639 31.609400736971825
399 118.56668231682976 31.691745538400916
400 118.82980076124909 31.874068013382377
401 118.50368827212544 31.766809226685723
402 118.52017742189337 32.04189089799026
403 119.13337611837748 32.026696969102076
404 119.11154283300928 31.996973190811282
405 119.02864277067573 31.844184667403617
406 118.85305828978348 32.01361010335198
407 118.6357205287961 32.22277195294771
408 118.99554299031124 32.245360283025946
409 118.65413259459977 32.028988355500054
410 118.53908250138917 32.238767076033646
411 118.71766890393216 31.665834104822846
412 118.90674044561416 31.736636141475106
413 118.90178287197546 32.19730247389561
414 119.0797751033238 31.90915666312333
415 118.76528242404767 31.85022435442294
416 118.61075557521151 32.05716849168857
417 118.54223429969876 31.907940569444033
418 118.64378359121272 32.33186879128518
419 119.157060926276 31.910823377825572
420 118.51115271012164 32.26210097170316
421 118.93303635234753 32.08669786874124
422 118.81448807110786 32.324327525193404
423 118.63843448255996 31.990709055960405
424 119.00275812577823 32.377141761293295
425 118.90543499220948 32.05109547990791
426 118.56072656671341 31.6341031937786
427 118.97314236211987 32.17958214464647
428 118.54065318219888 32.300225349486425
429 118.65784314705051 31.661413493777957
430 118.89085375851015 32.368470867554585
431 119.00988873912176 32.06107968396604
432 118.88748230753737 32.20186960057348
433 119.11096779747953 31.778338517587922
434 118.98314768904415 32.339710786809995
435 119.17355366898782 32.11616214587752
436 118.67625237921185 32.0318042474133
437 119.18129278729063 32.37638931047317
438 118.6536153891872 32.052531896053715
439 118.63991223292429 32.012400932189266
440 118.6139079059353 31.633118752750555
441 118.57623855651684 32.0437784368745
442 118.94087381933542 32.202699814110694
443 118.49509534943617 31.898411370172997
444 119.07549966150476 32.14108478569583
445 118.93714474280597 32.037082058545465
446 118.71901638336301 31.76448947664557
447 119.11692804771897 32.030770880847584
448 119.0949394001923 31.985164214477518
449 118.9304606637073 31.857521123099346
450 118.54047664396457 32.12871158470239
451 119.19572197219698 31.661782412733665
452 118.91593127905254 31.88810518163887
453 119.13341970745589 31.958870187289282
454 118.60402472430933 32.39169235030905
455 118.51725208188296 32.16554209827789
456 118.70980179373085 32.09687421271002
457 119.05501735937258 31.732305955722616
458 119.0737876712184 31.957755641795135
459 119.12271221371478 31.897491167544963
460 118.72228962337941 32.352997891711496
461 119.05714428952862 31.953078475226857
462 118.59392017761897 32.27746807749383
463 118.87822795612622 32.13529359278685
464 118.53841688189983 32.2833497037821
465 119.0056237782881 31.59260750510466
466 118.7497730605115 32.35307034465683
467 118.57339780211385 32.36545955491317
468 118.96513507895062 31.712137988190463
469 118.77920124660433 31.644931949785946
470 118.71232703023986 31.8682075699936
471 118.74095570129872 32.04737470553762
472 119.04814078048791 32.02113246831316
473 118.78648421701031 31.960233182579223
474 119.12252418902354 32.32162310163586
475 118.61443543430829 32.04128815975574
476 118.78772248034014 32.345208742985385
477 119.12214079189344 32.05385640771886
478 118.91553861200592 31.74686766171086
479 119.0032703520127 32.39654968164876
480 119.07920795597349 32.39197870196338
481 118.86096760163667 31.95704891811853
482 118.6022444974537 32.19690968397336
483 118.71476324609773 32.12803260266404
484 118.65872569922252 31.73668710430242
485 118.62188818522532 32.07050163159783
486 118.9183801095131 32.110093664245646
487 118.64218008178192 32.06797723060948
488 119.08206117385357 32.028282486478034
489 118.8099775905097 32.063946002852646
490 119.07569055513987 32.17124496139837
491 119.09341786646736 32.2241146573737
492 118.98956502611856 31.68015732701885
493 119.05215843484159 32.3289504641192
494 119.06665579506914 31.985592874128432
495 118.92383862512247 32.14581435260748
496 118.71500291696682 31.904880094252544
497 118.79142436316774 31.651047732358368
498 118.71970295759684 32.12637462301008
499 118.8210881841627 31.89434507478346
500 118.76737252487897 32.035583328085266
501 118.74222726216466 31.804876563908316
502 118.56354108986473 31.767303586513894
503 118.78466235635543 31.81631148582474
504 118.57868520266996 32.29290542454631
505 118.74834595987933 32.34497119323798
506 118.5921559223123 32.37174427618046
507 118.75360300980151 31.935480424297523
508 118.88456327555215 32.2361657186215
509 118.54495244048272 31.743059032087363
510 118.66175083018017 32.189503397151
511 118.78546723006315 31.936562920579178
512 118.6867078450987 32.27382901765746
513 118.88418719496325 31.76900269112479
514 119.08132601168504 32.25090199091512
515 119.0468428008192 31.658337951378172
516 118.67885259916284 32.29455755066501
517 118.641781744368 31.933885776845493
518 118.88438509418557 31.721749979518133
519 118.77962404493387 31.835318696018824
520 118.53715545396349 32.17507263628823
521 118.65397450996495 31.9531773659139
522 119.17052321660562 31.784415265695262
523 119.1567531069085 31.81280459259743
524 118.75551032932182 32.145584454894674
525 118.51756157676597 32.121161149392776
526 119.04966112518015 31.648562289418468
527 118.68581255904452 32.2663346139203
528 118.51764918568347 31.70004793475326
529 118.68954763578526 31.782117739820414
530 118.5896711224057 31.62496602789481
531 119.12141884679517 32.029357869129285
532 118.63594235103034 32.28555406023334
533 119.0193853308981 32.34775168611487
534 118.59415777850867 31.961342518426857
535 118.55277902541219 31.695701024385983
536 118.78139824931786 31.994079121016526
537 118.93890475452811 31.830425041810184
538 118.8776505575851 31.844435044658056
539 119.0681421933086 31.774134851944577
540 118.79429210958438 32.35308476358875
541 118.92534001651666 31.918217015647585
542 118.54338897521825 31.596246818202818
543 119.02200292024565 32.0010851815571
544 118.98709149501525 32.144016025846845
545 119.06004906487782 32.25334354723147
546 118.574216019006 32.19851496849735
547 118.81224015690736 32.16011508883209
548 118.96254675629034 31.769967767359688
549 118.49417926317807 31.862210197738243
550 119.10497686132163 31.95273981367709
551 119.0674117385755 31.725873022123068
552 118.86214972969772 31.9479623504253
553 118.73764161924339 31.678202295037735
554 118.99686740074203 31.668152772506865
555 119.11888820988909 32.26610000382133
556 118.84934917186246 31.721680560011254
557 119.13002885393398 31.963259212902233
558 118.5947677105658 32.083169248296976
559 118.72668445412468 32.35978057697333
560 118.98520114883345 31.843743716587806
561 118.75924232986988 31.752523021365068
562 118.86278038674602 32.29560887611487
563 118.96220714358724 31.832574646182135
564 118.91255365956788 31.82742482879565
565 118.81404152849426 31.722244690092403
566 118.62048591294565 31.960024583935706
567 118.77828991219775 31.764502626223685
568 118.6516522524103 31.900007668945534
569 119.04726544805399 31.862960259104682
570 119.05343115096994 32.10580511802484
571 118.64571804440175 31.95283013900812
572 118.91473066077907 32.12903970205267
573 118.99198286861485 31.840727176839476
574 118.81783126877468 31.88874110164389
575 118.54555432748741 32.38067621567736
576 118.98026604321315 31.787498893727722
577 118.550212870765 32.2022031568994
578 118.96969363929566 32.15604798774955
579 118.5744965613171 32.101097182205685
580 118.94198615995198 31.694571966604016
581 118.69101069992918 31.58016584950914
582 118.76199165752796 32.19440052232453
583 119.18725812505858 31.65795109890269
584 119.1578237130487 31.80359467831616
585 118.89477228814596 32.379749737560296
586 118.95540833034616 32.375538996227434
587 119.06923271479414 32.3461347354853
588 119.00088312858794 32.04730230290133
589 118.59086718086893 31.960179782294336
590 118.79646808535823 31.96620615505381
591 119.08224209392377 31.86384128094498
592 119.01099627866415 32.387368509018124
593 118.6237299337282 32.24628147910283
594 119.10382494110623 32.41087409338165
595 118.93172535430756 31.84551414820855
596 118.70573950082941 32.06721708985238
597 118.5283480925155 32.12920086702116
598 119.0292686294402 31.91262935182029
599 118.8115407680682 32.06788929353958
600 119.18500565042325 31.735011131864997
601 118.67460468001248 31.843849304441274
602 118.554264102769 31.719183278831157
603 118.65170546687841 32.093247453854715
604 118.79051407240556 31.87342391312739
605 118.51705669108999 31.935323672049417
606 118.74154128067634 31.89921334467447
607 118.6634655324562 31.651191603734457
608 119.17532462135604 32.32562666671335
609 118.63343264855123 32.16202288551924
610 119.11506529293771 31.854730063677096
611 118.5919411084742 32.307657579853924
612 118.90356513087335 32.160873325938226
613 118.9451205974288 32.38087871053046
614 118.88507844799912 31.989232723417913
615 119.1671801420562 31.700154325077097
616 118.80618105388102 31.68872002937412
617 118.94183062629159 32.19742527480141
618 119.11164908092411 32.049501984609016
619 118.66564084119312 31.775442426864192
620 118.86255921179189 32.01913365121852
621 119.18050754189512 32.01835232713839
622 119.03831953160923 32.299920669203345
623 119.0138462982439 31.63303233395879
624 118.7801933054463 31.691221962115332
625 119.10619251275872 31.9411665925801
626 119.06996053140223 31.706949470427
627 118.79875584815102 32.38037154906032
628 118.89348663278653 31.76687894283179
629 118.96394851712952 32.09824075376692
630 119.0357483949908 31.952516383472222
631 118.8169075471382 32.22468809577143
632 118.74503689212398 31.62998613778254
633 118.60357460473523 31.851234526084347
634 119.01898277259896 31.990036950986966
635 119.03437147415728 31.694491796728396
636 118.61987637477367 32.08709785500045
637 119.11191205420461 32.01698631526211
638 118.60675893072782 32.26245745042363
639 119.07602777933205 31.961098481544223
640 118.6074990994084 31.84487226333602
641 118.94567707151401 31.832976636169477
642 118.86944220472049 31.802433439303115
643 118.59689512347376 32.34086487535668
644 119.01215476154793 32.23334324429914
645 119.02377594347871 31.88079999800357
646 119.11993566101489 31.95027262734565
647 118.83151162662445 31.674140888027978
648 118.88062014588887 32.074762505876016
649 118.95213834304289 32.190296294765076
650 119.1142274297319 31.798235498657483
651 118.79119707635482 31.974035724026223
652 118.97116425130085 32.12952434438424
653 118.9172115664907 31.971028713662363
654 118.63857597244011 32.03284538353742
655 118.97994754129003 31.75313122635912
656 119.09415793721377 32.223685199163626
657 118.8187830896164 31.687654193384194
658 119.17710792883665 31.98301302593534
659 118.88137766862393 31.848764187697803
660 119.12860906245179 31.687776114333708
661 119.02796784813023 32.291747860758555
662 118.7753223039159 31.74815484654622
663 118.72619503099327 31.9748236346738
664 118.75477572194139 32.1012676716747
665 118.74460308312874 31.83270182797744
666 118.52320708903748 31.985208743018415
667 118.50354127265598 32.01348933732002
668 118.78815614428503 31.943222751997226
669 118.64043186191486 31.888194886539065
670 119.09924422493131 31.78948563007816
671 119.17379903256884 32.33079724050505
672 118.71313040983452 31.99541408221595
673 119.02898044227456 32.161061333730544
674 118.7524249795735 32.0107052270889
675 119.1078316818685 31.837641401589885
676 118.82503571961675 31.996129358053555
677 119.15625399969912 32.25196032732294
678 118.98144656916737 32.2906874333247
679 118.58311540332501 32.343122111497564
680 118.59819639376227 31.785160664516248
681 118.8027826535947 31.87077430710696
682 118.91565014429479 31.69014511449443
683 118.87039588460794 32.40115834845301
684 119.11909855577707 32.117678897348
685 118.51623645535497 32.16726214583287
686 118.58146780949072 31.954647425053743
687 118.70961510077626 31.810875554305877
688 119.09908514470891 31.928928153401102
689 118.49481739454546 31.846864217594113
690 118.88181222108199 32.02482735032907
691 118.5070693313685 32.24931423745732
692 118.88456094583007 32.26330596300592
693 118.83832694431976 31.847741370214862
694 118.58382891518731 31.741050077669644
695 118.92019887018006 32.19361504502431
696 118.92740052751094 31.930892443172716
697 118.81992650851033 31.74273018205363
698 119.04435865523506 32.10671186420306
699 118.54865849625965 31.6796792582766
700 118.7368148117978 31.681530778997345
701 118.84592361466115 31.606246250258128
702 118.72019329091366 31.752755631196994
703 118.5825549369773 31.968728947268872
704 118.57735387691187 31.747107915118136
705 119.03964798446341 31.6386452058741
706 118.67720817581205 31.99639711431447
707 118.9557720799704 32.31638059964542
708 119.10003579675099 31.5954466078046
709 118.71235648426394 31.790320292192693
710 118.62941423117765 32.339270556292895
711 118.89625192697576 32.11572278999283
712 119.07973187378045 32.25430658797743
713 118.7664916036438 32.322154720494304
714 119.08811225478355 31.785274671826624
715 119.19580057956192 32.20509913494323
716 118.97496187537331 31.816397166265602
717 119.12184368844505 32.33989992875425
718 118.56047797214102 32.361847055457694
719 118.7811807201415 31.727091986443938
720 119.11444681715264 32.270275348726095
721 119.01433036359305 31.65396643774347
722 118.57601477941309 32.08494050724754
723 118.67286333212942 31.984098107504092
724 118.72098195284204 32.06299543514218
725 118.95711200219397 32.19893579541294
726 119.01635555345271 32.30831581129878
727 118.83986168415007 31.99672426685904
728 118.51879713812785 31.653978393469195
729 119.13670107355694 32.3467673208773
730 119.1558543275323 31.64495211941027
731 118.73070292378631 32.24210445772019
732 119.06859275715776 31.7222211557694
733 118.86178004106708 32.33076170881857
734 118.83539997648218 32.092257122653436
735 119.16549714915901 31.844440283072593
736 118.50682436347562 32.28638375961667
737 118.79306291774014 31.72899943488543
738 118.64241442277948 31.776012100212064
739 118.82587300072355 31.84331442820472
740 118.80491291213932 31.918720844836134
741 118.625213172819 31.7895167839748
742 118.90476422893799 32.32521163673379
743 118.77264929078672 31.96643507407398
744 119.1351313209773 32.36348084129865
745 119.14759823452188 31.824991703391664
746 118.76863607274885 31.9717125600529
747 119.03289592409844 32.26352999360594
748 118.9391200737339 32.390322076963365
749 118.76388469901671 31.966971498639175
750 118.68649575405284 31.984667433407477
751 119.146731597887 32.36666804745929
752 118.64490376809945 31.946231494115665
753 119.03580755158747 31.949993459178813
754 119.03760485510251 32.37978293578152
755 118.62707339523016 31.99764448241144
756 118.76027911538176 31.695059534620853
757 118.80024811517148 32.35327512778784
758 118.85490123160375 31.985809459044614
759 118.92496272981943 31.88289473342889
760 118.75483327879192 32.322387817897514
761 118.92802893782431 31.607860862557924
762 118.80196973591806 32.356527570571345
763 119.16541020422643 31.670231984044126
764 118.96916549015978 31.654984761899264
765 118.87075088616412 32.32894251469264
766 118.89895083164186 31.968926464938903
767 118.58010855689537 31.73846908948132
768 118.6872298026843 32.38432714876621
769 118.99338431165886 31.85280710541774
770 119.2077999206895 32.34414281631252
771 118.72554760147848 31.96771878749965
772 119.20697619196247 31.91774645452675
773 118.74968993759612 32.0566152377355
774 118.81698622315339 32.324318871356446
775 119.17747145647463 32.38216348866297
776 119.07200603547324 32.14626694062626
777 118.87733232604535 31.910385994015513
778 119.18051013626423 32.25742420269589
779 119.19824168058096 32.3377091897742
780 118.6102070464727 32.05023844767121
781 119.04013210001888 32.17515902400496
782 118.68620696423727 32.306014088748526
783 118.71391425019686 32.14926071622605
784 118.80838646405633 32.09725346690752
785 118.82838536941733 31.89975362086025
786 118.59890320289162 32.082085450315496
787 119.02730836185815 31.775017658581294
788 118.51034833578035 31.713405343046375
789 119.19317790524215 31.802975957941616
790 118.67486864564285 31.95779461847666
791 118.99047555233612 31.867840673005347
792 118.86967077496355 32.175938707529184
793 119.08668750297852 31.909078507260954
794 118.63744207809246 31.972935643382307
795 118.52328249651687 31.81679373544687
796 118.62801501101472 31.654438677822604
797 118.97221599658025 32.16797676894881
798 119.062231045485 31.781900555988493
799 118.60624882594905 31.985826871371888
800 118.91518931462392 32.07897550200164
801 118.51931586669166 32.14413396752744
802 119.07175722451733 31.94160360288646
803 118.57561623085176 31.808494318800584
804 118.61950410650257 32.30912431556816
805 118.95039982053362 32.12899090006634
806 118.82835000001872 31.804968359961762
807 118.70418926939386 32.22902002296347
808 119.16045489660371 32.031088991136045
809 118.87018526944696 31.952668801555046
810 118.61980810571355 31.697090474836607
811 118.79316811955913 31.778273403016964
812 119.00749590882938 31.696262044396228
813 118.82887541403035 32.14682103077175
814 118.58478507813633 32.175133404735654
815 118.61147724089383 31.96899458121297
816 118.67004496264622 31.635570425030814
817 118.87557664677256 31.732126757458758
818 118.93565761069355 32.3473093446182
819 118.8423847306263 32.307087723561345
820 118.64515692619243 31.914858096682394
821 118.74564168126194 31.703672770284722
822 119.12374959196136 31.955294091738025
823 118.67086136477393 31.942446221822852
824 118.97376539351131 31.613101044152423
825 118.75715242791065 32.1779167350314
826 119.19546881890862 32.13402718326242
827 118.49813241706127 32.04347570781278
828 118.71035503037118 32.2425336238607
829 119.05087243136997 32.26224956387801
830 118.53080060160603 31.75876896760536
831 118.77809406543619 31.66725641105597
832 119.17465909374873 31.899088980514563
833 118.97595494277188 32.28733429504981
834 118.58908589451762 32.21452519073975
835 118.56555684490267 31.794531060944482
836 119.16234740175234 32.20894010611136
837 119.13258394592198 32.06492625556205
838 118.63469222816666 31.818000200629587
839 119.11654554523558 32.16621874989412
840 119.0107070724656 31.84035435949979
841 118.78011477659574 31.85646127027831
842 118.6636107992117 31.773192653623035
843 118.60005013319456 32.06011369657534
844 118.65059473732819 31.977117132657206
845 118.83959370377902 32.09456730616187
846 118.53257898827214 31.62791379708468
847 118.93018107231819 31.923923850719042
848 118.91802556865815 31.635501045704007
849 118.94200243431874 31.852091384254095
850 119.07661123614012 31.673299225191695
851 118.54692070035723 32.04001730392844
852 119.1820018581037 32.33955422381907
853 118.8240634596247 32.28016115643339
854 118.83635146699073 31.990757752047383
855 118.60671746695851 31.892465231427373
856 118.96060681480122 31.620558308357836
857 119.12569390490177 32.12674394890442
858 118.54961709072438 31.83748872685669
859 118.70765057705545 31.93735639066535
860 119.04979517123051 32.093996999609466
861 118.51829625092195 31.751575712633148
862 118.89883715541353 32.03671033955081
863 118.66776206164987 31.973610611949873
864 118.86544441144021 31.911702193450054
865 118.60906963226577 32.280572466936725
866 118.74116555745852 32.20153302318413
867 118.73760080632425 31.708597153546165
868 118.77513980970754 32.322776020527876
869 119.16662230860715 31.59411801271017
870 118.5963508561749 31.783980516570885
871 118.67706422164002 31.71144854428854
872 118.97498048620193 31.86797591776747
873 118.75049695559234 31.687421151911472
874 119.15085049936272 31.823498454169215
875 118.74911510174259 31.905293161969983
876 119.16530067403855 31.985603963081076
877 118.60568811279423 31.833543622977718
878 118.81723592858233 31.651625216339337
879 118.85967118794636 32.008508494332354
880 118.91831432519825 32.08675655330819
881 118.77297473895399 32.116285029914835
882 118.86268170270688 31.608671849954032
883 118.66305442565286 31.687648963927945
884 118.66371806942485 32.140866279976194
885 118.57051241300161 31.712335012445923
886 118.87202399267548 31.681752563814193
887 118.84113515344053 31.951424100122118
888 119.20445495996822 31.900635701026072
889 119.0602832765491 32.122333501674646
890 118.9893057019634 31.62252621538076
891 118.70927777740211 31.80049151055041
892 118.6696337175906 31.81093377699544
893 118.97858747783864 31.869142365388573
894 118.65003008731806 31.608900555513298
895 118.54052710779493 32.02911012286302
896 118.70941571647046 31.599217519255774
897 118.87537692624389 31.84368739313888
898 118.62843429662752 32.32447302862504
899 118.57600648535508 31.722306051203887
900 119.11791131957254 32.13165068687259
901 118.8387185430968 31.987264202738885
902 118.51181222294504 32.33740254007447
903 118.66693080347133 31.948269864515105
904 118.54271283576377 31.74305313124432
905 118.67720517338843 32.400489904725035
906 118.8033859758906 32.17871458039714
907 118.5919246214709 31.69611238424979
908 119.14033529202737 32.02879853484092
909 118.84574228121365 31.860821425183392
910 119.09367539433099 32.300300446821815
911 119.06686960165247 31.736555166256267
912 118.59407420632061 32.11425508760006
913 118.55113442998008 32.3643730668844
914 118.90123474753591 32.34540373129748
915 118.51472172876998 32.329348128880305
916 119.05965311287181 32.12195905953494
917 118.71947266654398 31.860448074980535
918 119.01230739222844 31.65614665799487
919 118.63133004459978 31.740111422026008
920 118.71397401971312 32.314885676094676
921 118.94108844260502 32.17472158384445
922 118.66070443338322 31.665263272023747
923 118.6578471842209 32.37701448447271
924 118.74560121383027 32.00274993085626
925 118.5194925568742 31.751558777197697
926 118.97989154334638 31.977629639373863
927 118.57602901080138 31.939770787336307
928 118.65119614514391 31.78131226820361
929 118.55115970597923 32.09940438101741
930 118.81519348805296 32.01529283818167
931 118.68598578889126 31.80929650304513
932 118.85709515699365 32.21998607440812
933 118.95994056816271 32.03353617124546
934 118.64829264235782 31.879526823225365
935 118.73513619277482 31.727635515790418
936 118.88965527032087 32.00627980587069
937 118.67577679536 31.714944482870393
938 119.1272046982231 32.31826534812668
939 118.54024881539122 32.010752425475175
940 118.59870097891901 32.33519239233197
941 118.71331092484449 31.856663904252517
942 118.95044649280682 31.955464276488293
943 118.55445295757532 32.03411214187427
944 119.13855297683729 32.30749463039291
945 119.13610272418799 31.696951285162818
946 118.96605899552937 31.915699022906235
947 118.75475336382519 31.677860051410033
948 118.68319781175089 32.344473901508636
949 118.72971929470123 32.26106753969782
950 119.1280758132881 31.926517819347186
951 118.86114054344516 32.1294747325384
952 119.1590950556248 32.05023173342588
953 118.83649606345368 32.078904803408925
954 118.64848496475328 32.25399989776191
955 118.58078593074086 32.37401067713644
956 118.97788562645822 31.663605122064272
957 118.71317514122394 32.06117575335005
958 118.95420069462917 32.328633561873794
959 119.1578725189184 31.930719106558623
960 118.51926271237076 31.794440458552295
961 118.56708975903047 31.69393007433625
962 118.7282394489802 32.10939726570779
963 118.71803945171084 31.76111867186842
964 118.76656026026352 31.896815870558935
965 118.81564357269745 31.90623209240962
966 118.795242718341 32.09329681901813
967 118.5604171838301 32.36381307494634
968 118.72424389499636 32.397828489625596
969 118.59547055419232 31.831461356761643
970 118.63402315394072 31.814241621639518
971 118.91084876910786 32.19011217964489
972 118.52616999884431 32.16226227446959
973 118.69022602510397 31.826076612400204
974 118.92265163572323 32.34969893504799
975 118.6998968928291 32.2400194978258
976 118.8462886709023 31.750712118325783
977 118.81188227965167 32.00590268092723
978 118.93752418998852 31.666507649668883
979 119.0848884844763 32.03481308198804
980 118.69553347159446 32.047460860523394
981 119.13609056013941 31.75748949410399
982 118.96401285698487 31.662834637318674
983 118.78175611036333 31.73268462069153
984 119.07218865828335 32.013988624074315
985 118.79390752699669 31.642296556537666
986 118.97626758505965 31.75189987169436
987 119.12648982974964 31.742433266673487
988 118.69694144657582 31.924642562240436
989 118.83370757820563 32.022138028240654
990 118.76947621451521 31.878617538824503
991 118.57795933471841 32.10152726199927
992 118.5749632572296 32.3272417608229
993 118.56042674448373 31.78861194288636
994 119.11493073755994 32.38866511582115
995 119.12466063389273 31.85195843784209
996 118.74425758697824 32.10052079358734
997 119.11209741611106 31.888788450547676
998 119.16440544878215 32.143537263075736
999 119.03375755971635 32.29020989081914
1000 118.65572272290783 32.24295570402897
