1 118.94010482101665 31.940775161843572
2 118.89150814578146 31.615555368067586
3 118.61751986286107 32.04487224540868
4 119.06841945893055 31.974142264406325
5 119.17524956178438 31.954049528421322
6 118.94908677905623 31.870474058131244
7 118.90045328194044 31.755461008842733
8 118.60781032541652 32.07927712628607
9 118.69352391208457 31.831869120853494
10 118.75157209241328 31.802278080257903
11 118.62544554471091 32.0991193420469
12 119.2019238382993 32.02751306142705
13 119.13963473467257 31.72875615411968
14 118.7566519727762 31.979581452509226
15 118.6056951170055 31.733617780360557
16 118.77548688887165 32.225893442109275
17 118.62220813434152 32.298004613121186
18 118.86423515594454 31.997358227536672
19 118.65369724769472 32.28791716555888
20 118.55000001148625 31.667933646835376
21 118.94010022848204 32.001725446889424
22 118.75719533609782 31.655120539746633
23 118.98544858241837 31.951778026795058
24 118.86084946801289 31.672195284108803
25 118.95276825478379 31.691477681572174
26 118.72428801222469 32.088581762133025
27 118.89530169627463 31.77485741271104
28 118.83314698546369 31.663270999909443
29 118.91358239835112 31.770452275641436
30 118.52192892176797 31.879016744121095
31 119.18429280219478 31.965136907828704
32 118.67239138702806 31.760295643836415
33 118.5604847480837 32.09680930119052
34 118.70826489789731 32.00773778146474
35 118.9952248492707 32.01429793654806
36 119.14550290225232 31.911662664991724
37 119.09938349630391 32.22334208685187
38 118.70757525901351 32.0691994806263
39 119.08657676269668 31.72117046313181
40 118.54695009320967 32.156755694019296
41 118.55049931007025 32.37302174397972
42 118.63186782583303 32.00496191250044
43 119.05327816770196 32.3032019338352
44 119.00225734698893 31.872270827256596
45 118.58822881413971 32.053465954622716
46 118.99938912334132 31.94796394947243
47 119.04168994022237 31.93802873785922
48 118.60780892561064 32.245606545690514
49 118.96134586163751 32.01961947750632
50 118.79362712426617 32.36295922241224
51 118.5379473128823 32.0308005040426
52 118.86311156259657 31.66972672767004
53 118.83383912818051 31.904346917476623
54 119.111534480646 32.26551111591863
55 118.93066142272953 31.936076189619644
56 119.10736361568058 31.6230306217763
57 118.84460217485086 31.809810203434655
58 119.00980257929612 31.64128233425778
59 119.1715607142276 32.378700786929116
60 118.50995588266534 32.389070997730606
61 118.79663934406202 32.237176653847676
62 118.81307599597925 32.087643388500034
63 119.04959574431349 32.21799512454766
64 118.50890369938185 31.725589521191576
65 118.88848445704718 31.83217000582093
66 118.68042239044641 32.00769669938846
67 118.81882930692102 31.88446503111563
68 118.97906484515647 31.64148078249245
69 118.9341858346798 32.36937903227095
70 118.66582554124996 31.97526696929883
71 118.64026390995292 32.01274982603108
72 119.08422875902617 31.87414741779629
73 118.85445574814291 31.81750221084185
74 119.177434556243 31.893855269808345
75 118.95697084245356 32.26602931811358
76 118.65854621607825 32.21753003038972
77 118.61164212747704 31.87883276760433
78 118.72087643599069 31.6046940621803
79 119.03427126633582 32.22543067135199
80 118.82949929592101 31.799689120152497
81 118.89291749263587 32.06587672614262
82 118.9220953701967 31.606822295351428
83 118.64263144064446 32.114528197365665
84 118.72923348897189 31.92449440882997
85 118.70304189798968 31.990363709508163
86 119.13789461763098 31.934382049319254
87 118.51227326741532 31.87952949603365
88 119.17565774016913 32.033373242948336
89 118.62302641960181 32.3838047669011
90 118.86042560888114 31.707695089819843
91 118.70023806823164 31.865502012662166
92 118.70598484760879 31.631109085872406
93 119.03592375837597 32.191120824723164
94 118.99907157385269 32.12225990624512
95 119.0379078130285 31.76492643883127
96 118.61454960661253 31.909161462958632
97 118.64362592921026 32.14561837855479
98 119.02557034994093 32.13152579583345
99 118.58498243056852 31.744370123974782
100 119.10100944603835 32.30528348852106
101 119.11814707555259 32.2253677951011
102 118.85348287664128 31.684633960444106
103 118.97797483108508 32.296451116621526
104 118.73101100354545 32.205417938992355
105 118.96526396612306 32.2527534182591
106 118.52715792178073 32.039252865203274
107 118.67708458513556 31.778671817008526
108 118.796352917602 32.349347110483386
109 118.8704409793058 32.073482934291334
110 119.1913442684444 31.873555232657353
111 119.21414432824847 31.832766727008966
112 118.59409950447534 32.305094177721
113 118.69192787065592 31.95040325961632
114 118.55122238510668 32.03303927820091
115 118.73084865233596 32.102821957429455
116 119.1581534557976 32.273630704006194
117 118.90843814379475 32.096221888944214
118 118.5364870619016 31.740529068133302
119 118.86576494872381 32.07361144237623
120 119.16841457929992 31.997548862366656
121 119.18833173532148 32.04337583298541
122 119.13881954922665 32.16889550701053
123 119.03359442725895 31.789154746999774
124 118.66269035554502 31.75713397494276
125 119.12977194368574 31.69224081750804
126 118.72073747875211 31.83074424574442
127 119.12304628202395 31.603588793431697
128 118.51794430451679 32.09140279678139
129 118.54330927296489 31.837252058886644
130 119.0650264491638 31.752030049730514
131 118.55159083376888 31.670425232600074
132 118.80907240777593 31.81519782038024
133 118.73314141345018 31.770690995310453
134 118.6800162225196 31.835811108950463
135 118.75144825934704 31.956325790372695
136 118.84166078970897 32.03022797852832
137 119.11767574182717 32.262226093677974
138 118.9467089300264 32.38934882499826
139 119.12716054739795 31.642636348033616
140 119.09828770549281 31.79488088408163
141 118.59356173608735 32.10815050623933
142 118.77438319877864 31.751001319993236
143 118.85760745857014 32.30110293885678
144 118.67927181613054 31.76762663409194
145 118.88729130011455 32.174344396802795
146 119.19308300466406 32.100606849046976
147 118.64076838927747 32.228056219887705
148 119.06088112174999 31.644670319304993
149 119.20696214021906 31.78267785241958
150 118.67596130846945 32.164249455229424
151 119.11427171545495 31.68557951907831
152 118.62509172866706 31.627099944371533
153 119.15578326335329 31.883871708966897
154 118.69731886973037 32.08154861138656
155 118.68883007216027 31.614700456560758
156 119.128785319162 31.66423940708898
157 118.69657515956229 31.63453508800812
158 118.64032849138046 31.92675596934523
159 118.72709214845504 32.14385595929204
160 118.98960315670476 31.767461733089384
161 118.51374203448053 32.28508774297484
162 118.61582670570576 31.954386397850058
163 118.57699772931393 32.09158387386779
164 118.8545500696056 31.820013395146912
165 118.5261526204615 32.10393781699701
166 119.14826655286508 32.387535358053256
167 118.83514835388384 31.968274282322554
168 118.92382327841906 31.769691647695467
169 118.65865998195191 31.93887157826815
170 118.98535156964054 31.943656139950903
171 118.50142352372333 32.0128525508287
172 118.55774636480656 32.00998146891378
173 119.14189209047376 31.634977314392913
174 118.62713813273014 31.7232965065798
175 118.83445894205532 31.947580875375486
176 118.88376201289505 32.16644112344096
177 118.62963181824291 32.22717923827765
178 118.91112762612707 32.2054632990586
179 118.68318228856279 32.02036744788539
180 118.96292721652559 32.370885304979566
181 118.69714686610804 31.84665503160094
182 118.78152332528977 31.9720990864745
183 118.83650195250203 32.22675859110382
184 118.51239088274502 32.25652993631653
185 118.58594183406359 31.909795804808578
186 118.54011572933099 32.290227041247334
187 118.80243828645499 31.96862015009378
188 118.88369142767722 32.1839043504162
189 119.19561256412646 31.60815899919467
190 118.75148515675436 31.608192190386227
191 118.62252952643185 32.3320406057401
192 119.17516993082792 31.698407787675915
193 118.8790311063327 32.15413837579994
194 119.15993412461532 31.830019967419137
195 118.73395771769013 31.762075199445068
196 118.55675484632773 31.89852780909209
197 118.8409127399036 32.346485231552805
198 119.2091192273926 32.058052093754554
199 118.54356350394255 32.33252916355789
200 118.8568409918745 32.166507083741884
201 119.08832397699231 31.978522440281296
202 118.65473175962303 31.99272325506517
203 119.05634503339154 31.779886583737145
204 118.5380484898578 31.61105656189637
205 118.72094054343154 31.928030278199213
206 118.62591197895222 32.0311783920627
207 119.16722912113637 32.30084952986623
208 118.93132234121445 32.12565612137778
209 118.69989403123519 32.263759422520714
210 119.14625925621034 32.32369447662432
211 118.89570509219566 32.344372092948596
212 118.7663390855679 32.243280536914064
213 118.98574804951166 31.702424743199437
214 118.95480307599814 31.88207520024646
215 119.19009002566153 31.745683364519966
216 118.52450752732048 32.29095035509937
217 119.10228576348385 32.223173526214744
218 118.96762203731357 31.885835298762178
219 118.60698099628905 32.05195466989364
220 118.7741890520172 32.25524879721373
221 118.52097097736748 32.28242210041948
222 119.10129366974434 31.7616466447811
223 118.57341302337196 32.1915376596352
224 118.6459474827773 32.24722832428429
225 118.99450670706814 31.655042537742787
226 119.03585198814149 31.686250584781213
227 118.6896479848679 31.94012994809575
228 118.61368346592916 31.774696366563262
229 118.51792160320174 32.29953059634605
230 118.54546175909582 32.17417090718607
231 119.1207964414547 32.17413735696605
232 118.63794222917635 32.21963184703867
233 118.78826697268472 31.86514090681466
234 119.05199071779634 31.792035294980735
235 119.1809434730826 32.092320050147215
236 119.11915796883206 31.915074019742264
237 119.11083384343706 32.32626325927393
238 119.07548526114141 32.12508327532832
239 118.73848175564159 31.905875233273132
240 118.94484623679838 32.26338170094262
241 119.00717111028263 31.91056205307952
242 118.80386679802228 31.73871639730611
243 118.93630509274345 32.21718726870451
244 119.18176521971711 31.989107269715674
245 118.72745090365522 31.808066465528103
246 119.14799981930987 32.148608834149286
247 119.199009540815 32.386385449395
248 118.9055171032849 31.794591078027842
249 119.14175782055939 32.227697614426035
250 119.0102391506083 32.21187650515528
251 118.99347053949788 31.684085549394553
252 118.58246199065394 32.274336336058475
253 119.02268261148788 31.980456511881368
254 118.62012780659603 31.691802298460143
255 119.02191530799082 32.02925850523907
256 118.52918180184295 31.863141195978777
257 119.121179689471 31.72874798673128
258 118.6309557317782 31.66333481774254
259 119.09944510412826 31.750137470441935
260 119.11427409814694 31.946791675703363
261 118.57393749149043 32.115180255870044
262 118.56518229803685 31.677043857536177
263 119.15868864603716 32.15593925487749
264 119.1898992045764 31.669434835413412
265 118.5486279462941 31.745059749410675
266 118.92335411351074 32.17757328913491
267 118.77438771107819 32.29397933595734
268 118.54086049965767 32.36726797202071
269 119.10120691451448 32.14119797443967
270 118.98034013897407 31.971250114147296
271 118.54991430505902 31.684870857644274
272 118.81805127698684 32.05613694674673
273 118.78874918335242 31.720888312558195
274 119.19074822738222 32.01230428796878
275 119.19534978753369 32.0901997308847
276 118.66813140668617 32.27763636751816
277 119.0309965581758 31.86141383801814
278 118.95566054150119 32.37675954102679
279 118.81291065179144 32.37156576431611
280 118.89063690503018 32.27040203930237
281 118.77134838250277 32.16776998518347
282 118.5410985369406 32.178684059552126
283 119.02987565704862 32.3048134223352
284 119.05334777474175 32.34959254189885
285 119.14308486139296 32.27437455650987
286 118.84552267609762 32.11599162739536
287 118.54993591628569 31.687662006489198
288 119.16530399851379 32.10486106925548
289 118.68464816498178 31.87615681227322
290 118.58985434776311 31.708840753435787
291 118.58621131046823 32.306269150785134
292 118.92504305561462 32.26750110530525
293 118.76571330571007 32.000282948697794
294 118.96757154199194 31.969755235994402
295 118.53933452524869 31.995111489756642
296 118.51412269754607 31.810494438739173
297 119.17664158301963 31.90795738267939
298 118.55815768474328 31.94795304363927
299 118.73003608966968 31.609179357968323
300 118.52047226985236 32.314399461342276
301 119.12654321797854 31.633274972842617
302 119.09811203269757 31.908361340626456
303 118.89919179494588 31.688795075906757
304 118.59673379076112 31.773210044238116
305 119.07447694610413 32.35875880668411
306 118.54718106140837 31.895881670692603
307 118.82766308623886 32.15508993041508
308 118.72158639723776 31.68647312010153
309 119.1967032330988 31.783655964068537
310 119.17261775410381 32.2956200783691
311 119.0736070945618 32.3079234384875
312 118.8160259195709 31.79567906059451
313 118.8511840178513 32.36849495010708
314 118.88785663472467 32.13807844690608
315 118.8889747082755 32.0087646327413
316 118.61781791156754 31.877921583142317
317 118.67509218796141 31.87927553141526
318 119.00663626731478 32.36201652403271
319 119.09168613957188 32.16723987965898
320 119.17272930562204 32.01109199844089
321 119.03564696510365 31.636146298123105
322 118.90146008514631 31.796029756636504
323 118.55038330047662 32.34658029639666
324 118.54983091030533 32.0340417941363
325 118.63016002079598 31.880019350483725
326 118.99187110116455 31.63753027431804
327 118.69950268914252 31.814523259265084
328 118.78430215315308 31.80547061406512
329 118.61048975348874 31.73077918652736
330 118.6632412823054 31.876493619607963
331 118.77401083114161 31.75424773722782
332 118.94520033281059 31.658566457094015
333 119.1935690454224 31.70092451944941
334 118.59927636519105 31.98331830778105
335 118.72260224303844 31.651787125540903
336 119.19235296124401 32.34528900952288
337 119.1166483752999 31.76090856064471
338 119.18136749993592 31.992231590408675
339 118.85857240365218 31.92537492903273
340 118.65548904814474 31.836920104949215
341 118.64940991005682 31.867171207165157
342 119.06954892006154 31.78896339183051
343 119.15835276298736 31.816883703777798
344 118.93934816569922 31.704867993984642
345 118.97470838645097 32.16575631454417
346 119.13510974698545 32.08787689528977
347 118.68397119031883 31.83854054235726
348 118.91086434609521 32.316275325226236
349 118.8899299952076 31.90625098852734
350 119.13767801204301 32.0933550416682
351 118.73133665995229 32.00170115433525
352 118.60334981672969 31.86500071887995
353 118.58306642218825 32.31446187220516
354 118.68405519512235 32.28037343004401
355 118.56089366553078 32.27755505353182
356 118.7313801677042 32.386424456778755
357 118.88925597353293 31.628488792899226
358 118.80181295667599 31.98683864044899
359 118.9435505794643 32.3677134182561
360 118.85825998765858 31.703341177002333
361 119.02064322797784 31.81274551252984
362 118.81936930411595 32.01220992390387
363 119.05336491439238 32.11914102810469
364 118.81321065005272 31.875103281827094
365 119.02028160921827 31.84337176647053
366 119.01051701467503 32.22556538501513
367 119.10487247435752 31.609946563002605
368 118.61826805908012 32.2437710121414
369 119.01073802885782 31.929151834031636
370 118.48803571402246 32.10322102640021
371 118.77978341095579 32.156737436352515
372 118.90460601984624 31.684660316080716
373 118.5120922676214 32.33556187595995
374 118.54246881021052 32.240884832404035
375 118.65194455671794 31.882856931742698
376 118.78064142901387 31.741630247952425
377 118.99988231509248 31.652714645306208
378 118.63846666633562 31.84401718470491
379 118.77827080413087 32.178236055660626
380 119.13432710749791 32.285826602731916
381 118.73992135448498 31.84057189901842
382 119.04193015326183 31.781818172375303
383 118.90612315747971 31.85798247377135
384 118.54162588496801 32.37776508226211
385 119.17593912045965 31.676867509767362
386 118.58446020963467 31.74664468502924
387 118.74923952183939 32.15269173933826
388 119.18735566783309 31.713091619977753
389 118.68632999059753 31.789266470246304
390 119.14178522154833 32.261311185271545
391 118.96245059266245 31.850424243569854
392 118.6266005442598 32.078186308413194
393 118.59780206117586 32.038825093621995
394 119.1770870597202 31.827307555754697
395 118.82276873958898 31.800645080435455
396 119.0344189887764 31.80064557709386
397 118.60857803833959 32.305659287887856
398 118.8554329232148 31.60928270645413
399 118.57110440348653 31.691747697138823
400 118.82764860822665 31.87583625921226
401 118.50469378518235 31.767876553189723
402 118.5172570862616 32.04290592793692
403 119.13457797337252 32.02874526600503
404 119.1143600910468 31.99598719068702
405 119.0305424732927 31.83952458389101
406 118.85455070935959 32.01206711031667
407 118.63889773199769 32.224051747641205
408 118.99338493495479 32.24695325026106
409 118.65185898516694 32.02836228177797
410 118.53587137283544 32.23839873047602
411 118.7191572655929 31.66139668946941
412 118.9089491644501 31.732136867028604
413 118.90169076185518 32.197827237573605
414 119.0811018580995 31.908712477521185
415 118.7599026080705 31.853160245118065
416 118.60979348791967 32.0589528368541
417 118.54380031560981 31.910375283986642
418 118.64622728951943 32.333451363824274
419 119.15300156805158 31.911257601506975
420 118.51115856354997 32.2629367229575
421 118.9287410244122 32.08626971792605
422 118.8136760752065 32.3246949504862
423 118.63735312676855 31.990171291453542
424 119.00353220784368 32.37951386388801
425 118.9015119167535 32.04981801021409
426 118.56326007828427 31.63626057340352
427 118.9685193226336 32.17837717830433
428 118.54043150191019 32.29732582265485
429 118.65818296210873 31.659770215540544
430 118.89111268404086 32.36643139678494
431 119.01081527111077 32.05841594192234
432 118.88370309825801 32.200488724763815
433 119.11328481415762 31.776608868092023
434 118.983516755944 32.33879492593
435 119.1747370345584 32.11584594338187
436 118.67679336729218 32.029826624976586
437 119.18251278153447 32.37647313461046
438 118.65297009559981 32.05014411207899
439 118.64216397155525 32.01093772704518
440 118.61147847274869 31.63172332875736
441 118.57400077567218 32.04513988968412
442 118.94013915468187 32.20683266843403
443 118.4960499195551 31.894895464573686
444 119.07520638104624 32.143476052333334
445 118.93629970362272 32.033146910330935
446 118.7194071220432 31.763308153294822
447 119.11951484842632 32.03484730519069
448 119.09412477531653 31.984803629794353
449 118.9307986882663 31.85875271680569
450 118.54286620724389 32.1291845435075
451 119.19210945501298 31.66107666284551
452 118.9210277872828 31.88732095327954
453 119.13641188446505 31.95830810236121
454 118.60508769281012 32.39091988935399
455 118.51235055095901 32.16833311360955
456 118.70732346960801 32.095117814219016
457 119.05391374167084 31.733338760994126
458 119.07182402960409 31.95727032897387
459 119.12282785613114 31.90006109132667
460 118.72225650907647 32.35600505724197
461 119.05844434034532 31.956237839189086
462 118.59418265976 32.28004325121534
463 118.87745192814154 32.135496534254195
464 118.53508295921456 32.28250614103703
465 119.0039434465544 31.590173176085234
466 118.74752626320233 32.352364083396
467 118.57438393422358 32.36738462803418
468 118.96136561246558 31.713406735415727
469 118.77920399248805 31.64359054256458
470 118.7138247814608 31.86553314429851
471 118.74101268497878 32.04628355301659
472 119.04933391152316 32.01863239227647
473 118.78791322174894 31.959255474557693
474 119.1227997929177 32.319625330963746
475 118.60848828572708 32.044731112242175
476 118.78591450251574 32.345791635665385
477 119.12120040215983 32.05244316939631
478 118.91610402699094 31.743631761643517
479 119.00087034861765 32.39700560740114
480 119.082019359507 32.39091685382594
481 118.86102156181605 31.957792005962528
482 118.60240463533903 32.19632179487555
483 118.71660367532645 32.12188596824995
484 118.65925750848558 31.737477083490393
485 118.6249002216075 32.066962426294346
486 118.91766580392047 32.11231779528375
487 118.6404756728938 32.067791804588055
488 119.08458234641394 32.02666553524122
489 118.81073058280442 32.06378872501388
490 119.07591407637437 32.173015518835264
491 119.09322477537295 32.22168447417143
492 118.98581393251258 31.679622793858325
493 119.05301376783667 32.32759310339813
494 119.06375848406762 31.984624708627734
495 118.92280752505451 32.14978310225074
496 118.71555750125789 31.908540019421093
497 118.7965101246694 31.65309453873353
498 118.71787348576751 32.12327724966998
499 118.82508613190176 31.895356208546918
500 118.76856294862641 32.035488464273215
501 118.74245409410472 31.803820399782964
502 118.56239080012088 31.765662284022795
503 118.78563584214331 31.81344734908585
504 118.5784156916923 32.2932635026268
505 118.75130687134114 32.344161043333834
506 118.59469106498074 32.37166851228286
507 118.75533920991904 31.93641932962551
508 118.88127348235125 32.23216640938214
509 118.54045828642803 31.745278249341425
510 118.66051907772845 32.18688570523327
511 118.78735961709236 31.938845217216656
512 118.6871496714 32.275295257839154
513 118.88134692413401 31.769406291684792
514 119.08273661367717 32.247027378853964
515 119.04804575721693 31.66348678375253
516 118.67933726799099 32.29692933825087
517 118.64390336365702 31.93637027559013
518 118.88646830619798 31.724278595857154
519 118.7820811080726 31.836563234193658
520 118.54197255553719 32.17601043864434
521 118.6556196691743 31.956876715707427
522 119.17130997363434 31.782851385956416
523 119.15577297831761 31.81200057584144
524 118.75308351248165 32.145573722529214
525 118.51901760756094 32.120745452243725
526 119.0479453301596 31.647730586555593
527 118.68818003255804 32.26623401880629
528 118.51749854832883 31.700723345817572
529 118.68903775708684 31.782834364789025
530 118.58872005252756 31.62334273639445
531 119.12231330424667 32.034002035771145
532 118.63519427824795 32.287850668164715
533 119.01831675608686 32.347388329374425
534 118.59602389294214 31.96417612008154
535 118.55503096881975 31.692101767765713
536 118.77842257166587 31.99399753349592
537 118.93481184724484 31.827943668726277
538 118.87741316526537 31.84148099007928
539 119.06858992323754 31.772538540710567
540 118.79467873840076 32.351123666018985
541 118.92726431689086 31.916468189031757
542 118.5442985018939 31.595327157567453
543 119.01743076551584 32.00038087752564
544 118.98677450737704 32.14299609514432
545 119.05699705270462 32.25140227164083
546 118.57243529322348 32.19863518076972
547 118.8128926917691 32.15581895809872
548 118.96445318132785 31.76977878276448
549 118.49569438723678 31.864169450364198
550 119.10777798676897 31.953967910424982
551 119.06996908929332 31.722385547061453
552 118.8650202481432 31.947190291856483
553 118.73593328371955 31.68070531679229
554 118.99757224301065 31.67039103749025
555 119.11595085892476 32.26171647050433
556 118.84859230296367 31.72215393823434
557 119.13003736700831 31.965598658927878
558 118.59329139703675 32.08378104464363
559 118.72789812292412 32.3573365005221
560 118.9820075649391 31.84606121117694
561 118.75875009494855 31.752252649883857
562 118.86390163922259 32.29500135354485
563 118.96317035962788 31.832672868530935
564 118.9102783411234 31.828745504824717
565 118.81467629008779 31.724888433153318
566 118.6192094321529 31.959279369816116
567 118.77663296682319 31.7640038100318
568 118.65125629081466 31.898629240410653
569 119.0436849960507 31.863036671280362
570 119.05408992092566 32.10748203498189
571 118.64288491635621 31.949932997980074
572 118.91407857580772 32.124987147581166
573 118.98966038472163 31.840445567805364
574 118.81879372226213 31.89169128021214
575 118.54701939556593 32.38015281131779
576 118.98289437820017 31.78837560638335
577 118.54788438731593 32.20353259625455
578 118.96582486212411 32.15397221923692
579 118.5754645462397 32.10067703904923
580 118.94539006791311 31.69879628142611
581 118.68992334939229 31.581823121044007
582 118.76059943112443 32.194791582027946
583 119.18745179287296 31.656534524380536
584 119.15883822175329 31.807704274509693
585 118.88926045661653 32.37778140543979
586 118.95417843224979 32.376391576314546
587 119.0710306165988 32.343132214640484
588 118.99724076005955 32.04861913607811
589 118.59000336618544 31.958802206351987
590 118.7977039523384 31.963173516630672
591 119.08511076984234 31.864801493901037
592 119.00724142045837 32.385644514543685
593 118.62535292860721 32.251944834798095
594 119.10419198816733 32.41328792832445
595 118.93024329374406 31.844335565687913
596 118.7078411433479 32.06347256607146
597 118.52807311385563 32.128138892500644
598 119.02365745135855 31.913512054421016
599 118.8132146835756 32.07280478690363
600 119.18420227650843 31.735634092076673
601 118.6747640609667 31.8419085368285
602 118.55616147758613 31.71718614647195
603 118.65129805190877 32.09311417568022
604 118.78688237087819 31.873433810628583
605 118.51964650833297 31.93579728383688
606 118.74478421234396 31.89985186169607
607 118.65768170145162 31.644762303610158
608 119.1767968428942 32.32862761045991
609 118.63098939670999 32.162944426081296
610 119.11482108741454 31.856338419551967
611 118.5870190076844 32.305502044945314
612 118.90480493542225 32.15849552227636
613 118.94688097109376 32.382089373553846
614 118.88401999486189 31.990925613039824
615 119.1641125237926 31.700475893478064
616 118.80631550351293 31.68738594984173
617 118.94292290168434 32.19501210669053
618 119.11089337082183 32.049811080227315
619 118.66846587231989 31.774825965502092
620 118.86012057658347 32.02048807441277
621 119.18047685766656 32.016703118957324
622 119.04006333402673 32.297085755496155
623 119.01149915456841 31.630168302811615
624 118.78189051572129 31.69258388360055
625 119.10745286410857 31.94171386930315
626 119.07198044842545 31.708694475646787
627 118.80189260225063 32.38056494601118
628 118.89037122919116 31.76918656148583
629 118.96559433036539 32.0994454610802
630 119.03497837233633 31.949965130039097
631 118.82023215953019 32.226505608718035
632 118.74295628905372 31.6319032794151
633 118.6048525133742 31.84815552204841
634 119.0203144530667 31.98888704727203
635 119.03390978945114 31.691396151300776
636 118.62128382241578 32.082393020387734
637 119.11058354277296 32.015989746134636
638 118.60622979285074 32.2635049230568
639 119.07468767560597 31.966041518904817
640 118.60565794405561 31.842976234608287
641 118.9447588860774 31.834090996031488
642 118.86726934953269 31.808411028320194
643 118.59857127839352 32.342895070636665
644 119.01418044237006 32.23242702737814
645 119.0205897693656 31.880428407754017
646 119.11716469285643 31.950312087862045
647 118.8315143798828 31.677018678717307
648 118.88327189150844 32.07829810554284
649 118.95187224357095 32.19049829570603
650 119.11360440966891 31.798967884791637
651 118.7902591764748 31.974569529658943
652 118.96913213950646 32.12782590118283
653 118.9174616023376 31.97065512691677
654 118.64292194571863 32.03326945885517
655 118.98347025784216 31.754824034294067
656 119.0953560675024 32.22427981505118
657 118.81634692126852 31.686148601004348
658 119.17527033977615 31.979867560388147
659 118.88036579915239 31.847986340999178
660 119.12897724042026 31.69173577766042
661 119.02929614237614 32.28956764619765
662 118.77429150325419 31.746690002865055
663 118.72520340546144 31.973068832396457
664 118.75428867465091 32.101226777854635
665 118.74092250239035 31.83287051721328
666 118.51957098527114 31.985243813151275
667 118.5020726342875 32.01187879774155
668 118.78807146861654 31.94859454797316
669 118.63624405604612 31.88789711070999
670 119.09664593691487 31.78654099915366
671 119.17284596856484 32.32767209922292
672 118.7112438223477 31.99388542778768
673 119.02613469064491 32.16228805057827
674 118.75167670399398 32.008708877144564
675 119.10579345135564 31.837317548218095
676 118.82270660562834 31.995137671496227
677 119.15679502667811 32.24908156345424
678 118.97969807913871 32.28687776725023
679 118.58344531961346 32.34659890319442
680 118.6001694882774 31.785102156428653
681 118.7988502418468 31.874089025450612
682 118.91645611809842 31.6891716292264
683 118.87057244327754 32.404533196109284
684 119.11702275818459 32.11913293193599
685 118.51476290381396 32.162382704683985
686 118.58072613628273 31.957099165535972
687 118.70801562646403 31.80969719701422
688 119.1019308758475 31.92690462712765
689 118.49966999515932 31.845955684366608
690 118.87677438698704 32.027602984050645
691 118.5059919505194 32.24633889096491
692 118.88561248757819 32.26553489711003
693 118.83728379801646 31.849794657928836
694 118.58493340834329 31.73849601262321
695 118.91786269222656 32.1944619939167
696 118.92698393613321 31.930535813463642
697 118.82194350256589 31.740377281293426
698 119.0467572216708 32.10862454328951
699 118.54921531246863 31.678429057545237
700 118.73686048231316 31.683422290872226
701 118.84777078443096 31.60433697547392
702 118.72173344953258 31.7487249260381
703 118.58075300339928 31.966084658871114
704 118.57554748847542 31.748754461171703
705 119.04118614112863 31.64004976136602
706 118.6737731809943 31.99596539627938
707 118.95527424329212 32.31588908844246
708 119.09890293431083 31.59249840505685
709 118.71142828977403 31.788941922493017
710 118.63052435981002 32.33864597808269
711 118.89483987074414 32.11489190227113
712 119.08381554879338 32.25596071760395
713 118.76427044463455 32.32044885435538
714 119.0887899267101 31.78208955339351
715 119.19176637869691 32.20641455674979
716 118.97824301785414 31.817486586120662
717 119.12320358223052 32.34089854692618
718 118.55847799575663 32.36296188539545
719 118.78492061246808 31.727388646658614
720 119.11457300646984 32.27297526086556
721 119.01380681770654 31.65338375498862
722 118.57852585660501 32.08416165639251
723 118.6753651454633 31.98369301730637
724 118.71897021884767 32.06178069606165
725 118.95678213365876 32.2033114597617
726 119.01672616857145 32.307526706713915
727 118.84273296586268 31.99454966840502
728 118.51939720297733 31.653514213537655
729 119.14009861097088 32.34487845747515
730 119.15717736502003 31.644074555108535
731 118.73150962096886 32.23898460277577
732 119.07140395249552 31.72133882337614
733 118.86231048878594 32.330685998020485
734 118.83723751537546 32.09564322912992
735 119.16807636308296 31.843226624152564
736 118.50803130770034 32.28313356248436
737 118.795502190743 31.727738909849343
738 118.64505977079918 31.779017040816075
739 118.82712320820026 31.841636104082113
740 118.80293749151298 31.920564647223816
741 118.62573796731351 31.787858526319045
742 118.90670551958979 32.326192871479876
743 118.77111351179857 31.967248267045562
744 119.13577944112056 32.364711138619654
745 119.14525333303739 31.825161123294162
746 118.77203215137976 31.972386349707932
747 119.03341186184349 32.26380377816845
748 118.93949332282843 32.388469326173436
749 118.7610961323874 31.96779593011621
750 118.68481968378852 31.985354011165413
751 119.14734755325789 32.36227169769397
752 118.64547958842964 31.94672133231449
753 119.03639275676706 31.95084497922439
754 119.04021884719306 32.37949687601514
755 118.62965626442237 31.997654561939484
756 118.75872010608416 31.696687501487634
757 118.80254877480333 32.355204042476764
758 118.85602526803962 31.979455535816758
759 118.92561530325395 31.88249038060244
760 118.75546908380045 32.32031035556322
761 118.92948477502337 31.60951079585278
762 118.80149223580466 32.35284405917337
763 119.16414484487967 31.668525606239243
764 118.97093667730947 31.653184326039508
765 118.87120827745274 32.3273697998593
766 118.89991044453743 31.96954179641793
767 118.57801202805427 31.74067026680442
768 118.68615818942531 32.385428370649
769 118.99120383555837 31.853938599104964
770 119.20998021890294 32.34317363075048
771 118.72720178932121 31.965621940634737
772 119.20757645203813 31.91904004489059
773 118.75128440624302 32.05656136420079
774 118.81442797067022 32.323071065865925
775 119.17842901995529 32.38220311228635
776 119.07142585536003 32.14585123363322
777 118.8784334148319 31.909658510445304
778 119.17701519868075 32.25794698264487
779 119.20289618373658 32.335877969239384
780 118.61187147268777 32.0490186494613
781 119.03747067615765 32.17619806375239
782 118.68312761024724 32.30499587277295
783 118.7135110041553 32.15112834065978
784 118.80722884982733 32.09737866007695
785 118.8265978244394 31.897857067713204
786 118.59744258810125 32.087883531349455
787 119.02378534262814 31.772171509126018
788 118.51139795272788 31.711954934062202
789 119.1965432691642 31.801434349213586
790 118.67368870784156 31.959847806995032
791 118.98607257920433 31.870815057826995
792 118.86776746601709 32.17681529202618
793 119.08511222243044 31.912816346128153
794 118.63370157497137 31.968120234780738
795 118.52404174001073 31.815206804011304
796 118.62800295743864 31.65662649920834
797 118.97511871803687 32.17152758167641
798 119.06492798874616 31.781259732302466
799 118.60698016643065 31.987714630052047
800 118.9175367985069 32.081887061004615
801 118.51583514100557 32.14117284040734
802 119.0696395876567 31.937762291474424
803 118.57796601626893 31.807627923091633
804 118.61858780000932 32.308099793438565
805 118.94854551771378 32.13071499008114
806 118.82869031905722 31.80560147621067
807 118.70364283519166 32.22781299784423
808 119.16037950317492 32.03304757244584
809 118.86805702367843 31.949420629822814
810 118.62489174782289 31.694313387547982
811 118.79199910476012 31.778220660323644
812 119.00909648983607 31.696144029112578
813 118.8240881069731 32.14837917828707
814 118.58115441443987 32.179125532755975
815 118.6102396942573 31.972960822299083
816 118.66660096762686 31.63682914799972
817 118.86940685894899 31.72947178776947
818 118.93791992496809 32.34827815806315
819 118.8429466254098 32.30481528121768
820 118.64750301366463 31.914714952319233
821 118.74275154668933 31.703285415134143
822 119.11984839555336 31.955973904696744
823 118.67197494075982 31.942521793191236
824 118.97176109395457 31.615416164470975
825 118.75964435824592 32.17842517650142
826 119.19642366110993 32.128760419842884
827 118.492112279723 32.04580617796635
828 118.71000685025459 32.24344801443585
829 119.05093488853659 32.26294239058556
830 118.53155156517685 31.76183635313954
831 118.77519811321795 31.66789627557658
832 119.17329852250943 31.899336314282582
833 118.96973368544832 32.28475402813248
834 118.58619389394315 32.21448302142173
835 118.56690960560361 31.796715781814928
836 119.16201769758368 32.210846209448334
837 119.13400258695239 32.063964075209164
838 118.63307716718262 31.81766023092765
839 119.11329699511914 32.16414809054315
840 119.0158103977667 31.839389877470218
841 118.77891202538328 31.853168212809063
842 118.66165629189396 31.776211929780178
843 118.6011408481603 32.056335722380325
844 118.65157597819754 31.979599874569576
845 118.84147911698562 32.09179004648175
846 118.5319486578869 31.626181954986027
847 118.92926875752453 31.92387186786158
848 118.91769314077732 31.634537270769997
849 118.93616791030325 31.857256101759713
850 119.07679902177352 31.67002426887534
851 118.54563324577461 32.039627714676584
852 119.18292988825846 32.339933463318715
853 118.82750436588827 32.27897464977606
854 118.83993363216214 31.990402022733196
855 118.60871992665814 31.894465901251515
856 118.95828955318564 31.62199633732077
857 119.12777317785793 32.12360203756889
858 118.55242617277646 31.835943542281928
859 118.70958962193572 31.936113985427497
860 119.0493117824751 32.095742398581336
861 118.51578894742464 31.75479114187107
862 118.89760606290116 32.035101582361456
863 118.66756074035793 31.972722990652027
864 118.86620292618551 31.913755779923168
865 118.60998331085403 32.278029934739344
866 118.74368968623882 32.19700575512113
867 118.7376711801624 31.70995285914566
868 118.77364554299325 32.32271167412559
869 119.16679866434762 31.589995092437874
870 118.5941441308503 31.782530533352922
871 118.67895978154267 31.70652851206007
872 118.97460293146024 31.863168655023763
873 118.75226428791163 31.685938969935933
874 119.14960760310966 31.8208455222258
875 118.74846250765403 31.904975072245975
876 119.16248186884937 31.986178726906882
877 118.60099262761615 31.829934209458422
878 118.81420294221562 31.64841416836861
879 118.85895810470943 32.01243833506828
880 118.92244149478762 32.08812958313719
881 118.77716276172576 32.11421376237211
882 118.85902040089076 31.608888393190213
883 118.6626106189108 31.687612114483976
884 118.6643309472384 32.13931917911624
885 118.57249834125336 31.7132623270353
886 118.87206409949934 31.681170390869443
887 118.84192456883324 31.950763385828907
888 119.20275072812096 31.89988006802384
889 119.06262646672567 32.12463617496032
890 118.98738996066365 31.62525943649354
891 118.70997389099925 31.80371031644974
892 118.67379647563183 31.81367289703013
893 118.97699503269232 31.866553425231288
894 118.65158627296053 31.609384919889827
895 118.53906064181947 32.03223709660252
896 118.70574333967242 31.598117149868386
897 118.87391995264935 31.841958820803924
898 118.62755588429208 32.32297007719134
899 118.5777940591628 31.723511561764415
900 119.11872879839058 32.12941337509204
901 118.83953620910012 31.9887801959808
902 118.51429955007742 32.33369160956946
903 118.66874502904923 31.951854298809536
904 118.53723432540173 31.74141558420903
905 118.68465164088782 32.39800950669083
906 118.80063227533242 32.174972497958656
907 118.59059385461718 31.69627727528707
908 119.14161483780927 32.027474384622685
909 118.84508614880006 31.865495358668593
910 119.09277637973011 32.30040492123956
911 119.06854314542097 31.740771420684293
912 118.59575192064776 32.111600378102494
913 118.54918059879792 32.36301486208678
914 118.90435348009323 32.341803709714036
915 118.51650787429055 32.331000511187746
916 119.05304293251486 32.11885724287359
917 118.71816885023684 31.856418082593358
918 119.01378071730002 31.654456731507036
919 118.62914819440638 31.738185260270118
920 118.71640201402764 32.3134155268859
921 118.94088970635792 32.17634867474979
922 118.66008415773354 31.663976047137695
923 118.65836322800568 32.376872669381385
924 118.74669582476626 32.003470429242334
925 118.51934636776397 31.75460172896882
926 118.98080309422778 31.97617669981493
927 118.57616512755655 31.9368845509206
928 118.6554950693211 31.78175155129107
929 118.55192896699941 32.10021781831796
930 118.81525201277141 32.013413036354855
931 118.688768947211 31.809756475738187
932 118.8533611636242 32.21949645549027
933 118.96066277202623 32.031497273483794
934 118.64495787031785 31.87421146082351
935 118.73479186588717 31.725814719273327
936 118.88759774762471 32.00449683885901
937 118.67513509217801 31.71263451609473
938 119.12407656115184 32.316562222837334
939 118.54671482653536 32.013158838006404
940 118.59759083254436 32.33807591309496
941 118.71703327766929 31.862523220887283
942 118.9485129923263 31.955581615855962
943 118.55434919361896 32.037724155638216
944 119.14056600641914 32.30516153259707
945 119.13448706979992 31.696215747718387
946 118.96177863845583 31.917558366937758
947 118.75246460714644 31.680660794915436
948 118.68654353560085 32.3464451734484
949 118.72940776188443 32.25973923262545
950 119.12914988400728 31.927153157998458
951 118.86043444922913 32.13324418283355
952 119.15877055113073 32.052349004911434
953 118.8373194851303 32.08089849144431
954 118.64602526202681 32.258629688327076
955 118.5817075907875 32.37781229404452
956 118.97883374715623 31.662725405438152
957 118.71217326047679 32.0638679642851
958 118.95374645180084 32.33077140640306
959 119.15754741372321 31.930024168943028
960 118.51717438768465 31.79398642134317
961 118.56461293240154 31.69048197377663
962 118.72812898846648 32.11336807031331
963 118.71558116543561 31.756467906557674
964 118.76346024299455 31.893230191454478
965 118.81628967542403 31.90283917960117
966 118.79651658995815 32.09465378318937
967 118.56274922248191 32.36199795899534
968 118.72710372724399 32.39959792866671
969 118.59454700223257 31.831634305830086
970 118.63403248950306 31.813449515793362
971 118.91096856270426 32.19015840929185
972 118.52868604365551 32.165460575446815
973 118.68689330817541 31.826714637730316
974 118.92365689258833 32.352735129332885
975 118.70025126261164 32.23890554417235
976 118.84642058239545 31.749943863039814
977 118.80716809458806 32.003942237147555
978 118.9372562511726 31.666434761477163
979 119.08649164123901 32.03843927729996
980 118.69347914546002 32.04386808758511
981 119.13280092568814 31.761813328700008
982 118.96630172523182 31.659696823781804
983 118.78520324424538 31.73387257902418
984 119.07311524934512 32.01243940039524
985 118.79401399480757 31.645002273042426
986 118.97623342852403 31.750525293982072
987 119.12581511059663 31.74348967008163
988 118.69757095901849 31.92316804494948
989 118.83784790554263 32.018005834238814
990 118.773185991845 31.87848908991924
991 118.5774636289539 32.10323192160341
992 118.56989180234534 32.32818085056606
993 118.55299094763187 31.790873349499023
994 119.11446938981979 32.38631351052817
995 119.12487272240315 31.85004568230452
996 118.74207939660192 32.101708807859445
997 119.10967347970296 31.889212917295872
998 119.16743745219895 32.144727643731684
999 119.03394649899647 32.29151229414918
1000 118.65894776967096 32.24243217089432
