1 118.938722728039 31.9462649265232
2 118.8906434392189 31.606838232687803
3 118.61683472805933 32.04262390373027
4 119.0660869620245 31.977610358543203
5 119.17470041387209 31.94877407444877
6 118.94922421918673 31.869013063657007
7 118.89735408810212 31.753881891199246
8 118.60907956167746 32.075773389814586
9 118.69607144589911 31.841447826533372
10 118.753795268371 31.805151947198308
11 118.62126031365291 32.09317886289295
12 119.19612748400738 32.02602182588437
13 119.14285639516211 31.731987513424126
14 118.76015534299552 31.979263528798587
15 118.5978949219077 31.734160919318274
16 118.77665520235652 32.22867872441422
17 118.62850638811203 32.30047056008258
18 118.86473392138811 31.997443742308363
19 118.65646443994407 32.28520907965651
20 118.55031137758004 31.66442444425929
21 118.94052282307338 31.99613847219658
22 118.75608280675239 31.654847799020697
23 118.98316231405198 31.941705200096987
24 118.86136895686492 31.675561017057827
25 118.95554036132567 31.6935159564057
26 118.71748828697963 32.08303529173119
27 118.89633181432716 31.772090660562963
28 118.83127186714964 31.66110384393297
29 118.90869682955979 31.77887638166224
30 118.51852782946376 31.880581267420375
31 119.18752414638251 31.96995430509046
32 118.67398556287168 31.756698777118505
33 118.5636231297184 32.10489680341774
34 118.7051895633388 32.00739909918187
35 118.9944955595554 32.01904000092137
36 119.14340164793799 31.91571348396642
37 119.10475949188127 32.22179914329
38 118.70509776090843 32.071082490648976
39 119.08974901988502 31.719074212998617
40 118.55188835101201 32.161004508599824
41 118.55632900153516 32.373152943908565
42 118.62848732908397 32.008061346428796
43 119.04803722718468 32.30390589759506
44 119.00026419400292 31.871689977234972
45 118.58924237819437 32.05262235352275
46 119.00271157522714 31.94473391016917
47 119.04336624838066 31.935200562982796
48 118.60119387427339 32.24360059638291
49 118.96090420665973 32.023020000061145
50 118.79019383568631 32.36087250007568
51 118.5391652706592 32.03220218789832
52 118.86556547474089 31.66762148162466
53 118.83468279077404 31.909646133918624
54 119.11383106125496 32.26268987081455
55 118.9326085013568 31.934567788279722
56 119.10442761041753 31.623672654109008
57 118.85139992655544 31.812615991668082
58 119.00365911527116 31.63766896986871
59 119.17568650954172 32.380207386695666
60 118.52044570764599 32.383072152816645
61 118.7905449798579 32.23980090513635
62 118.8084750611444 32.0900920673897
63 119.04398078721705 32.21817181622631
64 118.51734073288924 31.730360879613766
65 118.89031119166467 31.832503304119605
66 118.68015194905716 32.00982610483063
67 118.81919751241065 31.882358151977048
68 118.98123889752455 31.636601116633276
69 118.93288289420059 32.36516962062542
70 118.66323085375491 31.973875876073773
71 118.63948362242706 32.01069511714844
72 119.08462202790423 31.875446151544885
73 118.85216802705885 31.816074417100822
74 119.17755612430969 31.891915951966073
75 118.96270060271968 32.271422424651945
76 118.65723881586007 32.217606836684126
77 118.61482005971234 31.88254810853013
78 118.72565302146585 31.609304476964986
79 119.03751805578365 32.222449178613516
80 118.83192726042702 31.79541200321719
81 118.89311968980402 32.0694618147875
82 118.92486429148583 31.609011472031455
83 118.64367132368042 32.111641690057546
84 118.72973532531854 31.921541091939567
85 118.70303770412647 31.981880494917345
86 119.135459735916 31.935028228442008
87 118.5123650357833 31.88120437138475
88 119.1727864779248 32.03127956656957
89 118.62519653685519 32.38744881770946
90 118.85198680046362 31.706101391620308
91 118.70004727558802 31.866287853044806
92 118.70683981912298 31.630985544265926
93 119.04028709804733 32.18800177500185
94 119.00519750822393 32.11984538361207
95 119.03424020100692 31.76790836101853
96 118.60971049564348 31.90584596780877
97 118.6424752755703 32.14427652711997
98 119.02312241814154 32.13353221939477
99 118.57677938873712 31.736848398820086
100 119.09979213387572 32.31164763862823
101 119.11569906111079 32.22907268998681
102 118.85563674375943 31.681477589954063
103 118.98016211341567 32.29831252166231
104 118.7220256777997 32.20755692664253
105 118.96459156534799 32.25055163712061
106 118.52320680264754 32.03455409178871
107 118.67546880219838 31.772745242757864
108 118.78849692144779 32.358695419817515
109 118.87082043037245 32.071140951931746
110 119.19906896328273 31.866561907803256
111 119.21853046769084 31.83663492510806
112 118.59577611873404 32.307607695324265
113 118.69622291217811 31.954825002516277
114 118.54598528608997 32.03215423118623
115 118.73134234632545 32.10217868728293
116 119.15749523460843 32.27469001626537
117 118.90781552549909 32.09525506772237
118 118.53483052284008 31.74569714927856
119 118.87795683132488 32.07618356492301
120 119.17010693524337 32.00118998566463
121 119.18794811252634 32.03975863117874
122 119.14292398656019 32.16851441335236
123 119.03187014915692 31.79111825664895
124 118.66612169681578 31.74733692998333
125 119.12987550680977 31.68287951129947
126 118.72052855702258 31.826935489637805
127 119.11950221246676 31.605753975227785
128 118.52257102811392 32.08830452044899
129 118.54366447357499 31.837463553732626
130 119.06079188481876 31.75032279951669
131 118.5483235641057 31.676564376687864
132 118.80333956215546 31.812987908361436
133 118.7355354549499 31.781303318656725
134 118.67470729469713 31.831128206247822
135 118.75243275256815 31.95295088977189
136 118.83736205226559 32.03050211749703
137 119.11136698602805 32.26590694392063
138 118.94301944503741 32.38714616145
139 119.12526157619293 31.645511840511094
140 119.10305404168312 31.793741686739477
141 118.59485316223761 32.11273704797573
142 118.7725077089797 31.748492602911533
143 118.86500885251259 32.30614919408113
144 118.67966239883323 31.76246577107752
145 118.88799119439732 32.17072801387825
146 119.19583339742378 32.09488431150781
147 118.64234466309577 32.22449753022028
148 119.05310114358338 31.642956171966627
149 119.20384327729347 31.780468340936377
150 118.66841702221525 32.170446291334166
151 119.10858779417435 31.68905929614379
152 118.62635417966318 31.626759659028295
153 119.14675628980866 31.883942049111003
154 118.69918075986388 32.075814422083894
155 118.68987964491127 31.61166640897823
156 119.12816967676662 31.667231778024586
157 118.69483884439448 31.630480195155318
158 118.6442879092317 31.92260007894131
159 118.72114992048932 32.14493603216953
160 118.98781676524713 31.761553944836912
161 118.51716716886526 32.284758261787545
162 118.6228049295786 31.953596417094115
163 118.57215721181068 32.091256755571315
164 118.84922884605206 31.828225875740955
165 118.52763351254653 32.09369392218609
166 119.1478539472494 32.38915618798727
167 118.82750556734395 31.969468623744273
168 118.9279394946433 31.76699854885745
169 118.65225748696476 31.945407717691207
170 118.98742675816007 31.946426441557552
171 118.49647318144372 32.009412979503196
172 118.54865645812352 32.00992252714111
173 119.15223822982344 31.639622271562946
174 118.62598530713417 31.721542495279156
175 118.83224496209453 31.958284314912902
176 118.89066764706863 32.15872970633422
177 118.62935470332454 32.23468936637639
178 118.91457040557906 32.20610603975974
179 118.68186108231613 32.022376985913624
180 118.96543773462604 32.37804389693897
181 118.70186756246412 31.848514422237162
182 118.78278955961166 31.97452793413745
183 118.83836135363596 32.22614835191957
184 118.51740071215004 32.2542494003284
185 118.58641517133546 31.91838843227165
186 118.54296024491302 32.286625516279926
187 118.798803193403 31.970410370246782
188 118.88303591223134 32.18337126398377
189 119.18757363831598 31.608597001936346
190 118.7440757868076 31.60408903215451
191 118.62680023448036 32.333202401715255
192 119.1822983256045 31.69376128262615
193 118.88435513323826 32.14969561708905
194 119.15479048640341 31.83477634986319
195 118.73662466385265 31.76472693499446
196 118.54999859565369 31.90010316366067
197 118.84592047489973 32.34617503455902
198 119.21024992986648 32.058026852321866
199 118.54222885127332 32.32905878462854
200 118.85725163195997 32.17192294532769
201 119.09737764618741 31.983875688488805
202 118.65309772889955 31.995979220337258
203 119.06044782863111 31.784831069030382
204 118.5377012325695 31.611125775862522
205 118.72213844197384 31.921791176114603
206 118.62090355644348 32.0378367112841
207 119.16815569025295 32.30130180083284
208 118.93265862206452 32.124294742132186
209 118.70066402300725 32.26536466081317
210 119.14379849424247 32.31968636724652
211 118.89643184348397 32.33994159836005
212 118.768524692995 32.247270678836784
213 118.98886091561548 31.703241117788483
214 118.9498294777959 31.876407378055625
215 119.18628462694579 31.74752231968281
216 118.52686836864548 32.29268553625732
217 119.10067257753299 32.22051630054402
218 118.97288714148794 31.885352155239957
219 118.6088288475373 32.04781525196574
220 118.76922470817294 32.254554067814546
221 118.52152572898575 32.27630769350897
222 119.0955363492837 31.76049495391317
223 118.56609614358456 32.194732383728564
224 118.64274594694146 32.246555272056526
225 118.99048627521016 31.65096684731033
226 119.03354060468968 31.676227690994697
227 118.6851486426691 31.938977157238828
228 118.61936615212043 31.776955861749983
229 118.52037017158064 32.30311604255541
230 118.54615841265037 32.18424746676002
231 119.12395543138857 32.172273513230685
232 118.63789383732069 32.22505066428003
233 118.78712223701564 31.85490253965537
234 119.05052828331434 31.795646873728543
235 119.17427208781992 32.09206854689219
236 119.12174105069813 31.921372355717992
237 119.10226675372401 32.33265634344444
238 119.07466881143455 32.13249610890528
239 118.74032163593235 31.90369827364239
240 118.94377417639619 32.262188686976216
241 119.0025067990883 31.9033238647549
242 118.80393048883903 31.73046989474782
243 118.93898544364286 32.214537592729926
244 119.18526174639099 31.986546304070018
245 118.72716316033281 31.79893850471711
246 119.14812510797424 32.14973874158549
247 119.19458738104382 32.38536038093888
248 118.89861801538154 31.797972066622314
249 119.1444865919951 32.23218644878063
250 119.01168162172118 32.207678624240124
251 118.99042962466527 31.69527872281948
252 118.57995431396176 32.2740444521939
253 119.02267746954811 31.980367828232115
254 118.61479144141661 31.68766588209037
255 119.02364726501189 32.02787259781508
256 118.53033463905916 31.862037906000314
257 119.12491282302051 31.72667872823224
258 118.6262825882485 31.655352588460396
259 119.09659934503179 31.750788188903382
260 119.12138195158175 31.947304820002344
261 118.57229200216088 32.12146232162887
262 118.56657763521606 31.672888248468343
263 119.16804039460432 32.15822971571413
264 119.18519034065977 31.670507491766234
265 118.54731936554 31.742146317614214
266 118.92653717752411 32.18399205819031
267 118.77990512189768 32.292195193347865
268 118.54168482887384 32.363728439562806
269 119.09848415725519 32.13505276964006
270 118.97124444563259 31.973199605058976
271 118.55740257434898 31.683449917883014
272 118.82095989955731 32.05850625667658
273 118.78760517780653 31.726062836142685
274 119.18564625578232 32.01158130456492
275 119.19427040696948 32.08922191569511
276 118.66381953841588 32.28044552625086
277 119.02881308552845 31.864101587657863
278 118.95448235366794 32.37602735084669
279 118.81835297650419 32.37216749563876
280 118.89161605770784 32.272031553227094
281 118.77456956614189 32.1751578917444
282 118.5321228168057 32.17393712545975
283 119.02708362554885 32.30077543639829
284 119.05670684761338 32.35642500900962
285 119.1397771923688 32.26810950453805
286 118.84110987459664 32.112713348958245
287 118.5467585487235 31.690297270849598
288 119.16837045524773 32.10090999753653
289 118.68896569834398 31.87447108185104
290 118.59338695813726 31.70620145041244
291 118.59008402323522 32.305497036050525
292 118.92361212945531 32.2656109798889
293 118.76230926633347 31.996257056999124
294 118.96611264007961 31.969155866835678
295 118.54088552487642 31.99792700879247
296 118.50993319984998 31.813459417349115
297 119.17647964222708 31.9051290454424
298 118.55113230164677 31.95282921993463
299 118.73285453291102 31.61067494324089
300 118.51363110078611 32.31353834120534
301 119.12890899379941 31.636802495405036
302 119.09861768284848 31.91403772617454
303 118.89361759667979 31.688656636824973
304 118.600504381443 31.77295761280512
305 119.07390961468897 32.355055311708966
306 118.55065068395662 31.898655900223325
307 118.831674640508 32.156000342494835
308 118.72004728750008 31.682153788075897
309 119.20693895167553 31.777209633043917
310 119.17405216204571 32.29740983871115
311 119.06225633830906 32.302851762803314
312 118.81626714021289 31.791791536541087
313 118.85013674326265 32.37475951668233
314 118.89459523290587 32.14158782243507
315 118.8881753098349 32.011012749741894
316 118.62260249111525 31.881425527561024
317 118.67727036713212 31.877755582612313
318 119.00456853364119 32.36439701677358
319 119.09447616919478 32.16646723092105
320 119.17251245901745 32.01089718865292
321 119.03698767009558 31.636941596306922
322 118.90953744012914 31.792057988511583
323 118.54643241897082 32.349064633745286
324 118.55290468134467 32.03308296579064
325 118.62724369226687 31.872993533292522
326 118.98949347635636 31.632223800012905
327 118.69904009335113 31.815694206086047
328 118.77740721525997 31.798824588645388
329 118.60361625016591 31.728239857686432
330 118.65976425238702 31.876016987401027
331 118.77492306628173 31.750417428867422
332 118.94591666086484 31.663870202758147
333 119.19665869529389 31.702199326183816
334 118.5987616089152 31.97821720198319
335 118.73061659038586 31.65346303108782
336 119.1896463908607 32.34418418747679
337 119.11226727390923 31.756584555522274
338 119.17945375182626 31.997289657068542
339 118.86578181070273 31.92197947274548
340 118.6584660138562 31.835019156275578
341 118.64777285092532 31.871255458164143
342 119.06439509229843 31.788595954597078
343 119.16060759757379 31.813456231984834
344 118.94262867456321 31.709829419019734
345 118.97548515750593 32.155180128013974
346 119.13469778869897 32.08552136292694
347 118.6773696782817 31.843920385637503
348 118.9175121533422 32.318407199803985
349 118.88765024660823 31.906715165720357
350 119.14017087686344 32.092139011962935
351 118.72922478141516 32.001616816312065
352 118.5989575860132 31.862853103338406
353 118.5855731661892 32.31299760117472
354 118.68721545042908 32.28854159928792
355 118.55239759046077 32.27239728046737
356 118.72489924862386 32.3913712185848
357 118.88953679097825 31.625939888752335
358 118.80111394987335 31.98262221770892
359 118.94332460720086 32.361733181148914
360 118.85735071264153 31.702075588026386
361 119.01992674941783 31.810135126914393
362 118.82604908414278 32.01280792580992
363 119.04945090450177 32.12002049785889
364 118.81461177420574 31.8839123924084
365 119.02054807158459 31.846478670051237
366 119.0122332711475 32.229042261823565
367 119.10233434709649 31.615010424627677
368 118.6167615854153 32.243047214218684
369 119.0116271361404 31.92911101664353
370 118.49071271754374 32.09813755700484
371 118.77989225168061 32.16281670615689
372 118.90866236740935 31.683792680824485
373 118.50436645460401 32.33656962367024
374 118.54459036238131 32.24888961304785
375 118.65453233264817 31.885859556455134
376 118.77943426356326 31.74453457609849
377 118.99581414689081 31.657493443530992
378 118.64137974201971 31.840757709668413
379 118.77343831379106 32.1825615729836
380 119.13227836069265 32.288467344004935
381 118.73963272774407 31.833095318283405
382 119.04207056552363 31.784439360584855
383 118.90821921462148 31.866846643533425
384 118.54219712501259 32.37943026770706
385 119.17989238120235 31.67531621155255
386 118.57995765060284 31.74022088000391
387 118.7486923776652 32.15118094925895
388 119.18608384485668 31.71173418102753
389 118.69075088268518 31.784195690537285
390 119.14688866161575 32.26080866994893
391 118.96317700073814 31.855013447136333
392 118.6336157504369 32.077469246139565
393 118.59974174782381 32.04225078746103
394 119.16906782525216 31.831308818313243
395 118.8219839714611 31.797855971323354
396 119.02760037821865 31.805663021526204
397 118.59942870044509 32.3037426807146
398 118.85113526960419 31.60928908391675
399 118.57452883286038 31.690461106247287
400 118.82648865798379 31.876145155312027
401 118.49956695707358 31.77152137365291
402 118.51493538313935 32.04447818165787
403 119.13479131108348 32.020828076855786
404 119.12587548658466 31.995021472658888
405 119.03156795171095 31.843001463699594
406 118.85259869759452 32.011051602549855
407 118.63716894899613 32.22638126601518
408 118.99716249208124 32.24235254634486
409 118.64217197914184 32.03393618843785
410 118.53865503885847 32.23548166667514
411 118.71409987249487 31.66040429805519
412 118.90875205146823 31.737771321982823
413 118.9010107377848 32.19500650775252
414 119.07205976578415 31.911376364592822
415 118.76359471201485 31.850323676550243
416 118.6081574353161 32.060883246570334
417 118.54321165492722 31.913731264814757
418 118.64994921101426 32.33364431813132
419 119.15537600990119 31.904850650923937
420 118.510752669299 32.25903502645788
421 118.93069879946682 32.08258505672997
422 118.81685314076648 32.32421838478431
423 118.6347779173717 31.995922746000932
424 118.99870519518147 32.37324689932844
425 118.9021350089168 32.04415383325806
426 118.56463779355947 31.62940087420129
427 118.9682988969157 32.18192223082506
428 118.53962818008358 32.30211746881243
429 118.6593864567902 31.66373421575801
430 118.89323486672444 32.37465065263376
431 119.00941927668646 32.05913012798584
432 118.87709924896443 32.19909039307436
433 119.11304996597083 31.769391369077937
434 118.98030236672994 32.34883813262629
435 119.17954649928109 32.12362349379813
436 118.68115854154846 32.03420124851982
437 119.18956628366661 32.379653609575186
438 118.65882289412671 32.051706876721
439 118.64348838974804 32.00992119139178
440 118.61188906019535 31.635108910058666
441 118.57743887458399 32.0476810247998
442 118.93670093339578 32.201900470529985
443 118.49637462814255 31.891151471140837
444 119.06729167009878 32.14056967350032
445 118.93634045199207 32.03358149030036
446 118.72194111669384 31.763871595723455
447 119.11562392611857 32.03754541748112
448 119.09074096737423 31.985593888570488
449 118.93064410517633 31.856179836153387
450 118.54362839972772 32.12661842813182
451 119.1928688211343 31.65720715708191
452 118.91464456190802 31.88493176142893
453 119.13586658739527 31.961805389947518
454 118.60356480487275 32.386506574770884
455 118.51453630530851 32.168849163194785
456 118.70844368418517 32.090912089265764
457 119.05127319656732 31.733288093307152
458 119.07449324462719 31.954442118295834
459 119.11220649077102 31.903394712187243
460 118.72417459106562 32.354013437675654
461 119.06281355078076 31.957381685986064
462 118.59311044531422 32.2834876284741
463 118.87910798413772 32.13546277256078
464 118.52936915991006 32.28274466014938
465 119.00044803191616 31.591547016067477
466 118.75188209042969 32.35093428103938
467 118.57480381674547 32.37002920390273
468 118.96654286849152 31.70949379724362
469 118.78445672032667 31.642231651466037
470 118.70954033159131 31.866344818817126
471 118.73913140830713 32.04234121019954
472 119.05034316935134 32.00887442223736
473 118.7825377773785 31.962287532808094
474 119.12082386101196 32.31499461403556
475 118.60457616605231 32.04584603137961
476 118.78127298626289 32.34258438550735
477 119.122774679178 32.051278489355376
478 118.9171677837831 31.743864323761553
479 118.99972888538261 32.402096438559894
480 119.08491877913173 32.39193817004701
481 118.8618509739356 31.953645063584275
482 118.60180274485143 32.19921025736728
483 118.72203273704486 32.1204117238231
484 118.65446328279934 31.73892830901703
485 118.63266334876269 32.06500181799558
486 118.9159818855271 32.124498598656025
487 118.64654044346597 32.06917833610807
488 119.08095148034513 32.0282518495363
489 118.81226502090274 32.06735194944004
490 119.0754229257705 32.16881275457877
491 119.09406048623923 32.21659876402124
492 118.97846014435844 31.680004051700852
493 119.04569127857744 32.33659393039697
494 119.05708042544296 31.987507676715275
495 118.91675811982292 32.15299275588837
496 118.71816956294823 31.91614560479065
497 118.79608153298655 31.65418389212961
498 118.71469738640097 32.115847918796106
499 118.82945613632333 31.898789962854885
500 118.7683915655247 32.03144732499505
501 118.74560170123807 31.803968460089276
502 118.55478561286627 31.766682833542525
503 118.7871276270759 31.82075392173775
504 118.58069384892013 32.297773978602365
505 118.7520099779285 32.34891149040078
506 118.5869208119193 32.36702783173027
507 118.76179402225361 31.933912221270788
508 118.87943914001178 32.23149849801924
509 118.54788986282216 31.750166861198505
510 118.66467085121863 32.1863111184615
511 118.79410955737576 31.937066133812724
512 118.68991950575317 32.269659141661606
513 118.88126427453521 31.769507596606353
514 119.08721279959602 32.24906506559051
515 119.04743609978563 31.66733586044826
516 118.68251340497055 32.297556835356055
517 118.64169151529084 31.938195889579244
518 118.88979128894213 31.723092527993778
519 118.78033250101417 31.838898758995242
520 118.54715351531193 32.175659587256284
521 118.65220155590073 31.952284030354065
522 119.17683682036011 31.776822801736447
523 119.15197855596725 31.814590250116403
524 118.74685051008724 32.143213686549664
525 118.52117145396731 32.122588178872356
526 119.04648992023809 31.647897729000285
527 118.68136308331852 32.265027404576834
528 118.52409818435638 31.693927268926743
529 118.69534145028547 31.778543484763425
530 118.59068568162353 31.6217221733686
531 119.12589119346815 32.031781834358604
532 118.63538702874166 32.286462641339014
533 119.00981635447044 32.3447629368112
534 118.60288196546932 31.970873776041216
535 118.56058649201236 31.691402652205227
536 118.77790431330355 31.997274975746638
537 118.93525563086725 31.824986109490606
538 118.8821480861621 31.84318490107801
539 119.06722651722357 31.77307894662984
540 118.79310648859999 32.3487576946587
541 118.9199101276933 31.91460901543316
542 118.545949063462 31.589212508638152
543 119.0130256151015 31.999946831377187
544 118.98318450105126 32.137956561487805
545 119.06169232546767 32.2417226223101
546 118.56621172529094 32.205085465168814
547 118.81440782140811 32.1563454233081
548 118.96401950915543 31.772830940543038
549 118.49259364117746 31.864555907005492
550 119.10929878061265 31.951014867857474
551 119.06910624797213 31.724815714887686
552 118.86402292747923 31.951698294012278
553 118.73487037557764 31.680899992583814
554 118.99551634989027 31.672205544568715
555 119.11717045945326 32.26104815070466
556 118.84855204500504 31.724891073009065
557 119.13260721340325 31.96411170533997
558 118.58314471625887 32.08544628622402
559 118.72723400246561 32.35650678185836
560 118.97420433586304 31.85289214161832
561 118.76262994490128 31.74475434815276
562 118.86989338731814 32.302667751615544
563 118.95289311847984 31.83600327869899
564 118.91299709742411 31.829388059455983
565 118.81304578747206 31.72701857342958
566 118.61369675646506 31.960226556814675
567 118.77573732478056 31.758403433038755
568 118.65356834678022 31.903346219854413
569 119.037183534781 31.862331648396356
570 119.05622240996045 32.112938040932185
571 118.6414576190131 31.953518475629625
572 118.90996625387115 32.12190605242093
573 118.99076168714544 31.844443543810286
574 118.82019223850025 31.898051906901934
575 118.54684133278897 32.375995105451956
576 118.9804240505802 31.794835640845502
577 118.55167573093307 32.202041473807185
578 118.96419102118173 32.15599149516531
579 118.57326214155309 32.10498630650175
580 118.9536135726506 31.70077860971091
581 118.68612461182397 31.57922209466036
582 118.75951502702442 32.19599575155578
583 119.17939896549373 31.656569096897382
584 119.15730802867985 31.804945507849528
585 118.89203384185122 32.37410380008151
586 118.95234623099314 32.371815257836204
587 119.06627030697351 32.34316201360297
588 119.00320170581182 32.05524019715092
589 118.58724231153256 31.957126121821336
590 118.79574749500648 31.966972336441128
591 119.0843926364793 31.867334575612347
592 119.00541383525598 32.38613260610462
593 118.62066354391968 32.25156674306616
594 119.09469156736151 32.419759406394626
595 118.9266417848078 31.847355583864076
596 118.70939116128483 32.06858617182328
597 118.52210055043808 32.121662801689084
598 119.02660757244233 31.91602455130702
599 118.81517360086691 32.06557627280506
600 119.1789170245368 31.731130328496466
601 118.67816096395526 31.84647486552252
602 118.55200344364741 31.71480835287412
603 118.65918523769548 32.09764340496326
604 118.78938191349603 31.869611447319254
605 118.51855589280859 31.928590143284005
606 118.74362360134376 31.90081021187208
607 118.65765074702057 31.64712276455165
608 119.18014428291049 32.32285712509825
609 118.63066377148044 32.16516600889206
610 119.1124729683335 31.856424613772727
611 118.58023030277143 32.303944559582334
612 118.89828803066183 32.16749918718684
613 118.94606427203486 32.380132121043935
614 118.88746172786328 31.990886142965785
615 119.16700874078717 31.69748033513209
616 118.8099466730692 31.691283947368394
617 118.93840523938108 32.18786675546624
618 119.11551351588422 32.048164725483964
619 118.66399941722416 31.774960170261547
620 118.85845026756562 32.019629846148135
621 119.18210007214081 32.02175777053229
622 119.04284775307765 32.297674109911256
623 119.01185001414103 31.623352480861953
624 118.78702319067943 31.693061598849244
625 119.11014557911984 31.940425923864005
626 119.07068068931373 31.700713831096213
627 118.80609351582495 32.376482141939945
628 118.88616560333973 31.768911223467317
629 118.96292521869582 32.097965565907884
630 119.02771358326012 31.954351767513565
631 118.82175933236546 32.22496455247966
632 118.74436453375785 31.634451840935764
633 118.60797175600118 31.85017362167863
634 119.01900741501449 31.98690712513827
635 119.03345049414384 31.68765089845776
636 118.6260715330718 32.080705370552295
637 119.11073231307232 32.013820672100934
638 118.60938516236928 32.26883055026394
639 119.07582648963619 31.96511933011817
640 118.60605134829325 31.841629380546735
641 118.94429858660926 31.83447382547961
642 118.8656042355211 31.81254526732952
643 118.59660293865475 32.34662875975359
644 119.01357181369636 32.23566818367949
645 119.02304575494489 31.874471492809402
646 119.11961890922991 31.951833064568042
647 118.82896797600556 31.686689559979435
648 118.88297897744852 32.079929794860405
649 118.95400277641833 32.191861810596066
650 119.11259385058929 31.798153607806704
651 118.78732847170123 31.9739365530341
652 118.9691244994448 32.12364303503198
653 118.91384094827129 31.9729916562242
654 118.64388162952592 32.02792061129789
655 118.98162275192604 31.754091498179204
656 119.09447485405545 32.214100760624
657 118.81697976293943 31.687843024406938
658 119.17452468583829 31.983141595531844
659 118.87986791004752 31.849797381091008
660 119.12758149588961 31.696278486582248
661 119.0226993711175 32.29217675062407
662 118.7705815859764 31.748294818876523
663 118.7244410788299 31.972916465735075
664 118.75574909896912 32.10480668008687
665 118.74303813369565 31.837947439414233
666 118.51798494502154 31.98758354447804
667 118.50824664265832 32.01257553324244
668 118.78797953017298 31.95035400826966
669 118.63372511035463 31.889604799958967
670 119.09219105404793 31.78862153132866
671 119.1698498901643 32.32854328990685
672 118.71091563807003 31.99254737637197
673 119.03089378973051 32.16362613676208
674 118.74925800201112 32.010500509048505
675 119.10049824141883 31.838213678217755
676 118.81671064640784 31.994494652993815
677 119.15186335589596 32.25661231996503
678 118.9817547676746 32.27898791354792
679 118.58577878812973 32.35211184542677
680 118.59882391951517 31.792620923757166
681 118.80560664569927 31.874770035638967
682 118.90536302549229 31.687251165626655
683 118.87279789679238 32.40698919371505
684 119.11445415800306 32.11509534846701
685 118.51336095160389 32.15882282805322
686 118.5884148917055 31.95791423616752
687 118.70324745803104 31.81010649985443
688 119.1065332896112 31.92842677488495
689 118.499565115633 31.85172013902091
690 118.8773716401161 32.02574077711122
691 118.50743299818939 32.24669536935903
692 118.88583863927762 32.262768052732675
693 118.83389498252745 31.84424949664402
694 118.58871225375752 31.740630956622223
695 118.91847534634056 32.19710786201654
696 118.92911837539367 31.935754549952
697 118.81837451789322 31.741757630568497
698 119.04326994071248 32.11192311858904
699 118.54618556914164 31.681278816466715
700 118.73541057391604 31.678700409650396
701 118.84495795581049 31.599482017991217
702 118.72294186528097 31.744434562522688
703 118.58033226437745 31.96945870310852
704 118.57860791010445 31.74512684357854
705 119.03913803392643 31.641309389355886
706 118.68183603169311 31.998244280613655
707 118.95839098904707 32.32324905396707
708 119.09655449037852 31.59647289128013
709 118.7125375196983 31.78728891516148
710 118.62486529570707 32.33794281614348
711 118.89597225540876 32.11554566107179
712 119.08012269070629 32.25669055554184
713 118.7585023758473 32.31789722536279
714 119.08651050058195 31.784651004991506
715 119.18821523521703 32.202656188983376
716 118.98557623474485 31.815869839320605
717 119.12263821520764 32.33706247862205
718 118.55903488190799 32.358306615734406
719 118.78253930449486 31.728956007749673
720 119.11561470524143 32.27823859280831
721 119.01170650071364 31.654650166561886
722 118.58166829895552 32.08393992107876
723 118.67357961871915 31.978933934501896
724 118.71598956239635 32.062967577770806
725 118.95395937664264 32.20239649444369
726 119.01831352798479 32.31186502006701
727 118.84781765129082 31.994963578669676
728 118.51608479079424 31.646690309410985
729 119.13180920811483 32.34888131415357
730 119.15863494375367 31.63552556488244
731 118.73254513695058 32.235141014859664
732 119.07543280157448 31.72059561256501
733 118.85844495931366 32.32827786482018
734 118.83507004847186 32.09610267288712
735 119.17250072907798 31.837554564693107
736 118.50375348289951 32.27553631386806
737 118.79501155450436 31.73152001308926
738 118.64300136623305 31.779146838741323
739 118.82605504706926 31.841344781463064
740 118.8021620161032 31.915867574510358
741 118.62039542793102 31.789901054967466
742 118.9050572073872 32.32393368983975
743 118.7672636534671 31.966824961430913
744 119.13854135738355 32.36349288250927
745 119.15422997049643 31.829984315451952
746 118.76513332118795 31.96897440818316
747 119.03428511175183 32.26615462512425
748 118.9369078975533 32.38327648198521
749 118.7611999684258 31.965308457369837
750 118.68855763256055 31.984475177093284
751 119.14553316781334 32.35456192329534
752 118.65458616503956 31.942827273854174
753 119.03812027366487 31.948171415151165
754 119.04497911730078 32.379333049767936
755 118.6322203914923 32.00002385808204
756 118.75880628387117 31.694801693376245
757 118.80153264764942 32.359565355942664
758 118.85583910365078 31.97090094000264
759 118.92703409607871 31.883845162396828
760 118.7592984784522 32.3186519129027
761 118.93083802722484 31.606906758072668
762 118.803793140298 32.367108647529676
763 119.16505915942868 31.6659447829114
764 118.96447164054966 31.65994256557043
765 118.86901151320433 32.32780604398908
766 118.89878258294293 31.963269988630692
767 118.57861685953199 31.73200067612909
768 118.68312720330015 32.38305829354764
769 118.9926426480779 31.851455056326575
770 119.21286112900256 32.33801549029158
771 118.72511263168172 31.973146381685837
772 119.21008185133302 31.91681952486834
773 118.74999353668272 32.053732937997125
774 118.81572860891981 32.32375272953915
775 119.17932462985792 32.38479288432631
776 119.07385127817241 32.14207600167392
777 118.87824835102309 31.904179005011724
778 119.17972755842223 32.257192847415595
779 119.20200903772447 32.3416967081653
780 118.61584271184022 32.04842338784023
781 119.03838100818908 32.18001300140735
782 118.68203834306955 32.30673407059231
783 118.71558926059515 32.15517471603303
784 118.81189783984624 32.09917112042021
785 118.82558618232694 31.88934723774324
786 118.60127244353892 32.08529370756489
787 119.01901286189064 31.77216043646303
788 118.51029370432528 31.709186571795186
789 119.1947466522299 31.803686907549363
790 118.67407923441576 31.954048586436198
791 118.98813253567303 31.87569101121161
792 118.86871758885162 32.176074275827794
793 119.08574361085329 31.913507997588958
794 118.62815041865242 31.971365652555914
795 118.51888733037238 31.81085561239368
796 118.62066132776586 31.66376764555949
797 118.97617249886923 32.16902928267931
798 119.07050694831348 31.777773161030083
799 118.6043621599757 31.983245825377942
800 118.91448934551399 32.08300038954927
801 118.51304395027294 32.146494691974056
802 119.0730181001108 31.941099838416548
803 118.58156989326278 31.80493845975352
804 118.62031840085622 32.30748295220843
805 118.94932386071606 32.14307098954565
806 118.82652453731963 31.808113174741457
807 118.69550385490979 32.227865827533755
808 119.16411786717693 32.03661412901087
809 118.86931647773295 31.94147237314799
810 118.62260831415257 31.695578354482265
811 118.78773855196019 31.7848505740955
812 119.00477222820119 31.69670383774793
813 118.82442018261413 32.15187723623285
814 118.58316981020077 32.17238062380804
815 118.61360559912252 31.972102081785746
816 118.66247073974034 31.63804750763699
817 118.87688857966518 31.726449910238305
818 118.9431778654414 32.34720695152521
819 118.8398398169512 32.30214475403247
820 118.64093810108956 31.917325146571716
821 118.74157400292985 31.704783257098704
822 119.11680376461344 31.958741062975424
823 118.67143792499687 31.941612552330685
824 118.97161505079166 31.612426782965922
825 118.75831264724007 32.185381603884885
826 119.2066849820788 32.122334198783776
827 118.49371065413472 32.046721296647284
828 118.70605770399357 32.24922244999003
829 119.04938641876151 32.26909609104257
830 118.53627790341851 31.75941533298409
831 118.77572021909796 31.663567326988073
832 119.17326214740349 31.902968430789393
833 118.97646613695217 32.28239491979029
834 118.58567631021239 32.21113144361653
835 118.56267470469469 31.792318565287864
836 119.167557704583 32.207591279843335
837 119.13905099269093 32.0681409206749
838 118.62364678931125 31.81999535328871
839 119.11512468123149 32.155498929035595
840 119.0153129954109 31.842067787999042
841 118.78174178628304 31.8504383202896
842 118.66036808223608 31.76824029842491
843 118.60346862598382 32.0541895756051
844 118.65374210682639 31.98398013867064
845 118.8411610003972 32.09322015833742
846 118.52889424303736 31.619229915242208
847 118.92727496856881 31.91959100965686
848 118.92287935359393 31.626936893167617
849 118.93119524042427 31.857552066567376
850 119.07945835936593 31.673669715048366
851 118.54954975033682 32.04665510027089
852 119.18864114560942 32.339240128914994
853 118.82201362423991 32.27614021444363
854 118.84616311379729 31.992102792399862
855 118.60654176610312 31.896156795464098
856 118.9538447223268 31.618459109575564
857 119.12511301370753 32.12799216160175
858 118.55308314621468 31.842941661050354
859 118.71028458372996 31.93350828303062
860 119.04782573854432 32.09874928904807
861 118.51129811024731 31.75077729265621
862 118.89804758965106 32.036902921004604
863 118.66652351835438 31.968616985092012
864 118.86030424414359 31.910800990849236
865 118.61102948781016 32.27755802535843
866 118.73846607704643 32.197337879220676
867 118.74150015752582 31.707864931380872
868 118.7775855361517 32.3192872447977
869 119.16602239072796 31.59660576020855
870 118.59094505263414 31.783372756074716
871 118.67824022722935 31.70475046343376
872 118.97458550712079 31.86592258106174
873 118.75092765002752 31.68691443305968
874 119.1485956213136 31.824518919795103
875 118.74452801516448 31.906876909059445
876 119.1591118631153 31.984173872901774
877 118.59516273752963 31.830410008145087
878 118.81432213291565 31.656040842200838
879 118.85412136907355 32.005079969098034
880 118.92269260474369 32.08195134094593
881 118.77999039748276 32.12141341498308
882 118.85924004339252 31.61108186307323
883 118.65533034532763 31.682411816505848
884 118.66326446621919 32.13647784506566
885 118.57261870791866 31.71690043435453
886 118.87265501674456 31.68070007811244
887 118.84510541873762 31.951640147325516
888 119.20224930191793 31.899273573344917
889 119.05981747973927 32.12195077067697
890 118.98667313588209 31.625609990444723
891 118.7180197060645 31.800803710866177
892 118.67182149063257 31.817442605626034
893 118.9765450406774 31.863183652891188
894 118.65346757677774 31.609882016519656
895 118.54004991558159 32.034291416917355
896 118.70795103405132 31.59334742972394
897 118.86588281939471 31.835482703434952
898 118.6264032458861 32.321785992750414
899 118.5801507958024 31.72375873480814
900 119.11736605667463 32.135190329471236
901 118.8389558723344 31.991398232465812
902 118.51701052330088 32.32834656411457
903 118.6663055834402 31.94802079675993
904 118.5422041215666 31.74145875416934
905 118.68464717759709 32.39993842380284
906 118.80587959057738 32.173677625694275
907 118.5891220750649 31.701875872559445
908 119.14282723429612 32.02482731259346
909 118.84162192585333 31.868173967272327
910 119.09065374142962 32.30699529825192
911 119.0615948826191 31.739987361976596
912 118.59577731506079 32.11872711702149
913 118.54664776953874 32.36392434860544
914 118.90521843361967 32.340807543003734
915 118.50776211585051 32.322658848356575
916 119.05279778455427 32.119470844113664
917 118.71715687756931 31.855063439983727
918 119.01724896458077 31.650826574337202
919 118.62758877635812 31.746415291086876
920 118.71544580645893 32.31201327962397
921 118.93959395160705 32.16727736210337
922 118.66395105324143 31.668985775673615
923 118.66092128379209 32.3726421639228
924 118.74924493033 32.002779223071464
925 118.52663246944067 31.75115655182068
926 118.98437021257398 31.97952603648703
927 118.57724676311048 31.939316160973515
928 118.6642670438518 31.783474288545985
929 118.55645353763263 32.10293156900997
930 118.8191043859924 32.0226817705503
931 118.68645689365198 31.808916336200618
932 118.85728669820267 32.22267023313004
933 118.95718546528038 32.034370007406814
934 118.65000114344124 31.877592680812754
935 118.73807417270449 31.726255536760856
936 118.89079963817605 32.00658574859996
937 118.6701019850298 31.71253377534229
938 119.1216927001247 32.316636220508
939 118.54806662369032 32.01077459826949
940 118.59739620495169 32.33578934273372
941 118.71646700343707 31.85995867621069
942 118.94920554105063 31.949546864151895
943 118.55107371062451 32.03310647844754
944 119.1388825754512 32.30293994290879
945 119.13692053664923 31.695728154498614
946 118.96114206166308 31.91382124532184
947 118.7596193244585 31.680186324084584
948 118.68601476653008 32.35070717176382
949 118.72912067024204 32.25793603710879
950 119.1308371773548 31.92969008970684
951 118.85989194554774 32.12855217288337
952 119.15803028048447 32.053092034453634
953 118.84340234618145 32.082521593466936
954 118.64518274563045 32.260590640485326
955 118.57826312350896 32.37693461057628
956 118.9773097344809 31.666010712925477
957 118.71445915559093 32.05605490823704
958 118.95823773452565 32.32949243270283
959 119.16084937652188 31.9193997663506
960 118.51298388138363 31.79297786240099
961 118.5640055513142 31.69241107507381
962 118.72878509118996 32.113690417866884
963 118.71407867974192 31.75993429731174
964 118.76065396403115 31.890190249526924
965 118.81393745754669 31.903345313745017
966 118.78749828570251 32.09463454780476
967 118.56546681271942 32.361511449216465
968 118.72743867542154 32.39941669519001
969 118.60215104808863 31.83351006277773
970 118.63071112032871 31.813003105540727
971 118.9094615155423 32.18780651333836
972 118.52446591547806 32.162383603826626
973 118.68980863339475 31.831023870694903
974 118.9205097904933 32.35315894917157
975 118.6955065821084 32.244194418242365
976 118.84759383491414 31.749416690338286
977 118.81280739400583 32.00441036339225
978 118.9322034530927 31.66802378643489
979 119.08453970114607 32.034711861916
980 118.69626913653379 32.04488990874657
981 119.13159407876884 31.756959707176463
982 118.96954480510466 31.658923455352085
983 118.782637035006 31.7317341695195
984 119.08167034672634 32.009056984001575
985 118.79148093978505 31.64261642948364
986 118.97814213776746 31.744504849347358
987 119.1283043648087 31.74597169128592
988 118.6913090332764 31.922258165365466
989 118.83890027749149 32.01716985490903
990 118.77028740862879 31.876628560873108
991 118.57430358091871 32.09867975363207
992 118.56722470983858 32.3309633794843
993 118.54993039724937 31.791631328618987
994 119.12328179529209 32.38791656885534
995 119.12178473897579 31.85591997638842
996 118.73800227206324 32.090461491642316
997 119.10897055883802 31.89168474361369
998 119.16776475551558 32.15126818226011
999 119.03394853510817 32.29169502294629
1000 118.65829188773124 32.24015902654585
