1 118.94824126617162 31.956042695486836
2 118.90220696211404 31.615633772007072
3 118.6123045015028 32.06133432935882
4 119.06099811247236 31.974019397522095
5 119.1609363151132 31.954579010969592
6 118.95237355964395 31.85950567674098
7 118.91043450754582 31.7478883258882
8 118.62411428190273 32.07011321083715
9 118.69308490223017 31.83202243623709
10 118.75063260614 31.82157798014749
11 118.63061777413424 32.09723425121349
12 119.20274752026445 32.03347419003618
13 119.14738181228785 31.71183188427218
14 118.76314198961602 31.984263017348027
15 118.61524844609464 31.740324473411665
16 118.76647242122142 32.24011591862723
17 118.6304295491699 32.30401013112796
18 118.87185490989604 31.999672548499607
19 118.64594092542819 32.29068466362037
20 118.53983137986611 31.68264154504268
21 118.93665734943214 32.01061031387909
22 118.74142236160105 31.644985595190207
23 118.99742570728097 31.928383955166478
24 118.85219724172492 31.67933476770377
25 118.97588872880799 31.685947711545207
26 118.74128407840388 32.09375011060939
27 118.89578975595703 31.7923733313861
28 118.84325205167536 31.666704128295944
29 118.91973007362093 31.788723163318526
30 118.5367815763041 31.86469689617659
31 119.19386477433565 31.983202434399303
32 118.66785421552053 31.754742825691178
33 118.55092005596539 32.112777894434
34 118.69329702031486 32.004994730874124
35 119.00385120694679 32.03626581259573
36 119.16384225837388 31.92145112840334
37 119.0988012707701 32.208325738370405
38 118.69899960772199 32.06370283372339
39 119.10442022672717 31.70357445841321
40 118.5577360378237 32.154591179546166
41 118.56707669647197 32.371876317101545
42 118.64148352079889 32.017679403636976
43 119.04140667542136 32.304580543185374
44 118.97291540700972 31.86882996368841
45 118.59409900721379 32.06419567316683
46 119.0179954671007 31.92758916957844
47 119.02629720809932 31.91521753213455
48 118.60695482836617 32.2303052901709
49 118.95814696669426 32.021645511985234
50 118.78993272093913 32.3569523886777
51 118.5453140442405 32.036725741685146
52 118.86134337187306 31.68488930338161
53 118.83694481054106 31.900160125754045
54 119.11425523758189 32.28577748662826
55 118.94520480182223 31.962136013365818
56 119.10375257266665 31.605004413998124
57 118.85741214765864 31.810495841702945
58 118.98213476345292 31.65329676983499
59 119.16968107651573 32.38231698884325
60 118.51580284555772 32.38188209816981
61 118.78932658055678 32.242999433846194
62 118.81595928725747 32.0742665404973
63 119.04247169446174 32.22146545790376
64 118.52285690575872 31.744789487939652
65 118.89749872699774 31.839164495632744
66 118.6935726759287 32.00841477346263
67 118.79484202035667 31.88093055012242
68 118.9666891596222 31.66383969555344
69 118.9255306266268 32.346350783793696
70 118.66474554205226 31.973869338366647
71 118.62577206938795 32.00094475244523
72 119.07666829424117 31.88030014960732
73 118.85275476473755 31.822466981141815
74 119.17057653884275 31.888649534891147
75 118.96113722955158 32.27269215108474
76 118.63863078405907 32.21949230538538
77 118.62464377522967 31.87961245239898
78 118.72810293187044 31.630966041535043
79 119.03621530403902 32.22888962131047
80 118.83204365093331 31.813162336590462
81 118.89825343249103 32.07634819550367
82 118.91289200943898 31.60820067661326
83 118.65599747338531 32.1156032942897
84 118.72982179944094 31.930476921621025
85 118.69416130427874 31.977197923775073
86 119.14039221390505 31.947004102746007
87 118.51186599463458 31.8926861529139
88 119.1908863627279 32.01188633936746
89 118.62012528167347 32.38715441304928
90 118.84211529337999 31.71011991026164
91 118.6851087576496 31.867822821206993
92 118.69420366813303 31.61487928495504
93 119.03121280758427 32.1962539721365
94 118.99220135081467 32.135867768656716
95 119.03462892422883 31.760043358848932
96 118.61291603741466 31.912863006204393
97 118.6580140201569 32.119552405379785
98 119.03412336614909 32.14181694820723
99 118.55928941080506 31.72209184512976
100 119.09539566720034 32.333052638380195
101 119.11970457512813 32.248909085254816
102 118.85083651643477 31.679552629629704
103 118.98025317030775 32.2913216082272
104 118.73248295919744 32.208930099053724
105 118.94353884565584 32.26272099712481
106 118.52171713798619 32.01011008845301
107 118.67887801284523 31.79980529442406
108 118.79237228925427 32.36403184535532
109 118.8707662657396 32.084393475417365
110 119.19647206643367 31.879801306222443
111 119.2051143221469 31.835694663435035
112 118.5881457567349 32.32614863995205
113 118.71829971186109 31.95209854930617
114 118.55404840735115 32.04844441735465
115 118.7267710432818 32.122703504925184
116 119.15715215761115 32.27814107856126
117 118.91743197395004 32.08880753167823
118 118.52355255445467 31.752525349386257
119 118.89081404250479 32.05471779289863
120 119.172439009404 32.00741298478314
121 119.19056625381938 32.02822124353247
122 119.1326852794948 32.1451189622044
123 119.02794984317632 31.788248164831572
124 118.65908650331318 31.742071652312593
125 119.12542440404043 31.682148265728085
126 118.72590334932306 31.84155675768497
127 119.11248943130731 31.61086630034383
128 118.5167273557467 32.08906133842639
129 118.55434297075814 31.831722852059677
130 119.06659291926827 31.753768736184767
131 118.54662454718954 31.67954566618596
132 118.79557345775449 31.810963328038323
133 118.75558175498962 31.784453683459763
134 118.64661217256686 31.8194690303519
135 118.76462701936602 31.965347458771916
136 118.83319619035807 32.040033013303635
137 119.1082598934603 32.2457584708705
138 118.93805548733039 32.37404405039409
139 119.13621011904654 31.643913012762226
140 119.10465296989919 31.79581111567786
141 118.61239188291194 32.10001753797505
142 118.77274580725557 31.76014286002172
143 118.85499710750695 32.29410903871335
144 118.68514942506351 31.744981795081415
145 118.88778597550402 32.191350556354216
146 119.20043322264777 32.088953790941304
147 118.65843012301185 32.21566645504388
148 119.06688023780374 31.629404469779956
149 119.21008694691751 31.795856007090592
150 118.65554191199793 32.17793361944449
151 119.11529105231581 31.69948255142636
152 118.61532965430301 31.634932179652658
153 119.1545944269676 31.895274273745226
154 118.69484515506097 32.0927272112369
155 118.66694208287396 31.60488294971024
156 119.1320305801664 31.690885526805836
157 118.6918334552969 31.610081370513093
158 118.64730644959187 31.916394508725794
159 118.71803080615999 32.150391590606496
160 118.99710089048132 31.76415619122366
161 118.5157365813346 32.27067635122874
162 118.62750882308531 31.943223980767627
163 118.58254575855776 32.092475893742616
164 118.8437285852897 31.838650070000337
165 118.52532496309263 32.115893315305634
166 119.1570403210903 32.39477518925551
167 118.82872994149884 31.96539326965786
168 118.92638346508954 31.764587079461045
169 118.65100440965936 31.965605609931263
170 119.00821531620015 31.940949087914802
171 118.5131642665562 32.00381402242937
172 118.55476506048586 32.01880526543284
173 119.1490503471888 31.639344878986407
174 118.61849500740361 31.714059374984423
175 118.83921945634323 31.981271430652715
176 118.89020290623267 32.16780631334876
177 118.60820123597593 32.24153887029974
178 118.92636240214172 32.19292444637517
179 118.70014914120796 32.01225165882058
180 118.97545053135514 32.361531945755154
181 118.69572338971646 31.861255905484928
182 118.78473679117928 31.97481755072533
183 118.83918635735586 32.23607872093263
184 118.4915325152714 32.254298054726455
185 118.59147266323255 31.91054645107462
186 118.55257830947264 32.27980641525739
187 118.79504428799817 31.9551981125001
188 118.87746701038508 32.18309299970755
189 119.18196135372489 31.58054878591161
190 118.71857299233668 31.60781831364458
191 118.61764910529553 32.34663551261872
192 119.16067764830798 31.68976125558159
193 118.87783531218015 32.16971581198097
194 119.16302062324687 31.84093481409043
195 118.72447700509234 31.74787899904529
196 118.54397993154375 31.89253673435583
197 118.85261212472473 32.3489989146607
198 119.2252851296408 32.07049847382805
199 118.54783379156123 32.33060321269024
200 118.8627059952404 32.16168362553145
201 119.08344101422213 31.978169015552922
202 118.66871665039142 31.99261694972223
203 119.06121061733539 31.782832120537087
204 118.54053338987647 31.627139416662402
205 118.70837723126272 31.905749905614908
206 118.6207694916973 32.05102402009095
207 119.1703711388039 32.317795513881734
208 118.94562831573353 32.1293444955534
209 118.71417779438568 32.26394400225389
210 119.15295158202073 32.313678043374665
211 118.88630000133436 32.31535459928487
212 118.74147846725614 32.24414062456114
213 118.98856957495494 31.702136059934308
214 118.94858702295488 31.863089907945707
215 119.18452903810356 31.745166145330707
216 118.52219697733311 32.30343932251562
217 119.08420774231932 32.210441447049405
218 118.97629686852687 31.90326605055949
219 118.59476444896067 32.04950193503534
220 118.7498903061727 32.2709070134681
221 118.51325708446063 32.27957478274512
222 119.0809578204209 31.753766058100094
223 118.56612683743009 32.20245206668775
224 118.6431797928956 32.26285787344503
225 118.96893384554481 31.67589085287988
226 119.04061077235272 31.677196287111222
227 118.68632492654434 31.949134411303092
228 118.63267623959538 31.777967974417795
229 118.52405057650792 32.287883443614746
230 118.55252274171968 32.190804713982025
231 119.12292608296968 32.176944501517845
232 118.67440370489085 32.199430787479926
233 118.76724394150503 31.829865731923206
234 119.04328833768723 31.782296564747437
235 119.16152215802462 32.09006531965421
236 119.12448843254218 31.91798666809042
237 119.09572940939108 32.347681925874454
238 119.07656834170622 32.13895935139472
239 118.7552711201018 31.895351485597946
240 118.9560255114491 32.26097510054376
241 118.99984192446361 31.932774254157177
242 118.80159066478451 31.725680662334725
243 118.95135841128103 32.21278154146304
244 119.18368235506057 31.996055064365876
245 118.71638052277254 31.79837792061535
246 119.16023548073694 32.14350436534289
247 119.17267943896071 32.37622080129304
248 118.91472397414921 31.793070028566813
249 119.1647328448595 32.23297143471169
250 119.01466261289679 32.193826937566904
251 118.9822164406835 31.69367847608028
252 118.57753511389463 32.296564281377194
253 119.03868626793324 31.968921773590317
254 118.61190023837888 31.67244398218257
255 119.04580930721922 32.03086637875553
256 118.52988818396759 31.869718146427395
257 119.13743011799579 31.72067905950706
258 118.62497722188832 31.65921961001356
259 119.08109511511915 31.770522370921174
260 119.12531092258659 31.954237494540056
261 118.53301387486492 32.106634712682805
262 118.57546545318226 31.662523697329625
263 119.16134604396602 32.15176166024428
264 119.1766619012878 31.695036479145383
265 118.54395492428212 31.72948727893492
266 118.94178398345338 32.195303412112665
267 118.77055282274148 32.28466738618991
268 118.53087873469794 32.34839957234336
269 119.10445057299609 32.11881556561062
270 118.96193174747262 31.967005571906892
271 118.58009195070277 31.687058580081075
272 118.80716426887409 32.066314555715245
273 118.78758042638454 31.720994011644194
274 119.18035507060945 32.00900724010943
275 119.19441042963777 32.08207316016698
276 118.66012131845147 32.26739199219504
277 119.02280290261743 31.854214156002996
278 118.94921266988759 32.393322468890055
279 118.83233558909956 32.36564111659853
280 118.8872837975049 32.293380923127216
281 118.79499312818545 32.176287795541
282 118.51916567475762 32.15349138498011
283 119.03469292128095 32.32295336560927
284 119.03599105402357 32.362243169775
285 119.12920512982855 32.25746423153449
286 118.83974493251435 32.133624598656006
287 118.54713291594594 31.70732537945689
288 119.16118065874585 32.09688918766689
289 118.68784964482882 31.864235389820536
290 118.57825218384846 31.71720073759994
291 118.60671634780245 32.307466176234556
292 118.93201192339261 32.24722681362184
293 118.76464086665437 32.01711980195969
294 118.98070216193868 31.9704180174002
295 118.52587824780159 32.011144940629976
296 118.52116995577335 31.827837286334223
297 119.18725259562035 31.906805781614125
298 118.53710641623582 31.954686918658805
299 118.76457470656045 31.62697207295064
300 118.53172887498437 32.30584578817739
301 119.13953581719034 31.648661317554517
302 119.10129318999483 31.921557007035595
303 118.89668343482106 31.70506810674931
304 118.57968300375728 31.78209166155024
305 119.0892076979706 32.34808619355519
306 118.56094624951359 31.894231321025256
307 118.79670327550683 32.17358628844335
308 118.72770831799326 31.69269492773928
309 119.22240297686784 31.783262505675552
310 119.18064710409271 32.297683753910555
311 119.08221412759748 32.320391097451854
312 118.81041225660003 31.799276958685475
313 118.85085337196044 32.379306679482454
314 118.89316224411793 32.14774559225466
315 118.88408419822971 32.0175656985027
316 118.63520725157605 31.87906970671441
317 118.66783498312492 31.866287452477962
318 118.99698545843835 32.38787786946392
319 119.09361291098763 32.16716630344283
320 119.16036112396787 32.001942874277134
321 119.03412565365431 31.624057440548793
322 118.9164155341384 31.789043621334184
323 118.54933149199897 32.35189734830807
324 118.5608106253847 32.03797810500515
325 118.63513576263938 31.868871800650247
326 118.97331111492976 31.635255528200233
327 118.69274697582199 31.826396914225743
328 118.79464034724565 31.786805064955416
329 118.59868125044551 31.72805465531402
330 118.65545366940543 31.88325131779894
331 118.74979263084191 31.735793209554615
332 118.93613961971889 31.664273887507434
333 119.19741890166152 31.70762519891917
334 118.60432040846858 31.9731311365794
335 118.71636536152342 31.64649636173713
336 119.20092407125455 32.35829193245742
337 119.10471473006358 31.7751325868433
338 119.18250497559949 31.994537856984657
339 118.86484473046261 31.922557437763277
340 118.66170229107914 31.846641273564536
341 118.6412129699578 31.86493282465654
342 119.06808647878572 31.804817849863863
343 119.1668343613444 31.83865043106912
344 118.92513199541347 31.699210914810948
345 118.95004642459851 32.14309662738973
346 119.15269538059248 32.093728777484316
347 118.6702709964349 31.853086240779334
348 118.89138442044842 32.32008856983742
349 118.89229342177579 31.916875108211272
350 119.12990457977224 32.10962601647507
351 118.7208448507301 32.00518421806067
352 118.59651516453592 31.86197729056113
353 118.59276804955631 32.316425519433984
354 118.68305703361473 32.28160105056327
355 118.55326756922229 32.27042019455181
356 118.70279857694716 32.377628457907335
357 118.87396361473678 31.629285161189525
358 118.8100057920072 31.98097760700474
359 118.9436671950228 32.35812563596267
360 118.86651790554308 31.702243313903626
361 119.02037736882934 31.795746719910348
362 118.81843186700603 32.00387184868032
363 119.05466397427195 32.10727955046494
364 118.81316191533084 31.870791271216724
365 119.03209744801771 31.841273390139882
366 119.00878526445032 32.22717341032396
367 119.1095387698732 31.61709091883452
368 118.6086847845495 32.24401541886622
369 118.99952877137092 31.951906427438633
370 118.491198450273 32.12335399837434
371 118.77268241527467 32.1679389894866
372 118.93578637081774 31.674554078861696
373 118.48608844982049 32.33600669021361
374 118.53557270017535 32.258357309025214
375 118.65232302076247 31.87653208742044
376 118.78761714244779 31.76825066895276
377 118.97637323747199 31.668719704004786
378 118.6517064084055 31.838669215598962
379 118.78267867694879 32.176518175575595
380 119.15247797901347 32.293160390016396
381 118.72215187104543 31.851755193235363
382 119.03147302296324 31.785867673131293
383 118.9248449884332 31.852786256436616
384 118.55040077824552 32.385973107675284
385 119.18176501550658 31.657113830358902
386 118.59951812392522 31.729742723050023
387 118.76154233473937 32.1659452818105
388 119.18433903588098 31.692704957133568
389 118.67754699889211 31.78397487148591
390 119.15185158014735 32.271816523520286
391 118.95615573919508 31.8549783304034
392 118.6097840010378 32.0922886513835
393 118.60060368763028 32.04069995300422
394 119.18245055814202 31.83511250590581
395 118.81464274321509 31.793507041055328
396 119.05055004469222 31.8013498997557
397 118.59442708126943 32.30792393566333
398 118.8711402403869 31.62024137544854
399 118.57327926182248 31.700075997208774
400 118.83606027272853 31.881174175477533
401 118.51356890606927 31.763677160113726
402 118.50241460180165 32.031271330783646
403 119.13596456686703 32.027264125965104
404 119.12930955623656 32.009109287878196
405 119.01208230204134 31.844306941710542
406 118.8433942784382 32.01787240342452
407 118.63724881033731 32.213760234373254
408 118.99544723249949 32.24554318149719
409 118.64349847509311 32.039613786965425
410 118.53455075645417 32.24494903154365
411 118.71396431077795 31.67466580204076
412 118.90823245577506 31.7243684568724
413 118.90724816428937 32.202859782711556
414 119.0675928305128 31.91232005924705
415 118.76535142131952 31.880166538050787
416 118.59050487891434 32.05896176143645
417 118.53627816414905 31.922442649463974
418 118.649143400987 32.333057395476544
419 119.16888608139082 31.9028736633758
420 118.5010754276262 32.248554002276165
421 118.94039739323667 32.11011369233899
422 118.81581747493249 32.33964603905254
423 118.64779942046634 31.98755033086665
424 119.00147280715765 32.36203366390482
425 118.89843014875831 32.04338849220752
426 118.56058932369007 31.617290079174403
427 118.9699959069172 32.19232214455638
428 118.52958261256506 32.289874870850625
429 118.6700474726984 31.661654435790926
430 118.8900988385298 32.371355739115074
431 119.00772343615856 32.04475745092964
432 118.87774915486568 32.19326596391108
433 119.09777242778092 31.785546889770607
434 118.97665215997722 32.353975631245916
435 119.17684521864791 32.12119007829818
436 118.69340370374087 32.05851474242778
437 119.19322285285575 32.35808792947297
438 118.64928369914111 32.04596649289947
439 118.63559677078577 32.025982925841646
440 118.61345239836294 31.612014054653084
441 118.58957712755563 32.03543559716851
442 118.93901285322175 32.18166605466563
443 118.50202301956303 31.897361385844743
444 119.07512523538178 32.16078511324158
445 118.95775922447244 32.04257229296141
446 118.7373164669163 31.777682525991512
447 119.13188800022013 32.03639179060651
448 119.09671719035438 31.998381699783632
449 118.93033917341623 31.863098501753225
450 118.51806264826696 32.134468526785184
451 119.18370122658085 31.658955018202807
452 118.91192600950504 31.893934875322717
453 119.1400104926137 31.955643796900315
454 118.60077718973812 32.39179052645307
455 118.50868960967163 32.16204235418129
456 118.71420725540091 32.11526242415202
457 119.03006275038504 31.738832623667104
458 119.06536606001198 31.96210247741011
459 119.09654930237602 31.914709204807007
460 118.72152779198034 32.349530281588464
461 119.03912963426481 31.965990295089096
462 118.59780224520995 32.281501912477346
463 118.89515638864773 32.143526352436794
464 118.52026419160421 32.2747967276467
465 119.00181846221841 31.579092367283362
466 118.75882006439689 32.332901838319
467 118.5622386283482 32.36046646719782
468 118.98808631370957 31.718758825691722
469 118.79619610000923 31.64258558434013
470 118.71129830164594 31.860284775037428
471 118.73374121477674 32.029594864594316
472 119.04512743707352 32.03304191148416
473 118.79498765541182 31.97020146137912
474 119.12068640449988 32.321936325317985
475 118.60599757581622 32.024760976861785
476 118.78984040655935 32.34100761190466
477 119.1376681223275 32.066287223763645
478 118.91651324619473 31.75716786571395
479 118.99003432028785 32.38660988293065
480 119.09703570671925 32.3899329685628
481 118.87141672752792 31.95142457290401
482 118.59996446053658 32.21001044230419
483 118.72387853759203 32.124600118318355
484 118.66982879025963 31.75505666488329
485 118.63015785093832 32.076665280707935
486 118.89607049030589 32.120583520486896
487 118.64423107872769 32.08227232296935
488 119.07731552611448 32.03829641433676
489 118.82876856246797 32.07906569623078
490 119.0804894110408 32.164989103441776
491 119.08996680410533 32.2019828726608
492 118.97064536900754 31.672434233697544
493 119.05283799270059 32.345414607050344
494 119.07154750560726 31.989239894570584
495 118.92397877949129 32.1659128565213
496 118.69884521846878 31.906053238846184
497 118.79963465600996 31.674861164131688
498 118.71761865242078 32.12455049358831
499 118.82958092634685 31.91091716860034
500 118.74922974885534 32.01707827250333
501 118.76289604647918 31.79400205138334
502 118.56751462711435 31.775736779712382
503 118.78260946423102 31.833300160676046
504 118.59669129596018 32.310761815114496
505 118.7654193550843 32.34791663737886
506 118.57247468249619 32.348392184637675
507 118.76569280825287 31.945994475366383
508 118.88441715972554 32.226294174791626
509 118.53353494176545 31.74785065728833
510 118.66704390517411 32.18315753746257
511 118.77143381223091 31.933737969897596
512 118.70516450282234 32.250025973524174
513 118.89125699123149 31.769773593601062
514 119.07006899795905 32.24917907562071
515 119.03907910071648 31.68643042647835
516 118.6792439253336 32.299776244361844
517 118.6310077165603 31.952518694336458
518 118.91982055630399 31.752132755568017
519 118.78357177090533 31.840770516081427
520 118.55616863924783 32.1753273685506
521 118.64201859637637 31.96368944654727
522 119.17244043987328 31.79089189395871
523 119.13734883877524 31.80597261653284
524 118.73606736237997 32.1513676371832
525 118.52576236547642 32.10669125716772
526 119.02576805442793 31.655092133244178
527 118.67976966424895 32.27269609936822
528 118.51810220833426 31.699048323682387
529 118.67506741301872 31.77749189608359
530 118.57722451812089 31.62114454762283
531 119.1259733323343 32.03014554828334
532 118.63601265861949 32.30681555127033
533 119.01955852393205 32.33410138496744
534 118.61567844934608 31.973753125170106
535 118.56787357106661 31.68557927276548
536 118.78396016767125 31.998824718666864
537 118.94026098716313 31.82884846803383
538 118.89054524557899 31.839442306225564
539 119.0414155109891 31.766276632857004
540 118.77721959439101 32.35401801497173
541 118.95225154564265 31.91182401929958
542 118.54349069225354 31.5996990776462
543 119.02528455476386 31.98157191257509
544 118.97281044939882 32.1203937042563
545 119.07139841873271 32.241956252939765
546 118.55273090206636 32.18734340726414
547 118.82372395346026 32.13891426178253
548 118.96307666680445 31.798121282190774
549 118.47634193222711 31.86556904924023
550 119.12362058351174 31.934414369751174
551 119.0719285654071 31.734961795213174
552 118.85950365649094 31.9652531033731
553 118.74822065663517 31.689759756676786
554 119.00471471947391 31.676929992476396
555 119.12798245700645 32.25281020197119
556 118.8712601209615 31.72689653576421
557 119.13360486025879 31.956621819293954
558 118.56944060078814 32.0780286740881
559 118.7258776641473 32.357294145740525
560 118.9871928512161 31.85994616057631
561 118.76193155599239 31.72476738318802
562 118.85387503497388 32.295619288205096
563 118.95263435817806 31.839626504500725
564 118.9090369173213 31.81750879949662
565 118.82085234500529 31.724659265286178
566 118.6220998860888 31.941892174496132
567 118.77825989064762 31.773080199273632
568 118.63639695204483 31.907084014883207
569 119.03228032786626 31.86036504035698
570 119.05979213092719 32.11709998853097
571 118.63948786720047 31.952159499036153
572 118.92401052909462 32.11030491839918
573 118.99627477933498 31.836363938070424
574 118.80048400220682 31.88927724451498
575 118.55036693795607 32.38580792001931
576 118.95578805991481 31.799387467385795
577 118.5654563996129 32.19869225196165
578 118.96347813978866 32.15512696066981
579 118.5700131729689 32.09958657939419
580 118.9583758710452 31.689589971433758
581 118.68341628226403 31.602671232038762
582 118.76115275250373 32.20788566432825
583 119.17018977498371 31.649449921595455
584 119.17806850334911 31.79385790709225
585 118.8728827919175 32.37058041402464
586 118.96004197068866 32.38470545376206
587 119.06644844080753 32.35249910395863
588 119.01536900842935 32.0472677510241
589 118.58180306636658 31.97999937100316
590 118.78873688897276 31.968508336901106
591 119.08954053641783 31.88649055959532
592 119.02969774626861 32.38759955532598
593 118.62744693341804 32.24598073671039
594 119.08699973646995 32.42336102876874
595 118.9376225670071 31.844184354168014
596 118.70451937381256 32.078161177645875
597 118.53758671923408 32.12300215475045
598 119.01209309066421 31.918324340009047
599 118.83295041103298 32.062444859827785
600 119.17670524862118 31.732558071617685
601 118.66544937130132 31.840036240928082
602 118.56601541462872 31.723668585075522
603 118.66356754134193 32.075444266467734
604 118.80775048331627 31.880503053132504
605 118.53045669548 31.94242689360281
606 118.73424469255805 31.89974141327058
607 118.65476464756613 31.631172044087243
608 119.16749783807931 32.32157295223235
609 118.63803813959932 32.163471884141074
610 119.10984412991313 31.85594922071643
611 118.55886761451818 32.339997891061984
612 118.8865829074749 32.14774690439609
613 118.93001893121142 32.40230761145924
614 118.89329880692429 31.9882662989438
615 119.15850644515889 31.684352355968155
616 118.79878347135316 31.68783742186221
617 118.94034327889167 32.17321927863719
618 119.11579169282638 32.05855563295764
619 118.66540570641716 31.772887969999232
620 118.86813023624318 32.009488026450775
621 119.19039083934955 32.03273351370671
622 119.04200586097676 32.29509776673437
623 119.01264514725167 31.62057299539924
624 118.80233306049625 31.702212846819087
625 119.10676547419314 31.91177605985785
626 119.07709308395135 31.686629466505355
627 118.7972515943072 32.383732904225226
628 118.88230767160347 31.76685646024862
629 118.97465005517114 32.092728388924314
630 119.03171921773608 31.949100161536037
631 118.82881598181451 32.230908162692636
632 118.75303358290645 31.63262331112437
633 118.62191848210904 31.871098246900807
634 119.03414181636181 31.97712967342959
635 119.02198043358082 31.687785919487965
636 118.63011084194834 32.07619710912812
637 119.11426278508071 32.01389332316908
638 118.60734436044146 32.27565179491623
639 119.08172421862616 31.96512290834578
640 118.6112883154431 31.86109866479171
641 118.94152267926725 31.85429975736417
642 118.86425166927168 31.818076618336594
643 118.60447791134358 32.34178867578849
644 119.03159677106669 32.235812177901344
645 119.00074566155442 31.866786833412043
646 119.11181508162473 31.944416736047135
647 118.82470838085824 31.676694096141055
648 118.87403679307802 32.06536038156571
649 118.97339507434225 32.189383998298446
650 119.09998682340941 31.801067415422583
651 118.76121819617185 31.964364015398992
652 118.98458848246412 32.136222288973514
653 118.92197078752183 31.983313447058837
654 118.64005607771229 32.028791884674355
655 118.98233521141746 31.761151179136146
656 119.07605069795618 32.21877190639121
657 118.83248807145222 31.686885039165478
658 119.17594942816515 31.968588718198074
659 118.86918899200349 31.831044509046748
660 119.13093326975694 31.694372722151087
661 119.0051969819852 32.30159562467968
662 118.7851933235516 31.758188040601933
663 118.71768633529543 31.992660073225228
664 118.78121775150291 32.10407827323398
665 118.74510296393468 31.837301910560367
666 118.52028824643912 31.993418218272385
667 118.52979912285915 32.007011458004946
668 118.78309492231406 31.932658509289112
669 118.61591930735952 31.877427650047668
670 119.07897098319519 31.799246990268117
671 119.16492238750888 32.32334849804995
672 118.71178733432613 31.980321890517853
673 119.01756733876017 32.150136333229916
674 118.74520510587385 32.01527398172485
675 119.10466346277856 31.85722687047618
676 118.82061115776256 32.007003427966886
677 119.14146069989538 32.24327868440424
678 118.99480164295552 32.28580428621881
679 118.5865227551551 32.36234629688436
680 118.60385207571967 31.792730220954674
681 118.82881190042211 31.882134516304504
682 118.90951136450883 31.68734269990819
683 118.8533683780092 32.40929011713058
684 119.13493097776167 32.10965736232483
685 118.5061131095302 32.14705418057782
686 118.58595265547197 31.95817599114346
687 118.6913444189305 31.812522835855756
688 119.14279708267638 31.92612066393077
689 118.4995804013519 31.833493276927342
690 118.8746952553855 32.024897964843156
691 118.49284871648464 32.25759402674811
692 118.89033569900711 32.269180324251586
693 118.83002256639968 31.853266551933437
694 118.58640545514045 31.733048049744696
695 118.92733259980493 32.194511168961306
696 118.92949541371759 31.936882944957798
697 118.81784123690073 31.741703122653952
698 119.04497735655612 32.10443982244105
699 118.54969416183873 31.68206276236118
700 118.72040472564294 31.67755556248043
701 118.83764485338133 31.575276207614284
702 118.71321918901512 31.750304191214667
703 118.58504690551067 31.975129723646738
704 118.57776954749073 31.750886327452495
705 119.03662308204787 31.630887761851362
706 118.69458196862169 31.991348056991185
707 118.9654078632549 32.32324572386463
708 119.09485431044025 31.623525629843254
709 118.7144724565725 31.79399963129134
710 118.62452532213194 32.349192072189226
711 118.89816434587722 32.111436117629
712 119.08651638228267 32.244712297945966
713 118.77619643059529 32.3079032263584
714 119.08182787926225 31.769734311589954
715 119.19791336282924 32.21540239319575
716 118.9690047778939 31.814618344659355
717 119.12434400068301 32.32403277113317
718 118.5559405774904 32.33550938310365
719 118.78138237575725 31.723182651825066
720 119.10244445328419 32.29225743794265
721 119.03481714383888 31.637308082724637
722 118.58058614463617 32.07383050487426
723 118.66928431266798 31.978376344784404
724 118.71802113800983 32.09522867818905
725 118.9466001777824 32.19787875451528
726 119.02731670445942 32.30539585625456
727 118.85314155179864 31.994535693903085
728 118.53167068127851 31.644914203227973
729 119.14239713117293 32.36149721187994
730 119.1792070665676 31.64660128293898
731 118.72956606572832 32.238704896983585
732 119.07543636790894 31.706583343899023
733 118.87438215046768 32.31966741674593
734 118.82485987518821 32.10104465839542
735 119.14297516655363 31.85326277479622
736 118.49289949333347 32.269518287252474
737 118.77802783787907 31.736436991925988
738 118.6415450171749 31.78398447882977
739 118.82307442973172 31.82643770355194
740 118.81634359849555 31.913547069630724
741 118.6374170937155 31.79881578299881
742 118.91096908538857 32.31816667655454
743 118.75051773143966 31.948802479058493
744 119.12179301327227 32.37146608246589
745 119.1662631887044 31.83857608898335
746 118.75369949885904 31.96668951683974
747 119.01785329978803 32.27423809572724
748 118.94493924587448 32.39244518420048
749 118.76770211229764 31.971785675914486
750 118.71943824186816 31.97941865224474
751 119.15363406973039 32.3609420568482
752 118.66104226822397 31.932445501513275
753 119.06998047327319 31.95276250869266
754 119.03838818517514 32.392261215015836
755 118.6345265017547 32.00279938593097
756 118.75728049613805 31.687369604812112
757 118.82223957917289 32.36933268482122
758 118.84756989215433 31.949138688254557
759 118.93362145978259 31.89163578018246
760 118.77130717827592 32.3056215631048
761 118.94096077158655 31.60574731899363
762 118.79850497323365 32.36266129444576
763 119.17510563074201 31.660350083095473
764 118.96401064087212 31.642162615991733
765 118.82599039282519 32.32664090247129
766 118.88910346352665 31.961044167382045
767 118.58130072565963 31.725516975366517
768 118.67462045139878 32.382707534114545
769 118.99813963245808 31.841045450640294
770 119.2232659445973 32.34948913101773
771 118.75002755731916 31.991441249440747
772 119.2143832928491 31.90995179520012
773 118.76191283300666 32.05114938170093
774 118.80240233199825 32.32747375627116
775 119.1715245382444 32.391123683453586
776 119.0615866087041 32.13177933992797
777 118.87673079455178 31.90403082570282
778 119.18664637763874 32.27023876770024
779 119.20511539142439 32.33869369636383
780 118.61928530988924 32.00888186005645
781 119.07014642710273 32.19061656476211
782 118.68429356418879 32.33116140187468
783 118.71064036126779 32.16713612862029
784 118.78999884590552 32.10343333310912
785 118.84523383488268 31.87758288567834
786 118.58855141553241 32.08956352709652
787 119.0302168661071 31.772944829784418
788 118.49548567758974 31.71447128052859
789 119.19082334567527 31.795032586831592
790 118.69474197499198 31.930389678073865
791 119.00043912352969 31.87061514801625
792 118.84783255750045 32.1567583139542
793 119.07944088756985 31.911184048627305
794 118.60919419625878 31.966937940544838
795 118.52030993790045 31.81682090823163
796 118.61243880946326 31.699851652849215
797 118.96642500639075 32.17397640778315
798 119.07982489278592 31.78528812710694
799 118.6045362881488 31.97161188487071
800 118.9253396960363 32.08997233603674
801 118.520304000131 32.1318729799581
802 119.06087698617429 31.950138360518306
803 118.57495020855299 31.80297910164298
804 118.63851544853408 32.31012557652163
805 118.95409158700811 32.143805346497295
806 118.81015956254926 31.78042421869297
807 118.69449353931239 32.24209977131441
808 119.17328872334264 32.035392895298315
809 118.88194357487748 31.955260200709247
810 118.6068963702584 31.70015637514947
811 118.80168538745616 31.781307636067705
812 119.00481658567054 31.689930282690916
813 118.80745743773983 32.12427735072536
814 118.59036760352149 32.17852412884662
815 118.61565030239277 31.972099867834874
816 118.6660692168342 31.644696372656565
817 118.88285060004489 31.71042640554444
818 118.92909651549049 32.338233922352764
819 118.82554436398834 32.31777035795552
820 118.62832714435763 31.922943793283267
821 118.72709824196488 31.70283150189125
822 119.12723342030654 31.97089510279302
823 118.67770303512704 31.937248999318207
824 118.9875242009027 31.607182994124482
825 118.74194909824024 32.18770457665707
826 119.1936283364454 32.09924238439108
827 118.50587631039048 32.033606029535335
828 118.70387932753822 32.24224828056541
829 119.04329273691113 32.28491556314634
830 118.53409050650411 31.76960382019097
831 118.76165766431238 31.65127742073457
832 119.15995410624969 31.907008865159018
833 118.98334712101146 32.26962511713421
834 118.58649910106315 32.2078058850419
835 118.55229541143264 31.794469379780168
836 119.1750603881687 32.21640960867989
837 119.15127839031159 32.06358274264736
838 118.60979819563072 31.794540957107216
839 119.11459515327127 32.1469679835871
840 118.99673277628037 31.838348970016703
841 118.79682663418419 31.875738135324198
842 118.65379907069419 31.766101974967068
843 118.60027909638761 32.05103464152811
844 118.65118170727469 31.987188469219298
845 118.81636542684531 32.10189789245054
846 118.52376941243683 31.59709267934402
847 118.94463678567244 31.927382530356812
848 118.93716903284722 31.64481758185032
849 118.90460371541087 31.84452459464299
850 119.09373001050875 31.676651493799877
851 118.56579654007837 32.06887341008407
852 119.18249990815237 32.34122681267179
853 118.8212279371471 32.272828831390626
854 118.83274657284795 32.00580254501105
855 118.61959641535775 31.87394081341412
856 118.960901872896 31.613940405900944
857 119.13570232486356 32.1354213910316
858 118.55649624311984 31.83310015865666
859 118.71324804052949 31.942061406125696
860 119.05380722616212 32.09244732504854
861 118.51788411688514 31.736429643850062
862 118.90297841624883 32.039340385899635
863 118.64620079992073 31.970303104799182
864 118.87352225638833 31.903425534238174
865 118.61278449891348 32.27844946173142
866 118.75087908384768 32.198661277337834
867 118.73072702372431 31.682743843802086
868 118.77518087587212 32.31341070076094
869 119.1708025946307 31.57736583244825
870 118.58822559334844 31.78334755635568
871 118.68017227850163 31.70462730910443
872 118.98421395010612 31.86367509882088
873 118.75985309380367 31.699021577936218
874 119.14261620745967 31.8132728997136
875 118.73305902292091 31.935440034352144
876 119.15659913616616 31.971842295922258
877 118.59337955867996 31.829776215641875
878 118.82273624327931 31.659680351943873
879 118.86687939078277 32.02007881611086
880 118.9433063798109 32.075015745987436
881 118.78185395079281 32.1084372075309
882 118.8732844046936 31.597248118662485
883 118.64156039180199 31.682892473104985
884 118.6679336305505 32.128476309957264
885 118.5677334434714 31.733537422343403
886 118.87354278639711 31.69759636260943
887 118.82945878927852 31.94568274170438
888 119.19569318325934 31.903566704903476
889 119.05693678779592 32.13338032406941
890 118.99972535857879 31.636750888574667
891 118.7228965300176 31.79192448455699
892 118.66869517872922 31.795420894733656
893 118.97639301340644 31.84659007884927
894 118.66885546662685 31.59371915964516
895 118.52102900182469 32.04080545820764
896 118.7180958124404 31.593711103006026
897 118.86596573251465 31.82139172419883
898 118.62292073335374 32.31899241658872
899 118.58016546607986 31.706375137670484
900 119.13426812823046 32.14372054238116
901 118.82478584531174 31.96952464920772
902 118.50569046978188 32.31594545722631
903 118.66385018509007 31.96706097449685
904 118.53553562131361 31.774690881437202
905 118.70339485594191 32.41315505476726
906 118.78542866957251 32.175755578894794
907 118.58655354241839 31.717627305790547
908 119.13966148758118 32.04340354502911
909 118.83095043568393 31.86191472482741
910 119.10082565400597 32.31218598121437
911 119.05907262274006 31.728224699000293
912 118.58993525896173 32.10258485131942
913 118.54218697856838 32.34772433935788
914 118.91219522398738 32.34349654811206
915 118.53024546681714 32.303705659265944
916 119.06993269940754 32.101658455899056
917 118.71278172190807 31.85521280298684
918 119.036454416227 31.64606879315092
919 118.62829738835704 31.752545602769455
920 118.7176094654651 32.309413727439086
921 118.94398994041528 32.15922569607163
922 118.65173887886526 31.673135294887675
923 118.66547076164856 32.37610067561614
924 118.74720929962272 31.999688311186727
925 118.54656533408469 31.744435616761987
926 118.98397630924958 31.973241921089556
927 118.57756062039734 31.937289224881507
928 118.67461928548107 31.78036027131534
929 118.53530137620021 32.117157192619906
930 118.82012624960487 32.03435305780094
931 118.7160814144486 31.824606915343825
932 118.86439651093481 32.20679322762076
933 118.95980155165948 32.033433420619474
934 118.63941092882067 31.884306089703554
935 118.74226061308227 31.716192179777842
936 118.85853571562915 31.98906973506301
937 118.67094293823557 31.727151505918002
938 119.13860775461987 32.324431605763884
939 118.54636223999405 32.01306349510346
940 118.61462101295423 32.33248378519846
941 118.70405526455423 31.853500246855248
942 118.94044138853505 31.941735007552616
943 118.54168601834334 32.03536623689642
944 119.14022173155706 32.31026608480138
945 119.11642356932603 31.711779957263406
946 118.95634482896116 31.909367108285736
947 118.75848324437398 31.684349596145516
948 118.6896235044396 32.343620246961976
949 118.71286426127475 32.257502726488035
950 119.12150959354442 31.921859284520995
951 118.88037945598768 32.11258082481449
952 119.16455710771517 32.058279340760585
953 118.85596411187848 32.07136457004807
954 118.64506773188198 32.2508131679867
955 118.57738450811692 32.36778410926793
956 118.96357914449881 31.651032590278547
957 118.72127335442943 32.04228010269616
958 118.96236570625865 32.32612401933841
959 119.17435750423242 31.91592152407608
960 118.51871890668134 31.78042185125104
961 118.58254391462623 31.674090102520612
962 118.71023514953951 32.12193820409121
963 118.70996038639478 31.73231051223122
964 118.77020041378705 31.89184264736391
965 118.79914551016626 31.90137685041267
966 118.77807676340512 32.0975555241116
967 118.55405202405609 32.38462138681211
968 118.73092536452107 32.39453789036326
969 118.60623777052061 31.848383824277327
970 118.61529467827066 31.815352534567175
971 118.92065473401837 32.182591176152734
972 118.52760538487287 32.14963365033789
973 118.69149284772409 31.828266587949642
974 118.93276547878291 32.36261258857346
975 118.69928993026431 32.24367201847201
976 118.8565842159483 31.747909605936485
977 118.8304226325056 31.985509166212893
978 118.93000486911276 31.656102380272607
979 119.07619456772382 32.03307060570291
980 118.68714291428506 32.04597659661268
981 119.13236667877688 31.777721817212814
982 118.97320541448414 31.66110648735366
983 118.79029736860707 31.715349638797697
984 119.08915478901822 32.0273287756812
985 118.7801252197505 31.63706413091761
986 118.99453203114082 31.755129735911616
987 119.11644757564488 31.7325357679824
988 118.69628585624261 31.925031038354426
989 118.83539134927638 32.018548685409534
990 118.77239191732365 31.877770325413504
991 118.56016156062785 32.09574991882896
992 118.57158641850012 32.33831895605471
993 118.5664200695113 31.80202741507734
994 119.13001509280966 32.38722953508362
995 119.1198233463816 31.873882317845535
996 118.74070656055983 32.09022482983609
997 119.08271520049652 31.88992912808658
998 119.16265561493834 32.16084746383345
999 119.0292780382648 32.28824481252034
1000 118.66984779764954 32.241789623325516
