1 118.94372658287995 31.96830883305293
2 118.90180531545647 31.62166983814877
3 118.6252195900302 32.05059527434692
4 119.05936335682493 31.96883102653859
5 119.15556424355076 31.967803735936783
6 118.93890527973277 31.87708257683334
7 118.9093515191547 31.743724614534997
8 118.62374495080275 32.070016088306275
9 118.69035350462441 31.835976113627332
10 118.76422590239753 31.827181355734535
11 118.61897284565345 32.11402205481435
12 119.20163505429295 32.040331799980365
13 119.13475401430452 31.733136461846485
14 118.76453647267833 31.990781904570728
15 118.6202980715509 31.73757082393141
16 118.77044893584731 32.23764362437657
17 118.62435846738025 32.30999702543121
18 118.86947438069538 31.981583855890552
19 118.63414631823542 32.284222479500194
20 118.53795097807553 31.692240458079688
21 118.93046212645956 32.007159196347835
22 118.75173507174642 31.626097858586704
23 119.00975956083346 31.921999287492284
24 118.84350620925417 31.695869969013902
25 118.98407708512663 31.68828796838291
26 118.73830013919316 32.10389625606718
27 118.89113995825019 31.795480302131022
28 118.8575037078165 31.670283300588174
29 118.9113362805707 31.783564889081195
30 118.52055339375597 31.869008865805853
31 119.19205316669462 31.994584170462645
32 118.65962258423465 31.742383070039985
33 118.55170300385691 32.124946235438905
34 118.70463793689866 32.005326043193236
35 118.9975995581867 32.03185442974999
36 119.16822733450556 31.912101292000393
37 119.10947158038498 32.206235488597414
38 118.70547105441524 32.06875688906012
39 119.1032336874118 31.714675494280588
40 118.5468921076859 32.18239548310697
41 118.56528012976284 32.380412737893
42 118.62493921859159 32.025276483730856
43 119.04618626514025 32.2969034348338
44 118.97502600875745 31.892251196696307
45 118.58228802159358 32.07261363005935
46 119.02312974411502 31.932739733912744
47 119.01915718164561 31.91283329658007
48 118.60634858984837 32.22437029197657
49 118.96873459410226 32.027482034367566
50 118.79518088700745 32.35322759477082
51 118.54743505422296 32.04340385710454
52 118.8888731810857 31.671522046173873
53 118.84591593802124 31.882073321600963
54 119.1308077852363 32.28885101835949
55 118.93550116875771 31.9600938074263
56 119.11004060183323 31.599824596801312
57 118.86684981360285 31.809406020622546
58 118.97912679429727 31.651435454680836
59 119.14931189388223 32.373995479212134
60 118.51091316149044 32.37986991471081
61 118.7896101665931 32.2492210974446
62 118.80406700999036 32.078714706056516
63 119.04319185155232 32.23441851011241
64 118.51757595699651 31.747551655263667
65 118.89573032834909 31.8517905503584
66 118.68527317557349 32.00732836698713
67 118.79055673789509 31.866941055733736
68 118.969184753266 31.669698886815915
69 118.92545467255815 32.33832032898412
70 118.6617949175096 31.973636546769644
71 118.60631417347076 32.00237288274574
72 119.07146156445663 31.8797836211668
73 118.8722057196294 31.812062957663585
74 119.15579585927159 31.903525538947896
75 118.96809098227389 32.27550372280437
76 118.63961500371447 32.22021217458603
77 118.6202630532562 31.876970014931256
78 118.73877574989777 31.63555376262354
79 119.05312457400558 32.22436076209465
80 118.83413535637729 31.809104414904592
81 118.89319109929247 32.07429918934667
82 118.91638488111654 31.614362721265756
83 118.66323149688044 32.11213049888532
84 118.74734208045211 31.93620774867633
85 118.69649872148322 31.979715478664637
86 119.13990014958809 31.941307713557535
87 118.51054375498174 31.885105693165215
88 119.18785799030385 32.00133695363321
89 118.60975812549269 32.39271626875845
90 118.83209096975004 31.732680788462517
91 118.68343888305039 31.863524352903195
92 118.68384544246173 31.605713000676257
93 119.03231349705219 32.20019819070645
94 118.99034068752938 32.134814022112735
95 119.0337380796406 31.77192794930394
96 118.61177340005766 31.919338966648787
97 118.66220623864203 32.12328351874405
98 119.02515184199156 32.15364934558478
99 118.57120451327549 31.714514316963086
100 119.0967222611643 32.336946217686915
101 119.12116019258288 32.24539729702523
102 118.84765267879229 31.679937004293798
103 118.97033153510714 32.2741855706826
104 118.74702151787372 32.22205784995962
105 118.94106915448921 32.259193616691974
106 118.52548082761655 32.020488191451484
107 118.68463858970767 31.795159173721466
108 118.7969199895887 32.3766716924555
109 118.88158436024244 32.10090632118669
110 119.1990318693839 31.881243326791036
111 119.19560286986038 31.83936095699814
112 118.57857066183448 32.306482608825306
113 118.71225682572947 31.968391820119678
114 118.55876110430977 32.03352102163057
115 118.72980136063121 32.123684648081
116 119.13271972466592 32.289863895793495
117 118.91819084539225 32.07499212326357
118 118.53122268608715 31.76725270825446
119 118.9069320605408 32.06366065983326
120 119.16796245230015 32.0102579259777
121 119.20150914766707 32.03825333883454
122 119.12994678116974 32.14496982954781
123 119.0320554303515 31.799165673506394
124 118.66071574745487 31.754223584807427
125 119.13201773600474 31.672156331723954
126 118.72570666031719 31.848319513169606
127 119.12734354733017 31.602130854650028
128 118.51790862199726 32.08216265015193
129 118.56321930215144 31.83822943831937
130 119.06239998065911 31.762195147869722
131 118.54274924027938 31.69785281223421
132 118.79030866568719 31.808649697013376
133 118.75036093130886 31.784466465548967
134 118.64473434564621 31.81418499648539
135 118.76344095925963 31.971322683560892
136 118.84231523605726 32.037948675578654
137 119.09626567200799 32.242651925387186
138 118.94220046371935 32.383528027372634
139 119.12766899527698 31.641059077720083
140 119.11237833058212 31.793881238128197
141 118.61783912464597 32.10086049707982
142 118.77693934452256 31.760819804066905
143 118.84335379339522 32.30793801620041
144 118.69462320964428 31.74427559106582
145 118.89563228493974 32.181223589461396
146 119.1923758424953 32.0818959263116
147 118.66070319897698 32.217260651657185
148 119.0719390096222 31.632571295074904
149 119.2182804187047 31.803585278291095
150 118.66342931897917 32.165065649435185
151 119.12929857692642 31.702122556214956
152 118.61454944227347 31.63575015446614
153 119.1407236653266 31.891827434818882
154 118.70860055447395 32.090012068318785
155 118.67329816207747 31.609773041800047
156 119.1407260410399 31.6730967387618
157 118.69853497123832 31.59275114782009
158 118.6587969621024 31.907954346601077
159 118.71348950399582 32.15583503824145
160 118.99904327813745 31.76669603607088
161 118.5158246686178 32.28013170468859
162 118.63170324231982 31.926749573714435
163 118.57834817984612 32.10503779579075
164 118.84306155405783 31.834929949015063
165 118.52593571739736 32.11640311248384
166 119.15945594135853 32.40133546820009
167 118.84029423033459 31.960496586175314
168 118.92452486974516 31.759644237829615
169 118.64611396689892 31.97533274456868
170 119.00825012044481 31.94969992056956
171 118.51352379155105 32.01489612323944
172 118.54894250181658 32.017573820722355
173 119.15589087260929 31.6186285541719
174 118.63152956244541 31.70379955218571
175 118.83712356308277 31.97290957470838
176 118.89575810680286 32.16883988845626
177 118.62826761854839 32.261564242845445
178 118.91381536383668 32.18475608946676
179 118.71616186420859 32.02315838890624
180 118.97920488339433 32.379929747996776
181 118.7025232141549 31.8622310440164
182 118.80157220074359 31.981426011520774
183 118.8572985232035 32.223560890286016
184 118.49957626590341 32.25473761510639
185 118.5904664859067 31.915549217675384
186 118.55550312222114 32.28292495770511
187 118.81427159647704 31.943153817538708
188 118.88097991321956 32.18617366108732
189 119.15553361397096 31.574899784321666
190 118.71590270138196 31.605129809251768
191 118.59935528691766 32.32985489289311
192 119.1581908762392 31.6921744351197
193 118.88019963378804 32.15255695368535
194 119.16634213068124 31.837300532923962
195 118.72441328113896 31.750021289488096
196 118.54334719677878 31.89854370008372
197 118.86110841211678 32.342341805195275
198 119.21705287623759 32.070184950403075
199 118.53471068303882 32.33121587407704
200 118.87138186779568 32.14882188157494
201 119.0821099319051 31.974918752998832
202 118.68561005134059 31.991948954649136
203 119.06923182600376 31.766070053576016
204 118.53824397261697 31.628377886608963
205 118.71528509517047 31.915220933407564
206 118.6202661714234 32.036709855900305
207 119.16553954533288 32.32435960679502
208 118.95467605976629 32.129894459669245
209 118.71482401314587 32.259863735554084
210 119.1358510531854 32.29965309261358
211 118.85718837333295 32.31441742532702
212 118.74179780363497 32.25001681419049
213 119.0108151132175 31.71268026586282
214 118.93840429454177 31.86473040007686
215 119.18412565411819 31.74625220319028
216 118.51885976297066 32.288028082978244
217 119.08400428416039 32.217201747671886
218 118.96503654304408 31.90276567479176
219 118.60033864702037 32.05121602875897
220 118.74301773301899 32.27490301880943
221 118.51773358401452 32.2907444543498
222 119.09144828706462 31.742305674782727
223 118.57267076898185 32.21201122870361
224 118.64755207358937 32.26464054415714
225 118.95688618640325 31.678629466325752
226 119.06064154571895 31.677187850615116
227 118.69429869383829 31.94677982880651
228 118.62928099535557 31.762645315707612
229 118.54240585931893 32.29407440848599
230 118.55131044659983 32.19145212785058
231 119.13358660595456 32.174320062822
232 118.65738896017298 32.19424830144957
233 118.77035106072266 31.82175837580202
234 119.03888541836196 31.76731999369379
235 119.16688202169829 32.091238674148464
236 119.12574560932752 31.910294216501608
237 119.0985111474057 32.344916069480135
238 119.08588441584563 32.15686830909424
239 118.74945044147965 31.891434859142354
240 118.950842443972 32.27182006448213
241 118.99634198531884 31.925511696389403
242 118.78828895721011 31.723777347610714
243 118.95611296586422 32.220591318688356
244 119.18440166347791 31.996437402776344
245 118.72118307868209 31.79723365088675
246 119.15647830149615 32.140153994039814
247 119.16478123158761 32.38678962778634
248 118.91467650234345 31.806714489428582
249 119.16634729324373 32.236720068710305
250 119.00178423332426 32.19180411948638
251 118.98058760204174 31.696386223728332
252 118.57067167284012 32.28733365150156
253 119.03486894541307 31.966655881216358
254 118.58266963486467 31.672824824154784
255 119.0479214067695 32.02493267539224
256 118.5181601833018 31.886252831301388
257 119.12538916417599 31.71177475949534
258 118.61498994968728 31.640589105142823
259 119.08539119056898 31.790447280932238
260 119.13718838983554 31.941399458456406
261 118.53868840114282 32.116549427516915
262 118.58665030624874 31.67560830038094
263 119.16345982427362 32.15743699856208
264 119.18285949338743 31.692115166329103
265 118.55111933822947 31.72952392455732
266 118.94759607201154 32.18112128545133
267 118.76418484212256 32.268818084049386
268 118.51596329505266 32.338560013253826
269 119.0872429335536 32.10450255274861
270 118.96238353684862 31.971396819437643
271 118.5797700922057 31.69420439219458
272 118.80616490529141 32.08034604374727
273 118.79748318610835 31.729620585530377
274 119.18231163268212 31.99702664842745
275 119.1993592376805 32.08880634955861
276 118.66063765491475 32.27087330988552
277 119.0341115006694 31.867568472247914
278 118.9373143121346 32.40347483507825
279 118.81922473180953 32.37638128102792
280 118.87321677641006 32.29875715874253
281 118.80368596304844 32.19056875236032
282 118.52142419360969 32.144810248906126
283 119.02303836038718 32.311008158780616
284 119.02835870595429 32.35939564974644
285 119.13347916391847 32.255491960171994
286 118.84304005475565 32.136332552164866
287 118.56117735918646 31.713904904211443
288 119.14757052367014 32.08319344908116
289 118.69744041702114 31.86162292064409
290 118.56868156906621 31.712378169049856
291 118.59181990827913 32.3003567610466
292 118.93269065653055 32.25866324007526
293 118.7679710870999 32.01145340600525
294 118.98695595966166 31.979333610126464
295 118.5251951146533 32.01608760281718
296 118.51096322710984 31.80542284789327
297 119.18701376503813 31.911377054455627
298 118.53171624344832 31.95015023897796
299 118.7825013512132 31.624107641066676
300 118.53068471384726 32.3040724897082
301 119.16387861003662 31.638478684308293
302 119.10021155267579 31.932367527233236
303 118.90500677747586 31.703246416737954
304 118.57864125199268 31.774685203445035
305 119.07553751818757 32.36826369379415
306 118.55338521284185 31.905633907232012
307 118.79520824391523 32.17462883733887
308 118.73161321010855 31.69032403180413
309 119.21291466531595 31.780245882142882
310 119.19228871567887 32.28979833951927
311 119.08316830392293 32.32168468474267
312 118.8232033989083 31.79997566177084
313 118.85503253928701 32.37938523755302
314 118.88789134410361 32.14891584675175
315 118.88814125341584 32.01799028605507
316 118.6415442075048 31.881200887912364
317 118.68730830172373 31.86025025019719
318 118.98407514374342 32.37494280679329
319 119.09955686612403 32.17235119214147
320 119.1753254637225 32.00513827510277
321 119.04020718273001 31.625845604629955
322 118.91685491234773 31.796668160235118
323 118.53547025520261 32.35240470571111
324 118.56470681701845 32.024140391531255
325 118.63993692754387 31.8694792721396
326 118.98499285043853 31.621991715063302
327 118.68339653041227 31.825618309804977
328 118.79202601355288 31.80258362034409
329 118.60340355031107 31.72998803928888
330 118.64712610842827 31.881641082856163
331 118.74889731327207 31.751949984163264
332 118.93342152707868 31.65083089731921
333 119.20551058783943 31.69650612091591
334 118.60789434301488 31.975778694685545
335 118.71316805117236 31.645334671892964
336 119.19886669749081 32.352796436950825
337 119.11843489939298 31.758630846353178
338 119.17375613812999 31.994651303367295
339 118.86966372908499 31.93406281032061
340 118.64466265444696 31.8522977062581
341 118.64246553555745 31.8570803757686
342 119.05419704002078 31.80851408318699
343 119.16174076407238 31.837891333353188
344 118.90889171419576 31.70194049514068
345 118.95047435761295 32.14536388805168
346 119.16474539887864 32.09648881017086
347 118.66460941949494 31.8309100793008
348 118.88318560336538 32.324131286721766
349 118.87044093945063 31.92315042487333
350 119.14491787270424 32.096455653372644
351 118.72452839320383 32.01427646283315
352 118.59053103250268 31.85498701383825
353 118.60502971545652 32.309725544028744
354 118.67847982814257 32.283482901896384
355 118.56122561109731 32.26121379939317
356 118.70803751092728 32.368701404082124
357 118.87737367286951 31.62894981843653
358 118.8117537511807 31.99476217068712
359 118.94359897580034 32.35040000639409
360 118.88126997261155 31.703520947083693
361 119.03195185933905 31.771696779487634
362 118.8064373952432 32.01765223440032
363 119.04243021584195 32.12002926913145
364 118.81299214733902 31.877860387004127
365 119.02115632353464 31.839165369782457
366 119.01321964009627 32.23215887969821
367 119.09416781399888 31.607343124654815
368 118.62621504499828 32.225772912556906
369 119.0028865389459 31.94917205877219
370 118.4858790340122 32.12671853339269
371 118.76444844067811 32.15967899014403
372 118.92379663032925 31.67338941900768
373 118.49001622093174 32.34413559530616
374 118.52000815511646 32.25684461776863
375 118.6526598011065 31.872600593103748
376 118.78829424167407 31.748720775802518
377 118.96855254975746 31.656175822972095
378 118.64310133568432 31.87503458717472
379 118.79176396457798 32.17751464350942
380 119.16301237320553 32.28518226908578
381 118.7265708414131 31.85309601651023
382 119.0273417657481 31.792575372614976
383 118.9286366014742 31.850407062634606
384 118.55088070095482 32.393320790414684
385 119.17792707284971 31.658569048385186
386 118.60032648749917 31.726701609087755
387 118.76359503689208 32.162440890652626
388 119.18883938646572 31.67559571985266
389 118.68300711699173 31.778048885396196
390 119.14349558105278 32.27041625521883
391 118.9588180218161 31.861188230317108
392 118.60503754197717 32.08123320976224
393 118.59927652645163 32.037632036439945
394 119.17545093936326 31.824284143728768
395 118.80574861552167 31.79391481673477
396 119.05324324265045 31.808852404032987
397 118.5858432039443 32.32417128072086
398 118.85521080808823 31.612443872532722
399 118.57951130533615 31.69918204922902
400 118.83120029898485 31.899120283268765
401 118.51220690487047 31.761310945637796
402 118.50686908696753 32.02769847729289
403 119.13077375441387 32.024400758260725
404 119.12254221429575 32.02053832048884
405 119.02518828466079 31.84105462369676
406 118.84243643369462 32.0115154786823
407 118.62983927359079 32.21308907688544
408 118.98395973906756 32.24476908178539
409 118.64432020146288 32.04154386066432
410 118.52971185202307 32.275026528773694
411 118.72508702122832 31.669634901460352
412 118.8931065569627 31.7221761926172
413 118.89982983494986 32.195673330020796
414 119.07125585078133 31.897621922631494
415 118.76000164281866 31.891286118432745
416 118.56417021329545 32.068265491001775
417 118.52187285239812 31.919029511469773
418 118.64818060631369 32.32485077644161
419 119.17495641989439 31.89744654421967
420 118.49597156292182 32.26800781279087
421 118.9385016390191 32.10436078227038
422 118.81310493122209 32.3310783711515
423 118.66004423129573 31.987145346254877
424 119.00418815382709 32.36738650506899
425 118.9097223639683 32.03525901386004
426 118.55857135670844 31.614791877886827
427 118.9794578838698 32.19786175068039
428 118.50768285013052 32.27932545670984
429 118.66397925404823 31.65929528306185
430 118.8995238899751 32.36421989795063
431 119.01029308377552 32.05369174945026
432 118.88680218972745 32.18867367301148
433 119.0938747549619 31.78893339276726
434 118.9957140555781 32.347595859038755
435 119.18128148936765 32.11874373679816
436 118.69295201014381 32.06062688961571
437 119.17429284027045 32.34638949196073
438 118.651072733882 32.051225687347916
439 118.63442697597824 32.024950856947456
440 118.615030150461 31.626908955308185
441 118.5901886206608 32.024350046115266
442 118.95476210785742 32.19058369246821
443 118.51422810225995 31.894937958030095
444 119.07040082751054 32.16653691284446
445 118.97025941276432 32.050915629033284
446 118.73314714422575 31.77890628488265
447 119.13002355425776 32.036541743417295
448 119.10792723276168 32.01203983606809
449 118.94555287141037 31.875506911439416
450 118.53138148817327 32.142311668593415
451 119.19341608290095 31.658661654398028
452 118.91247217363706 31.89412512747613
453 119.16525374441233 31.944215799636897
454 118.60567482894461 32.38601333311811
455 118.51217839374007 32.15646083981428
456 118.72113090113717 32.11782330002367
457 119.03508271283957 31.74222685349052
458 119.05778572524771 31.959454925440113
459 119.09596115581769 31.897655461497273
460 118.73186212901629 32.35297965040357
461 119.03354076642516 31.957122080708295
462 118.59372716223689 32.28861416064933
463 118.89922228259357 32.147268377131375
464 118.52007377269024 32.26571554534786
465 118.99154489233477 31.575313873779642
466 118.75821533489919 32.33458316344962
467 118.55576279370936 32.34684012735139
468 118.98826993472991 31.730629399322606
469 118.79655276702375 31.636207621019892
470 118.7299069765749 31.861565261445236
471 118.74923435384919 32.03604346118207
472 119.05075144419068 32.04054481242245
473 118.80901156510603 31.977759743071754
474 119.1226899001266 32.313119693637105
475 118.61954102638805 32.01388159339801
476 118.7946270369579 32.332859243684375
477 119.13282598995154 32.04663833438562
478 118.90514641077176 31.76041713153328
479 118.99496217391729 32.393391718776925
480 119.09400368329874 32.38863916956026
481 118.87450734560677 31.960036567004916
482 118.60499439722068 32.2291337331763
483 118.7208806063543 32.126155662373144
484 118.67653056119987 31.743872503371744
485 118.6246488421201 32.0535834546397
486 118.89236912557601 32.10810615294411
487 118.64627576252438 32.089606383400444
488 119.07560926292543 32.04014794589748
489 118.82325825877864 32.06227313174122
490 119.06697278369906 32.172799584813816
491 119.10546428493754 32.2001000481513
492 118.96217787051383 31.67305790171079
493 119.04850084910227 32.35468187701767
494 119.06688508784204 32.0039524590684
495 118.92175484065974 32.16196279278194
496 118.68044291522178 31.914175090819082
497 118.78358394048324 31.657331133360213
498 118.7236094271897 32.12175448544264
499 118.81949161462789 31.923665503181688
500 118.74125005856543 32.01061507644504
501 118.76345005651365 31.788999139098717
502 118.57687822754579 31.767145144984934
503 118.77845510232451 31.83341857372561
504 118.58649802037097 32.31858905241883
505 118.77940845513474 32.34934272591549
506 118.57430080519036 32.35376415485613
507 118.78381039436434 31.947708900354588
508 118.89604483514279 32.21370826632467
509 118.53261125976432 31.727133180322706
510 118.67765386805414 32.19186777513505
511 118.78156268240211 31.951251546194975
512 118.7224796597729 32.24964306476449
513 118.88083040201306 31.77517973979864
514 119.063865041308 32.252151851811064
515 119.01701390918664 31.688274399404467
516 118.67546834930859 32.29130344916658
517 118.6438169883225 31.941061380006442
518 118.91878362505106 31.74198883934691
519 118.7946526366576 31.83401609983835
520 118.56971605152044 32.16216171557336
521 118.63868713600809 31.96218530943681
522 119.1641776875313 31.785220535443052
523 119.1412612934175 31.809128141195714
524 118.72859251442429 32.154751543262265
525 118.51106998766261 32.110543320573925
526 119.0206425516323 31.65938234714419
527 118.68142992554914 32.26314231076889
528 118.52174964090307 31.692294630747877
529 118.66902217859074 31.784490748702034
530 118.58623808069831 31.624923507437934
531 119.12692440308977 32.026590597058785
532 118.65449371640847 32.313222160725225
533 118.99428942842671 32.33904104146268
534 118.6044726949532 31.970744741644264
535 118.56642183811721 31.693339172196417
536 118.78994235976941 31.990417998513795
537 118.93305520745767 31.82697799889898
538 118.90251328826353 31.846164412245724
539 119.03203136608457 31.76188697251399
540 118.76649998610588 32.35449546188125
541 118.96921293407183 31.92663437550628
542 118.53929168147486 31.60483494334579
543 119.04206950866194 31.97302596081708
544 118.97436870367918 32.12381665347251
545 119.05827798103773 32.23948151034998
546 118.54295038515176 32.18092382742815
547 118.83539046694939 32.159397590552025
548 118.96487777745995 31.793418795215924
549 118.46476175039741 31.853911866582592
550 119.11329017632242 31.940207702424207
551 119.06975438336858 31.74891899438404
552 118.8620987692496 31.96353471171755
553 118.74218044902526 31.686685110115516
554 119.02208886145905 31.686508069533893
555 119.12518685833629 32.25914628775148
556 118.87690712565083 31.71315472035455
557 119.1349243315773 31.961123620665706
558 118.57361578037361 32.06735873397993
559 118.725775012274 32.363521430212586
560 119.0028683359267 31.863067843941877
561 118.77206298556774 31.725962353465015
562 118.8676867742081 32.30100536419654
563 118.96342888338016 31.84487137784179
564 118.90414299297827 31.832517976840457
565 118.81714827797846 31.742157618823434
566 118.62789940668638 31.955652180664053
567 118.77741226349605 31.740983986213845
568 118.62390422262348 31.92402715784722
569 119.01921864007183 31.8626137983944
570 119.0456300238398 32.11969911043906
571 118.6238740662816 31.961987099234392
572 118.92791438199949 32.10132788714876
573 118.98359086498907 31.837249424681414
574 118.78542370807116 31.90124396093054
575 118.55154007374432 32.38629645512934
576 118.95674014373682 31.803154301035033
577 118.55592678125234 32.21053029981804
578 118.97507205559764 32.16799265525693
579 118.57392248018627 32.09917502669592
580 118.94801789116985 31.693356509274707
581 118.68040099652032 31.60719978015818
582 118.75072885837315 32.19804654161716
583 119.1610313831303 31.629398375672764
584 119.18419242854945 31.80404904626
585 118.87144406198077 32.36928735578641
586 118.97376657650759 32.39286223134696
587 119.06851048054484 32.35054818135928
588 119.0182416117909 32.05289395245029
589 118.5754742747162 31.981056631755422
590 118.80350040404169 31.972860563320644
591 119.09096561070702 31.8897452054992
592 119.02808544083184 32.38863549005858
593 118.6082965161197 32.23238008488352
594 119.07176711478058 32.41747312589238
595 118.93545886593593 31.81954349985918
596 118.68770357110613 32.086393455697156
597 118.52255880075238 32.124682672243935
598 119.01716886222015 31.91805442581957
599 118.83474140393045 32.064382112809014
600 119.18871985999223 31.7266249101342
601 118.66964301651454 31.834270254963908
602 118.55647679464826 31.71982692620058
603 118.66642576410233 32.0671055043595
604 118.79565097589203 31.876804148061794
605 118.53753572915812 31.953721043003732
606 118.73260856709533 31.891339629629826
607 118.66046204638259 31.61915308480419
608 119.161682059439 32.33037157869244
609 118.62487218483058 32.162299694651246
610 119.11344031787063 31.86094047431422
611 118.55208385902077 32.32500333305538
612 118.90257543885762 32.15186160730149
613 118.92967282312976 32.410139583423515
614 118.90890382197392 31.990858740029836
615 119.15598234188226 31.671754830227197
616 118.79747273087175 31.692889196455116
617 118.92684730183477 32.168859538348
618 119.12528872173039 32.05644957589189
619 118.66300193884635 31.77295778897312
620 118.85445175259633 32.007855997336655
621 119.17754914469329 32.03265436697102
622 119.0283691124657 32.29898528958151
623 118.9976099314654 31.609831808626993
624 118.80285967537291 31.694349940952545
625 119.10215662011896 31.923186030888434
626 119.06650483758192 31.684790724424566
627 118.7863736790334 32.37635931442617
628 118.89899467832306 31.771138309413413
629 118.97474869184627 32.075838492511814
630 119.01988681433724 31.93503921484877
631 118.8445268541867 32.22545749518957
632 118.74372882466103 31.62900651725254
633 118.61993059863633 31.86299584108517
634 119.04754666507517 31.97177496973352
635 119.01057229948316 31.687241902347026
636 118.63023395386419 32.09295398155464
637 119.10472063297901 32.01760918970085
638 118.62162173287169 32.27515745667274
639 119.0936500524493 31.948068310547562
640 118.6000107127732 31.86924716644076
641 118.95562922969683 31.86169558769759
642 118.86524294464411 31.826454633585005
643 118.60535191613891 32.35218026296479
644 119.03960797131676 32.23992531801412
645 119.0066569125405 31.874948130874063
646 119.09839438699024 31.95889981009424
647 118.82955793030939 31.68501574471213
648 118.8823764200688 32.0751908036477
649 118.96251670230865 32.19033301508771
650 119.11541668278802 31.80542199781999
651 118.77781761025362 31.954004877346982
652 118.99203341308406 32.14054536814227
653 118.91933423309443 31.983764541311725
654 118.65224021510741 32.02843236624479
655 118.96519407293101 31.75936010841932
656 119.073205377541 32.21891695641835
657 118.81479042034654 31.685673490765744
658 119.1861961817759 31.964989190388724
659 118.86565606013674 31.841624173574246
660 119.13985532525821 31.70217297113561
661 119.02629268805225 32.293608822325496
662 118.80092367273215 31.785367510229932
663 118.70752631920493 31.989783422480453
664 118.77758737626544 32.08577674336537
665 118.73305977923587 31.841037813587214
666 118.51382141441994 32.0008508596498
667 118.53903029506118 32.01648579677781
668 118.78307649839608 31.933667240441856
669 118.59941597142247 31.885405608724007
670 119.08073613181115 31.795236583050162
671 119.16826712901585 32.345133359514556
672 118.73631287206497 31.976491652233705
673 119.01082365695694 32.133258645265116
674 118.7425371112979 32.01960021420389
675 119.10489758761906 31.849210208609435
676 118.81946604175167 32.010906472694806
677 119.13162050103219 32.23478494238982
678 118.99600402367565 32.28635104768897
679 118.58601052492584 32.34609728113636
680 118.60844406945942 31.810049460214568
681 118.82282634825417 31.894578793560783
682 118.9074832316214 31.67374441910828
683 118.85881471508644 32.43324378692375
684 119.1454805881702 32.12214537035652
685 118.49234627742887 32.16412917059847
686 118.5928357130696 31.958414642407096
687 118.70555247548039 31.8047900811786
688 119.15353252379622 31.91897026425265
689 118.50063020054515 31.833478168143383
690 118.87646016736238 32.01841936091054
691 118.50111347382051 32.26476850217749
692 118.87858303878772 32.253807557511365
693 118.83137338765863 31.85457784039109
694 118.58953938904952 31.72848840378354
695 118.94721130012718 32.187628942318106
696 118.92746468779029 31.930725443134698
697 118.82229814878387 31.724456467122863
698 119.04468164288059 32.105921184773415
699 118.545497827524 31.679028797414354
700 118.73211771594893 31.67328029616552
701 118.82581091562169 31.590539444667048
702 118.69767597701997 31.757438019233394
703 118.57853646932197 31.96554140609379
704 118.58510693411489 31.756518751774706
705 119.04893696629429 31.646523786411837
706 118.69090540480086 31.990022290421525
707 118.96872654270165 32.320294392054365
708 119.1051601138774 31.63025284809815
709 118.71504325429007 31.783019166026843
710 118.636287990199 32.35489104680331
711 118.89924276214266 32.114493098846225
712 119.09303655716597 32.23958910623541
713 118.77432238304765 32.30401094935972
714 119.06662519274883 31.765149771281408
715 119.20441594587473 32.20917310152506
716 118.96976356224395 31.818202126707185
717 119.12754749919486 32.31804172889855
718 118.55001702588157 32.338277446798074
719 118.76242382620927 31.726687241208378
720 119.10410321607372 32.297835432181884
721 119.03010150017955 31.632238295679638
722 118.5894172144464 32.070986187397345
723 118.65904956156149 31.984991766183807
724 118.72020065597691 32.088408140761814
725 118.94958994897988 32.1928676103165
726 119.01026106705484 32.29836007399994
727 118.86002274066517 31.99540525032183
728 118.52792487744328 31.646287425416524
729 119.13680697945492 32.348111051084096
730 119.17602120990921 31.62957581094941
731 118.72371408878803 32.24450597867856
732 119.07292460193545 31.7120124960553
733 118.87111141249902 32.30689205752733
734 118.8216123671676 32.09868558045999
735 119.1495007768306 31.847581539193907
736 118.48976930431276 32.26391146609868
737 118.76088731300077 31.742371177682486
738 118.65650766666116 31.780558351368434
739 118.8256400858469 31.817575799465995
740 118.81853485121414 31.90908213455934
741 118.63888011407946 31.79858658416747
742 118.91029170309432 32.31969201888391
743 118.74804097111843 31.96938200884623
744 119.12431819424363 32.374707723602775
745 119.15195057325764 31.84278034546148
746 118.75264328299333 31.970908736054195
747 119.01715027797204 32.27705299389603
748 118.95378594319529 32.391247576431304
749 118.7582953739305 31.959383598305376
750 118.7207593679672 31.972776218370555
751 119.16936387572869 32.35181756410134
752 118.65995873244216 31.937119342932828
753 119.08174542127591 31.955413070161363
754 119.04143871196361 32.37892987408463
755 118.62953772830457 32.00407888040707
756 118.7814457777841 31.679395326922677
757 118.81810000773422 32.35626143355174
758 118.86376848793105 31.95457759834869
759 118.94219792809616 31.88630371518531
760 118.7639797623506 32.30280110573276
761 118.9400012301333 31.61263343680605
762 118.79683042236736 32.37719737112278
763 119.17827924394 31.65105427008057
764 118.97806485697815 31.625381948414926
765 118.81058843468 32.31120406716924
766 118.88198923798488 31.97598196191452
767 118.59360052638287 31.73026117076706
768 118.70060416764443 32.38155676970853
769 118.99448753938698 31.855442738022944
770 119.22370810769124 32.34713451949675
771 118.75409747683412 31.981125461209384
772 119.20905818794324 31.914379271737005
773 118.76714984752627 32.05295806816272
774 118.80152365738483 32.33246977022127
775 119.18535410494222 32.402328720146194
776 119.06009543112168 32.13505230246115
777 118.89324647324668 31.89384465769323
778 119.19028140793608 32.27347085930628
779 119.20903372802532 32.35250096627045
780 118.62123495893647 32.00299417809024
781 119.06854659033486 32.18487453962602
782 118.69922283902284 32.34472466182618
783 118.70998101968716 32.14983822914408
784 118.78566097572246 32.12224571613947
785 118.8474760762916 31.88135412837056
786 118.58771927104796 32.08622588467712
787 119.02247317768567 31.7653808301449
788 118.51047849581875 31.707007851058
789 119.19822562421201 31.795237868333103
790 118.71332978272862 31.94346720175967
791 119.01678739324336 31.86939629878838
792 118.8495074216892 32.15326771312775
793 119.09126277120141 31.917330749572532
794 118.59586858995517 31.964578693258254
795 118.52414039259097 31.820573535983918
796 118.61974906934748 31.709869115513552
797 118.97723576683366 32.17603399332248
798 119.0622396622216 31.78648089743691
799 118.6078429261147 31.966260492116255
800 118.91648925849914 32.08094905601165
801 118.51404716509249 32.1394152461108
802 119.04869315748634 31.942767251994642
803 118.56187100019238 31.815423908213315
804 118.64555769726775 32.30943151768333
805 118.95487320922652 32.14925480126636
806 118.83319123323591 31.77895029474635
807 118.69421162474218 32.237287902454646
808 119.18820414883562 32.04964558434912
809 118.87245823455734 31.961917133242398
810 118.61234581024814 31.70859028986527
811 118.81843404365223 31.7987824815526
812 118.99772105355879 31.68536511169742
813 118.81679308330378 32.137400293307756
814 118.59529397184102 32.195732834586934
815 118.60367710274025 31.97225271027673
816 118.66585966700836 31.650364686893276
817 118.90465732164883 31.71067689116237
818 118.93988546678852 32.33576722811222
819 118.82282791059987 32.31826043671556
820 118.63050809910698 31.914503257896452
821 118.72450499848725 31.705810934435767
822 119.14103146361794 31.972806943323498
823 118.68724924552802 31.92213251754329
824 118.97889408034956 31.608729405497893
825 118.75082766774935 32.19484038818065
826 119.2016413533286 32.09887759953566
827 118.51359518964806 32.03728003329732
828 118.7137321290566 32.252504868365975
829 119.04635293156802 32.301584965288875
830 118.53852648387237 31.772759149633135
831 118.757857971854 31.66689028296722
832 119.18004554439433 31.907582142189195
833 118.97671562774104 32.279767436640206
834 118.59648360741535 32.2088192236453
835 118.56153428657956 31.803621512437708
836 119.17111890551355 32.221835141142925
837 119.14729065879592 32.06535002542688
838 118.61852973712557 31.78991762071905
839 119.12396340149765 32.13961325889247
840 119.00473726706949 31.83581335126735
841 118.80013723315 31.874021381879363
842 118.64341595280297 31.752007506051168
843 118.60627645077261 32.05619012138758
844 118.66082250980755 31.96917828310204
845 118.80254592633838 32.088260766003025
846 118.51020138288378 31.589340924538043
847 118.94178633063645 31.926579767080227
848 118.95531623116439 31.668247319132167
849 118.88441253720096 31.854162034312687
850 119.1013783976143 31.66932995215378
851 118.54862006141357 32.06468968487709
852 119.1919814985689 32.33939511584916
853 118.8215044494184 32.26606809716805
854 118.84186025779451 31.997573093540552
855 118.62454102330679 31.88217901776544
856 118.97132368022936 31.604883223484617
857 119.12045046291298 32.13105250339847
858 118.54954527722275 31.841987081026673
859 118.70008123568176 31.933431480186
860 119.0422466671006 32.08340969352512
861 118.52261275358977 31.746505501683124
862 118.89600426316146 32.0474065802049
863 118.65840370982909 31.95043249851454
864 118.88299703436618 31.90432331483497
865 118.61618306799056 32.29386221945593
866 118.75654621789509 32.19994394357324
867 118.7320466065874 31.685644064131377
868 118.76875294020537 32.3213538823495
869 119.17277145105787 31.5682883068067
870 118.60257984771019 31.766686108792292
871 118.67777194762965 31.714168510689884
872 118.9924937833149 31.870824628976862
873 118.773553581876 31.70412370266837
874 119.15555756242507 31.817952465955738
875 118.7227242157126 31.91625514378809
876 119.16310163312227 31.95988432432031
877 118.60984741902051 31.821552959225347
878 118.83946161260482 31.651438579981093
879 118.86575643345404 32.011832943963626
880 118.94217870616659 32.07239187951301
881 118.76543376202373 32.12496838152554
882 118.87169626812049 31.595896063109237
883 118.62975730994093 31.66817950416138
884 118.66356360042462 32.1373088230523
885 118.57432359810889 31.72414697462671
886 118.88302684007415 31.688720756581123
887 118.82764902805586 31.939820500028134
888 119.17883292326616 31.913016960769536
889 119.0549565575683 32.126137806740104
890 118.99732037550639 31.629542396999913
891 118.7171929121472 31.797586285279703
892 118.66468858730589 31.798591985042304
893 118.96970499309224 31.851222792344867
894 118.6751665853837 31.586903286119966
895 118.49996783470262 32.02265000380992
896 118.72607662944816 31.57808261863689
897 118.87011783975616 31.818296272392182
898 118.63710282900007 32.31829916969732
899 118.57513332767981 31.701693346276304
900 119.14479914678452 32.1351070386509
901 118.81937928052703 31.96832705447193
902 118.49964733938374 32.32853212139838
903 118.67997935353749 31.957241452096593
904 118.55044869521757 31.765757289524224
905 118.70687398747054 32.40670637201835
906 118.77670242481565 32.1611644883302
907 118.60111486259977 31.719570873862395
908 119.13075406038425 32.04111081303414
909 118.8338650595217 31.851766389147343
910 119.08847090990807 32.31703156332331
911 119.05107744133032 31.728251511556273
912 118.59002351320972 32.08694897199749
913 118.52777420329865 32.345595079104946
914 118.91834713781924 32.33485258964097
915 118.52797806314726 32.30505564314046
916 119.07484474642223 32.09397597473852
917 118.72329622891458 31.858122932827342
918 119.0479338062331 31.656270485871485
919 118.63053445369214 31.748384832403495
920 118.72357370531861 32.29661968217544
921 118.92859058826342 32.161386784357674
922 118.65079824958428 31.651241991279626
923 118.66859098646226 32.37253488798853
924 118.74645615926302 31.99143712614215
925 118.54777270821171 31.752894737808486
926 118.9899416855348 31.95144222583242
927 118.59083700399519 31.95101227285591
928 118.68188824367203 31.77734193790619
929 118.53157241735268 32.100038461346244
930 118.82094725266988 32.04575748111743
931 118.7235398996524 31.823717671123127
932 118.8644509054959 32.19986779138877
933 118.96360839503801 32.02909359569715
934 118.65555045902806 31.878989146622743
935 118.74485840754943 31.701264994318976
936 118.87367077936617 31.985943586401277
937 118.66358054068971 31.716722057133776
938 119.13890640932696 32.32679261175832
939 118.53512906821207 32.030577821637
940 118.6034121839669 32.343911235101345
941 118.70848268648095 31.86223547742654
942 118.93644299658013 31.948477784419985
943 118.55542726499127 32.02051737141879
944 119.1326653856375 32.31242997359379
945 119.14263606396116 31.719186285453645
946 118.96641859242811 31.905988475108106
947 118.75983391764757 31.686467972584445
948 118.6782178600979 32.331240123795
949 118.70884683948145 32.262932436507135
950 119.1167273602553 31.935610466109424
951 118.8871039468734 32.11138675192612
952 119.17234124723237 32.06467854384325
953 118.85447290409185 32.0828090721572
954 118.64055267918764 32.23894902341756
955 118.58080167476518 32.36814176501458
956 118.96328284651715 31.653032201497364
957 118.73444506423242 32.04351733071423
958 118.94704270924639 32.33593789842725
959 119.16792490991243 31.914954480349838
960 118.51837630023203 31.80027540555829
961 118.58218211803748 31.663912825885063
962 118.69599792558407 32.11963067240056
963 118.7137034679396 31.735486944384697
964 118.78404684976452 31.89049189262546
965 118.80456679612136 31.89636656206882
966 118.76675641055027 32.100003715722536
967 118.54045266931679 32.38067434461401
968 118.72883986832485 32.374426071952364
969 118.60183902470104 31.856425347906082
970 118.61600010491459 31.799430890184038
971 118.91790048838571 32.1666809873867
972 118.51904581749338 32.166633786698
973 118.68967272407306 31.84289092193068
974 118.93586864840663 32.3580062260378
975 118.69122767253961 32.24863695189065
976 118.8520904543704 31.755855183809253
977 118.80789021911994 31.981345163147562
978 118.93124028512861 31.674971881581513
979 119.08217601938499 32.04032855769544
980 118.69213340859797 32.035653681287165
981 119.15531833955062 31.7817118022866
982 118.97248619905336 31.674473533526427
983 118.79083173325185 31.697131789455845
984 119.10313519418492 32.032544475026484
985 118.77502040374023 31.6319091399847
986 118.9992891007294 31.76519054052278
987 119.13245696269705 31.731610959809508
988 118.69678219151633 31.91621390965466
989 118.83037259206294 32.0166937287377
990 118.76212672228316 31.88952422382472
991 118.56692815287636 32.10382322222174
992 118.57573608592665 32.32736450888405
993 118.5590929373521 31.78774300454664
994 119.12242399821194 32.38890465167335
995 119.11238685227973 31.88344074835025
996 118.751210648474 32.08743639096538
997 119.08117438797377 31.89528216388597
998 119.17009220503677 32.16094245429544
999 119.0122939458016 32.298584464598555
1000 118.65479919495378 32.23823871448611
