1 118.94655892868752 31.944602530483948
2 118.89612505984083 31.613163604796313
3 118.61785204235004 32.03994921087959
4 119.07242655239735 31.974739019795344
5 119.17065636420725 31.948456979248647
6 118.94858388053972 31.863918458718473
7 118.90386738133581 31.75062583921078
8 118.59870524719119 32.07386887677393
9 118.69035089846874 31.83013455078307
10 118.76259976100025 31.806408710899056
11 118.62664762993458 32.09878900157614
12 119.20029372371653 32.01938237826021
13 119.13580327336935 31.720313104797427
14 118.76291152350214 31.988880775255325
15 118.60428528181878 31.737446409499146
16 118.7807619537768 32.22980642185032
17 118.62586148458112 32.29820692189275
18 118.87510914730426 31.988954962104046
19 118.64420146746663 32.28788850712247
20 118.55302266711752 31.6605192835578
21 118.93422509056006 31.993047108746403
22 118.75461129113566 31.6584682261007
23 118.98443981707689 31.949800599943018
24 118.86998662175313 31.672680591719054
25 118.9509821046467 31.694419161392087
26 118.72121486459791 32.09020678940063
27 118.90243509380211 31.77393539885644
28 118.82825306188406 31.67402867739216
29 118.91529147866947 31.77545861226859
30 118.52169692634949 31.87487184000632
31 119.18062615640895 31.96808510303263
32 118.67430208178173 31.763118130635075
33 118.56184733172667 32.096151927673425
34 118.69961861676664 32.00626747173798
35 118.99142731772436 32.0139964885885
36 119.15170097618568 31.90643498566309
37 119.09337764733853 32.226399296831794
38 118.71492436090654 32.06881465924235
39 119.09861543190908 31.720287356123855
40 118.54788449188356 32.154858644322296
41 118.55469947546258 32.37126749859794
42 118.63706849829796 32.00204990361045
43 119.05373654828706 32.30332476128197
44 119.01194270281776 31.867888336097796
45 118.57659967637899 32.04538442677446
46 118.99534745646423 31.948276991932403
47 119.03453276829816 31.942674065840865
48 118.60443663252367 32.23364212086216
49 118.96012517759478 32.013913634836726
50 118.78798888554542 32.360590625361404
51 118.54317962572561 32.034910951167554
52 118.86064122182616 31.675856582896824
53 118.83746935918002 31.894201940728788
54 119.11398390613427 32.26888903134067
55 118.92806477971672 31.931207597236238
56 119.10795992414127 31.62122531218682
57 118.84204349974729 31.81241900801639
58 119.01056827451582 31.645125727074323
59 119.16599977014657 32.37502497162157
60 118.50675011167391 32.38146982880924
61 118.79301572014755 32.22851525408673
62 118.8095747947482 32.09199717716027
63 119.05204645772352 32.22028667658962
64 118.50873121575668 31.729143625762386
65 118.89282884029285 31.825666043052852
66 118.68049841154469 32.001907279671684
67 118.81452116767163 31.8852645870467
68 118.97938394767804 31.64628820438004
69 118.93854702419706 32.374005302515776
70 118.66132359084811 31.97469163774683
71 118.63912794773545 32.01514918830202
72 119.0895108109196 31.866791294371946
73 118.84573536849375 31.814797073367288
74 119.17234726652171 31.89847062707225
75 118.94955001805432 32.27372764299379
76 118.65987044709188 32.21822366702373
77 118.61419775443177 31.880846851068636
78 118.72172561686708 31.605399056438007
79 119.02362989009208 32.23619325275864
80 118.8247369674501 31.790289020113992
81 118.90175871406582 32.064904462972244
82 118.92373983028068 31.611390852903295
83 118.63909394450857 32.12403945818928
84 118.72368189107671 31.919895566867773
85 118.70324112437802 31.988482021499777
86 119.14599698922683 31.931319891835972
87 118.52075298299225 31.871522481344087
88 119.17433653431439 32.03148837627093
89 118.6218659554131 32.38307599013987
90 118.86339403795388 31.699389107023244
91 118.6984571591634 31.869833660549318
92 118.7030844735427 31.63001022087662
93 119.04092028330233 32.1946506840068
94 118.99574783182001 32.13070637424755
95 119.03573523647354 31.768781262803053
96 118.62724591181005 31.921610175898014
97 118.6446484632527 32.13456353218882
98 119.02485800912862 32.13322399036479
99 118.58676188710602 31.745263812147034
100 119.10028369103037 32.30756072378499
101 119.12955540767716 32.2306560002454
102 118.84232376717954 31.684690327728088
103 118.98419441228559 32.300582987077135
104 118.73012394867308 32.19796070579813
105 118.96348213180659 32.24706738064054
106 118.530760660902 32.0279951977082
107 118.67207653785327 31.781042624569153
108 118.80253121540403 32.34578660332202
109 118.86861201792856 32.07523322761647
110 119.19511765974259 31.86862111915126
111 119.2078192179688 31.829956494146053
112 118.59269227203083 32.310592924020966
113 118.69730563028111 31.95369997104522
114 118.55443912130535 32.03508854164231
115 118.72720681407938 32.09921411176297
116 119.14503922559607 32.2769587042843
117 118.90247421470742 32.089667160421016
118 118.536132991832 31.747207492336162
119 118.87112735347816 32.07991338675959
120 119.1661692237544 31.999163092594337
121 119.18467636665697 32.05023085212105
122 119.1420858937848 32.163886718540994
123 119.03985786539148 31.793193050722905
124 118.6668914184702 31.75802926001796
125 119.12597132557426 31.69653839122716
126 118.72047422210134 31.83182693417636
127 119.12441483974806 31.600482069022853
128 118.52603676997835 32.08280411293417
129 118.5366738875555 31.840120291713106
130 119.06945558548692 31.751219966071492
131 118.554375117087 31.67456439554147
132 118.80120327871859 31.816300480084212
133 118.73626910853174 31.768022468817218
134 118.67440854714067 31.834697390913615
135 118.74915583480869 31.960196667844993
136 118.84437209144583 32.035982529688916
137 119.11279102508557 32.26471374217828
138 118.93781653013608 32.39212324397521
139 119.12905500113169 31.64284216190227
140 119.1029958514623 31.79970536063461
141 118.58989934917301 32.10556840552237
142 118.77237970821808 31.749984597846307
143 118.85663514443236 32.29476612654874
144 118.68038181747411 31.768470449255716
145 118.88792387736183 32.17423669273153
146 119.18277608550338 32.10964351732935
147 118.6437425247927 32.22462782911933
148 119.05634742150431 31.639360116108623
149 119.20452073515013 31.778363507194264
150 118.68162026706474 32.16146376220811
151 119.11254785201595 31.683913497024324
152 118.6136189120089 31.625220845960264
153 119.15835813526296 31.886149454544594
154 118.69333171561378 32.07856586015362
155 118.6930148489846 31.62062503463618
156 119.13526142364994 31.664510019238996
157 118.69049669475856 31.633376045609413
158 118.63976472684878 31.926384582517453
159 118.72617874871263 32.14506731084973
160 118.98609910776536 31.770581318207586
161 118.50561658818918 32.28684815031491
162 118.61331915233967 31.957539916661194
163 118.58564017225311 32.09332736192116
164 118.85562735144094 31.82598417524516
165 118.53224765621678 32.10431978272033
166 119.14640103827983 32.38436504208061
167 118.83141282597465 31.964921290500744
168 118.91911163968928 31.77771561802071
169 118.6613880919264 31.94153491250972
170 118.98575402436883 31.95111454928779
171 118.50155579972945 32.02147250414109
172 118.55479332650188 32.00315364946366
173 119.13493523158152 31.624235658794557
174 118.6261284527439 31.722970579049473
175 118.83738137404566 31.951831333281962
176 118.88125569749533 32.17174562961083
177 118.62330476702212 32.22664402274441
178 118.90883198071508 32.21007037406853
179 118.68584041452515 32.020942881897135
180 118.95872359500416 32.36742172250197
181 118.69124560989722 31.849213144090957
182 118.7942646115969 31.97563662570725
183 118.83786767678123 32.22030854283956
184 118.51578765741202 32.26936767679945
185 118.58288956703049 31.91368265899803
186 118.53911746700213 32.2894277171491
187 118.79558310792154 31.97691203417264
188 118.87771397658518 32.17561684719782
189 119.18828328032492 31.608371484961474
190 118.74829770203156 31.60562969877661
191 118.62766473659896 32.33684975970859
192 119.17325287662615 31.696062887831793
193 118.877345811614 32.14791109975538
194 119.16031513001084 31.825430503514276
195 118.74620523535611 31.762880013072127
196 118.5553722154412 31.898978828513684
197 118.83280273357897 32.34295758416792
198 119.20325849874293 32.05946898381797
199 118.5471336138175 32.331533821304824
200 118.84020405751663 32.16104028795526
201 119.08464151178231 31.984410601388177
202 118.64834004759263 31.989044503531503
203 119.05520061706653 31.783852904347906
204 118.53690884401264 31.604684892466125
205 118.72434675316684 31.927757592402244
206 118.62787156681428 32.033969989234365
207 119.17123363592628 32.302095552961525
208 118.93418702448646 32.12961782055614
209 118.70000300593986 32.27110365555692
210 119.14747428056094 32.33036543527169
211 118.89556896003428 32.35176425948414
212 118.7600543917736 32.248857185655474
213 118.98991275792854 31.70316171927942
214 118.95479210392061 31.882329866834077
215 119.18584975044136 31.745125503317805
216 118.52864404887318 32.29867448726613
217 119.10582350786972 32.23057523318167
218 118.96747644867858 31.881763576667506
219 118.60826257936831 32.04286631325859
220 118.76758529846386 32.25104520669182
221 118.5203411530819 32.289373434254955
222 119.09909320522527 31.762245245206167
223 118.57569196525638 32.18799018798999
224 118.64241141097331 32.24410390578129
225 118.98942052785219 31.648854313615914
226 119.03012631085173 31.68839911873179
227 118.68581307102006 31.9381469654299
228 118.61277559625908 31.77230282211602
229 118.51196890897542 32.30439129877629
230 118.54397015254895 32.17415818883385
231 119.11492389168961 32.16829182640074
232 118.64116826568173 32.225125921420386
233 118.78621041526745 31.859947735159135
234 119.04777881549757 31.791480916467552
235 119.17753947007981 32.088230492640676
236 119.11937219074775 31.9209374850918
237 119.12292050473692 32.329903246453334
238 119.0698995917218 32.13145558873292
239 118.73891690916138 31.901413034136574
240 118.95221978654543 32.27205645573296
241 119.01300859888016 31.914296895892473
242 118.79823607659966 31.736028115317396
243 118.93367245012963 32.21749437840318
244 119.17465643624114 31.98638727930175
245 118.71862955863226 31.806861737953795
246 119.14505649477067 32.1608589321794
247 119.19980067434662 32.38954373174821
248 118.90091521477493 31.797901186210776
249 119.13726172630511 32.22966872340167
250 119.00704812589971 32.2151395176754
251 118.99466240228507 31.67921675644249
252 118.57939783317694 32.26593312493876
253 119.01969957839411 31.97563750862361
254 118.61630540539174 31.69050386352626
255 119.0311741486148 32.032302039445014
256 118.52647345981225 31.861699431774873
257 119.11505487318342 31.726920502937453
258 118.63264004477152 31.663278460938205
259 119.09828952941403 31.748635353433937
260 119.12265789032698 31.947273910185913
261 118.57559233927593 32.10931473355157
262 118.56313617343581 31.67406825320211
263 119.16321477847639 32.16457500104805
264 119.18126358885104 31.674285965587362
265 118.55219713424063 31.743526440967702
266 118.92635741099285 32.1851686658286
267 118.76729104438813 32.29433411712569
268 118.54027757090489 32.3718561709421
269 119.10071344069311 32.13609544707362
270 118.9740057507297 31.976580557246173
271 118.55415706597651 31.683174302659435
272 118.82109408163211 32.04851100754703
273 118.78395751864315 31.72726930541183
274 119.19436657095942 32.01065295255808
275 119.19075140059496 32.091289274497605
276 118.66746933649524 32.27761207438461
277 119.02472336863127 31.85262217857656
278 118.95834046683711 32.382048691856504
279 118.81237436483137 32.371972933654014
280 118.89085496259824 32.26922352654317
281 118.77377375412155 32.15806552681896
282 118.54638629090822 32.18154226152884
283 119.0396692256283 32.317119466039074
284 119.05802259348954 32.353096152294164
285 119.15478431448314 32.274475343388424
286 118.85381623862344 32.11586100994837
287 118.54295671900246 31.683205808256105
288 119.16165432059198 32.105568538342524
289 118.67764992276635 31.878087543326618
290 118.58678523820785 31.71294288542792
291 118.5849795285727 32.305168846703154
292 118.92833942266437 32.27097528797818
293 118.76517056346931 31.999998450604274
294 118.97104868338205 31.977885417930306
295 118.54401569618622 31.990406961079266
296 118.51334734971189 31.8075497166847
297 119.17114622981461 31.913264399953803
298 118.56140888690182 31.9502747623424
299 118.72965305929247 31.60074906421566
300 118.5076399710332 32.31128255207159
301 119.13044303718065 31.63802359103507
302 119.10307325834825 31.906776792633405
303 118.89992112400918 31.689921733280073
304 118.59784752626621 31.76389357470519
305 119.06835414146643 32.356064398056944
306 118.54263916621035 31.892592630538807
307 118.82197348230649 32.15866754855581
308 118.72001654981122 31.686345688301472
309 119.19574874132684 31.783182539152254
310 119.17984167781486 32.296763570857706
311 119.07366361073082 32.3112010253956
312 118.81523098830465 31.79896902887257
313 118.85014317959477 32.36340797323615
314 118.89125240227919 32.14317749473401
315 118.89377328786532 32.0081863803619
316 118.62008859865438 31.888342234817923
317 118.66872491532166 31.884022662261575
318 119.00127348148743 32.362176017645595
319 119.09495218981598 32.16691510979455
320 119.16753785709129 32.01060393559344
321 119.0287375432947 31.62729207241665
322 118.90006882218303 31.79942265698393
323 118.5580283266562 32.347907691688214
324 118.55521095087776 32.02709785060814
325 118.62268332808664 31.88489271177489
326 118.98656221507375 31.624640792266305
327 118.70204646562837 31.805013454240232
328 118.78289672184162 31.805239936323154
329 118.6092203654771 31.730050611866478
330 118.65674971659743 31.883718794461714
331 118.77611829333526 31.751672688264964
332 118.9516564916567 31.66490931055482
333 119.20026814933034 31.691815280545484
334 118.59957347563349 31.989671618260235
335 118.71827164544702 31.65228609949495
336 119.18250520826305 32.341638176833044
337 119.11779415933513 31.7661969606117
338 119.17788912145237 31.989671887144116
339 118.8609416419329 31.92530644654544
340 118.65383754414042 31.843057745347256
341 118.64970215209115 31.864526366700332
342 119.06589404466806 31.791042586890978
343 119.16210076042434 31.81951772503217
344 118.9344567414015 31.701315907172567
345 118.97175226900183 32.16696894574671
346 119.13333732026788 32.093401450014014
347 118.68330987653566 31.841214983710866
348 118.91115946543472 32.31433076740457
349 118.89490273839735 31.906058197246903
350 119.14385455869063 32.09228854426057
351 118.73044154649268 32.00041284117316
352 118.59902578328823 31.85717926094553
353 118.58483564078605 32.32132829878076
354 118.68643395089099 32.28607825743166
355 118.55796394660966 32.2695824806829
356 118.72828667046487 32.37606552373956
357 118.88931163852756 31.61561299338848
358 118.79869496364778 31.987684225948982
359 118.9406812635428 32.36129948398448
360 118.85783128860277 31.70466209080733
361 119.02784283832453 31.811193654604526
362 118.82108792445126 32.001094826318955
363 119.04962173555988 32.11275987639569
364 118.81160501294399 31.87475969495556
365 119.01106031030449 31.84253010064149
366 119.0193992556605 32.22291289094756
367 119.09554174550405 31.61038429180549
368 118.61316037204354 32.238892983096434
369 119.01269314564847 31.931866757072385
370 118.48808162205583 32.10613332123169
371 118.77730353710861 32.15912040462137
372 118.90419888865425 31.68304635200377
373 118.50904915652438 32.33814291572141
374 118.53753159582995 32.245774517212666
375 118.64703696031543 31.88037271610925
376 118.77086467436486 31.748657083634416
377 118.99742040246251 31.65476855068678
378 118.63981814128557 31.844843496786055
379 118.78573669156596 32.182061161167155
380 119.12882852614776 32.28017084364216
381 118.74600771361455 31.85284586071784
382 119.03862774525004 31.780234341508933
383 118.90840550754781 31.859254974335453
384 118.53977170587328 32.36970366836185
385 119.17893845545804 31.684152214423158
386 118.580993535717 31.745921873439624
387 118.75239815387023 32.15120332146028
388 119.18962933528898 31.720099516621005
389 118.67903755191071 31.79661166464325
390 119.14467948634673 32.25633819108625
391 118.96886631339792 31.843663314996597
392 118.62629881751243 32.07415540975799
393 118.59840372088667 32.03907375537548
394 119.17504908150718 31.82060945164679
395 118.82004583435959 31.79921194968255
396 119.02591502127798 31.80679538446053
397 118.60345044436559 32.300383360032626
398 118.846174819 31.60540337052773
399 118.56929348368202 31.68294500578912
400 118.83527054958317 31.87841529716089
401 118.49920525789452 31.771557802382944
402 118.52048467840129 32.045330640910755
403 119.13280224741847 32.021201123353606
404 119.11118815884255 31.994143302126762
405 119.03203322029047 31.842505385308943
406 118.85100390586331 32.01292580570509
407 118.62856968025983 32.21665131813534
408 119.00041839191371 32.23966494931987
409 118.65523519430691 32.03455674155014
410 118.53479092133426 32.24181891071896
411 118.71589582059198 31.656586140329793
412 118.90244847246726 31.735147740730763
413 118.90007291381816 32.200966456918955
414 119.07803179238495 31.90896940211351
415 118.769585758092 31.854519408768727
416 118.60903271885765 32.05758340155801
417 118.53524860875052 31.909545505173423
418 118.64562095605638 32.322849295678324
419 119.15791015427122 31.910155460367804
420 118.51382008078716 32.265240168917764
421 118.93616447903125 32.082295685512015
422 118.82113302718375 32.32646023491861
423 118.63890528139831 31.98604389797057
424 119.0053287583235 32.372741641245256
425 118.90605180872421 32.05197745859463
426 118.55564264867226 31.627271564793936
427 118.97529270231394 32.178321004456144
428 118.548163432634 32.29896286097964
429 118.65742167416052 31.666918239362293
430 118.89229267632862 32.36722074522009
431 119.0133186982981 32.05755373767917
432 118.88633605936539 32.20138062704638
433 119.12573917138894 31.76888906884064
434 118.98189864614424 32.34201351966746
435 119.17404794227241 32.12010477152505
436 118.69050954601346 32.041996420891294
437 119.182499152793 32.372001918945045
438 118.65693343714403 32.05622107804481
439 118.63282139138703 32.00712465773258
440 118.62462833243231 31.642843993958063
441 118.57206277042272 32.04335951420617
442 118.94350031277685 32.196195537062344
443 118.49623484809862 31.897403881143045
444 119.07304609069622 32.14285929777239
445 118.9400381844136 32.04369995425429
446 118.70233205232411 31.7711894705964
447 119.11887503228115 32.03268885559474
448 119.09354503900143 31.98812359955709
449 118.93311139644183 31.865607385357244
450 118.54214286306431 32.13206491025044
451 119.19386754104808 31.661239626057228
452 118.92222361000978 31.885139026834974
453 119.13498691771188 31.952978908046656
454 118.60488699667644 32.38901631535721
455 118.51615144772563 32.164881933272895
456 118.71597096723337 32.09620049846869
457 119.05138652534805 31.726611003647374
458 119.07501074412741 31.950830218592344
459 119.11949915116958 31.892595621296035
460 118.72401481888869 32.34956708889158
461 119.0583286028214 31.95682187189115
462 118.59565672556484 32.27891378489326
463 118.88237345906951 32.13646118321036
464 118.540317372172 32.283074341109106
465 119.00746020440936 31.598698187527518
466 118.74718543334751 32.35072884910967
467 118.57423295901079 32.36525809715279
468 118.95802191009851 31.717397859627876
469 118.77787714906378 31.6428848148594
470 118.71459255778075 31.86486048502318
471 118.7401081437993 32.051360365880896
472 119.04207290849916 32.01780680951948
473 118.78738233546743 31.957465397203567
474 119.12052675280161 32.3213218801598
475 118.60470902925583 32.04727901530489
476 118.78073144438154 32.340174749671476
477 119.11882153109731 32.0522167536777
478 118.91156719770036 31.742869265751633
479 119.0032612148444 32.388909256833514
480 119.08466838456914 32.39040888528981
481 118.86060922675696 31.956280729951157
482 118.60622015590828 32.19640686984877
483 118.71200565516698 32.11992867990453
484 118.66297403306854 31.738870290574624
485 118.62230788122298 32.06075271831937
486 118.91968471648882 32.10711346209791
487 118.64586413421962 32.06943963567529
488 119.08250775703709 32.02757093421793
489 118.81590021929718 32.07189281223872
490 119.06745300947424 32.168844388913584
491 119.0872751885595 32.22025157306346
492 118.9867186819831 31.683449407366485
493 119.05725241951603 32.32713860542897
494 119.06567631462485 31.97771818290801
495 118.91566669895913 32.15171883734175
496 118.71981707833504 31.906201236314473
497 118.79332426184271 31.653988921811266
498 118.71523221874656 32.13059222373808
499 118.82652798289588 31.89404099203303
500 118.76466568041141 32.03353502300686
501 118.73920875105082 31.803192523224432
502 118.56657031406853 31.762840520893363
503 118.78801566849748 31.815938123798745
504 118.5816034533005 32.300483211609496
505 118.75353648272319 32.34823941666972
506 118.58204090924606 32.36922218273801
507 118.7541274326789 31.945543354371292
508 118.88586274429606 32.23988668353758
509 118.54102522739883 31.73964513965451
510 118.66213460762759 32.189794926320594
511 118.78873548552758 31.94188594261144
512 118.68442616380673 32.27099769644984
513 118.88759103383066 31.757304857696724
514 119.08099844500951 32.250930026314336
515 119.04813866153465 31.66284289879866
516 118.67089224265094 32.28772225793857
517 118.63959014702465 31.936157238474294
518 118.89306454121457 31.716407355874562
519 118.76968883971116 31.82984229260974
520 118.52606979476985 32.17259042726931
521 118.64910489537527 31.955741462009005
522 119.17460017772572 31.789400927037327
523 119.16197028253278 31.802446305954053
524 118.75866427692158 32.14660895553239
525 118.52541616923601 32.12038234939548
526 119.05433756343866 31.651551633124903
527 118.68334746549026 32.25763048035824
528 118.51919865036685 31.702372799671164
529 118.68086915813836 31.787545335998328
530 118.59712204302889 31.61744152250817
531 119.12316147609792 32.02679392363586
532 118.63467029308963 32.28258852038378
533 119.0262333488183 32.339712404756476
534 118.60428848007378 31.95920561790979
535 118.55303193071629 31.68951980724259
536 118.77289149319105 31.990885199156697
537 118.93410360441548 31.820444717172684
538 118.87998166417407 31.848250762434525
539 119.07230467729907 31.77745384963172
540 118.79145893270262 32.35533096690395
541 118.9273851659911 31.925391595902283
542 118.53753730295406 31.596233078888122
543 119.02163178976622 32.000332451408205
544 118.98110418779866 32.15399503180173
545 119.06404494088433 32.251755724688095
546 118.5705648789341 32.2004854692978
547 118.81124126203734 32.16326189566827
548 118.96532742535275 31.766767271877114
549 118.49316805343922 31.865929801590422
550 119.10779763662144 31.957012387347906
551 119.07122976126035 31.722529373248708
552 118.86509823406362 31.946241148932035
553 118.73844996934935 31.68471139019791
554 119.00436857877408 31.668544430292908
555 119.12397445935298 32.26258398659066
556 118.854415966385 31.727679851982575
557 119.12105157846197 31.962746435099533
558 118.60131162967843 32.09070437717022
559 118.72768567670347 32.355968774369416
560 118.98965530922027 31.842412735698332
561 118.7595834387921 31.759493776810853
562 118.86260808612491 32.301056404781676
563 118.96332627662733 31.836755700568133
564 118.910203070241 31.820175746149125
565 118.81761106360804 31.71752699763003
566 118.61303996107759 31.962838590648406
567 118.77736323749255 31.775449072203106
568 118.6573909936272 31.895201669256817
569 119.04220429388906 31.857979541865213
570 119.05936446016533 32.10160959231833
571 118.64993787908696 31.95722516758337
572 118.91270306814482 32.12756045103506
573 118.98875791027008 31.840998330556605
574 118.82253119475455 31.881565432685928
575 118.54280089519357 32.3832643529267
576 118.98371244468142 31.784724445418334
577 118.54574557209686 32.2062925298852
578 118.96865899893761 32.15925925938695
579 118.57577299051168 32.0993161766789
580 118.93303631699713 31.69460736609904
581 118.69078211611856 31.58320151765688
582 118.76375222575474 32.19558478917189
583 119.19129050487963 31.657471045074395
584 119.15863047608252 31.79681026244723
585 118.89923944318039 32.387702734051445
586 118.95591640605299 32.37399019436965
587 119.07411131045178 32.348892379180576
588 119.01005822966681 32.04863216524047
589 118.5911492577297 31.968640218904213
590 118.79334981942958 31.961037063233984
591 119.07997021654684 31.86749539574714
592 119.01303733697253 32.385553621183604
593 118.63192262387454 32.240306618852145
594 119.10478297710513 32.411149947213396
595 118.93177739502256 31.843388574242276
596 118.707568112462 32.0663282464905
597 118.5311591856691 32.133725598673855
598 119.0334730114987 31.909388947806917
599 118.80226682205117 32.06611470391056
600 119.18079573163493 31.738088695619474
601 118.67618327934544 31.8493028041602
602 118.55199164521318 31.71775885599315
603 118.66096286034943 32.100727131929546
604 118.79175293804973 31.87138223428654
605 118.52100503429921 31.934445547827746
606 118.74448754032086 31.895636905796174
607 118.66782049267063 31.65686404837736
608 119.17766160983136 32.322697404203986
609 118.62939460012143 32.17530580770101
610 119.10674420555823 31.855863005847485
611 118.593975450506 32.30511450328587
612 118.89953438441552 32.15529034665699
613 118.95557611536721 32.37953096740594
614 118.8866714451188 31.99380755447448
615 119.17090782542702 31.69618727396763
616 118.80733549146551 31.692159183414237
617 118.94418257360043 32.19495866093607
618 119.10991840602392 32.05841300682942
619 118.66971286083313 31.772734948928374
620 118.86064261937975 32.022795535993154
621 119.1785501300422 32.02273544860892
622 119.03605157786987 32.30002501324816
623 119.00525010739464 31.636240362557206
624 118.7760457128061 31.685635763719993
625 119.1115182152709 31.94905101424772
626 119.07242642884862 31.704581582777895
627 118.8053547276662 32.38476489701073
628 118.89817830793461 31.763408872802298
629 118.97091462093016 32.0968434549853
630 119.04081865574402 31.94883849496958
631 118.82013823881833 32.22938348654451
632 118.74389019870476 31.628118711757608
633 118.60308508840654 31.852864765948485
634 119.01914100058337 31.985120546042875
635 119.03190351287995 31.695809817331316
636 118.61926407934865 32.09027053919889
637 119.11125907174497 32.01472810623563
638 118.60838958618169 32.26281124488539
639 119.07884571390339 31.960215736866388
640 118.60407479477266 31.850643504785342
641 118.94521668882994 31.837671690526005
642 118.87138641351913 31.801462934346986
643 118.60214031729853 32.35110401758965
644 119.01580731788638 32.237637265101036
645 119.02210295405119 31.877649294454624
646 119.12038049583548 31.945531896471593
647 118.83743276278345 31.677284036449933
648 118.88874409664047 32.08045860239094
649 118.94969046627416 32.1853994535384
650 119.11764411947998 31.792395933155415
651 118.7888197887092 31.969545757674624
652 118.96971505306047 32.134862712569
653 118.91564533943816 31.96612251757924
654 118.6314770647705 32.029857941504346
655 118.98391082440145 31.746457551883164
656 119.09211970288408 32.22982116281529
657 118.81970447162531 31.685164477761685
658 119.17346162633063 31.984059614698182
659 118.88814223338605 31.85433993477489
660 119.11894899175017 31.684318084043618
661 119.02536955366797 32.29454883931456
662 118.77978852040071 31.74344757534745
663 118.72535911856826 31.97414389750752
664 118.76145761282977 32.095332712678534
665 118.74225427981213 31.824592388612555
666 118.53124307536599 31.993384311276944
667 118.51146874041038 32.0143239889983
668 118.7879563445212 31.939865499359062
669 118.63732601250575 31.886830369099496
670 119.09612615752486 31.785201669760518
671 119.18115782406934 32.34010051566929
672 118.7090134819284 31.994914338739516
673 119.02514137091698 32.159181540599164
674 118.75559606064027 32.020619059032256
675 119.10636174881982 31.845516233500216
676 118.82378885228935 31.993554703028273
677 119.15135616690056 32.257692734041015
678 118.97750377628486 32.2892009214566
679 118.58316825958418 32.33880655045586
680 118.59548601829846 31.774208768963817
681 118.80367020572943 31.868790507982727
682 118.91644368470833 31.690725317726383
683 118.8623921846866 32.40148729018519
684 119.11704162881094 32.11366076708195
685 118.51497542575798 32.16777538053842
686 118.57540819343886 31.958918212638775
687 118.70959727263691 31.80862681301392
688 119.0974547834313 31.927035149822167
689 118.4950826852325 31.840192668863136
690 118.88884916702055 32.01836366940055
691 118.50211658896609 32.2405608776995
692 118.88251743964697 32.25996082305433
693 118.83454554405428 31.8455704935293
694 118.58016982205172 31.73576351849569
695 118.91724177202877 32.1958426541012
696 118.92822228327167 31.930484581238897
697 118.81788631071772 31.746885898324336
698 119.04890311067153 32.11861664386086
699 118.55581278379765 31.690241478471226
700 118.73020617640891 31.68488321148792
701 118.84743385889837 31.606149434244372
702 118.72282130394906 31.74759211639328
703 118.58880422117096 31.974265121320542
704 118.57571629710473 31.73603851089344
705 119.04255475919557 31.64434025606601
706 118.67151783683263 31.99703971128137
707 118.95577406068792 32.32087074260742
708 119.1053071843507 31.593769097685367
709 118.7065933464776 31.790848029706694
710 118.62716005462723 32.3357474488499
711 118.90230366501567 32.11817519631238
712 119.07923013908619 32.25880963057093
713 118.76283250727673 32.319291596818026
714 119.08436665732789 31.78606002422842
715 119.19960607863852 32.204475384774824
716 118.96818705077838 31.816728105001644
717 119.1235187421927 32.340643605404225
718 118.56311782787012 32.36410085640489
719 118.78016979965085 31.728366708613375
720 119.11747539418063 32.268179384753005
721 119.01489054888494 31.660246813788934
722 118.57272275911008 32.08294105933306
723 118.6713982305599 31.984133157021347
724 118.72167648989694 32.06374430269882
725 118.95733456738638 32.20141061441245
726 119.01585693092349 32.30760934967339
727 118.84010605658037 31.98929970589731
728 118.52241307784632 31.64822571829475
729 119.13563258163703 32.33969040861979
730 119.1533689602403 31.647486096154577
731 118.73295717016755 32.23580000033879
732 119.05929014782511 31.710535478943495
733 118.86483732964251 32.330243535985026
734 118.8309505459999 32.093072935369605
735 119.1615639652085 31.85087736258143
736 118.5028415271767 32.283889645094455
737 118.79610191842208 31.731955143107733
738 118.65278923028397 31.778321416719415
739 118.82718427438863 31.846240985237255
740 118.81375225226247 31.926363075718303
741 118.62306428542409 31.78326057779904
742 118.90036375973844 32.32452859381002
743 118.7691722352254 31.961972680184118
744 119.1412155554054 32.35896777373924
745 119.14518379581394 31.818855488048285
746 118.77303180783944 31.967196986866245
747 119.03393704477166 32.25602079946092
748 118.93880427802826 32.3965940897287
749 118.76419716822849 31.968860595756716
750 118.68288742566234 31.987033990194774
751 119.14732987438329 32.363401939321385
752 118.65057436291578 31.944245982417208
753 119.03985612194141 31.947973884431807
754 119.03646519094238 32.38004572850127
755 118.63465817340662 31.998135089031972
756 118.75935781464455 31.692190322843373
757 118.79505845308228 32.36019592552094
758 118.85052198055185 31.995956685408785
759 118.9213074053001 31.88512581186597
760 118.75534562680023 32.32863565735163
761 118.92410802690753 31.60826151533094
762 118.80896316456246 32.356335042426224
763 119.1654025492966 31.672543975143068
764 118.9646317853623 31.65778771794144
765 118.87450619400464 32.33495468380053
766 118.90547297521526 31.96957824498227
767 118.58377693159895 31.73205490355269
768 118.69350871180113 32.389781659401656
769 118.9859368761245 31.858791488364087
770 119.2071173601922 32.34316467754058
771 118.72017562327025 31.970975436425363
772 119.20510408952877 31.910368938418603
773 118.74689448385543 32.05172458700743
774 118.81182395922343 32.330420973051325
775 119.1823707618172 32.383832252670004
776 119.0711084543471 32.14073280223722
777 118.87627456272492 31.905686180924555
778 119.18024829147934 32.262079173946795
779 119.20147491392058 32.337041251923466
780 118.60664195920927 32.05104381076121
781 119.0392141254072 32.17398044934879
782 118.691115927889 32.29993118065698
783 118.71751495650082 32.14637749105889
784 118.80506265663882 32.10234049368402
785 118.82934401660647 31.90422198404284
786 118.59561661062277 32.08009817937976
787 119.0222430850305 31.776237586504443
788 118.51087659874888 31.713544784543142
789 119.18160211668086 31.80588445134176
790 118.67795324039326 31.95514664017716
791 118.9929751439183 31.872540223196584
792 118.87251679387649 32.17009793547211
793 119.09323807796147 31.907838547769984
794 118.63831009041982 31.976933451384927
795 118.5253518474554 31.820948217070423
796 118.6252894248347 31.656288136124584
797 118.97276811741581 32.17013344766772
798 119.0674109286551 31.775707471132055
799 118.60332272578692 31.981108547989507
800 118.91096295582562 32.08531563982702
801 118.52134356415439 32.14210449068603
802 119.07449327461536 31.94442176070385
803 118.5668691565095 31.81517908590855
804 118.62434605400503 32.3119514021958
805 118.9502379136249 32.121572474012005
806 118.82714011951933 31.80571425980723
807 118.70250457616031 32.22479386800987
808 119.16301682584123 32.03075724159977
809 118.87261631351097 31.945339516153606
810 118.61942837859733 31.6908739715313
811 118.79284911453549 31.782519444251893
812 119.00558513189598 31.697749318233914
813 118.82904013585274 32.138583489949255
814 118.57730934774101 32.17879879158576
815 118.60812310239683 31.96745229137838
816 118.67561258114497 31.646391074729348
817 118.87477719002676 31.735721261075806
818 118.94540104082016 32.345973162560156
819 118.8389986366759 32.30957129007049
820 118.64855924133681 31.908349125302426
821 118.7469741277606 31.70214786371652
822 119.12284896511022 31.95487787869132
823 118.67284566483698 31.93755315175617
824 118.96741224868092 31.61287647905235
825 118.76405600740743 32.17709743552246
826 119.19462995381666 32.12712858665255
827 118.49488184896666 32.044509943744714
828 118.70202686075858 32.23737758272665
829 119.04264217141743 32.2603019312342
830 118.52401302310405 31.76285989895249
831 118.77080563983216 31.664207423473034
832 119.17117698678366 31.899291310474258
833 118.97697785415285 32.29141872626991
834 118.5835690621896 32.212969437313276
835 118.564854450762 31.795656005530972
836 119.1684212130946 32.213129408013856
837 119.13408313192565 32.055584152875284
838 118.63645399414004 31.817593867813788
839 119.11594090348487 32.166820718618794
840 119.01802060534257 31.84036681416897
841 118.77959207075035 31.859293769940585
842 118.66602527108459 31.773422162773766
843 118.59682760902277 32.05460989471447
844 118.64966285502584 31.966194273080067
845 118.84624483839531 32.08941449252665
846 118.53334421428957 31.62651839900732
847 118.93763818978249 31.928383844060583
848 118.91807281587057 31.631203591097265
849 118.94509250100504 31.863922122344526
850 119.0776335114633 31.674294777801244
851 118.54328239280012 32.032489876430766
852 119.18353925050761 32.33996350826274
853 118.82578604491809 32.284164570706366
854 118.84285017839967 31.99457924743615
855 118.60508136455623 31.883963854453732
856 118.96281729580032 31.623796437143014
857 119.1201340972889 32.12589359506197
858 118.55712525728242 31.833873556039443
859 118.71881570043608 31.93196260469702
860 119.04748297107776 32.099889601667684
861 118.52055308052518 31.74088271505694
862 118.90759085693945 32.03308021652361
863 118.6668026695163 31.976395865001578
864 118.86689798954906 31.90891145157774
865 118.6072102500178 32.27719780322399
866 118.74866285934739 32.19870206385018
867 118.74517128125325 31.709788649203773
868 118.77004803514619 32.31861649578683
869 119.16661447001863 31.595828392036292
870 118.5921929840754 31.7930692772066
871 118.67428093668549 31.71090345493954
872 118.97336575087749 31.869313590839656
873 118.74921616851792 31.693274237646428
874 119.14983211377069 31.83251849666431
875 118.7523459821864 31.9079578360172
876 119.16380130987262 31.982438133126717
877 118.60956038596478 31.824549834228364
878 118.81973595629931 31.652269499222918
879 118.86731594968265 32.00611558312298
880 118.90722189605249 32.08535274035248
881 118.77342398073398 32.112041001803085
882 118.85989095345556 31.613210040479974
883 118.66743594036804 31.686107481092353
884 118.66751188134131 32.131904383178885
885 118.56943699555275 31.711765968008784
886 118.87234843985658 31.676180176350464
887 118.84806380162301 31.957640407139582
888 119.19941685928386 31.90370992566867
889 119.05357210951186 32.13539159308762
890 118.98815947013159 31.62254388448831
891 118.70684537585163 31.7995283420465
892 118.67429925973005 31.817337146288242
893 118.98523075853657 31.86955270994819
894 118.64434627287586 31.601919599457084
895 118.54071320631763 32.03912584644958
896 118.71167476822804 31.5996719076852
897 118.87939131702541 31.853637710358356
898 118.63042222088077 32.33120001724389
899 118.57814378948875 31.730427624468472
900 119.12352557937564 32.126752004724125
901 118.84313734676276 31.987316186788718
902 118.50907923576997 32.333760199148365
903 118.66770182672016 31.952458511215163
904 118.54229357121451 31.74591190808373
905 118.6751822279953 32.40276342926801
906 118.79920423541847 32.174692936909544
907 118.59193238337011 31.701386446972517
908 119.1345103239321 32.021722572634864
909 118.84935473213595 31.858816226491058
910 119.0962685072305 32.298630774095386
911 119.07610988701508 31.734452896998626
912 118.59224959342436 32.114458084363534
913 118.54879308896761 32.36008512036375
914 118.89462419654984 32.346301414917264
915 118.51347960042341 32.32665019685304
916 119.06044014233358 32.13454281835342
917 118.71966801588559 31.85029114236308
918 119.00865431812757 31.654358682674054
919 118.62965997179532 31.73492296792714
920 118.71827358571439 32.3112258457327
921 118.9411678854611 32.17118129982846
922 118.64953154390011 31.676126409245022
923 118.65431921091694 32.38357788285874
924 118.74742622494344 32.00277047741943
925 118.51377509295136 31.74243009001882
926 118.98231423801836 31.984176877088412
927 118.58005174356579 31.925636931795946
928 118.65448370568255 31.78598084137428
929 118.54811984674875 32.09323452645755
930 118.81744624029567 32.01859956441089
931 118.68143870618638 31.80718087059523
932 118.86259272827368 32.22307137843335
933 118.96040031808269 32.03158877439541
934 118.65036683437415 31.87355761085909
935 118.73662253269082 31.729264791235835
936 118.8905769183768 32.00348854912391
937 118.67562070072594 31.713518757063987
938 119.12859552573524 32.31764508067036
939 118.53238444681632 32.01412983400646
940 118.59587116542168 32.34191610306382
941 118.7087793273726 31.860636126608455
942 118.94944289261962 31.95130187148953
943 118.55935121821321 32.02258475039895
944 119.13174151833253 32.312796937317586
945 119.13245557176154 31.70092101462164
946 118.96293185885919 31.91171596976203
947 118.76162364271401 31.670148610335275
948 118.68612550137246 32.34754069840505
949 118.73238068560146 32.26145256079329
950 119.12306297525996 31.91700999724517
951 118.86509740667003 32.12608552737925
952 119.15096972538063 32.04677487805757
953 118.83295585233802 32.07741627818024
954 118.65120272244295 32.25498764147094
955 118.57585392771648 32.37560456747251
956 118.9778830002455 31.661006806339287
957 118.70287927917542 32.05958050447958
958 118.94984021804305 32.33337441664679
959 119.15570662310357 31.931789853682368
960 118.51680257690596 31.79624270044836
961 118.5658081344321 31.6910368399929
962 118.72892879823908 32.10132218980738
963 118.71759517244638 31.766688249241717
964 118.77704706376113 31.897845591973866
965 118.8178074315963 31.904376287992452
966 118.79444768627862 32.09078618251142
967 118.56371463174634 32.360460221994884
968 118.72259687806662 32.40050455959997
969 118.58953747393363 31.833874047886255
970 118.6314357135651 31.818017392306253
971 118.90665601428955 32.193920869490704
972 118.53073358620104 32.16059967945173
973 118.68664789259097 31.82458836058663
974 118.92195696914379 32.35302553720406
975 118.69469828953461 32.239251896193316
976 118.8516383703297 31.76293605208618
977 118.8104579600874 32.003312723442455
978 118.93312313113239 31.66457812692106
979 119.08789562086679 32.03408874255966
980 118.69837926058247 32.047376832580376
981 119.13662393913214 31.75635852289725
982 118.9600055524408 31.668397186230383
983 118.78512115982569 31.732327479705344
984 119.07185604063513 32.00714545918146
985 118.79681393552448 31.651699757421962
986 118.97285255491154 31.748937210612304
987 119.11775455446664 31.74021228274329
988 118.69863833928368 31.932223950984604
989 118.83217974618842 32.02145390832524
990 118.7687386685322 31.879540789744002
991 118.57978668573796 32.11106842110892
992 118.5747577087195 32.33332639830258
993 118.56615631618783 31.78868120691062
994 119.10489894320706 32.383603322853375
995 119.12503268664233 31.855699340203834
996 118.73544383421279 32.094213696569334
997 119.12260249903348 31.89451081590672
998 119.15934740002903 32.14664390330612
999 119.03774468591993 32.29035220236328
1000 118.6565808107743 32.24157937446297
