1 118.942840402541 31.942176908061878
2 118.89822293513329 31.61424019447555
3 118.61218289793723 32.037102063847684
4 119.07611953421033 31.97190117507095
5 119.17633194561422 31.9487109305082
6 118.9572097287843 31.86950710937866
7 118.90429322911433 31.751568906246106
8 118.60262307300063 32.077462327529155
9 118.69094475500367 31.834508666821055
10 118.75928522513877 31.80091394349698
11 118.63230374967641 32.096127107455565
12 119.1947614072334 32.0226670598296
13 119.14175771218926 31.71367593006024
14 118.75734532326452 32.00320188118009
15 118.60426830752172 31.741312467221572
16 118.78135818070855 32.229877186560024
17 118.62313141251583 32.29788405210887
18 118.87806587724089 31.991500005516812
19 118.64843922479945 32.28685236741516
20 118.54941156723716 31.658376073321623
21 118.92963869016282 32.00357302726601
22 118.75269969177197 31.651531267647048
23 118.97685201039032 31.94826314940407
24 118.8681003646558 31.671990737221765
25 118.94524879906305 31.70014856776194
26 118.71786751089986 32.07622826804178
27 118.89812231322988 31.786012586006944
28 118.83481035584502 31.681905404258433
29 118.91668235040945 31.777692157945005
30 118.51137159414088 31.869868888884337
31 119.17514318883629 31.96807009098841
32 118.67303979141563 31.75789196540118
33 118.56164494284438 32.10182746566728
34 118.69792984500442 31.987185745865958
35 118.9875518034144 32.012856972975065
36 119.14673800775691 31.902039142424588
37 119.09488874886578 32.229986424337646
38 118.71350734393519 32.068109936866996
39 119.09276165613987 31.718015250241876
40 118.54454794948349 32.16007785286019
41 118.55854360785436 32.37364047673204
42 118.62845588638592 32.003791501235426
43 119.0540116467022 32.30010089929381
44 119.01443490360616 31.86997009579785
45 118.57864749074783 32.050571409058236
46 118.99720810167285 31.943295993917566
47 119.0310267570354 31.95031599917485
48 118.6049738760105 32.231228909506456
49 118.95145047848578 32.019523582516655
50 118.77317534854191 32.357185029378265
51 118.54098192889575 32.037388816688946
52 118.86328353457131 31.67028518740794
53 118.8355859348983 31.890377951039135
54 119.11036604946048 32.27173740375292
55 118.91552706744328 31.925139890234785
56 119.10117206539047 31.62321255297076
57 118.82833865603865 31.80751687870383
58 119.00337951698081 31.640790573365546
59 119.17629404108804 32.374810196735616
60 118.51445091246337 32.377648118499394
61 118.79696014342707 32.238416164401066
62 118.8028359660891 32.096297860856325
63 119.04368879844321 32.21027039918114
64 118.5092188296732 31.73459487494194
65 118.89092017034079 31.827657822095073
66 118.68131914924766 32.005946592535906
67 118.82461128162043 31.880767306872286
68 118.98974873968356 31.644522962838007
69 118.93488959708833 32.369488128057654
70 118.65928093051225 31.97200116480617
71 118.6439305510642 32.01265789468333
72 119.08874468199267 31.86778713396075
73 118.85108676942676 31.8160140570756
74 119.17845730363416 31.896029471716254
75 118.95730733685701 32.266089759189974
76 118.65803900886671 32.20599126050398
77 118.60866792051691 31.89518478055413
78 118.72745715925483 31.60852323111065
79 119.02910255219759 32.2370412009399
80 118.82597150209973 31.8088860078435
81 118.90191834426219 32.06366902197389
82 118.91378053355744 31.6055638806247
83 118.63632734448245 32.12036913898259
84 118.73256086525781 31.91516923249048
85 118.70776469067711 31.984869406468174
86 119.14954205147221 31.929133795266914
87 118.52020238025597 31.868993602898247
88 119.17334986026316 32.04071997985695
89 118.60977310563447 32.38428777265882
90 118.8702712886019 31.70639572313561
91 118.69441854267954 31.872204409181396
92 118.70721082375752 31.62561026138828
93 119.04266863917094 32.194767403797876
94 118.99418235427456 32.12858197657873
95 119.04701424095228 31.779384719614487
96 118.6273176198785 31.924878546164198
97 118.63566821762575 32.13858179219911
98 119.03089020937603 32.13219454141665
99 118.58514148845074 31.746437316950733
100 119.11109764227601 32.306904514162255
101 119.13314234913403 32.23254257721042
102 118.8395081034518 31.693467350992155
103 118.98492858842056 32.304333621751915
104 118.72821815531333 32.19329072078392
105 118.96162314624725 32.23634977137776
106 118.53011880877449 32.02924115505376
107 118.67533243080989 31.7831188246388
108 118.79997253072189 32.34055259764776
109 118.85657798950743 32.07569554790463
110 119.19505105696564 31.86758974480269
111 119.20328975531108 31.821307864339218
112 118.58755385900791 32.31648888068949
113 118.69762493277844 31.951469794378134
114 118.55546665119853 32.03779261298787
115 118.72889683109238 32.096234474900875
116 119.15214661554808 32.26597446577677
117 118.90200238534875 32.08880599765093
118 118.533169265484 31.742723143657262
119 118.86533794068424 32.073960930851776
120 119.15850271283338 31.999631217922023
121 119.18852075285788 32.05394080300295
122 119.1438771854312 32.159818426786586
123 119.03811560229715 31.791679455190938
124 118.67109799734217 31.760154757121487
125 119.11917521381437 31.690307302726044
126 118.71568681428515 31.82759560538071
127 119.12322556417281 31.60882577676897
128 118.52210564421802 32.093579826880955
129 118.5387810672973 31.84182741037583
130 119.06359102793375 31.760666094550903
131 118.55687943539645 31.669344154691714
132 118.79647469232557 31.82368528723847
133 118.73994564033629 31.766550261750258
134 118.68122745797972 31.83360611513104
135 118.75088863980315 31.964837483686065
136 118.83734678635645 32.043082597247036
137 119.09705325763288 32.27964624161184
138 118.9369237506862 32.39044417050833
139 119.13061315180373 31.626641976108715
140 119.09587207628503 31.791288220352623
141 118.59326184194457 32.114183872752236
142 118.77427103213151 31.7457669537415
143 118.87213027541556 32.29988386864074
144 118.68587146241389 31.769439826674038
145 118.89278546727319 32.182033285106
146 119.1825034676245 32.117525988449955
147 118.64012955347746 32.222601839714095
148 119.04425202543266 31.633253446840584
149 119.20535208204943 31.785435183989375
150 118.68174650412764 32.16654010397141
151 119.10738014902412 31.67659300616363
152 118.61880412664765 31.620246126980028
153 119.15003473590663 31.877763748752724
154 118.70060868008626 32.08054908496528
155 118.69114237353268 31.624783444871863
156 119.13853432225436 31.661131447827028
157 118.69362372826335 31.634369210733816
158 118.6444923074439 31.92221201102181
159 118.71204028335434 32.1472783181241
160 118.98327064290434 31.770368970944787
161 118.51152406916445 32.292871350915185
162 118.61212546199627 31.961436128509575
163 118.58103751334399 32.09654824962592
164 118.85950917247618 31.82906961770046
165 118.52953540979708 32.09265173217463
166 119.1509812815774 32.378403229449205
167 118.83080115321924 31.958183934272284
168 118.92308754529034 31.779293431712304
169 118.6628897282832 31.940627768562805
170 118.9806635086044 31.949735091184234
171 118.50890269244492 32.01958582994062
172 118.56824136865853 32.01288252584021
173 119.12886098808568 31.63254647348355
174 118.63388752158171 31.72292663739358
175 118.84149061787838 31.958785356590862
176 118.88020457703576 32.16870999360196
177 118.62232210165618 32.232441188721396
178 118.90055818533054 32.21383770060564
179 118.68229972649503 32.01883140530231
180 118.96649943574516 32.3622755015593
181 118.69338547444634 31.8594790543694
182 118.80054921625099 31.976155123389404
183 118.84032454707551 32.209389076446676
184 118.51114972526291 32.27268258954134
185 118.57428185211667 31.920813701140403
186 118.54059878411708 32.29134088505221
187 118.80622955258629 31.9721323976497
188 118.87366453422102 32.17792226181671
189 119.1770467799269 31.61483732188722
190 118.75369809037254 31.606437433426365
191 118.62879115806778 32.33451416370965
192 119.17048960643704 31.686975537027088
193 118.87558120522428 32.135182609117834
194 119.17157332511962 31.826321570560488
195 118.7430920556033 31.76486146491039
196 118.55028757430064 31.906338495321613
197 118.81391352906206 32.34710379759156
198 119.19777184405683 32.05894697191836
199 118.54451244841678 32.33024156175914
200 118.84311764616172 32.16380596621086
201 119.0842190550492 31.989866148506387
202 118.63872674403669 31.994806391691505
203 119.05467089691092 31.773237795284118
204 118.54941567213704 31.60320896092448
205 118.72913158859973 31.93451235043557
206 118.62693414509056 32.03307350161199
207 119.17648536974372 32.30260375792958
208 118.92655984557912 32.13271000292961
209 118.69803836405458 32.269093170290816
210 119.14798975090733 32.33966365423835
211 118.89573855349948 32.34549014611238
212 118.76672291168524 32.2593021762878
213 118.99008637997112 31.71460010200924
214 118.96476258131958 31.882121412528317
215 119.1856982618073 31.75032849129398
216 118.5298799238292 32.291407263346656
217 119.1174075746672 32.22580594036168
218 118.96654255097461 31.879766998679482
219 118.60601595611328 32.04708131732439
220 118.7633924730022 32.24848843439887
221 118.5245307362461 32.285139152501216
222 119.09108773975056 31.768326748067235
223 118.58477547887561 32.18410156266112
224 118.65431725146027 32.24047261433734
225 118.99522091372417 31.63793055700652
226 119.02869034031262 31.678926233444738
227 118.67911616236283 31.93545190002494
228 118.61950622797981 31.76582740793302
229 118.51960935966596 32.3073446430178
230 118.54394183235075 32.1761258994637
231 119.12618661446783 32.174797830998
232 118.6399677420719 32.23512750906621
233 118.7781927176729 31.86049609533458
234 119.04971690834472 31.789935692072238
235 119.17940062470785 32.08390095938313
236 119.12079353896172 31.923480983356047
237 119.13186882232613 32.33693859094657
238 119.07983416557693 32.128121598901835
239 118.74372120441025 31.90031230864067
240 118.95429058959893 32.27771305180312
241 119.0002829702321 31.919480250058903
242 118.798968132528 31.737702285327053
243 118.93291636196214 32.219262948960036
244 119.17110031343161 31.979937977745323
245 118.71662090316524 31.8061081440546
246 119.14726445629975 32.15762922641709
247 119.19158413246473 32.39038019954387
248 118.90476191365532 31.800051297001094
249 119.13033599076243 32.23231674954808
250 119.01002182441873 32.20979988916216
251 118.98945243225627 31.686000219592938
252 118.57396337235251 32.263204781699216
253 119.01011369322582 31.968474441878033
254 118.61861329604916 31.692769838217767
255 119.02866746077342 32.03654898303
256 118.52365774733454 31.852776870070038
257 119.115163826217 31.726232791624966
258 118.63360151810858 31.666119896264746
259 119.09348721266647 31.75187150681366
260 119.11763743949818 31.94627092031545
261 118.57401692209983 32.10891406469821
262 118.57427696929243 31.670661005656356
263 119.1660021568926 32.168173551343166
264 119.18882474583546 31.68102907722559
265 118.5494599411478 31.741934612342984
266 118.92907644811555 32.17214265602099
267 118.75806600308263 32.28911884188821
268 118.53778210249548 32.36962996295876
269 119.09082013190856 32.128750234837256
270 118.97243818909274 31.977717827418857
271 118.54600066702277 31.689342725749256
272 118.81688711508208 32.04993480957821
273 118.7863531367294 31.736278716100827
274 119.19409948197834 32.01625701809877
275 119.19031610313091 32.081897480735876
276 118.66444013011385 32.2769056504961
277 119.03246487823287 31.85302904067139
278 118.95301417086425 32.390834333798935
279 118.81068250258826 32.374933764850354
280 118.89080363604901 32.27168749195621
281 118.77447518778979 32.16463471219019
282 118.54188549799808 32.18145142222244
283 119.03284544836997 32.31976640757199
284 119.06443042357336 32.35861117779442
285 119.15958276922946 32.27609140720443
286 118.86523495742905 32.10844113214011
287 118.54288268898227 31.66798846131945
288 119.16026901050493 32.10583218476725
289 118.68482711170637 31.87935635611355
290 118.59107998796311 31.710428533310367
291 118.59167498890665 32.31686579042044
292 118.91287630619432 32.2619557548905
293 118.75839941632317 32.01531769422292
294 118.977766639449 31.978065006116527
295 118.54648294751516 31.996145604062516
296 118.51574795479921 31.80097819859584
297 119.17337225247505 31.918561552959325
298 118.55333407615038 31.93976367232909
299 118.73067541507825 31.605350427417427
300 118.50975864480212 32.3150668386011
301 119.1305213092586 31.636638408894733
302 119.09215360088389 31.906751945513527
303 118.90587563715022 31.689017971281526
304 118.60843078595616 31.76284441670069
305 119.05711192315567 32.35493986653888
306 118.53753145792658 31.89148508994296
307 118.81891550091576 32.17040227244196
308 118.72324262907568 31.69430716121402
309 119.20144760810565 31.787610388518388
310 119.18007095319338 32.30262462929449
311 119.08190611538588 32.31656967909953
312 118.81328554585399 31.81096881715493
313 118.84775613083234 32.37262146491988
314 118.88412639405342 32.13535189926364
315 118.88673056292137 32.00363814607878
316 118.61680586249958 31.883996685392102
317 118.65706677920159 31.8861844353788
318 119.00288470433661 32.362747189236174
319 119.08457101418122 32.1572341813502
320 119.16831700756966 32.012691756816416
321 119.02737819499522 31.6264591166108
322 118.8980204235324 31.80076684917916
323 118.5646730629908 32.34778003496776
324 118.55582118043495 32.035785948575004
325 118.62104061145492 31.884804370642883
326 118.98684751105407 31.62292201568766
327 118.69918707508454 31.80649739289862
328 118.79021159169322 31.798755292120486
329 118.61101469971683 31.74189877316293
330 118.65447681875949 31.882488857332056
331 118.77416599485709 31.75637749499561
332 118.95006073181024 31.662415522786798
333 119.20397621281889 31.68270073743381
334 118.59101463269018 31.991907294469566
335 118.71673184340565 31.647092899175508
336 119.1902501277915 32.341170971371746
337 119.10705609984248 31.757662755017492
338 119.16617566635607 31.989810439521992
339 118.85931802633492 31.92848656493163
340 118.66374073550533 31.84585412226538
341 118.65481213941874 31.85309082389075
342 119.07327054563895 31.78535295987763
343 119.16908592270424 31.82114544883043
344 118.93122617234785 31.69072684569762
345 118.97153521855057 32.14792822981094
346 119.12731684755514 32.10270911704074
347 118.6797230114945 31.85335604328763
348 118.92039980570387 32.31508936802484
349 118.89130816510126 31.909948393542923
350 119.14882405995924 32.09184099982638
351 118.73260555289218 31.996860390787482
352 118.59855943517032 31.865945254908784
353 118.5732492543869 32.33766290380643
354 118.69447128723723 32.27827912690235
355 118.55662622476599 32.273278743517764
356 118.72717559678296 32.369008646169235
357 118.89865734595166 31.608844673202547
358 118.80223524442374 31.987966573063638
359 118.9443573212604 32.34725490950904
360 118.86611038372352 31.70318178578175
361 119.03034428295449 31.804804551880466
362 118.8226897879197 31.994304041663725
363 119.0466564888887 32.11982592040682
364 118.81571551595813 31.86830705461438
365 119.00445499698031 31.837616257986237
366 119.03174234879883 32.23302699231339
367 119.09089774903074 31.60870955153529
368 118.61405687723082 32.230969541685766
369 119.00823350264254 31.934717102076036
370 118.49869349882127 32.10126845170855
371 118.78017679061125 32.16229991122967
372 118.90097942194377 31.68819741693203
373 118.52398559993757 32.32664441112376
374 118.52379713725976 32.252939808773576
375 118.65297092541775 31.89221198227263
376 118.76337322001267 31.74135257423634
377 118.9922734491877 31.6526694021189
378 118.63353718619732 31.84277200955193
379 118.77843598459444 32.17908525623542
380 119.13024863006639 32.27844096281508
381 118.74139700656181 31.85943828166208
382 119.03159567424159 31.78085962296953
383 118.92053717338463 31.856680724485003
384 118.54011528016977 32.374002306639746
385 119.17430351021919 31.68122186136024
386 118.57562833545234 31.734197552765224
387 118.74878967932027 32.153572101890084
388 119.18755815010937 31.713062785571466
389 118.67142348252821 31.800467690503126
390 119.15600142601897 32.2438242100968
391 118.96993256077461 31.8442811708627
392 118.6268713482758 32.077781676027584
393 118.60151864324096 32.04132560843068
394 119.17408969037248 31.822824250646438
395 118.82126933877957 31.802439582306825
396 119.02407550091623 31.815507510892395
397 118.60169422386413 32.29535913521234
398 118.85148793236444 31.607181859509645
399 118.5633559659627 31.689047071513112
400 118.83698751677122 31.876508521589937
401 118.49405316688656 31.779835308788634
402 118.52108415126222 32.05190382993957
403 119.13320355881586 32.02550309983733
404 119.10857622741479 31.99499875412584
405 119.02935361690432 31.838027251975113
406 118.85413799672786 32.01592008452708
407 118.62771712346036 32.22105235791062
408 118.9922814462128 32.24352684452551
409 118.65768558598758 32.035780729994684
410 118.52856165018851 32.24802065258401
411 118.71648620388306 31.65384790089095
412 118.90203457071367 31.740200270376068
413 118.90632616044897 32.19104921766507
414 119.08088581325812 31.908772811836908
415 118.77053228088474 31.85133105632332
416 118.60456470225273 32.06714714813137
417 118.52802184750927 31.90617987387919
418 118.6355180479646 32.32792649512928
419 119.15467390614538 31.916250294142728
420 118.51383761689372 32.2623592870934
421 118.93808151795967 32.08292575109961
422 118.81041527452888 32.32624140001636
423 118.63656234357751 31.985227822751153
424 119.0009753908125 32.37124475375277
425 118.90676266268356 32.05431867913937
426 118.54454144398737 31.634714077193884
427 118.97216118054536 32.191631613545205
428 118.54147032873404 32.30661173744443
429 118.64798857163596 31.679739406369176
430 118.8957304303301 32.3582490141314
431 119.01923032112114 32.058606465103416
432 118.88585260134772 32.19481458227421
433 119.12926288842137 31.765888131945935
434 118.98898661479873 32.33885579993181
435 119.17605444385181 32.11855938142014
436 118.69209966480324 32.034324022455586
437 119.18785738495264 32.371327530878276
438 118.65226471739342 32.05509271717623
439 118.62125612653792 32.01670270302899
440 118.62687510347484 31.645090925025446
441 118.58117192585776 32.043949634183825
442 118.94277905845915 32.19200903273045
443 118.49768747528066 31.88749108611808
444 119.07706424625212 32.14083612628415
445 118.93950529906681 32.04365392871132
446 118.70492179398778 31.773926712690304
447 119.12435356446733 32.036141130189876
448 119.09535202124967 31.988934802809574
449 118.94028662520431 31.870820743965183
450 118.55349114911154 32.13174202681592
451 119.18325754740182 31.66389130745067
452 118.92368717500737 31.884898288335545
453 119.12915306200988 31.941366993643037
454 118.60091553630132 32.38796000811423
455 118.51897172575985 32.16380155156682
456 118.71623169019585 32.104570190277094
457 119.05614191656845 31.717971884489017
458 119.06334305924277 31.961649675607223
459 119.12182279946848 31.903698779299276
460 118.73408419356484 32.35635409142693
461 119.06436342938468 31.956666089625724
462 118.59969922456135 32.28332265825063
463 118.87800880929572 32.12333402968376
464 118.5386508447539 32.288531755311126
465 118.99837044211547 31.59863880418436
466 118.74793979531259 32.34916261623119
467 118.57676521070685 32.36664107968013
468 118.95370787608495 31.726951648649287
469 118.78226309081751 31.647532801690815
470 118.71101037839534 31.865182654431567
471 118.74691121679534 32.0563705480696
472 119.0392799859406 32.01825585450216
473 118.78946631507557 31.949090204757983
474 119.11564494959116 32.32871313138052
475 118.60400480238552 32.05236484447519
476 118.77779369134237 32.33700027530794
477 119.11358779750053 32.04645103024018
478 118.91621679489158 31.738779757745515
479 119.00305636646836 32.3808104677306
480 119.08395834816768 32.39046585492267
481 118.85697284327394 31.956798180246913
482 118.60613965571784 32.20128094921619
483 118.71725038150494 32.120186977804316
484 118.65753445881795 31.73919518872287
485 118.61690918153141 32.06180675782718
486 118.91530256992456 32.11299383480802
487 118.64167786571582 32.07407094101688
488 119.0808134712116 32.02503918370479
489 118.82060015868083 32.06353687020337
490 119.06749522082275 32.164620913506916
491 119.08268534532245 32.213771383298244
492 118.98298469733776 31.684009564622365
493 119.06909780474841 32.329763762130625
494 119.06696490770477 31.966233648182016
495 118.90680173325315 32.155640709878725
496 118.7280100814233 31.912636164688106
497 118.79390165227724 31.649994228917663
498 118.71634265221559 32.12198199628269
499 118.82601710248716 31.89555313982273
500 118.77140074063195 32.035982223761934
501 118.7286846050033 31.80658722940028
502 118.57532869666122 31.762926480877418
503 118.77950653423787 31.817070902094862
504 118.58516501041989 32.29223854467573
505 118.75506543521571 32.34620008105907
506 118.57389929768196 32.366226307956595
507 118.75402242523074 31.941673587620354
508 118.8760236188049 32.2307878748083
509 118.54199918200258 31.73511220605918
510 118.66641949871025 32.18470302300561
511 118.79527522118167 31.941273479917033
512 118.68242954158892 32.27032486515454
513 118.89311612368235 31.757245075051916
514 119.0781238034269 32.251152629164785
515 119.0528695333583 31.65540611388874
516 118.6755585927495 32.29721394212276
517 118.63963372746949 31.940686201625045
518 118.89258749700774 31.70787730683475
519 118.76750344614473 31.8266580137089
520 118.52861174285908 32.18166406917935
521 118.6628119423371 31.948763319145478
522 119.17458984600485 31.787151695463443
523 119.16453689152341 31.801413832753568
524 118.75247334866737 32.14303332384894
525 118.53619191974069 32.11631338285399
526 119.06660461228292 31.648546894631757
527 118.68645939262616 32.25472421153094
528 118.53371988214238 31.704378678446155
529 118.67809497539768 31.789123863624113
530 118.594318226775 31.611241155151546
531 119.12207896388162 32.021233361348784
532 118.62650623870422 32.275741374914865
533 119.03163290275697 32.33765669672126
534 118.60037256362926 31.965821477719604
535 118.55330824678303 31.687646158193076
536 118.76960518018124 31.995841279391232
537 118.93391634406765 31.8274773370014
538 118.87562196970582 31.85148334366073
539 119.07261858604139 31.777472792077265
540 118.79269834324917 32.351865400109645
541 118.92997372965803 31.92237194373502
542 118.5333093940094 31.592596753235625
543 119.02748551335219 32.0017378056582
544 118.97912842609648 32.15669924947327
545 119.06530243025514 32.25116664273934
546 118.57369149540538 32.20085224535553
547 118.82040878215538 32.16358315739778
548 118.96320387771756 31.757538880653506
549 118.50172377043033 31.867304692065147
550 119.09682449541093 31.960161277945165
551 119.06486410146023 31.727861772224227
552 118.86489613568011 31.937048860574382
553 118.74003392883519 31.683375558346786
554 119.00412373846864 31.669456369165577
555 119.12298377117251 32.26520599748538
556 118.84362514980437 31.732842421139907
557 119.11772845100033 31.970471501572135
558 118.61349094230445 32.09887335978184
559 118.72014020418153 32.35670825289213
560 118.99485961426723 31.852559136722913
561 118.75952025855116 31.760200279561328
562 118.85914685251315 32.30125194783413
563 118.95392013565214 31.846511657345992
564 118.91147979796408 31.81686600754028
565 118.81394545672593 31.71457736454775
566 118.60500173897866 31.961900243818114
567 118.78582938248945 31.77668084581634
568 118.65712982311881 31.889362470978657
569 119.0547276157502 31.86168486519985
570 119.05813352996238 32.09362156677309
571 118.65201471408149 31.952527336979877
572 118.90888096054348 32.1300904808293
573 118.97801428383144 31.84416383894501
574 118.81607412927232 31.87289330132866
575 118.55453079813614 32.39181091566419
576 119.00070649170637 31.794686702853944
577 118.54924618107138 32.21267563530552
578 118.97349211730626 32.16157918819026
579 118.56724380646492 32.11276982314353
580 118.92658779610555 31.690008316016275
581 118.68949917685148 31.59230994268238
582 118.77173137437892 32.197298354514174
583 119.18572678501727 31.666155625350722
584 119.15946870402595 31.793802470573343
585 118.90305192940545 32.38481172698071
586 118.96740832105792 32.37178332658938
587 119.06002111644156 32.3443906642526
588 119.00907332084348 32.058536719895535
589 118.5924055399845 31.981636840186393
590 118.79942912954593 31.956853287243835
591 119.08259646578973 31.8648078272568
592 119.01276881531003 32.37069013138009
593 118.63336505976469 32.247845381327124
594 119.09864161787495 32.407988105935154
595 118.92344513251851 31.842114248464174
596 118.70260451474493 32.0623759576517
597 118.52969507033887 32.14032688685197
598 119.02743776034218 31.902989430042787
599 118.80071981257353 32.06557810987632
600 119.1811670763511 31.740910608392024
601 118.67125431191994 31.858174012988435
602 118.55448265605148 31.724153157862716
603 118.67005812245944 32.10530397594056
604 118.78883997437974 31.873197663999512
605 118.52236164018422 31.931901247475373
606 118.76064722011465 31.89328958948216
607 118.6659165061418 31.653408176100893
608 119.18700119218782 32.31961406672862
609 118.62814891984236 32.175768248360626
610 119.10428058974385 31.85680024168921
611 118.60535420878985 32.30871288663476
612 118.90194942480154 32.14699647707181
613 118.9611210873636 32.39265129756553
614 118.88501807642444 31.983378430325
615 119.16694722310298 31.688917948793765
616 118.80183329669578 31.68756870927843
617 118.94757090216909 32.193402397768075
618 119.1100487099188 32.05463788352029
619 118.67029383593815 31.768605915939023
620 118.86446385964099 32.03223063620955
621 119.17472516946086 32.026688950019725
622 119.0308703252137 32.29253171715793
623 118.99942083433415 31.635837960082164
624 118.77135044319562 31.682613900667842
625 119.1010147696531 31.953327491406167
626 119.07720005732946 31.700651114939504
627 118.80534472506073 32.39162347130424
628 118.89604281666017 31.7636993884049
629 118.97073713174781 32.09602974403887
630 119.0384827554568 31.959519242357388
631 118.8193262106618 32.23162801363106
632 118.74395569636195 31.634351220168682
633 118.59971382052905 31.853584891081486
634 119.00877954239982 31.985607303266693
635 119.03368479960204 31.6964477192155
636 118.62846810377155 32.10759854371671
637 119.10691990440405 32.02566988350061
638 118.60635038676415 32.26329026441409
639 119.07675147596116 31.960639661033312
640 118.59760674118606 31.84337215651128
641 118.95502422883854 31.84157001176103
642 118.87812136367353 31.794235023846408
643 118.59461971770818 32.3477604084614
644 119.01338136643517 32.23936104883732
645 119.02882780957557 31.879547637627272
646 119.12240844156709 31.95213222453463
647 118.84829955342164 31.68729239954523
648 118.87864066696821 32.074434882724404
649 118.951770758069 32.18925578215926
650 119.12913875831158 31.79387218017706
651 118.77317225196498 31.962812606382933
652 118.96540767668378 32.133028862725965
653 118.91998928301793 31.971683088841345
654 118.63053939283222 32.02893260202075
655 118.98184015919554 31.755696801700644
656 119.08959252754433 32.22280216770467
657 118.82987578430267 31.679836358740054
658 119.17927584305622 31.973860228193704
659 118.88965940460203 31.840830392426085
660 119.10841094249795 31.68048939758959
661 119.03121044843472 32.28513895253074
662 118.78376512136079 31.73905723893787
663 118.72962769407273 31.971395121919784
664 118.76524648937544 32.09323004307133
665 118.74425638404057 31.830198085231782
666 118.5259588833214 31.98492049228671
667 118.51164797209923 32.022652780181375
668 118.786266906008 31.944943309913317
669 118.63360447482215 31.887497297730697
670 119.09677256979798 31.792620222736872
671 119.16676272889565 32.345627947335636
672 118.70540060062856 32.002443627272044
673 119.01602323860052 32.162604233210345
674 118.7565584576767 32.01599847538244
675 119.09987054585669 31.844507432219753
676 118.81656114620449 31.986621190053185
677 119.15101296947742 32.259107183287405
678 118.96679598920515 32.29431491378563
679 118.58581161695766 32.34220292150472
680 118.59974923343259 31.776928170811633
681 118.78775540853499 31.882516808815488
682 118.90960340418593 31.693403310336244
683 118.86027337829222 32.39638323354035
684 119.11642811855687 32.10938504865757
685 118.50412248941564 32.16576174307654
686 118.58168244440091 31.957221116526334
687 118.71722354785246 31.8075141537808
688 119.10141574882792 31.92414928024678
689 118.50381814138095 31.838044750957074
690 118.8875361056318 32.01458860335987
691 118.50096885552466 32.2501631721322
692 118.88484479820036 32.266363422889995
693 118.83642186712966 31.841997333539307
694 118.5849965705844 31.732863041714204
695 118.91938358246856 32.193540124616966
696 118.93300611065898 31.938747572097235
697 118.82025160660551 31.749839287378848
698 119.0478531242547 32.09938598644679
699 118.54860720249408 31.693647819708882
700 118.72686116409749 31.683136143389152
701 118.84851635334441 31.604352352849023
702 118.72833082511109 31.742982445537073
703 118.58928212593227 31.98406900579546
704 118.57354602479155 31.73580301635854
705 119.04768139849952 31.64164493076112
706 118.685433402652 31.98933828849555
707 118.95980923863416 32.31928511939324
708 119.09826912525155 31.60587890976389
709 118.70788854444658 31.7873872220598
710 118.63175637084203 32.327311062914276
711 118.90087024200254 32.11938205736512
712 119.07546538258822 32.25773216138627
713 118.75709026028657 32.32399957255271
714 119.0862671966299 31.785202580189477
715 119.2008378351744 32.20148521116854
716 118.97083705655149 31.804011503150534
717 119.1291906171861 32.355726077466116
718 118.5713123135762 32.37094520144241
719 118.77790200745248 31.72773984287932
720 119.10861452405508 32.25699633403368
721 119.01406507390537 31.646836551591665
722 118.57348910328064 32.08004506554656
723 118.6623680797798 31.981989117824067
724 118.73582887586826 32.064428358614904
725 118.95662501940308 32.19730679702559
726 119.02082320245161 32.29930441813572
727 118.84122434828929 31.999298897894107
728 118.52385773546511 31.651270524411316
729 119.12674453728943 32.32681452859792
730 119.15174716290775 31.646460059652604
731 118.74468342202194 32.24245251358297
732 119.06154351591569 31.71004797151305
733 118.86269111189657 32.3311318752208
734 118.82347773789179 32.099361688265354
735 119.15340181266936 31.847577828081803
736 118.50822279936112 32.28829008482785
737 118.79302301150541 31.731181781820865
738 118.6546954659114 31.778747350009507
739 118.82853196864396 31.84839085098811
740 118.81960170007254 31.926881169011494
741 118.62532383727033 31.7833543909023
742 118.8970062491383 32.32975374934341
743 118.77825062335951 31.95721298437918
744 119.14678100817025 32.357400564443566
745 119.15036330087504 31.813637345627292
746 118.77062440926002 31.965706443768944
747 119.0383435941935 32.254724822123286
748 118.94063639847383 32.39766837675948
749 118.76445111862361 31.971265536571078
750 118.68345961218623 31.98752000890571
751 119.14494909215635 32.36798859047777
752 118.6485050418674 31.934572347555815
753 119.0445918180523 31.942954574405704
754 119.0333084093912 32.37406880187564
755 118.64386441252799 31.99468345172187
756 118.75691198511979 31.70128596777548
757 118.80139467878716 32.36480461394644
758 118.84698063274112 32.00126532347838
759 118.90943714039841 31.88327811750766
760 118.75473553914155 32.328530835339095
761 118.92215790627314 31.612288295580328
762 118.79577406798502 32.360204921632395
763 119.16963956899944 31.676141375135998
764 118.96871964487677 31.658962400222418
765 118.87835331170339 32.341139046083214
766 118.89966449497095 31.971736256793633
767 118.58521624878134 31.735252209584807
768 118.68707881980345 32.389410477093456
769 118.99306956122034 31.852984653207777
770 119.20332756537078 32.34655826458873
771 118.7178089297969 31.9725475784241
772 119.2039820623978 31.896764234022427
773 118.74852813408832 32.05070227804109
774 118.81429818986217 32.327089304400154
775 119.18436696542925 32.384775915985585
776 119.06991879849542 32.15110664000066
777 118.86889455741822 31.901967734110453
778 119.18692940206887 32.26911173880339
779 119.19273563029337 32.33498877776723
780 118.60563887545244 32.04189540107177
781 119.04555654521566 32.174416092913255
782 118.68867899083573 32.30597613072529
783 118.71260895725312 32.15506804994634
784 118.81581826678875 32.11254912560273
785 118.83651584209848 31.9088811162524
786 118.60339915529144 32.07774845380888
787 119.02055332269815 31.776811895254603
788 118.50777452410154 31.706476795925724
789 119.17889972043982 31.795106981966807
790 118.67428305083776 31.950810371368444
791 118.98727967606949 31.865840564217986
792 118.87713058933952 32.16791939530733
793 119.08287926234308 31.91012866778518
794 118.64432133170808 31.989542800234656
795 118.51849592567841 31.816624752471586
796 118.61741844422427 31.662579482144213
797 118.9833652305892 32.16685558026266
798 119.06872945781967 31.769250996862972
799 118.60047477561574 31.976412629000325
800 118.90073733927413 32.0816733163356
801 118.52952474508454 32.14034151077984
802 119.08243287116738 31.944969054725224
803 118.57592098286368 31.811198162928147
804 118.62238927465528 32.312140657206484
805 118.95190763868489 32.121389771437975
806 118.82265054994441 31.80815265816656
807 118.69503125138338 32.2210925302184
808 119.15740906200449 32.02011238844592
809 118.87350708433861 31.942516673764796
810 118.61437656537517 31.685886578547734
811 118.79480369603723 31.783858697886743
812 119.00388183658993 31.692095149274444
813 118.82462929968969 32.14394683421799
814 118.57152476494949 32.1767396164997
815 118.61349456104328 31.958023613641444
816 118.67293128513565 31.643312962215976
817 118.87079447718504 31.737820814023262
818 118.95246052234354 32.34336925855047
819 118.83197983310481 32.304368640476405
820 118.64226214566149 31.914398470065564
821 118.74320635535562 31.70062265974114
822 119.11125983150966 31.962951025276688
823 118.67574357853664 31.94281142370943
824 118.96426316248284 31.61447820063376
825 118.75601559048506 32.179854870718295
826 119.18382499889529 32.118861212811396
827 118.49681830107932 32.05202143940777
828 118.70554636549882 32.24367641736914
829 119.04193237011629 32.257265483240026
830 118.5273272213678 31.761701098091997
831 118.77607356892794 31.66444873030028
832 119.16448013747433 31.903157770367976
833 118.96698414016211 32.29903116886189
834 118.58707023427156 32.215261971510394
835 118.56375204678628 31.794233788200465
836 119.16084561357347 32.2157941507006
837 119.14133487511683 32.056719849312614
838 118.63246178673377 31.816283965077535
839 119.11062271458844 32.16593333811456
840 119.02495467889044 31.843697758539175
841 118.78134739220826 31.865406177262862
842 118.65770320814546 31.76719155583022
843 118.59527454708015 32.05806565022109
844 118.63893135761617 31.96934845686226
845 118.862430069184 32.095966307525806
846 118.53022481914026 31.618340054337327
847 118.93347109179028 31.925963034365125
848 118.91215815152434 31.636525763441202
849 118.94930674158381 31.85804642223583
850 119.08053881554801 31.668360133599187
851 118.54336842977946 32.028321448051685
852 119.19255680919547 32.33054271944561
853 118.83512206166603 32.28437157458966
854 118.83648988323029 31.9926539320664
855 118.61047658975572 31.882202575053597
856 118.95839781331244 31.621771204473745
857 119.10615852615318 32.11809768934368
858 118.546322749842 31.841684064287406
859 118.71252198341945 31.921603301331615
860 119.04753438321549 32.101797649415964
861 118.5166101429265 31.746203070947857
862 118.90337809000987 32.03803770440793
863 118.66988963330067 31.974565038855776
864 118.86435378730263 31.90958948920679
865 118.6004382092613 32.27333222628192
866 118.74595786698673 32.19524999269124
867 118.75794239164638 31.713692404453194
868 118.78061361843079 32.31196350868746
869 119.17128199670523 31.60508533230646
870 118.59754293996792 31.790428254941833
871 118.68301735472924 31.714729378292528
872 118.97777062334788 31.869223633232487
873 118.75694520182732 31.700418635846507
874 119.1474279020675 31.82740166297626
875 118.76110276394384 31.90760013275028
876 119.16843403935204 31.985438748446747
877 118.61780679155083 31.817860883054454
878 118.82196441705746 31.655822196301216
879 118.86377731648302 32.01249487867252
880 118.90373587752501 32.08540688927596
881 118.77570727520677 32.12340055110084
882 118.8681053524651 31.609968594478726
883 118.66158848451428 31.688514939286758
884 118.66878816752269 32.127427074800664
885 118.55783533653603 31.70289510704662
886 118.87607892937432 31.669260743952872
887 118.84377849345329 31.949246250027947
888 119.19819819968517 31.89282072463107
889 119.05277425668064 32.13082170879068
890 118.98978106814094 31.62066003928895
891 118.7015838099603 31.795493152539105
892 118.67704075079378 31.82807685397789
893 118.97573814634664 31.862855983246686
894 118.64761644246937 31.606355891352464
895 118.54314973878144 32.043188130381665
896 118.7212391617684 31.60659855973038
897 118.87712532911198 31.846983592063093
898 118.62943158020865 32.32691148271899
899 118.5844776979489 31.72653859603775
900 119.12103279228899 32.12416923141255
901 118.83509591430719 31.980370555884456
902 118.50805543451285 32.334737263677006
903 118.66638463333464 31.94629642762854
904 118.5422447794654 31.757075074783767
905 118.67987086474382 32.38967119602902
906 118.80179292170429 32.17492796657134
907 118.59295223285444 31.703467613965003
908 119.14155644302575 32.02091035689603
909 118.84157700473983 31.85063110495256
910 119.0977579217135 32.300404070555295
911 119.08843689899756 31.737098064023613
912 118.5888673390386 32.11628386016872
913 118.54897972752113 32.36380347229827
914 118.90409031375124 32.341365163840216
915 118.5116900294235 32.32929492316744
916 119.05313269278008 32.12888468073835
917 118.71637278054794 31.847350893771136
918 119.00280791005034 31.65631613094962
919 118.6352350048815 31.731501054992712
920 118.72667564002666 32.31677559846057
921 118.9460812993704 32.161781783825404
922 118.64737845807964 31.66939335756389
923 118.65246375551442 32.382863813365944
924 118.75160062368363 32.00492972882686
925 118.50144044518369 31.74165309012599
926 118.97727987456682 31.981928352933828
927 118.58236381820169 31.923405702465466
928 118.66514761311774 31.772995194749505
929 118.54935846889403 32.09366326919388
930 118.81682574091681 32.01799032509006
931 118.67785063333042 31.815581745587075
932 118.8674708968679 32.22346667029215
933 118.96934532518955 32.0262425930124
934 118.65442278410622 31.879739271625596
935 118.74317087790256 31.729298888302598
936 118.8893744968366 32.0061898349365
937 118.6728985936484 31.71507113789619
938 119.1341756739989 32.32143398755687
939 118.53362475245801 32.010502397468755
940 118.59808142748733 32.34351051751364
941 118.70973046758873 31.860046017189337
942 118.96447407919712 31.95879456613315
943 118.56213896621125 32.02576488947917
944 119.12395913365587 32.311970927030465
945 119.13021715411678 31.698141496628722
946 118.95858300097478 31.913476551836197
947 118.76288380556007 31.668709212723627
948 118.69628842255143 32.34698804425653
949 118.73074536067139 32.27112439341899
950 119.12005364535862 31.914109530363994
951 118.86898750371337 32.12793175309698
952 119.14623207372948 32.04992130864228
953 118.83159347511801 32.08717070626248
954 118.6478629442368 32.26227437731292
955 118.56434027337842 32.375478160254424
956 118.97099416798814 31.65854621194507
957 118.70730624742373 32.05248537139146
958 118.94884585847173 32.32207791806518
959 119.14886729130016 31.91556758603889
960 118.51220078781363 31.80459289077907
961 118.55757797948942 31.696203517721802
962 118.73224991130704 32.10302537713402
963 118.71971712706417 31.772738522001372
964 118.77141082313896 31.90847478656433
965 118.81465336206281 31.908666799706527
966 118.79200174731936 32.090086890831756
967 118.5703272392026 32.366733316697704
968 118.728952907512 32.40080454119082
969 118.58771352145534 31.835699509123504
970 118.63599950946913 31.818009429952898
971 118.91134869917457 32.192508310474494
972 118.53459536010672 32.1633927652877
973 118.69886794815004 31.824391705196454
974 118.91923110128585 32.36323888984535
975 118.69603531412777 32.24731752837184
976 118.85843994017641 31.76419287505956
977 118.79613348767872 32.00047959412756
978 118.93061098368311 31.664344384658698
979 119.09089749158446 32.0198021233561
980 118.69945322054515 32.045831441007486
981 119.13325867451292 31.759518086535344
982 118.9609271028159 31.671123605010546
983 118.78843188554664 31.737189623712588
984 119.0657405555382 32.004811000397105
985 118.79085732971568 31.647451855560767
986 118.96959707096549 31.750382202788735
987 119.1192185294494 31.73931699612931
988 118.71137928337998 31.935372742904473
989 118.83900111412365 32.02238435971232
990 118.77300442974388 31.8805561314299
991 118.5753116714036 32.11277051145615
992 118.56560602929864 32.334391316253914
993 118.5764733053818 31.784650867929837
994 119.10565805831018 32.39262936406393
995 119.13546838912498 31.86348770346399
996 118.73819458003693 32.09127236313565
997 119.13326388890188 31.887418954439262
998 119.16636779838585 32.14761235088802
999 119.0339730194978 32.29423154560817
1000 118.661151778994 32.24107337625216
