1 118.9417153365655 31.939730207389857
2 118.89569792072014 31.619644294868213
3 118.61603569467832 32.04503058657263
4 119.06468504385701 31.973137252875873
5 119.17394314214725 31.950258790956685
6 118.94948532431026 31.866315637213813
7 118.89944938337042 31.750568102018686
8 118.60498353201281 32.078807457911324
9 118.69023144296517 31.83390312715903
10 118.75802309881593 31.803399082994957
11 118.62880236101593 32.09929437407572
12 119.20182933785482 32.0282307751048
13 119.13935337805312 31.727300159142736
14 118.76404798998743 31.9805235243635
15 118.61121333079709 31.73755974420624
16 118.77469613559205 32.229915997770384
17 118.62397777029737 32.30257466228805
18 118.86877922627983 31.992757097700228
19 118.64618098629107 32.28528801387148
20 118.55255396360094 31.666425455605605
21 118.93713229173275 31.999233418365158
22 118.75470321189081 31.657962225081086
23 118.98517378050964 31.95256082469107
24 118.86356892173026 31.674042363760865
25 118.95332416429015 31.694032374180537
26 118.72239209086997 32.08590854384675
27 118.89739005498078 31.774330829585992
28 118.83241845460779 31.6733642362749
29 118.91237010875382 31.77777563039291
30 118.52982256105591 31.87858940719188
31 119.18318430369035 31.967000384155547
32 118.67347426943729 31.761418474265835
33 118.55995434530068 32.097598563550065
34 118.701672941219 32.00772972060494
35 118.99470366553847 32.01053790950429
36 119.1493700493489 31.908438772935522
37 119.0926284085679 32.227294075808516
38 118.71231474903804 32.07199612051888
39 119.09392358034444 31.720214196849867
40 118.54448306428196 32.15966268872355
41 118.55241440050914 32.37484515761484
42 118.63091125166211 32.001820417225034
43 119.0515003780423 32.30594496015357
44 119.01024047040293 31.86978512453351
45 118.58260800580805 32.05033491082757
46 118.99758978537095 31.94060462629184
47 119.03850149968669 31.93774321464061
48 118.60325046429931 32.23871602854193
49 118.958883909672 32.01989575033922
50 118.79573127903629 32.36079683795143
51 118.54436383416126 32.03171259432731
52 118.86067440294569 31.672047895365683
53 118.83601876247177 31.900111343621916
54 119.11341348707282 32.267149315782234
55 118.92622331095846 31.935422951078458
56 119.10601668015025 31.621395448415402
57 118.8431763776592 31.80975185141425
58 119.00759888967374 31.64621329455625
59 119.1719246406395 32.37741253285384
60 118.50806915701247 32.38494463174941
61 118.79405480940038 32.23007664302781
62 118.81377423485938 32.088718092033105
63 119.05089900312606 32.218106881454545
64 118.51162449553546 31.72916561949403
65 118.89125417872049 31.824661421637565
66 118.68079351295364 32.0068525169489
67 118.81909255259002 31.878821047910982
68 118.97706222689565 31.644849935492473
69 118.93526351944494 32.37202635244885
70 118.66300123704454 31.977016707681052
71 118.63898655058878 32.015371596480186
72 119.08527300045684 31.868002455385053
73 118.85196367062244 31.8128283454496
74 119.17383950002417 31.896035839577348
75 118.94874585639177 32.270585155618434
76 118.6614904692454 32.21842670088078
77 118.60947377220313 31.879665917681137
78 118.72435265872497 31.603752704933566
79 119.02720486950219 32.227652486844306
80 118.82612817649105 31.794855205108938
81 118.88720414071788 32.062028249121084
82 118.91867346937214 31.610999239366944
83 118.6391511670324 32.119076689092026
84 118.72470428506016 31.925230880132162
85 118.69977652028618 31.98961124166232
86 119.14217223548923 31.931063006238595
87 118.51753054154736 31.879668401995207
88 119.17685161459288 32.032210255241566
89 118.62296511030576 32.380331451488004
90 118.86478089680804 31.703597558294145
91 118.69386851356349 31.862586494635586
92 118.70546867045897 31.63300767748447
93 119.03636884722654 32.191182697747976
94 118.99635016603003 32.12186490039919
95 119.03672901333483 31.76726904539099
96 118.62305950537915 31.912249140828358
97 118.6462960678018 32.13626384235626
98 119.02483383033024 32.131943680921225
99 118.58901385252894 31.747248986315537
100 119.10247811164362 32.30217834067585
101 119.12489965803844 32.22603490157007
102 118.84996301799042 31.683918727239597
103 118.9823250269864 32.29798516033923
104 118.73216984378259 32.19885757251424
105 118.96824327631492 32.2483183617621
106 118.52761757628438 32.033934955149476
107 118.67486921160454 31.777547768075472
108 118.79774857631894 32.34313475026532
109 118.87084732494439 32.07039947422506
110 119.19185761923487 31.87107658550425
111 119.20948534165768 31.83524699098993
112 118.59443703836776 32.30823184808106
113 118.69202599369125 31.948019920665843
114 118.55390854943282 32.03409938901174
115 118.72910746513828 32.09882222413769
116 119.15280991238761 32.2733747664522
117 118.90641236819847 32.09003026808191
118 118.53520198568002 31.743320675310443
119 118.86946797675765 32.07420075244172
120 119.16272422485767 31.994155913214854
121 119.18527506224838 32.04831750929386
122 119.14531725617528 32.172011939066614
123 119.03653591514092 31.79421087735684
124 118.6621957389096 31.754480562441195
125 119.12805816639683 31.694245227885947
126 118.72460324305011 31.831936867806156
127 119.12144597696187 31.59955928370926
128 118.51728148936121 32.08857581149657
129 118.54467778638494 31.838820251747528
130 119.06688997700437 31.748603260652036
131 118.55403492269764 31.67305927428143
132 118.80684101370137 31.816785755054834
133 118.73324009038728 31.76734671212714
134 118.68606316169402 31.83764900880803
135 118.75287324600133 31.956905712382994
136 118.84295158040274 32.03630542339743
137 119.11447864293552 32.26230216549964
138 118.93734048277788 32.39062280108074
139 119.13019470236442 31.63679956951255
140 119.1016267434206 31.79666520587434
141 118.597606647967 32.1064850226807
142 118.77557839655213 31.75050843033292
143 118.85850809292737 32.30145208734579
144 118.6790473826034 31.768635685788468
145 118.88884311867848 32.176995953740715
146 119.18783814250578 32.10495969193048
147 118.63688007490354 32.228866086303434
148 119.05703985830773 31.64479866822468
149 119.20577734426648 31.782260707819315
150 118.6788950599138 32.16426560943056
151 119.11296769735868 31.68667690482302
152 118.61545641188154 31.627230474523056
153 119.15452225357198 31.88489376327238
154 118.69563867801276 32.0830475020756
155 118.68987323678768 31.619344816243835
156 119.13026387707349 31.671598654385104
157 118.6910714675997 31.632904609696297
158 118.6387637111151 31.925061931590093
159 118.72780931310261 32.144055809004
160 118.98453880126155 31.771083728833496
161 118.51278919438242 32.290386769144085
162 118.61900222719923 31.956842006232268
163 118.58126293484156 32.09278758775461
164 118.85962261113087 31.823961166337835
165 118.52937811013018 32.10404815524016
166 119.14543153758252 32.38491856305971
167 118.83458295358759 31.966897747863644
168 118.91821689785367 31.771338900239225
169 118.6595164061615 31.938723319236825
170 118.9797274898711 31.950460725740133
171 118.50318266081412 32.012148540651566
172 118.56056429332043 32.006073746210454
173 119.13800930822792 31.631529646454936
174 118.62439330302634 31.71763988049644
175 118.83485953285849 31.947869599524033
176 118.88412257299096 32.16502738943625
177 118.62497970424839 32.23010184801409
178 118.90973968112242 32.208212859247844
179 118.68274527520687 32.018123115742846
180 118.95998332644218 32.371795579870614
181 118.69428899645679 31.84450077173507
182 118.78386906719533 31.97549144590648
183 118.84119199252267 32.22513014312416
184 118.51573833393296 32.263384340746704
185 118.58584926942126 31.910347655277448
186 118.53852116311249 32.29526321899389
187 118.80128526641404 31.973355643105958
188 118.88235269662759 32.17941313225441
189 119.1918875877314 31.606474196768133
190 118.75397252888419 31.61212259505622
191 118.6268444703911 32.32934974249232
192 119.1728835343106 31.69693981269726
193 118.87786604074041 32.151814782249
194 119.15967848528226 31.825492963774522
195 118.73989930943938 31.757978356404788
196 118.55559898807648 31.902846518764747
197 118.83680162173926 32.349526508046715
198 119.20744512397876 32.06083718391394
199 118.54206542868991 32.33143737072844
200 118.84655626349671 32.16102970752022
201 119.0830012790267 31.974442172058612
202 118.64911471232095 31.99096596266457
203 119.06055600023286 31.78676771390454
204 118.5335032388839 31.608795479241387
205 118.71775013182429 31.93033211405094
206 118.62704685611551 32.02784037871061
207 119.16952693200734 32.30110257017511
208 118.93051828177448 32.12859639026479
209 118.70531108719165 32.263999470250184
210 119.14637411657189 32.324636119595446
211 118.89571616505646 32.34478942156314
212 118.75966926023406 32.24638127337096
213 118.98883916136448 31.702993191717084
214 118.95167748405765 31.882957926129492
215 119.18699558081418 31.746582795833046
216 118.52376993479517 32.29533065493706
217 119.10477442590934 32.23105346101384
218 118.96464295084591 31.884942870110656
219 118.60862614007485 32.044682918993146
220 118.77646682083308 32.25187468685762
221 118.52109472849638 32.287318242196626
222 119.1003316555536 31.758728971229395
223 118.57036858684063 32.18971960100571
224 118.64418297963627 32.248298824806426
225 118.9911945624338 31.65400864121871
226 119.03427699174576 31.6850021934225
227 118.69044198688206 31.936317645974437
228 118.61417526480629 31.777595515439312
229 118.51740301108445 32.29827397357982
230 118.54176624432597 32.17071875053676
231 119.11717342235562 32.169961387365895
232 118.63967629118734 32.226826215695226
233 118.78723780469072 31.862430038810228
234 119.0482683763901 31.789193529244383
235 119.17860279579322 32.09194817102779
236 119.11518097790386 31.917691926347622
237 119.11855795888152 32.32828503860741
238 119.07179232468522 32.12917427699794
239 118.7393391249689 31.903656828496764
240 118.95179400016688 32.26370240859437
241 119.0071347463342 31.910463229875443
242 118.79969901396568 31.738439914835812
243 118.9349069413956 32.21822445661725
244 119.1769514594267 31.986585176829166
245 118.72834840694867 31.80096564784291
246 119.14570278102039 32.15426637320718
247 119.20041874465807 32.384413841826785
248 118.90666227220991 31.800278957214175
249 119.14009922594762 32.231610155659276
250 119.00643973867614 32.2115659232177
251 118.99273849671451 31.682767080332223
252 118.58715586808663 32.2684169137149
253 119.01995196668285 31.984486990642043
254 118.61783980504602 31.689223687111095
255 119.0268018209813 32.032083010669346
256 118.5287540619499 31.86400740661577
257 119.1195425572938 31.72932293978502
258 118.6330646736831 31.66741642919894
259 119.09443512795487 31.746704378618695
260 119.12017889282261 31.947605654682455
261 118.57557171580065 32.11169133388412
262 118.56231799987276 31.674888945162827
263 119.15970681079679 32.16439833032357
264 119.1849233691579 31.671215118658193
265 118.54964022731114 31.74195851411813
266 118.92410555470646 32.1833462744312
267 118.76903758843736 32.29545562766466
268 118.54045189788138 32.36811129616238
269 119.09547002782894 32.147524253166004
270 118.97662359480168 31.96953391934267
271 118.55341961023227 31.682798061897056
272 118.8184862783012 32.055938691929555
273 118.78996726937864 31.721101578384992
274 119.19127813085821 32.00813167160414
275 119.19255883508251 32.087405332911445
276 118.66764987031925 32.27581371941021
277 119.03080126887731 31.85621246370157
278 118.95531733449259 32.381488373337675
279 118.81204401866276 32.374887275572405
280 118.88976176853396 32.27104068106468
281 118.77045688072404 32.16477939670781
282 118.54352181654103 32.18389525824905
283 119.0341631538562 32.31203538031868
284 119.05111124756884 32.35310825809037
285 119.15218965933764 32.27208027157116
286 118.85112063867841 32.11236592949864
287 118.54894493630559 31.6821434148086
288 119.1606296736954 32.10979900355383
289 118.685954181462 31.877618215419254
290 118.58576271871405 31.715595748132948
291 118.58176923243944 32.30593163514674
292 118.92504733388978 32.268570547641175
293 118.76808147145286 31.994580309847862
294 118.96826048145441 31.976091161159136
295 118.54473887452514 31.992507486733235
296 118.51300054304122 31.809762683808373
297 119.17290652378554 31.911761355258975
298 118.55879141715675 31.94805817628466
299 118.73000566091206 31.61014140375076
300 118.51493621860084 32.31688963147238
301 119.12995838338956 31.63229982026327
302 119.10382294683357 31.909115434176424
303 118.89549981228876 31.689601913530325
304 118.59619718205622 31.769525085989645
305 119.07231151187393 32.358246361383344
306 118.54560173681266 31.895151553246368
307 118.82320089171488 32.1614180807856
308 118.71833546379095 31.687801379999858
309 119.20101597460217 31.780155056201416
310 119.1725667517634 32.29727919822218
311 119.07168057678277 32.309128584742766
312 118.81802044247102 31.798560598215975
313 118.85185682479047 32.365853105837786
314 118.89042691940092 32.14546896892611
315 118.89159448994303 32.01011807506189
316 118.61859434114369 31.88391975266028
317 118.67623586715138 31.882949154005445
318 119.00545801303662 32.360912436171475
319 119.09557879054486 32.16730279014231
320 119.168771909724 32.012185711615565
321 119.0346758427209 31.63146773243087
322 118.89995873489102 31.799772465676963
323 118.55379150401197 32.3446677154838
324 118.55425225228936 32.02932086392028
325 118.62689783059162 31.88212976016351
326 118.98979138710557 31.635149341610926
327 118.70246853799249 31.806933993020866
328 118.79018924716304 31.80749683580905
329 118.61310694469094 31.734081112484223
330 118.66411998795381 31.881693639976334
331 118.7717965181074 31.753074972293653
332 118.94518953680902 31.659819990721214
333 119.1994029072482 31.700095398490802
334 118.5977535155164 31.988580321155748
335 118.72154530286039 31.65202624155237
336 119.18998661710701 32.3446897563574
337 119.11895315658874 31.76251946342327
338 119.17621647465735 31.991565653969886
339 118.86067547253245 31.927714859440403
340 118.65521049762243 31.84133608738467
341 118.65184541726265 31.866265314700566
342 119.06842356163719 31.792349959601747
343 119.15803930429685 31.817696126307606
344 118.93526626011288 31.704650753907867
345 118.97191083581012 32.16779349564191
346 119.13947079235781 32.08628978009383
347 118.68068973188745 31.83982475894613
348 118.91291267588733 32.31900056508343
349 118.89118057149423 31.907746217024123
350 119.14290994376518 32.093916874952
351 118.73047185138354 31.999140831949664
352 118.59949460898197 31.861448436431612
353 118.58420661193038 32.31475730643788
354 118.67959141606872 32.28149750133538
355 118.56070716958094 32.27428758210855
356 118.72892875251773 32.38470037906745
357 118.88846029689786 31.62393956833421
358 118.79691942436465 31.985207893660704
359 118.94617740995128 32.36495748798723
360 118.85640911619221 31.70547958457681
361 119.02553525636532 31.813320323726835
362 118.81886704351628 32.0091747799463
363 119.0543633069795 32.1148157748342
364 118.81067231721767 31.876270138619624
365 119.02087496766228 31.838789324343807
366 119.01884049091845 32.22410685732464
367 119.1010082551222 31.612834360097747
368 118.6152096689336 32.243911208618
369 119.01040599519114 31.92944797092576
370 118.4831299804028 32.106714240864335
371 118.77851597828602 32.15730102622647
372 118.910437424832 31.68235909447967
373 118.5114787405002 32.33308267335926
374 118.54170323102679 32.248155761107014
375 118.64844657033086 31.880067152832964
376 118.77946178355755 31.742732249703984
377 118.99598377895803 31.654391970992037
378 118.63510316877378 31.844784023528216
379 118.78132359133915 32.17574328240232
380 119.13303604912933 32.2853973699437
381 118.74423403675091 31.84073620342643
382 119.04565307809658 31.783846458177255
383 118.90498705376835 31.858918724587518
384 118.5385900494117 32.37345445340325
385 119.1757826381086 31.672479780792855
386 118.58227125008268 31.748498260228224
387 118.75631370987307 32.15017570738574
388 119.18762481400519 31.712701025391624
389 118.68320383208648 31.7900002776969
390 119.14356753253237 32.25848837981052
391 118.96299854396071 31.850770253560803
392 118.63007967723516 32.076017305743
393 118.59594234894301 32.03775217109792
394 119.17537212123733 31.82453691291815
395 118.81715176861253 31.80231346400893
396 119.02785308445388 31.802549853159977
397 118.60725554955293 32.30148336913683
398 118.85260829958241 31.60556214854733
399 118.56482663055067 31.691350364481607
400 118.83299426700398 31.874256008400806
401 118.50152171487203 31.763806957111413
402 118.52252674311919 32.040674331347866
403 119.13276062638464 32.026154892375
404 119.11077138111122 31.999280715830647
405 119.03139843553045 31.84490610131713
406 118.85372996490926 32.013833525899074
407 118.63030456620248 32.22310113037569
408 118.99661503975392 32.243173883230575
409 118.65491905268786 32.03113961577034
410 118.53818009071503 32.23804705729236
411 118.71599647088046 31.66231431598558
412 118.90743736749803 31.737752979904474
413 118.89982729939467 32.1996626267827
414 119.07693301059419 31.915145815719224
415 118.76619750019806 31.851561452016124
416 118.61154305477767 32.057983953994686
417 118.53771764403133 31.9137021865586
418 118.64329835094682 32.32982412222491
419 119.15643214587749 31.909813247115235
420 118.51037418453969 32.260183647777346
421 118.93111671286738 32.08372744875872
422 118.8179590320549 32.32657014399127
423 118.63927380631443 31.990302951822382
424 119.00137660595917 32.37453552030821
425 118.90390843533814 32.05354027887091
426 118.56356249421827 31.629353116815007
427 118.97400031900487 32.17706896237299
428 118.54176424079868 32.30116643567811
429 118.6555679718299 31.66577054693034
430 118.89103543776775 32.364259559564424
431 119.00667241750826 32.05702896949732
432 118.88933314543263 32.20104678276576
433 119.11188340749659 31.777002902612118
434 118.98018383253583 32.33975116682099
435 119.17167701757289 32.11898741122554
436 118.67660223790057 32.03662863251377
437 119.18311651349497 32.37331405455091
438 118.6566368446756 32.05375879880566
439 118.6399201568461 32.01227644507295
440 118.61585389694963 31.63706597620967
441 118.57635716707601 32.0437841696533
442 118.94100327237506 32.19911919957124
443 118.49693928661954 31.895635815346992
444 119.07389828983652 32.141763328312386
445 118.93668019170471 32.03393785467062
446 118.71503768612557 31.768343693106743
447 119.11633891808125 32.031284025544004
448 119.09324544261402 31.98754174967534
449 118.93024591596382 31.86168987338551
450 118.53973985976354 32.12761728864724
451 119.19344136489349 31.66036326147326
452 118.91567636521235 31.89048372720275
453 119.13509261044437 31.95442586327622
454 118.60451054655803 32.388953011184164
455 118.51450525731143 32.16228647296119
456 118.70851634076753 32.09894464546197
457 119.05300727445949 31.73173706787586
458 119.07444210275764 31.957534495079848
459 119.12300861121273 31.89434844945287
460 118.72159666311207 32.35268947235004
461 119.05642200305871 31.957349280833114
462 118.59098839380155 32.27767911738405
463 118.87995806182872 32.139172535383686
464 118.5401542745896 32.28155562919465
465 119.00665203879095 31.594627341643417
466 118.74846132470401 32.35189921496113
467 118.57269393695827 32.36900680285024
468 118.96220521295976 31.713857680503075
469 118.77846695606691 31.645710274811425
470 118.71249800350256 31.86752554520632
471 118.74015379067104 32.0510058841484
472 119.04763707638158 32.01849237248043
473 118.78760607512119 31.9601852168321
474 119.11901244344138 32.319821434794854
475 118.61181090034601 32.04361055052958
476 118.78534597623256 32.34317838217951
477 119.12067863547759 32.04806337611395
478 118.9137353862975 31.74665991523865
479 119.00168678931864 32.395638477368664
480 119.08262469341372 32.390238807823025
481 118.85838564575435 31.95858719608014
482 118.60403442008193 32.197700178975545
483 118.71152843753039 32.129868331708714
484 118.65964803820701 31.738128657575537
485 118.62478225803503 32.0703277675153
486 118.9199711933602 32.1117719577139
487 118.64371655857882 32.0664810411503
488 119.08204283928272 32.029652482986556
489 118.81109312429435 32.06598533939384
490 119.07139181394435 32.173326711928254
491 119.09310895429873 32.22619118732131
492 118.98686687152748 31.679098603833985
493 119.051024144235 32.32719482401576
494 119.0714161143345 31.98208879591688
495 118.92186570928223 32.1463074367703
496 118.71788549456355 31.904545858643957
497 118.79143887233182 31.650367267367375
498 118.72054476236464 32.12327606636285
499 118.82634257960085 31.893670972263806
500 118.76715226876573 32.0339217304507
501 118.74160562266705 31.80654909788291
502 118.56304330503428 31.765462103021942
503 118.78820048626692 31.81455598710163
504 118.57832986779712 32.29844713735168
505 118.75170336423506 32.35091950159389
506 118.59085183998731 32.3708091236247
507 118.75617912235023 31.94178015058762
508 118.88532494712989 32.234164742707925
509 118.53983511540287 31.74252339324978
510 118.66174701079132 32.19133552741349
511 118.78507369954873 31.93920519252558
512 118.68515784217489 32.271409085491165
513 118.8868315942215 31.76485348128293
514 119.08050036114732 32.251416496109705
515 119.04747815557135 31.660401978981145
516 118.67427582156992 32.294064168260526
517 118.63888802347776 31.939256635180783
518 118.88484029680387 31.720254886066698
519 118.77374353495266 31.83687317765624
520 118.5326352935609 32.17233755874709
521 118.65265484160146 31.95171064641403
522 119.17215482162894 31.786494670921645
523 119.15858392044125 31.808257765614226
524 118.7556953164308 32.147096553619924
525 118.52113949038365 32.11988494163197
526 119.04843511901348 31.647886529246275
527 118.68397687837398 32.26292372095619
528 118.52145034679035 31.701026261087055
529 118.68506875103421 31.783967217816276
530 118.59124059154975 31.621914471598846
531 119.12128785730434 32.02757413729908
532 118.63287113069333 32.28533210985432
533 119.02053676706032 32.34659178766305
534 118.5941519160293 31.959437103578487
535 118.55522753226576 31.689985090414776
536 118.78046376600464 31.99558048371541
537 118.93600672529809 31.82894927957179
538 118.87897739534222 31.84561525161513
539 119.07191585201049 31.776434164196562
540 118.79120616930012 32.351855025435675
541 118.92587653614001 31.92219851233287
542 118.54232716990303 31.593664300027864
543 119.0233212713703 32.002416199481985
544 118.98460369674423 32.14484665043581
545 119.06062749721438 32.25186603580209
546 118.57116785415876 32.19609378660299
547 118.81117757971356 32.16036596847045
548 118.96414239264165 31.770330901834626
549 118.49617134570724 31.862946698425517
550 119.10139316496833 31.953174877498466
551 119.07121973493159 31.724277662707298
552 118.86495938292003 31.950422270359013
553 118.74061288655939 31.681709555066533
554 118.9963952781496 31.668304768737098
555 119.11963901620538 32.264693882412786
556 118.85212056794752 31.722523177956152
557 119.13014506657981 31.964982697328214
558 118.59784849306244 32.086310734502014
559 118.72579931430083 32.360206449453315
560 118.98999902362634 31.849270992405113
561 118.76110954778363 31.754760445253723
562 118.86371172229553 32.29430306150445
563 118.96131863691184 31.834038445597145
564 118.91156507627547 31.82831826487134
565 118.81583086636255 31.72361969445055
566 118.61700037791104 31.960087792167464
567 118.77908460579216 31.76716069433337
568 118.65410889992606 31.900289065844184
569 119.04463882495713 31.865768978103
570 119.05642421648832 32.10443054839302
571 118.6496676830782 31.95055319070818
572 118.9120685814778 32.12870430169449
573 118.9916055686038 31.842186325221103
574 118.8194662943292 31.88695381109462
575 118.54112390795267 32.38245485881774
576 118.97961135302823 31.78743841323552
577 118.55057688107472 32.20588291884206
578 118.96924964685796 32.1548215623116
579 118.57584625230102 32.10120875060736
580 118.94275427367513 31.69515478540479
581 118.69244851750872 31.578911213530695
582 118.76004097911698 32.192317187290364
583 119.18802610794852 31.65430057028647
584 119.16008211675148 31.802955008669617
585 118.89608110287936 32.38175043005851
586 118.9588799984724 32.37302480113657
587 119.07432422972207 32.34720774209443
588 119.00391599089701 32.04910551310917
589 118.59043926958714 31.962402138459712
590 118.79334249198989 31.96765680343746
591 119.08367622512505 31.86742397290635
592 119.0074951051604 32.38566134756438
593 118.62615735045857 32.243262937124946
594 119.1043289781933 32.412468431472455
595 118.92995951665424 31.845521588332502
596 118.70472212373973 32.06798635760195
597 118.52758919540891 32.129621045746
598 119.02730030359389 31.909900778908163
599 118.81034666690934 32.072851342446235
600 119.18227000939758 31.734203164764242
601 118.67749690330153 31.842425932947553
602 118.55138426298805 31.717774366582162
603 118.65402491235803 32.09672113688745
604 118.78870662557094 31.87252530405206
605 118.51461316323588 31.93627537114959
606 118.74150233631408 31.899209158648947
607 118.66670844568354 31.65100805757098
608 119.1747433685042 32.326283293023295
609 118.62957926863916 32.16466285106484
610 119.11279782793326 31.852737617051243
611 118.59334238333726 32.30843972128677
612 118.90371340530265 32.1599490467633
613 118.9442283041951 32.37971700179404
614 118.88443974324989 31.990108846223595
615 119.17045242009962 31.698126595703354
616 118.80541557394719 31.686507374762293
617 118.94516579540503 32.196846098208
618 119.1104178271167 32.048651155955014
619 118.66654172036145 31.775473778252856
620 118.86112469331977 32.02183751227039
621 119.18207938097514 32.01695455533776
622 119.03438497016579 32.30510536586062
623 119.0093943643078 31.63366709265544
624 118.7818483261911 31.68898957789514
625 119.10482471518038 31.939012323101856
626 119.07242542984551 31.70710036455821
627 118.79838579063386 32.38429120871098
628 118.89501956807435 31.767106687173797
629 118.96656324434537 32.09816336323438
630 119.04084837457088 31.94980623859862
631 118.81993587349578 32.2278954679748
632 118.7464864989956 31.629489185035144
633 118.6008157088508 31.854929053181348
634 119.02205572830262 31.98843515374356
635 119.03321482706009 31.69624989256422
636 118.61848970085978 32.0836517545455
637 119.11151301276927 32.01624960215589
638 118.60695132475077 32.26319799543194
639 119.07794805631005 31.962329652658838
640 118.60479216755031 31.848917420948645
641 118.94012360062706 31.835904393650896
642 118.87054332750124 31.807064800797527
643 118.60096700149674 32.344713471661336
644 119.01503651791653 32.2344402644429
645 119.02733256996848 31.877636171216842
646 119.11970237127606 31.951915463240837
647 118.8343512593038 31.67685170344887
648 118.88260116229586 32.074883990782524
649 118.94831063514444 32.18845192870688
650 119.11503226853871 31.794218761406558
651 118.78915677174031 31.97271142344361
652 118.97265687703609 32.134570183241216
653 118.91879505937476 31.96664651730608
654 118.63748224595705 32.03061841383349
655 118.97929125908311 31.751372713190488
656 119.0931701067957 32.2272802679299
657 118.81781023982128 31.686024855756877
658 119.17503278110468 31.981878359870443
659 118.881647335473 31.84679878256854
660 119.12481104735285 31.68960946504264
661 119.02443302099515 32.292873477085195
662 118.77356199958096 31.747394920986064
663 118.72450835845754 31.97392695296688
664 118.75720070296342 32.09906329277407
665 118.74473339316155 31.829627547092976
666 118.52640659266382 31.987547988267952
667 118.50502318274104 32.01222775161167
668 118.78684866472022 31.944030852656542
669 118.63905500428588 31.8869232737122
670 119.09849197339527 31.787279883448097
671 119.17750560199117 32.33186743545446
672 118.70998884927072 31.99767759529702
673 119.02708250595911 32.15916819361326
674 118.75446001662199 32.01341303636761
675 119.10923612693739 31.837769944601984
676 118.82501378586642 31.993187275244576
677 119.15232069581364 32.2546869087615
678 118.98291829424986 32.28977393101782
679 118.58229233678416 32.34043711140149
680 118.59454551810823 31.78240627858872
681 118.80396527047452 31.869149178099356
682 118.91422828209548 31.68926832097947
683 118.86420197541992 32.40198750021791
684 119.11675235380602 32.11504435741881
685 118.5154911589841 32.16817220762315
686 118.58212840249053 31.954523634200132
687 118.71199529501297 31.81008904107994
688 119.10012705546235 31.926562253017728
689 118.4979652014293 31.843830283430425
690 118.8844236749031 32.01967145611469
691 118.5073666838443 32.24837403265645
692 118.88042639432092 32.2641969916862
693 118.83899149321508 31.84529106523591
694 118.58143598569326 31.740162093884674
695 118.91876403856247 32.19598573695609
696 118.92646466857629 31.93239192643562
697 118.81754578860185 31.743913621446378
698 119.04827477442883 32.109727307807205
699 118.55078327153024 31.681159103498516
700 118.73513822563606 31.680225833715664
701 118.84166271266243 31.604407379880616
702 118.71908331382369 31.747789461813763
703 118.58322227996116 31.971981245285612
704 118.57755328847902 31.743207733057016
705 119.04200690365234 31.635507914548114
706 118.68023942159873 31.997287351744486
707 118.95462145302498 32.3115456272617
708 119.09912540655755 31.595248194978517
709 118.71054296336325 31.787605979588147
710 118.62799479144303 32.34014076518373
711 118.90051088873733 32.11430007470787
712 119.08166569740011 32.259847352481714
713 118.762142431925 32.320319888323475
714 119.08685321976988 31.786618009487402
715 119.19664391883474 32.20443381280258
716 118.97251037545159 31.813454415935354
717 119.11990205714316 32.34040109268777
718 118.5608521846286 32.36230935113355
719 118.78343894383195 31.72549471388895
720 119.1180918970657 32.27018556741021
721 119.0134505624833 31.655975768314384
722 118.5744091644378 32.08479919944492
723 118.6727953731126 31.982664824935966
724 118.7245913810999 32.060787917077484
725 118.95894302245817 32.198916665039256
726 119.01730788619945 32.30451050008202
727 118.83636833192256 31.9928130723151
728 118.51589082909614 31.650662439784227
729 119.136920117532 32.34343701842361
730 119.15760219455566 31.64424268518547
731 118.73144623309061 32.24185705511851
732 119.0677937406488 31.718532475380027
733 118.8621021603159 32.33134137242256
734 118.83379178545547 32.0905442180002
735 119.16335796716743 31.844928310272493
736 118.50807043267348 32.28863956814095
737 118.79445900981491 31.73014436501531
738 118.64441814483335 31.774575003914567
739 118.82687647627543 31.84509262539798
740 118.80518380256959 31.91909665516467
741 118.62669013130842 31.788803176404187
742 118.90436709870892 32.32371867751495
743 118.77090331402974 31.96669155206275
744 119.13546956541317 32.35952778854461
745 119.14426388350944 31.824353038040087
746 118.7696612077504 31.973099101236137
747 119.03403000374627 32.26204191294956
748 118.93829989190654 32.38945382642033
749 118.7640165896107 31.968306787105
750 118.68595641257977 31.980641350195224
751 119.14659211033786 32.361686535882505
752 118.64596878679708 31.945628175709544
753 119.03784528958008 31.94817183629503
754 119.04153935297172 32.38392228319102
755 118.62955313565996 31.99697410830671
756 118.76284110883809 31.694613771108408
757 118.79780472314512 32.3547404892723
758 118.85508831519874 31.988130350977837
759 118.92290449209335 31.880088204198334
760 118.75852521712758 32.32144718160346
761 118.93098968738897 31.610153148914524
762 118.80130075430466 32.35204638844687
763 119.16776964662667 31.670098646288597
764 118.96466435281076 31.654958229819766
765 118.86968077405673 32.33126952943961
766 118.90155158457873 31.9695880451087
767 118.58320510876229 31.737995478348708
768 118.6889150016532 32.382984477571284
769 118.99039053225215 31.855942243183367
770 119.2108612949323 32.344504628059106
771 118.72319317219682 31.970164349910014
772 119.20587480467753 31.91637489606586
773 118.7513455003813 32.05799972218025
774 118.8142152745075 32.32623701322897
775 119.18111075711401 32.38240205387187
776 119.07276573700611 32.14400119392157
777 118.87974656685952 31.913534817249875
778 119.18108252323287 32.26001995804575
779 119.19993336316988 32.33696135320652
780 118.60579249752554 32.05187912357538
781 119.04094231206422 32.17639699385505
782 118.6872928174761 32.30380079624539
783 118.71749165457025 32.150458293520806
784 118.80258707239724 32.09674060617694
785 118.82891187372047 31.90153864500045
786 118.59642639785227 32.08448233945098
787 119.02318503515947 31.781104496196562
788 118.50787004997439 31.711388553785852
789 119.18916826436232 31.80588890068122
790 118.67775220238363 31.958251119369294
791 118.9866861383369 31.869537214383204
792 118.87074439245511 32.173837314634525
793 119.09184985701903 31.911216376718674
794 118.63861553579308 31.97669950740438
795 118.52378315017022 31.816894343651004
796 118.62561480630812 31.651202500774502
797 118.97318751396591 32.166912727348354
798 119.0604380948421 31.77770014934016
799 118.6066402106337 31.98227622301292
800 118.9171263021287 32.0832967050983
801 118.51707573182783 32.14124499894843
802 119.07208964480695 31.943703904480984
803 118.5755879644852 31.808286940632307
804 118.61733223510505 32.31108851817756
805 118.94924914331466 32.12318608241428
806 118.82954541846965 31.805292148183433
807 118.70399688099124 32.22472426208291
808 119.16401592518665 32.03269562010787
809 118.87019468847285 31.950408624830956
810 118.6212945675135 31.69505515009982
811 118.78925051219505 31.776694552599725
812 119.00619378412806 31.699687907850468
813 118.82852633463055 32.1448605337706
814 118.58361013550561 32.176186093452884
815 118.60817249492159 31.97020128513513
816 118.67043807908688 31.638312517419422
817 118.87798473429939 31.73531232616313
818 118.93902019085404 32.34789772529299
819 118.84000349607687 32.30903960397848
820 118.64570021515122 31.911316485179782
821 118.74760361924483 31.703594214927406
822 119.12295815688051 31.955108074570983
823 118.669453894973 31.94092892056909
824 118.97220934495621 31.61454468775374
825 118.76115714167932 32.178880432518916
826 119.19470110889603 32.132137531004865
827 118.49766775820522 32.042324783111624
828 118.70960233073558 32.24008392560977
829 119.04730263432867 32.25932879138843
830 118.52897808190325 31.758535327122708
831 118.77475982406818 31.66802281919027
832 119.17490446396187 31.90149769816275
833 118.97511206296097 32.287117125769456
834 118.58499342498428 32.21053322029136
835 118.56559734965936 31.796789075702048
836 119.16868449542115 32.20900750022169
837 119.13245030851952 32.06336281857584
838 118.63656597619968 31.82092803471862
839 119.1145871737563 32.16742032823617
840 119.0134290988403 31.8386765732676
841 118.78029561409357 31.856543580741516
842 118.66190877996456 31.7746245168132
843 118.59989918187706 32.060088177845714
844 118.65262389057287 31.971262625119902
845 118.84288511626569 32.09192374276952
846 118.53455591830348 31.63094746625969
847 118.93014562043956 31.924170612825467
848 118.91757343514745 31.636595331932053
849 118.94303578659334 31.853895224217464
850 119.0765482427318 31.67310434406312
851 118.5492127511963 32.03924247589882
852 119.18111364384424 32.34179183016216
853 118.82476229563723 32.28139880532188
854 118.83795964740743 31.99362502924873
855 118.60533850317937 31.890464198203443
856 118.96184378603745 31.620601093950132
857 119.12252999244836 32.12657025204086
858 118.55309820419275 31.83715175570554
859 118.71148479480561 31.93389226422193
860 119.04889570384844 32.09728721561697
861 118.5207076118487 31.746213200278277
862 118.90199365011205 32.03382209032356
863 118.66639354371779 31.978590266422433
864 118.86748661021686 31.915384325835262
865 118.6051000909971 32.27766587342896
866 118.74080650492824 32.203503110395175
867 118.73715148791428 31.70660682841971
868 118.77427714602925 32.32441372565023
869 119.16895277340758 31.594016021688564
870 118.59683383402212 31.786257142001
871 118.67705366294119 31.710348991471005
872 118.97328506499217 31.870876868253415
873 118.75045234033183 31.692153235249137
874 119.14906752369112 31.825821814495693
875 118.7472442598204 31.904437479168003
876 119.16546910367569 31.9819438217664
877 118.60948826312249 31.829453240508716
878 118.81489019577265 31.655644539768616
879 118.86065252260008 32.011693989622145
880 118.91394130926722 32.08833336540384
881 118.77430538921845 32.11465252416413
882 118.86386842763943 31.606423330542608
883 118.66435185030463 31.685520207336285
884 118.66414210309401 32.141402320561774
885 118.56771553225892 31.712026741030833
886 118.87251196267127 31.67880989049521
887 118.8413322931492 31.95263448755332
888 119.20117543960363 31.90118832158011
889 119.05644933653714 32.124568226616155
890 118.99036958675612 31.621170953647336
891 118.70845269933331 31.799451741449374
892 118.67027911295666 31.812655806779546
893 118.98133217578508 31.86944164072126
894 118.6457603941668 31.609663357102534
895 118.53730849522668 32.027428208129685
896 118.7090207750833 31.5977660134319
897 118.87791257391616 31.841203910328655
898 118.63095415780526 32.325949111373255
899 118.57598398686075 31.724470059245867
900 119.12046642058388 32.12737123044096
901 118.83956043765932 31.987656236219884
902 118.50961586223 32.33618208444311
903 118.66800675719936 31.94897162263385
904 118.54548291085706 31.743586059331815
905 118.6806502552067 32.40227600909618
906 118.80273352275059 32.17577118749916
907 118.5887513031899 31.699205675568326
908 119.14296530387521 32.02480465644076
909 118.8466937559886 31.859923953505064
910 119.09337260908102 32.3018104199972
911 119.07103202277278 31.73784045292199
912 118.58945875535356 32.11567601596427
913 118.54805975950305 32.3642207900952
914 118.89843031403922 32.346006198725696
915 118.5172652505907 32.33082055717972
916 119.06160740890807 32.125703861261165
917 118.72108508079427 31.85879141267292
918 119.0165955754134 31.65801582968422
919 118.6264028775371 31.74034707328461
920 118.71211304251754 32.315590499542694
921 118.9409352537921 32.171463186583395
922 118.65655289228106 31.667418676653572
923 118.65756343500392 32.37942804418744
924 118.74747042575798 32.00011546691809
925 118.51869872561898 31.750891888673998
926 118.97895299571188 31.98013249236151
927 118.57856946104052 31.933594433201577
928 118.65469147621505 31.781020013628343
929 118.54868453736938 32.09520661411832
930 118.81405671515292 32.015380877446894
931 118.68524723674346 31.809181160569064
932 118.85777391162813 32.220128682300654
933 118.9564618125855 32.03493379399609
934 118.64835959381159 31.87623282682445
935 118.73602962866916 31.72847989091345
936 118.89470806951726 32.005655888346915
937 118.67992394251164 31.715702841310172
938 119.12483373648622 32.314473824439915
939 118.538190514456 32.01581238941163
940 118.59704383668517 32.33807773647819
941 118.70966191263769 31.856928741693697
942 118.95101213978975 31.956312986314344
943 118.55661906517531 32.029208760301316
944 119.1384709731339 32.3064020237826
945 119.13518680424914 31.699547892194794
946 118.96617701373815 31.912284405340564
947 118.75548765881291 31.67236202304865
948 118.68412577690626 32.346496942351635
949 118.73028811813886 32.261016612871174
950 119.12616088540592 31.926053992945285
951 118.86371318394366 32.129002990547605
952 119.15789479237411 32.047387539155274
953 118.83809171516727 32.07968171377446
954 118.65150486745573 32.25267332674387
955 118.57766895002213 32.376340433602195
956 118.97987451937524 31.66225334470485
957 118.70646164542346 32.06292661200349
958 118.95497954520378 32.328180814574566
959 119.15687758293193 31.93191018879204
960 118.52206517712543 31.793317640723306
961 118.56946585855695 31.695302825068087
962 118.72391912678303 32.10718729907761
963 118.7215017225133 31.762386416599234
964 118.7694044566743 31.896976470646184
965 118.81836187192775 31.90911248722428
966 118.79734133749726 32.09441105874178
967 118.56048091287559 32.36154478141642
968 118.72436468493245 32.39469394182012
969 118.59650036145996 31.832626553915585
970 118.63238763490865 31.81385675312424
971 118.9117196820338 32.191409000860425
972 118.52854579951575 32.16023577327936
973 118.69087729841345 31.824672214305593
974 118.92796813155195 32.351304753343975
975 118.69714363366278 32.23988184787725
976 118.84796414912405 31.754016585703233
977 118.8115558853353 32.00382672334567
978 118.93739062250825 31.667488736302786
979 119.08463815360568 32.0321849678053
980 118.69291101313766 32.047456258159414
981 119.13767429400599 31.758654660010194
982 118.95886239218109 31.665903903457618
983 118.78258619314039 31.73210422254062
984 119.07312536906343 32.01023440070551
985 118.79147114650497 31.64521962999137
986 118.97767870183257 31.75333296582332
987 119.12318942645865 31.739692535035037
988 118.69757022594199 31.929580731765668
989 118.8344038880841 32.022036455780245
990 118.7704341125048 31.878138385338165
991 118.57916187114911 32.10009554218398
992 118.57394098659707 32.32739876236997
993 118.56090027773521 31.78576613936315
994 119.11311053434967 32.38684618795468
995 119.1270709696805 31.853744274639094
996 118.74307325219273 32.101022401080066
997 119.11727275970664 31.892663427802862
998 119.16422890191544 32.14471245725587
999 119.03600609400135 32.28999017515745
1000 118.65516885108373 32.24091939473591
