1 118.94121951145844 31.94042936980589
2 118.89178639326072 31.617357309709586
3 118.61826760144832 32.04509616529353
4 119.06898433885569 31.973211123525314
5 119.17508200207158 31.95184409008909
6 118.94979533239407 31.86877149459922
7 118.90039757530965 31.75097398120302
8 118.60335243571943 32.079881578584356
9 118.6920112830771 31.831806657962932
10 118.75299241419688 31.805905478565936
11 118.62777854106248 32.098971967074675
12 119.2001582524767 32.02864956125139
13 119.13962338524712 31.72680967480652
14 118.7583171741439 31.977079395058336
15 118.60677301421407 31.736276916385215
16 118.77741088902283 32.23037428648548
17 118.62228357488209 32.300877884580935
18 118.86653334311096 31.991797227718376
19 118.64581014018022 32.28810142997456
20 118.55055161211381 31.666249750758965
21 118.93573803874322 32.00045319089657
22 118.75644953809604 31.655589823888516
23 118.98617699462423 31.95276628530547
24 118.86208596861242 31.670787149426555
25 118.95069106623474 31.693126637504758
26 118.72521646380063 32.088061960765366
27 118.89894293113923 31.775091939693393
28 118.83303652696472 31.667904593838266
29 118.91026082084917 31.772705704817646
30 118.52669636727708 31.877178800551402
31 119.18558749691296 31.9636912624863
32 118.67306232555191 31.76139576904075
33 118.56071354442795 32.0965899784387
34 118.70297477658774 32.00637900702489
35 118.99310824738708 32.010065900554274
36 119.1491929822912 31.911722506963503
37 119.09446068289034 32.22400963474654
38 118.71096968082524 32.07167497624824
39 119.08987424841959 31.721027350074603
40 118.54602456779136 32.16119993277432
41 118.55113522277871 32.37305378206312
42 118.63159436178793 32.00355492002405
43 119.05250848132385 32.30412119202064
44 119.00786158920722 31.87131561705756
45 118.58534891119925 32.05113640837976
46 118.99697993184053 31.944038495550505
47 119.03745670591981 31.939796210847348
48 118.6054838283159 32.242870290732924
49 118.95857669772292 32.01548644826939
50 118.79643239283129 32.36212594909349
51 118.54071304081374 32.027708810712326
52 118.8627721481943 31.67154036715759
53 118.83608138831228 31.90280258374595
54 119.11240510459093 32.268665139467196
55 118.92677420324696 31.933627199727574
56 119.10853054722861 31.620192017313318
57 118.84356299303924 31.808682831335407
58 119.00807125989449 31.642124848112807
59 119.16957740897388 32.37537902917905
60 118.50975151790792 32.390134565295455
61 118.79539292048356 32.232503419235805
62 118.81234207594807 32.08525605201194
63 119.04901285363597 32.21992488296658
64 118.509824880532 31.72685099387337
65 118.891660377416 31.827140962032427
66 118.67889429915628 32.00212820167269
67 118.81793593174014 31.88038694066131
68 118.97687330491088 31.647274026040993
69 118.93739681828413 32.371326894921026
70 118.6650254899361 31.976318309582986
71 118.6380123284296 32.01478953545498
72 119.08611681302257 31.87050697780833
73 118.8516901489572 31.814955349773832
74 119.17596947794945 31.89509437291622
75 118.95168303075236 32.26744439569701
76 118.65951527281665 32.21946261176747
77 118.61000184151226 31.877406891326004
78 118.72296881997771 31.601747824586376
79 119.0325611585377 32.22715656333524
80 118.8280743199845 31.79548201655805
81 118.88681562375845 32.06561042040162
82 118.91893065941953 31.60685158829577
83 118.63887676764165 32.11359227324745
84 118.72559035262246 31.923126292427387
85 118.69987252366717 31.99157569396674
86 119.14414704733923 31.93203579499467
87 118.5169630816202 31.877314866826598
88 119.17500156725063 32.037290092046035
89 118.62438878347874 32.38399618931802
90 118.8646458148386 31.70643286143911
91 118.69687040881082 31.86095416262485
92 118.70464187687331 31.632036644726956
93 119.0377921222163 32.19123280890857
94 118.9978864556169 32.1212108809314
95 119.03574964411645 31.76514754907585
96 118.6187986161216 31.912526717705756
97 118.64806054628731 32.14045386513753
98 119.02208183361196 32.12984769406767
99 118.58880872796276 31.746608222772487
100 119.10000133987157 32.30375602618235
101 119.12257705694047 32.22564887965472
102 118.8511283758578 31.68213519103082
103 118.9794264521714 32.297077981399376
104 118.73201687104668 32.20053975360545
105 118.96641884361517 32.250680966428625
106 118.528289630975 32.0377029122446
107 118.67710048826095 31.77894760785117
108 118.79882124290587 32.347223610903875
109 118.8728936787715 32.06830122579638
110 119.1941683484269 31.871557710196527
111 119.20995196615782 31.834710978470795
112 118.593114415784 32.30507270559508
113 118.69427137595305 31.947221254041395
114 118.55432827706568 32.034361686850204
115 118.72883731304782 32.099930019405555
116 119.15473855837963 32.27311958310871
117 118.9087664836937 32.09444199204577
118 118.53702431785148 31.742988453507525
119 118.86975953682823 32.074263307354634
120 119.16660368553164 31.995887960308806
121 119.18783877523364 32.04981467626707
122 119.14261274551761 32.171533380197545
123 119.03731264091786 31.790749540924455
124 118.6611890847057 31.757420893252075
125 119.13051699237006 31.694185194824033
126 118.72313411940198 31.830509988986563
127 119.12113390799685 31.60260201013769
128 118.51909430082809 32.09032562559528
129 118.5440175449019 31.83906258278745
130 119.06624682315936 31.753394956745048
131 118.55371886780486 31.67055543649872
132 118.8042923535649 31.81640875631933
133 118.73321603621952 31.76726003198568
134 118.68330993687123 31.83619760897887
135 118.7530630469593 31.958245359756916
136 118.84314645165941 32.032852531938595
137 119.11414956867768 32.26273909182526
138 118.94224012958966 32.38840024685276
139 119.13024788794475 31.638308128344786
140 119.09915271826475 31.79910761692659
141 118.59900053906809 32.107394015629154
142 118.77628879730453 31.751512390060494
143 118.85887564757535 32.29982197397212
144 118.68175527104015 31.767771907778492
145 118.8864607198281 32.177250934046114
146 119.19192483231778 32.1016957389611
147 118.63581225785725 32.22920715217092
148 119.05623919972679 31.647337243304246
149 119.20496049950395 31.78044321456524
150 118.67792057354536 32.161655146564804
151 119.11375165279266 31.688169464173946
152 118.62013872401106 31.626651028382295
153 119.15400869763421 31.88422806811395
154 118.69363351149734 32.08132900700167
155 118.68676058921965 31.61978975086955
156 119.1283165926516 31.669482311171077
157 118.69291963058193 31.633456636105848
158 118.64085559416714 31.92445563724917
159 118.72859063556575 32.14456845122565
160 118.98795007555164 31.76958821955091
161 118.5141491562536 32.29019742944581
162 118.61715522514346 31.954127326468328
163 118.58102200424119 32.0915745033038
164 118.8592963654841 31.82803964694174
165 118.52780777358953 32.10464960418757
166 119.14643096465463 32.384496806899826
167 118.8339003834 31.968229442178277
168 118.92089943635762 31.77003263323633
169 118.6587048895163 31.93935653042542
170 118.98146996096321 31.948968690354615
171 118.5032739233979 32.01248085832844
172 118.55981742031709 32.00789274715669
173 119.14130335184554 31.631058145447593
174 118.62559154824714 31.718405143740803
175 118.83498789051556 31.948780411747865
176 118.88335274990077 32.16696413320119
177 118.62343617477273 32.22681886540983
178 118.91054889670936 32.20819685785165
179 118.68356637703891 32.01889441044602
180 118.96114868071584 32.37175290742202
181 118.69562814073464 31.84442054469066
182 118.78353426670466 31.975372133730776
183 118.84227117524844 32.227078010467984
184 118.51375562935533 32.26258112531182
185 118.58786824380132 31.91190054086282
186 118.53892503021787 32.29245209942361
187 118.80216291589034 31.97152071556393
188 118.8821478920797 32.18243958404595
189 119.191040962621 31.608472107421946
190 118.7539968535383 31.613394011695515
191 118.62368233372602 32.33198941016046
192 119.1733276479989 31.695378491350255
193 118.87790352994888 32.15197260185267
194 119.15735072179554 31.828541899853196
195 118.73889847749302 31.76092368846555
196 118.55656950024603 31.90198264327647
197 118.839712960127 32.347595205389844
198 119.209236221669 32.05933106393018
199 118.54307534161592 32.33378941351093
200 118.85241530559612 32.16391684703896
201 119.08481427961632 31.97411208147308
202 118.65138754701287 31.99244930637421
203 119.0566405300515 31.78342658942258
204 118.5381982695039 31.609926489524508
205 118.71944574819437 31.929871319026557
206 118.62750892734103 32.02916695616561
207 119.1665211472862 32.30134583989677
208 118.93251989785962 32.128401732751854
209 118.70309318199466 32.264698212312005
210 119.14466902935044 32.327332779421326
211 118.89594576316016 32.34575932628956
212 118.7631551968489 32.24519206607542
213 118.98559416128293 31.703686432430406
214 118.95382826312138 31.88045704325955
215 119.18584466742956 31.74670349962698
216 118.52458230957042 32.295031532874106
217 119.10240259747837 32.22802354283464
218 118.96407419758822 31.882293273970976
219 118.60863637108564 32.047350822129836
220 118.7772764990039 32.25401098709895
221 118.52104232862733 32.28434658773619
222 119.10058761094915 31.75882433086134
223 118.5705706262066 32.18607339215853
224 118.64552877246422 32.247885268135974
225 118.99281479094535 31.653508675620397
226 119.03486491813848 31.689332673427316
227 118.69205045279364 31.93804763457127
228 118.61470842283097 31.775411126924556
229 118.51980926260285 32.29826220733863
230 118.54567526549904 32.172210326955266
231 119.1184211730021 32.17205682352796
232 118.63511048898562 32.22470702136444
233 118.78892905081806 31.8623014922706
234 119.046822274157 31.78829334013715
235 119.18024248908623 32.0915894927706
236 119.11752618445817 31.918547954886044
237 119.1157179242794 32.327029286464274
238 119.07304068318038 32.1247627284387
239 118.74224352225838 31.907003134380027
240 118.9503803474645 32.26321241413435
241 119.00715788629938 31.91167940188044
242 118.80131602970616 31.73990836517262
243 118.93397382575426 32.217547149119014
244 119.18067930386292 31.98991988764212
245 118.72976959157667 31.80338868813283
246 119.14734560640159 32.155077697968935
247 119.20097589276966 32.38598864797747
248 118.90753012512324 31.79722896248489
249 119.14250973620089 32.23138967575945
250 119.0075726111927 32.21009170538232
251 118.9944666130433 31.686161097314066
252 118.58535343570915 32.27388685249949
253 119.0212653796817 31.982787812819197
254 118.6189184769383 31.687808834810845
255 119.02488844312957 32.032006247300686
256 118.52755684822864 31.862441643147704
257 119.1188386007299 31.730397009249216
258 118.63083270148971 31.664542718420858
259 119.09274927574118 31.748902498151658
260 119.11900814122014 31.947807729209572
261 118.57351302436763 32.113955776866455
262 118.56191841214311 31.675843806975756
263 119.16070261438989 32.16021961718473
264 119.18622137251876 31.668529342972978
265 118.5500421911492 31.742499798698216
266 118.92357191559381 32.18122960745966
267 118.76622623778482 32.29738802273938
268 118.53963511139222 32.368624684687916
269 119.09911670496938 32.146550051176156
270 118.97716196288359 31.97170736983524
271 118.55278447778922 31.681876244587468
272 118.8144978919735 32.054742750177866
273 118.78515128273098 31.721490865328207
274 119.19218336023053 32.00947697979879
275 119.19346495079668 32.086641487773285
276 118.6678613948428 32.27771560807552
277 119.03209033270961 31.858085772180257
278 118.95472179317603 32.38025058045699
279 118.81191230020629 32.373411798534725
280 118.89367912013356 32.2717118653751
281 118.76973448556959 32.166220537026575
282 118.54634346914504 32.181874842282554
283 119.03474903176966 32.310653567940726
284 119.05370670895086 32.35210357778777
285 119.1459908779523 32.27395264597824
286 118.84545676370266 32.1160257858588
287 118.54934646240254 31.683674614356775
288 119.16230973290644 32.10816116483604
289 118.68569021620678 31.87870312717055
290 118.58844880742475 31.713923682921646
291 118.58482541826314 32.30742674433392
292 118.92331102348486 32.267834056654536
293 118.7684979751127 31.996445822097513
294 118.96758996885565 31.974204754623404
295 118.54437047522364 31.9946297969193
296 118.5158551494859 31.811663186156306
297 119.17459858367698 31.91228626374378
298 118.55956178203289 31.952876407542735
299 118.73064828549896 31.60714039425354
300 118.51897811592691 32.3158935814539
301 119.12663214122432 31.630199488904037
302 119.10334718793982 31.907314329941578
303 118.89543063719782 31.690240203343418
304 118.59741287528485 31.768022638918225
305 119.07418025874044 32.3579350975739
306 118.5459592380704 31.897684344382082
307 118.8272700146573 32.161116944190766
308 118.72062945315878 31.691150156888728
309 119.19926848785634 31.78164161526305
310 119.17446993435156 32.29564286777513
311 119.07490057291962 32.310772874588736
312 118.81857136958445 31.796968015360623
313 118.84889765840434 32.369592331767144
314 118.89107266045202 32.14068029463714
315 118.89294425441065 32.01136072536257
316 118.61995578660382 31.880941759912485
317 118.6784152259672 31.882825173022027
318 119.00448796514945 32.362398843523124
319 119.09308991083479 32.16832124655324
320 119.16934378053712 32.01246027521864
321 119.03446098893328 31.633110932031038
322 118.90112925310315 31.796611802497274
323 118.55153932837656 32.3442814774149
324 118.553954019712 32.028970538820765
325 118.63003425810759 31.881901615808143
326 118.99112751078323 31.637079167525858
327 118.70411394595979 31.811351045036734
328 118.78644430095565 31.80669725796505
329 118.61120523480649 31.735827619128745
330 118.66312808816053 31.879615898318686
331 118.77295230325214 31.75576589860445
332 118.94598269379388 31.659917008778752
333 119.19909114615866 31.69931584412546
334 118.60235400242897 31.98578285000418
335 118.72143943456979 31.652478671816077
336 119.1906538717018 32.34580030034503
337 119.12022751274569 31.763345911225482
338 119.17823026091834 31.994739788889735
339 118.85772437656072 31.925052931154216
340 118.6547759950944 31.841270675131966
341 118.65151911978772 31.869093117524592
342 119.06793599125959 31.791569429690362
343 119.15834940384522 31.816477679450934
344 118.93417172282328 31.7041358659343
345 118.97337908130598 32.16544834769522
346 119.13741649620924 32.08665994142001
347 118.67973457942298 31.838490026156485
348 118.91232462431283 32.320192121598836
349 118.89016716968402 31.90681578702286
350 119.13885044207485 32.09293053927775
351 118.72844876976751 32.002818605395355
352 118.60048664990036 31.864037555748517
353 118.58383326074328 32.31578603054673
354 118.68174678660607 32.28200031926863
355 118.56065858509895 32.27606135808138
356 118.72984183418023 32.38550316783546
357 118.89086723242518 31.627075196091482
358 118.79956163531597 31.988330633130843
359 118.94253318314294 32.36602157914662
360 118.85627200761536 31.708182008668654
361 119.02349729299165 31.81496081114966
362 118.81650370540642 32.01064634853646
363 119.0541930542449 32.118120621149814
364 118.81228408057717 31.874330081594525
365 119.02050099612275 31.840396563325854
366 119.01341586714099 32.225830507377374
367 119.10287087323933 31.610973684869773
368 118.61584245937435 32.24163097092273
369 119.0106083394144 31.929522177263177
370 118.48402639768665 32.10342375580768
371 118.77897692859766 32.15796597101076
372 118.9068179786211 31.681487445991788
373 118.51375405538103 32.335107187439775
374 118.54218837954518 32.24410604899108
375 118.65091534173902 31.880305016850652
376 118.77941989126141 31.74092486021337
377 118.99594481225822 31.65187757235832
378 118.63599500986143 31.844558686355878
379 118.77806956147892 32.17897354806
380 119.1337334739796 32.28552023113861
381 118.74280546347771 31.84117126315024
382 119.04562659869174 31.78411433062722
383 118.9040627120479 31.85800760330498
384 118.53970026926491 32.373260566733066
385 119.17666982832671 31.67611387714619
386 118.5826700760262 31.746397899340014
387 118.75121802121093 32.15114359571921
388 119.18835019934886 31.710122165248762
389 118.68495315268319 31.787575026303976
390 119.1439222585575 32.2591541477782
391 118.96390313437107 31.85028517186513
392 118.62828890596585 32.07818254086093
393 118.59999861610986 32.039551176901796
394 119.17521096286124 31.82527035630562
395 118.82192504303246 31.801220718383277
396 119.03102285636571 31.801537277439184
397 118.60722354651283 32.30043415293215
398 118.85137973987719 31.60806423260168
399 118.56768277554337 31.69131478132142
400 118.82928344934844 31.875303579850648
401 118.50262042294806 31.76582213694813
402 118.52004472044702 32.042257975600684
403 119.13363677411458 32.026628524106485
404 119.11205318208548 31.99870981302316
405 119.0293189181715 31.84416512126546
406 118.85114175707864 32.01386925807636
407 118.63573581034649 32.222939276794214
408 118.99565053506815 32.24265580052213
409 118.65533765159012 32.02976609299272
410 118.5380300396607 32.23768616668411
411 118.71797739358954 31.664425513953972
412 118.90739389720983 31.734762241616714
413 118.90133311992152 32.19923824191748
414 119.07929432090927 31.910554264103823
415 118.76569234616254 31.849081012768178
416 118.61062038776736 32.05612668029591
417 118.54062925489924 31.91074890103592
418 118.64354676771238 32.3309378412069
419 119.15613173568097 31.910967988300165
420 118.51141445473813 32.26068069930786
421 118.93372323116189 32.08648548539991
422 118.81577689012808 32.32470704419131
423 118.63714963017479 31.98984553076702
424 119.00254462055184 32.37581256939428
425 118.90586043402516 32.05191458292293
426 118.56129982682263 31.63201789598688
427 118.97212492007108 32.18147590610942
428 118.54151859028588 32.30057972840768
429 118.65631384225945 31.66123123481329
430 118.89152834578752 32.367370820190935
431 119.01090437461566 32.06067367315369
432 118.88775876226832 32.20321360988641
433 119.11030815042344 31.775940608978928
434 118.98165577878291 32.34115230699907
435 119.17374932577034 32.11883571241075
436 118.67683222579316 32.03371198975005
437 119.18262791999042 32.375820208799716
438 118.65385649757968 32.05072961669794
439 118.64089072948894 32.01268489121981
440 118.61420866716739 31.633677844551343
441 118.57617892097477 32.042711856767234
442 118.94096298322046 32.2033971830064
443 118.49485357412163 31.896309766367814
444 119.07550994963239 32.14187485823452
445 118.93886790422093 32.03851996154211
446 118.71762726789383 31.76648501788189
447 119.11673015988637 32.03073876589598
448 119.09483679506134 31.98549663563604
449 118.93044572471017 31.8579016833199
450 118.54017029892421 32.12944149599798
451 119.1945729305751 31.662392280383433
452 118.91497223972094 31.889679711854132
453 119.13456583676307 31.957517583864615
454 118.60345941663651 32.39083427760676
455 118.51572463761896 32.164207929441275
456 118.70935904673856 32.09706262092679
457 119.05334895779757 31.731397216716598
458 119.07393110571563 31.958045272833328
459 119.1231199785146 31.896710567573095
460 118.72126086278985 32.350663692654315
461 119.05784363278005 31.953535534257213
462 118.5922184723098 32.277267277379224
463 118.876995744761 32.1369528365618
464 118.53804904891403 32.28338491023228
465 119.00420720288191 31.592509156154307
466 118.74925967550944 32.35293766081122
467 118.57235607143436 32.36803662990702
468 118.96430574402561 31.71359474623772
469 118.77822360421602 31.643811201023727
470 118.71412852925656 31.869874676125498
471 118.74165157785276 32.047482237793446
472 119.04808174237905 32.02110214124024
473 118.78512746998668 31.960566074989632
474 119.12228892999244 32.32285352672574
475 118.61305704600083 32.04253200204894
476 118.78661646639569 32.342879818971305
477 119.12237599616117 32.052691933548054
478 118.91542564453884 31.74467629195954
479 119.00423182736981 32.397246221800856
480 119.08018513257052 32.39258476109873
481 118.86073327111129 31.958106016426186
482 118.60236158254641 32.19756026471314
483 118.7140434597739 32.128272083538015
484 118.65804480671537 31.736730588211277
485 118.62107066707426 32.06919049025996
486 118.9179912321526 32.11083723136742
487 118.64339133047324 32.067479771777045
488 119.08114779646512 32.02979698273445
489 118.81065428251416 32.06580789268179
490 119.07440963820305 32.1716134921682
491 119.09331294727603 32.2224255704227
492 118.99009521604015 31.67929450537317
493 119.0520859416806 32.3277450516441
494 119.06679536804432 31.985337644697264
495 118.92293809752766 32.14612432638015
496 118.71559245759136 31.903424855237056
497 118.79023664103063 31.65187898997997
498 118.72003484620271 32.12364962637011
499 118.8225580040886 31.894136855672695
500 118.76731648250248 32.033664018358344
501 118.74131285097653 31.805028666593238
502 118.56309502171014 31.767281295378364
503 118.7864990264849 31.81552622689775
504 118.5790363145834 32.295284097832024
505 118.7504731795562 32.34566497659532
506 118.59145082906853 32.37052359398511
507 118.75475703187027 31.936856877592074
508 118.88490956325609 32.23417000884544
509 118.54264584950377 31.742611264257285
510 118.66175876077273 32.19003824336001
511 118.7859714192993 31.936620698056647
512 118.68678615780094 32.27375437434982
513 118.88562383271069 31.768091644874808
514 119.08104326077424 32.24965217541093
515 119.04766423200044 31.659626362040854
516 118.67935910773436 32.2946040897455
517 118.64058008142264 31.93613122754007
518 118.88498027873918 31.721899916148104
519 118.77848097964048 31.835353568639526
520 118.53482258964611 32.17394816847648
521 118.6512309463805 31.952084653912202
522 119.17067251117673 31.785658602280012
523 119.15790846319466 31.81244963060273
524 118.75558091887929 32.14511997203631
525 118.51734452360772 32.120750168062536
526 119.04879961770072 31.648764097731327
527 118.6857343233887 32.26597509843846
528 118.51755625005273 31.700051132100636
529 118.68873850085426 31.781856805315496
530 118.58942458728386 31.622160241214132
531 119.1207186356258 32.028444663461016
532 118.63508651911303 32.28662130472891
533 119.01921213135088 32.34650262265326
534 118.59327771180371 31.9602110515426
535 118.55390039161028 31.69391880272516
536 118.78126713947485 31.994764892619223
537 118.93767293086016 31.830847001582832
538 118.87840628412768 31.84523734214326
539 119.06944196640644 31.776925338219485
540 118.79351640861762 32.35309464367945
541 118.92492392577503 31.91858682164099
542 118.54192980770284 31.596484897897668
543 119.02186813309098 32.0009602428619
544 118.98580783746606 32.144986082298715
545 119.06052804685852 32.252364902020766
546 118.57289744498102 32.20009861253355
547 118.81012838936611 32.16026781611465
548 118.96091491193822 31.76909662295513
549 118.49616264397257 31.86155000679437
550 119.1036321232186 31.953474667414117
551 119.0659361852207 31.724292730168976
552 118.86239638879543 31.94752735846042
553 118.73818063662105 31.677054248900344
554 118.99750892072484 31.666462675135584
555 119.11971490000501 32.26542408233003
556 118.84976700585895 31.72162738015005
557 119.12868414428631 31.96520579137869
558 118.59602985537552 32.085274395707145
559 118.72780366031172 32.35856145397182
560 118.98744024487206 31.84537773440805
561 118.76048289103763 31.753547020467607
562 118.86285208891198 32.294590318435944
563 118.96168994425004 31.834222028049133
564 118.91114315598287 31.828239642945302
565 118.81614123981625 31.722708331305075
566 118.6197718073229 31.959213274913402
567 118.77887917131089 31.766555924798812
568 118.6520075272609 31.900562826256976
569 119.04668797958188 31.863318469925403
570 119.05383509233218 32.10808504012228
571 118.64730420655616 31.952647211830477
572 118.91205833594104 32.12871275889858
573 118.99144237062464 31.840025970081328
574 118.81794831056983 31.88763539650822
575 118.54522248983456 32.3814158097017
576 118.98097450748539 31.788898433128445
577 118.55175755706885 32.20355348384864
578 118.96796277558809 32.157699721694534
579 118.57620397465203 32.10046057171127
580 118.9418647637597 31.69306852393383
581 118.69071758238873 31.579982986121788
582 118.75952066374752 32.19309293055813
583 119.18734583956292 31.656275539225675
584 119.1578001278536 31.803461463456948
585 118.89573542901795 32.381368225289854
586 118.95607108475933 32.372767460188356
587 119.06990842818722 32.345756132083054
588 119.00112312865458 32.047542507709586
589 118.59087305327952 31.961013694012138
590 118.79457731587728 31.96641777748374
591 119.08273792660208 31.86498537821836
592 119.01164983740796 32.38808497616388
593 118.62301211478865 32.24657731776721
594 119.10307590633887 32.41087986038255
595 118.93191218382687 31.84416845139565
596 118.70472194015926 32.06741531337553
597 118.52792094866669 32.13017418292545
598 119.02766168884513 31.912451611725977
599 118.8104326521049 32.07061866387321
600 119.18539961021858 31.7363338225907
601 118.67575268238643 31.84401754850238
602 118.55410401495465 31.7190610971521
603 118.65209882765146 32.09387205771311
604 118.78971312071903 31.873608455395978
605 118.51598352019573 31.936024909356814
606 118.74327807098021 31.89692075118463
607 118.66253594978365 31.649841893157575
608 119.17393012764933 32.32649541768028
609 118.63223149090435 32.16344919098701
610 119.11512866282384 31.85340312957069
611 118.59342955459607 32.30685048834251
612 118.90378489210396 32.159303864217534
613 118.94398767723077 32.381149339525436
614 118.88563904748533 31.98813098786277
615 119.16846781510127 31.699231201857796
616 118.80578108806826 31.68728676747282
617 118.94075655661905 32.1960764540652
618 119.11096900105935 32.05068182152656
619 118.66337462923158 31.774273571790815
620 118.8618351474536 32.019951332527235
621 119.1800919086607 32.01803278425228
622 119.03793121302638 32.30039352403142
623 119.01503329519593 31.633460942122728
624 118.7814282474554 31.689894596373836
625 119.10623149206965 31.942562089729112
626 119.07062873728161 31.70767258529891
627 118.79926252153415 32.38102061826536
628 118.89513895768322 31.765216297000396
629 118.96512510526122 32.097208681661705
630 119.03692110835335 31.951684719633164
631 118.81580751093166 32.2262007362736
632 118.74583963242614 31.62932054286231
633 118.6038337334963 31.853559545405496
634 119.0196517074669 31.991926985009048
635 119.03523943860209 31.69430072126829
636 118.61822179725797 32.087538093245094
637 119.11194582635063 32.01614568407385
638 118.60629407292608 32.263563607196716
639 119.076226087219 31.96132063135938
640 118.60576185986162 31.846463826023253
641 118.94347493846276 31.83442740237735
642 118.86976107834617 31.803898832327704
643 118.59911686863984 32.34054175416835
644 119.0119471312739 32.232539642793434
645 119.02458045557285 31.879371286944625
646 119.12247695649057 31.95258801881898
647 118.8341072422082 31.6739325749332
648 118.88111589202845 32.074835719872105
649 118.95094908150817 32.19180783745366
650 119.11374307650907 31.79620635719808
651 118.78979597250124 31.97532330201092
652 118.96991434022189 32.131274587285
653 118.9179209402835 31.970028705185026
654 118.6371479295038 32.031864136414654
655 118.97884087770186 31.754419396185074
656 119.09463250594538 32.224689348690575
657 118.81902971686846 31.688219039196852
658 119.17437285434289 31.98357246930717
659 118.88162221172354 31.848108047251714
660 119.12769287901628 31.687442232056608
661 119.0273800932826 32.29316216445024
662 118.77562270335851 31.749359829123964
663 118.72570439610843 31.973987205956824
664 118.75612965405045 32.101277332945834
665 118.74452721416709 31.831954856262872
666 118.52584635997523 31.985556277862056
667 118.50389288957696 32.0137578196166
668 118.78850671042746 31.94360358587837
669 118.63939337336073 31.88685730040377
670 119.09857028190932 31.79176453847471
671 119.17472755354069 32.33036686377344
672 118.71328988544646 31.99472407609485
673 119.02745174791642 32.16114125159637
674 118.7536670554371 32.01131162227504
675 119.10753767870564 31.837161101554926
676 118.82303966501563 31.996427403895904
677 119.15359897404787 32.25155692653485
678 118.98368305928189 32.29092752347646
679 118.58174473049519 32.34267181387714
680 118.59828263865444 31.78551322945157
681 118.80220159612382 31.87081975001948
682 118.9149873779771 31.691887825101492
683 118.86836610218617 32.4016728852722
684 119.11870494568886 32.11800673118949
685 118.51805277423489 32.16610832180637
686 118.58040978717708 31.953936850345457
687 118.70945174545061 31.810530053830504
688 119.10040189342631 31.929781653693595
689 118.49592251522695 31.846948756747306
690 118.88120695388264 32.023418664255736
691 118.5045869698335 32.247533684791634
692 118.88393723956055 32.263758240778905
693 118.83922718869566 31.84601254347018
694 118.5832062113055 31.74194387072547
695 118.91775022611978 32.19481747616915
696 118.92695397364379 31.930214692266603
697 118.8211032640781 31.744952699345564
698 119.04467714536324 32.10847720262475
699 118.54963925504767 31.680797323079062
700 118.735540872528 31.68195021179775
701 118.84429667453809 31.605483487087085
702 118.71855414652673 31.75183630646391
703 118.58276421892322 31.970150950150956
704 118.57809805747803 31.74609748369005
705 119.04193169741178 31.637946561735074
706 118.67832618764261 31.997005340486027
707 118.95531752225395 32.31423056032433
708 119.09855286913391 31.595859791779954
709 118.71110253014103 31.791055613685817
710 118.62834649839786 32.340799631317
711 118.89660348202196 32.1154324144358
712 119.08188384398534 32.25512835675856
713 118.76365725066638 32.32333548638591
714 119.0861114421023 31.784169127303223
715 119.19419510415509 32.205327126280004
716 118.97482664990055 31.816136120943376
717 119.12060030556952 32.34167229357868
718 118.56063293315879 32.36224350676032
719 118.7821409525961 31.72701380643904
720 119.11436399179996 32.26939109324612
721 119.01314650368188 31.656240745206606
722 118.5752954386025 32.08679569042388
723 118.67256768911984 31.984951148349523
724 118.72145023466568 32.062651434305224
725 118.95607814034392 32.19984242144509
726 119.01674077519218 32.30734434976077
727 118.83939896237094 31.99627822837786
728 118.51830317025302 31.653461736413192
729 119.13590919558887 32.34491384555299
730 119.15610800011432 31.64374177080391
731 118.73234831493271 32.24262751986864
732 119.06764565255233 31.7206687895789
733 118.85979373357625 32.32883631019925
734 118.83588768808306 32.09129323258832
735 119.1638521274726 31.84626247705993
736 118.50553953678383 32.28790285279137
737 118.79367295464374 31.72977933591303
738 118.64393764796925 31.775334826434637
739 118.82502069968369 31.84380530733415
740 118.80665580378998 31.919501494146818
741 118.62432092664478 31.788833742075234
742 118.90484864768315 32.32412431515315
743 118.772281834333 31.966128611309383
744 119.13510852341135 32.36101815914882
745 119.14617726635852 31.825363979673224
746 118.7678388399796 31.973316266650325
747 119.0317357922893 32.26317115578815
748 118.93772421761615 32.390133511945564
749 118.76222869313735 31.966528768358195
750 118.68564028420859 31.984650036862536
751 119.14586488097498 32.364595412639154
752 118.64459495418316 31.945790952905586
753 119.03618916456524 31.94981106974776
754 119.03818143418708 32.37945475336021
755 118.62746032851273 31.99664407080688
756 118.76220815379581 31.695218707573183
757 118.79994757277578 32.35367210694088
758 118.85581561859863 31.983591726676355
759 118.92388189230607 31.882448318716957
760 118.75437313194968 32.322284934174284
761 118.92628231501203 31.60926623853841
762 118.80110683450627 32.35482232795861
763 119.16545481607035 31.671260786008837
764 118.96927787064253 31.655794374124213
765 118.87146630407953 32.32752823749347
766 118.90052519328077 31.967549620480618
767 118.58157930435995 31.739413179693326
768 118.68727105408291 32.38359327349086
769 118.99262454422426 31.855418267816898
770 119.20842648834534 32.34567777889862
771 118.72350949045133 31.966903266491016
772 119.2070004150756 31.916616500659217
773 118.74918148503811 32.056642062029056
774 118.81628717061969 32.32428535490738
775 119.17966132211474 32.383510622708286
776 119.07224961653195 32.14607182890507
777 118.87897185655265 31.910196928209817
778 119.18018948615773 32.257183563379655
779 119.19838459491955 32.33741843097392
780 118.60890510428284 32.0504286894433
781 119.04172169404723 32.174793116289955
782 118.68717943256557 32.30510840286011
783 118.71410949187319 32.14935337520628
784 118.80731660505614 32.09623789740652
785 118.82924119948356 31.900469831103038
786 118.59893735074567 32.0823896949505
787 119.02856443696615 31.776945198372292
788 118.50807605614665 31.715009362383796
789 119.19235920260566 31.804284992323822
790 118.6745383068531 31.958787940436903
791 118.98787017858454 31.868444985741977
792 118.86966937734572 32.177152065771196
793 119.08808478344861 31.90812257869229
794 118.63694899242243 31.973982328617442
795 118.52256946130646 31.81678901270991
796 118.62763977232127 31.65333757061443
797 118.97321188399064 32.16800954231772
798 119.06051045117587 31.78070906350714
799 118.60774845987541 31.984218232059266
800 118.91465203491097 32.07721059670427
801 118.51591355838956 32.14357409158813
802 119.07002424077774 31.9420162619006
803 118.57512216536367 31.808181456876987
804 118.6192101542307 32.31008840829727
805 118.95080469479286 32.12795973936635
806 118.82828630725244 31.802825724773033
807 118.70587046401508 32.227253074538126
808 119.16139857510825 32.03258362275369
809 118.86790940563299 31.952401901630875
810 118.61844751283584 31.697262019554824
811 118.79065152848395 31.77771448793926
812 119.00730357583674 31.697349655160828
813 118.82818830109152 32.14476584806744
814 118.5838770245712 32.17672709968835
815 118.6102766723189 31.968110160124837
816 118.67167251692814 31.635018114774407
817 118.87782955121767 31.733115837524984
818 118.9352662204582 32.34763845889902
819 118.84109882713761 32.308370403975246
820 118.64560356756719 31.915702953015135
821 118.74632447606436 31.704122060407414
822 119.12322103358291 31.95489511646693
823 118.66836614913082 31.94197839562769
824 118.97461902805028 31.61308058465004
825 118.75865166276319 32.176798263598116
826 119.19617325376053 32.13341775053564
827 118.497630143894 32.0431327857473
828 118.71006596666818 32.243156648318475
829 119.0499205855057 32.26048084681154
830 118.53071758847376 31.75741458808029
831 118.77814299011163 31.66709102347473
832 119.17405539886371 31.900071607433436
833 118.97573773233069 32.28880978744756
834 118.58867778254603 32.21292778839665
835 118.56681357398422 31.795737017246463
836 119.16344245305268 32.208885204622014
837 119.13173419745334 32.0654500827358
838 118.63573402317532 31.81770683469009
839 119.11538707826716 32.16728343075685
840 119.00958970008968 31.841014882243798
841 118.78094756961214 31.857298796674485
842 118.66284948108515 31.77315339199881
843 118.59956095224317 32.05855869458416
844 118.65233815407178 31.974921795213245
845 118.8407932109245 32.09415458693078
846 118.53202483287433 31.62951502880417
847 118.92980865932256 31.924245841935424
848 118.91795896318872 31.63615615673423
849 118.94268819660316 31.85223270198393
850 119.07623370279015 31.673638382889177
851 118.54785210549845 32.038554450608885
852 119.18044964522196 32.3387498283513
853 118.82360299343289 32.28020502138862
854 118.83614773227947 31.991262057932364
855 118.60628825603686 31.891815087110597
856 118.96217885233587 31.62075721155723
857 119.12385845664103 32.12646318340642
858 118.55096846988937 31.837233499096623
859 118.7100505747078 31.937089641504777
860 119.04950037127365 32.09300928505808
861 118.51853091290165 31.750841773068604
862 118.89892758078817 32.03810034679188
863 118.66716574084452 31.97404271740367
864 118.86468759414483 31.91132878361452
865 118.60835744708122 32.28103977089178
866 118.74023155864292 32.202893350557495
867 118.74010113854276 31.70847066314754
868 118.77437478991915 32.32188720061903
869 119.16732301509359 31.59359101408324
870 118.59856159868283 31.78462144752395
871 118.67593843676437 31.71097374198227
872 118.97452414410547 31.86687434187617
873 118.75061251977783 31.68930926419885
874 119.15027233198617 31.823723153668467
875 118.74910756078003 31.90560897839637
876 119.16394123732054 31.983555888536173
877 118.6044226337807 31.83101848482824
878 118.81794744331033 31.653317030603887
879 118.85956573060629 32.007629006530756
880 118.91505561661023 32.087570013639024
881 118.7725059328545 32.114091453834874
882 118.86192168716157 31.607205221286257
883 118.66268804858402 31.685340428869694
884 118.6627390157056 32.14122860743634
885 118.56857228316146 31.71048077204109
886 118.87244060422724 31.679461907511865
887 118.84106797803089 31.951721883335654
888 119.20278849191236 31.901072237326805
889 119.05967137547968 32.122035416977106
890 118.98825883341294 31.62228260772258
891 118.70792262209953 31.80250436766035
892 118.66837535562537 31.811259235126457
893 118.98087868278135 31.8694081145731
894 118.64710088948054 31.610358976799855
895 118.54048454110314 32.029869640544604
896 118.70751299473139 31.59994037334737
897 118.87694173988356 31.84283824937629
898 118.62951780212332 32.323861264690706
899 118.57596508424092 31.72304680179852
900 119.11904075092538 32.129684723527774
901 118.83877131837706 31.987092807522778
902 118.5119524541886 32.3366337855319
903 118.66796191821314 31.946702547876345
904 118.54423681580016 31.74512542410325
905 118.6791018041359 32.40108281007189
906 118.80391237203703 32.17898520728836
907 118.59137707107293 31.697476788644632
908 119.14252956424144 32.028075385897885
909 118.84723744738561 31.859872187422443
910 119.0929238229001 32.29947090595194
911 119.0695150471876 31.737298120196844
912 118.5924474905195 32.11258123049973
913 118.55025892250711 32.3640609799364
914 118.90105659920934 32.346756594945276
915 118.51617415598396 32.3308718555848
916 119.06102230083222 32.12361115934232
917 118.71915454515874 31.859500560016045
918 119.01266444245962 31.657184858844
919 118.62921276820627 31.74045611984565
920 118.7117766454268 32.31476554324351
921 118.94246581904956 32.172977145852364
922 118.66045982663748 31.666938172588495
923 118.65974229476902 32.37741847750288
924 118.74675862835295 32.00255681113388
925 118.5194384072208 31.751571193925262
926 118.97827972222063 31.977049752768398
927 118.57670120652259 31.940154289790904
928 118.65236188046643 31.780338316813772
929 118.54857061629163 32.09708725300804
930 118.81404796177539 32.01433557829123
931 118.68543231466283 31.810178331814274
932 118.85733569672139 32.21852742918494
933 118.95994976693181 32.031046790969135
934 118.64751418080782 31.879387369552447
935 118.73456349707901 31.726043234034904
936 118.89195811864433 32.00701006058504
937 118.67842995422556 31.717443694355865
938 119.126238441297 32.31520693365363
939 118.53993087113678 32.01118607392927
940 118.59888475792322 32.334769754777675
941 118.71236604645014 31.85703224950097
942 118.94987541789955 31.955936365361254
943 118.55586367742113 32.03371530319164
944 119.13693696452394 32.309164099524565
945 119.13615057459168 31.700413244713296
946 118.96493960016409 31.91387360121538
947 118.7562000206784 31.67812397609987
948 118.68306893297452 32.34611385456157
949 118.72981390010801 32.260974898203386
950 119.12737299178454 31.926326505218597
951 118.86222352396544 32.130466439469934
952 119.15883912876471 32.0497099931873
953 118.8361564605845 32.079541300275515
954 118.64880955512929 32.253393232750234
955 118.57809008183958 32.37525119427472
956 118.97748110839387 31.663668179182434
957 118.71061804754666 32.06191838959504
958 118.9552489304803 32.32895098643946
959 119.15883409184433 31.930976591519173
960 118.51706062431575 31.794740839816424
961 118.56733390279985 31.69339884317829
962 118.72619023906712 32.108163728971945
963 118.72003834997743 31.760857303116342
964 118.7669696658901 31.896123251814778
965 118.81857970240233 31.907212167160264
966 118.79616676706705 32.093320519340914
967 118.55940421601368 32.36344144532594
968 118.7245940018043 32.39587499405536
969 118.59693748317052 31.833797624670726
970 118.63316610403494 31.81560220485225
971 118.91124759277211 32.18918050082431
972 118.52555578596531 32.162634336901334
973 118.69131510856691 31.8250782181495
974 118.92334520974423 32.35051890414364
975 118.70009673964373 32.24076969551982
976 118.84704094401032 31.751881894170584
977 118.81100092156616 32.005077046659636
978 118.93947768485361 31.66661209578213
979 119.08488346910013 32.03471572356657
980 118.6954017065111 32.04871786204093
981 119.13735247261724 31.756381093148224
982 118.96224049597772 31.663966404871815
983 118.78079429559077 31.73407504288708
984 119.0732671231142 32.01306872193406
985 118.79343492953578 31.641975312368487
986 118.97793195114485 31.751203561914622
987 119.1246946953032 31.74323142123704
988 118.69615619615735 31.924984654103636
989 118.83248844150502 32.022570032949744
990 118.7700013253767 31.879022818771066
991 118.57780687911747 32.09990373359458
992 118.57585907096097 32.32774472404796
993 118.5589622328204 31.786309437564814
994 119.11400386419027 32.3864625082575
995 119.12622598985614 31.853461294657897
996 118.74417109315375 32.098477517047904
997 119.11509449202592 31.88929824585706
998 119.16363217542127 32.143542055825094
999 119.03376707571694 32.28990108349022
1000 118.65524959404905 32.24296641943226
