1 118.94051604759817 31.94357098747989
2 118.90378693006309 31.61451973784785
3 118.61402989515172 32.05701597378687
4 119.05755552539308 31.96891711737924
5 119.17113040843915 31.9406282813414
6 118.95800209381161 31.866156954367643
7 118.90472520368431 31.743082883340623
8 118.61288829134207 32.07236596643536
9 118.69587434599165 31.827873888460463
10 118.74842662244639 31.82214737335947
11 118.62314558417589 32.092741683183654
12 119.20204871459153 32.029281122370406
13 119.15297472034607 31.711585365418642
14 118.7670872337006 31.98297744828389
15 118.61596549686664 31.740396511410733
16 118.77000896094947 32.23620634199278
17 118.62796621308262 32.29920661010913
18 118.8681297656999 32.00535396739736
19 118.66466817034214 32.28410007858628
20 118.53260515249337 31.673891795189054
21 118.93618781351117 32.00032903591066
22 118.74317891745609 31.649469029721676
23 118.98777209477649 31.933879525261517
24 118.85393904474023 31.683650636330352
25 118.97496100022067 31.694057605156083
26 118.73625322428066 32.09188787792682
27 118.8963733827976 31.774101897889203
28 118.84259454197777 31.67595122799655
29 118.92606577207631 31.787914163743615
30 118.52957393746952 31.86649199535466
31 119.18699713700826 31.9829419837038
32 118.66861222304817 31.759166293262297
33 118.54741474104638 32.102608041910834
34 118.69841926445909 32.00273632209744
35 118.99168767423339 32.030617904421135
36 119.14592088266144 31.91530369732685
37 119.0934518640588 32.21408525205971
38 118.69460079089892 32.0533352688723
39 119.09885991811727 31.713280430098685
40 118.55681054925411 32.14337745857028
41 118.55654587085829 32.37247209186636
42 118.63635747713836 32.01014040840781
43 119.03517910867424 32.30731571008977
44 118.99426485994498 31.864768221413833
45 118.57940400450671 32.071296071396155
46 119.0200748579895 31.935656734059123
47 119.02190695411038 31.927362982719114
48 118.60263749873468 32.241298494964525
49 118.9658218131259 32.02529897471586
50 118.78954754922115 32.355165555176896
51 118.54513475330249 32.02957495388197
52 118.87175599619795 31.682117388850727
53 118.83686685453415 31.900290190188766
54 119.10726443269033 32.2871916048322
55 118.94209762839063 31.964585163358876
56 119.1005263921301 31.620746335933102
57 118.84697121314079 31.822160516189342
58 118.99752877377603 31.646089544665944
59 119.17309623878127 32.388458689708465
60 118.51517845606197 32.378983370823676
61 118.78877245796964 32.24153850718584
62 118.80979984414698 32.073487697526794
63 119.04012828996107 32.21863216274412
64 118.53722282403317 31.747442331947905
65 118.90291436544788 31.831789943300855
66 118.68715602606098 32.0082589628529
67 118.79269655291554 31.883789546514063
68 118.97045048515801 31.656163270951378
69 118.93482358761173 32.36052092990866
70 118.67451461099877 31.974588948265833
71 118.62683601100704 31.995718386751104
72 119.07455902316113 31.882350108314192
73 118.85685632216766 31.82537108053574
74 119.16986616078577 31.89850185856209
75 118.95160324490472 32.26476120394006
76 118.64515683774026 32.22459583195746
77 118.62020580738323 31.876597586829458
78 118.73058754602336 31.625448185626947
79 119.04092167975104 32.22244593729403
80 118.8309430492728 31.803783145355876
81 118.89588491981246 32.076758126561835
82 118.92665560880262 31.616936431775873
83 118.65230579986489 32.11508235288973
84 118.72515266608896 31.93174947569775
85 118.70741751157689 31.9687287907859
86 119.14283090387218 31.92315586544143
87 118.51658025853514 31.888425449738044
88 119.17257821845922 32.01476629320992
89 118.61582817585285 32.37945623957247
90 118.85320176571012 31.70014935804566
91 118.69199821468901 31.867165722583557
92 118.70158239873365 31.613698914423708
93 119.03202897377113 32.20778217689027
94 119.00031275667524 32.13665750039001
95 119.03668343927517 31.769556169751006
96 118.61439781018845 31.910626357698995
97 118.64828706200628 32.133441658665966
98 119.0336760107977 32.13836093457024
99 118.56494951044857 31.72675839435924
100 119.09281768457755 32.32701909895161
101 119.11154566038245 32.243972693376335
102 118.8562806633761 31.680882247292608
103 118.98544153113109 32.28578196226327
104 118.72514706402025 32.213420380284695
105 118.9448119325028 32.25369576003854
106 118.52656401982415 32.02238715131252
107 118.68126635163637 31.788893575738417
108 118.8002064702139 32.36104716350368
109 118.87460363391452 32.08227185985616
110 119.19740995623326 31.877097165351806
111 119.21354777487105 31.834422788702845
112 118.58371295308355 32.32284355278736
113 118.70889250705545 31.949952560399808
114 118.54860016443142 32.051383160065356
115 118.72609774903029 32.11125250086559
116 119.15377449553223 32.26979146405142
117 118.9089068183551 32.087923757397675
118 118.52618385534487 31.74578167981941
119 118.8864307276817 32.059764662902204
120 119.16711160787821 32.000132537505245
121 119.19330351653612 32.03907877873996
122 119.13145230395322 32.1571447813056
123 119.0276784366457 31.789415528674127
124 118.653577109321 31.74871039336969
125 119.13665086659752 31.69335099334313
126 118.72525482797997 31.84378864893509
127 119.11898080213868 31.604405148534834
128 118.52118839355094 32.09497074723944
129 118.54756744889276 31.836615021446168
130 119.04996128252812 31.755583571291737
131 118.54903240092302 31.679901328662464
132 118.8012116772855 31.805056731819686
133 118.75541881797739 31.781734634297784
134 118.65129445789907 31.83038970275737
135 118.75710823222208 31.966656436864387
136 118.8399212877652 32.03045262750147
137 119.11214032021064 32.24871120287915
138 118.9401801554217 32.36838420162605
139 119.1370322145412 31.64522609685543
140 119.10532566185638 31.80240526592032
141 118.60432647949192 32.091934576049624
142 118.7718627152982 31.768511370685832
143 118.85215816462312 32.2966060349321
144 118.6798472600656 31.74224287223663
145 118.88043835086518 32.17825770605591
146 119.20117847214355 32.09570862826864
147 118.6623251295279 32.222464147581604
148 119.05992409452602 31.624606812319833
149 119.20485275065063 31.79380792012956
150 118.66546940989164 32.17408073480016
151 119.11284287802711 31.706107600263564
152 118.62809740934198 31.639024541091956
153 119.14312360510995 31.885228117234
154 118.68860837621268 32.091221004640914
155 118.68748106062708 31.60353766393933
156 119.12955096223097 31.67161209971386
157 118.69751263144174 31.61858109039971
158 118.65047197485664 31.91707171767364
159 118.71385278471236 32.14308985101398
160 119.00109402004729 31.767530359376533
161 118.5138294622102 32.2755422552627
162 118.62164927824986 31.95179357768712
163 118.57661515653467 32.0988118077039
164 118.84755212960422 31.831416485109504
165 118.52046677605846 32.10667269680424
166 119.14710798393686 32.38581206756898
167 118.82708482670638 31.95973021379624
168 118.92445943082093 31.761756849262216
169 118.64776544571285 31.959123739650444
170 119.00384728816708 31.936204942753204
171 118.50533745414954 32.00237425421531
172 118.55465057481005 32.013280852503776
173 119.14540078903684 31.645646936108715
174 118.6225375875469 31.732247577632442
175 118.84175711518375 31.97081751673475
176 118.88698328210239 32.1632415164587
177 118.61072612830228 32.2442627902242
178 118.92030817161316 32.200616689314906
179 118.68118293038226 32.0226923993406
180 118.96246959184928 32.35094767297304
181 118.69686239981091 31.858861341987552
182 118.77989877016229 31.977230783365748
183 118.84224217756248 32.235833845458814
184 118.49715278951942 32.25274278886036
185 118.5819566273033 31.91088718224155
186 118.55003113829441 32.280449702182345
187 118.79767344537083 31.952835225438378
188 118.88164036676984 32.17735692644489
189 119.18311019039926 31.587544615625248
190 118.72905832494315 31.609778164546196
191 118.60842915362122 32.335345307827886
192 119.16045566681525 31.691377128691787
193 118.88601458442675 32.16160261879083
194 119.16682605138755 31.842770647307688
195 118.73521946041073 31.750137180627405
196 118.54773526373462 31.884186421589785
197 118.8482095839761 32.34526610147196
198 119.22155581543976 32.06440681021358
199 118.54507404629678 32.32363673248745
200 118.87206343646235 32.1705209735802
201 119.08288107890857 31.978446918269253
202 118.66541834102314 32.00120962704058
203 119.0566812847515 31.782189453123724
204 118.5471561755696 31.617265463906445
205 118.70606161404301 31.904649514569382
206 118.61276115656615 32.03944358707936
207 119.16637132315144 32.31802396080559
208 118.93972132430775 32.126612184833846
209 118.70268021555772 32.262523187415944
210 119.13961262598734 32.31367638468429
211 118.89179270374015 32.32600196116904
212 118.75776567225593 32.244142562350866
213 118.98647465438833 31.70675073880977
214 118.96079624431398 31.873971443594574
215 119.19126648791068 31.74943322173883
216 118.51773413067633 32.292928315752164
217 119.08941609878795 32.215497899859585
218 118.9735238275168 31.881248602384467
219 118.61098309248638 32.049567868990565
220 118.75522063208379 32.26701105759725
221 118.51535219580428 32.27423391477941
222 119.0909861651653 31.74754384782339
223 118.55436768720763 32.2012810859905
224 118.64080362636578 32.26550039690714
225 118.97337541618559 31.667775584581108
226 119.03447822745845 31.680229188647125
227 118.68088406725475 31.946237738579796
228 118.62612738453215 31.78828320553658
229 118.52113710261166 32.3040243911772
230 118.5500426792982 32.19507260607826
231 119.12281125803965 32.172181679035454
232 118.66376969888229 32.19499434041647
233 118.76915047157814 31.83845570835886
234 119.04332948512918 31.782827109754848
235 119.16318029748695 32.0865362382423
236 119.12760958962005 31.907181612392353
237 119.10642378535776 32.34216852175677
238 119.07703783755451 32.13635399192479
239 118.74597592937589 31.903336385948286
240 118.95502833292205 32.258219579660455
241 119.00021549740812 31.920717753980817
242 118.79852281743798 31.72170665838081
243 118.93474657400152 32.214237424215916
244 119.18248879124754 32.00479944975318
245 118.72356578899033 31.79773991218085
246 119.16360719040566 32.14610696076334
247 119.17859380779457 32.38477931707249
248 118.89729028151459 31.79748229002615
249 119.16464181785167 32.229030590362896
250 119.00190720652438 32.19414718106495
251 118.99332133881663 31.692359240555735
252 118.58025595887356 32.28190560562362
253 119.03591115062004 31.972675159663183
254 118.62072286279759 31.679514611391472
255 119.04840583294708 32.02551639193709
256 118.52741788060011 31.860078913936363
257 119.12507157127396 31.722754965907505
258 118.62916882423328 31.665033632186447
259 119.08350443742216 31.780382145231624
260 119.11397383566596 31.954275798485863
261 118.54838812514645 32.10393784093772
262 118.56527060113012 31.662189142790474
263 119.16832888916316 32.164184921592046
264 119.17940742124341 31.685012190201746
265 118.5434353037869 31.741166978992506
266 118.9418737867899 32.18067136530389
267 118.76382717191417 32.28657593398756
268 118.52739649478546 32.348860581825086
269 119.1004042017619 32.11230885802957
270 118.96300564224575 31.967138115668593
271 118.57098331710264 31.686593738902886
272 118.80969872858202 32.060161121538236
273 118.79334705730557 31.7217884413111
274 119.17810462316949 32.012244515186126
275 119.19321925579354 32.08692636349168
276 118.6612480283427 32.27336666919047
277 119.0301113321842 31.848355280017955
278 118.95046688763853 32.38628173269992
279 118.82277656107188 32.36332275747413
280 118.89531339192835 32.27599494634183
281 118.7814989725734 32.17413999980704
282 118.51773570942393 32.16110998567799
283 119.03475909506236 32.31723554732758
284 119.04040745371076 32.3577288624692
285 119.13795392704395 32.25964520704499
286 118.83819313704258 32.1282073418808
287 118.55196163909795 31.700856345611925
288 119.15713918465823 32.10548484730758
289 118.69372829069638 31.877314400853
290 118.59131521017069 31.713132262456504
291 118.60039026125793 32.317303867341074
292 118.92476916820759 32.25437541018004
293 118.76162986755475 32.01500233432273
294 118.9708375531491 31.967190757687604
295 118.53051330178185 32.00013822555922
296 118.51091390347125 31.822797056351334
297 119.18652004055842 31.9060778999583
298 118.54616962319106 31.962314390336463
299 118.7537736968321 31.62768093655036
300 118.53163813909474 32.30467618328331
301 119.13720846128872 31.636002289887983
302 119.10349326874609 31.91483586201545
303 118.89740846950406 31.692378315472574
304 118.58443497269356 31.787147514912373
305 119.09526928272119 32.34720349011737
306 118.54802291448266 31.896057551667486
307 118.80409278867312 32.17552349415142
308 118.71822563167174 31.684021115748866
309 119.2073072046274 31.78288219055261
310 119.1707772404989 32.29368316958111
311 119.06662458265114 32.315420180858936
312 118.81054369176891 31.796179433752627
313 118.85779499615266 32.38334171158157
314 118.90635012009386 32.14104988716234
315 118.88396510440717 32.00977192510749
316 118.62920716096971 31.882607211243823
317 118.67127053007198 31.875147270663827
318 119.0029729750728 32.389730201314116
319 119.08476739585325 32.16174722261867
320 119.16635471085328 32.00786433054618
321 119.04443092554875 31.634985137237436
322 118.92476893161708 31.794887325425254
323 118.54885592050259 32.34564967126874
324 118.56286699330875 32.03885419569769
325 118.63305299890632 31.871991175604165
326 118.98647137011137 31.63570454718057
327 118.69943789508541 31.814302301743467
328 118.78249413632548 31.78977441434081
329 118.59751560410369 31.724050067204903
330 118.66784479906356 31.88360982303175
331 118.74980876098694 31.734082468928104
332 118.9352964635483 31.67570685437854
333 119.19437587461988 31.71411983266485
334 118.60047793826547 31.982751990257245
335 118.71964400789057 31.6475377261958
336 119.19909561587205 32.348425834807
337 119.1023037775803 31.775752287881925
338 119.18139070943703 31.996284229300986
339 118.8623674454422 31.917315403354888
340 118.66996891841272 31.84351294677934
341 118.63352592809935 31.86698067152894
342 119.06224707006768 31.79134644285956
343 119.16455524298539 31.83522880225125
344 118.92110951686442 31.702234640865175
345 118.96262189328934 32.142660936937176
346 119.14274915171292 32.08651578223254
347 118.67767393340453 31.846363291085083
348 118.89755277320127 32.31998761214525
349 118.88973113283811 31.917898754432542
350 119.13911443315841 32.09592020953317
351 118.73666270447188 31.994941155040614
352 118.58257415608865 31.87047443322359
353 118.59717078912603 32.30376804653993
354 118.684210990052 32.277127680973535
355 118.55517553462656 32.27238815327277
356 118.72144297581366 32.38857991593194
357 118.87438406134495 31.62783000601227
358 118.80934790774602 31.984555573781115
359 118.94886817635107 32.36150030472293
360 118.87312274445712 31.70150268005013
361 119.01295807193804 31.791133802656034
362 118.82213780724521 32.00356536136581
363 119.05242530088444 32.10640499141179
364 118.79719049216754 31.87788250682095
365 119.03331474075547 31.84584866805414
366 119.01023117321813 32.23323593380105
367 119.10314218020874 31.62404137815179
368 118.6081986993771 32.23916047030776
369 118.99704086710032 31.951862523270563
370 118.49223143911334 32.12363931701077
371 118.76970423354112 32.16970080658866
372 118.9227609800665 31.68337811840931
373 118.49695535098951 32.33446711962836
374 118.53922376647624 32.25210819854876
375 118.65961162635568 31.87595219999581
376 118.79072211647649 31.759535272221097
377 118.9823222508359 31.667609593062704
378 118.65184697664651 31.83966227060223
379 118.77280287157036 32.180308280189244
380 119.1388014777319 32.29014389718127
381 118.72929396843128 31.84534148864902
382 119.03374560133867 31.790593328838195
383 118.92165972771231 31.856859107735232
384 118.56012776694313 32.38057543491481
385 119.17858970849821 31.663099603058647
386 118.58881001156581 31.736529392858788
387 118.7553273052143 32.1548123561839
388 119.19611798830205 31.702192264532123
389 118.67774044205761 31.77707216968855
390 119.15036030341761 32.26340547334672
391 118.96462050502686 31.841529938007326
392 118.61670827137121 32.0881050600631
393 118.58546935521937 32.02835670418075
394 119.17591517986544 31.835418028923975
395 118.81532478478043 31.80358690558064
396 119.04016056012637 31.789234704469358
397 118.61028037868861 32.30599038357868
398 118.86576053048866 31.614947840083317
399 118.57088698639784 31.695733534758144
400 118.83102626205962 31.86706186719628
401 118.50936855519774 31.763966923068928
402 118.50239365286231 32.0367611415936
403 119.13859443825211 32.03156512078566
404 119.13385344845918 32.00837140836766
405 119.01265861045559 31.8378346114792
406 118.85419921728706 32.01941592642529
407 118.63463061065765 32.22167423684157
408 118.98855857578555 32.243664128109934
409 118.64326997079115 32.03189271680733
410 118.54588363759785 32.23877257760318
411 118.71523862287846 31.66467050649748
412 118.90483896336694 31.733449995425307
413 118.91036150384335 32.200691748379754
414 119.07080855307504 31.91538441946795
415 118.75709480031257 31.87445028495678
416 118.58905791045476 32.060600338387225
417 118.53909652475964 31.912534844364604
418 118.64930721714268 32.33320634839486
419 119.1601872132098 31.90137418708349
420 118.51199288111353 32.25451318053293
421 118.94110630909447 32.091848876122896
422 118.81199871527113 32.341982019300595
423 118.63304911080711 31.98473672811482
424 118.98848806867815 32.37052112422566
425 118.89803441082329 32.046706129164264
426 118.57546382631276 31.621900516843752
427 118.9609639470601 32.188729058016484
428 118.5331337645921 32.29794001583611
429 118.66186000639243 31.659053194026896
430 118.89252502929787 32.37456758125167
431 119.01045321229725 32.05548934526355
432 118.8706360466588 32.199140691402654
433 119.10070509278346 31.780183449888888
434 118.97831305965477 32.35376787713281
435 119.17601707595608 32.11911249540292
436 118.68222549706013 32.06340706004945
437 119.18940921859925 32.364629653525114
438 118.66072651630789 32.04465348979864
439 118.63646661155221 32.02546557816268
440 118.61125935854373 31.617431369785333
441 118.58866053471893 32.03401965403028
442 118.93487038687537 32.18995239092298
443 118.50728477704739 31.898748881614356
444 119.07365577638296 32.158568986205324
445 118.94615381542883 32.035199460579356
446 118.72657207987635 31.769099730108877
447 119.12440693272853 32.029733814572964
448 119.0921623998469 31.989530750778865
449 118.93072299582582 31.863731527859358
450 118.51665059265781 32.12848270959447
451 119.18691926291874 31.65607418033237
452 118.92291679330845 31.89293735543003
453 119.15117994671512 31.94758687506711
454 118.58690343700772 32.380812350740044
455 118.50547482479818 32.165748543366405
456 118.7184442517799 32.11746358995088
457 119.04205035138673 31.729019222893005
458 119.07281886895245 31.96731848604876
459 119.10139036057025 31.904185725139314
460 118.72536856212814 32.35279557542212
461 119.05777161931967 31.9627094669634
462 118.59885005253355 32.27302600746605
463 118.89493947488837 32.15029820296699
464 118.52142334838172 32.27749871077784
465 119.00557104466849 31.584421498106654
466 118.75709926723705 32.34555783012273
467 118.57136046920067 32.3651705480869
468 118.97629379467767 31.723496712918113
469 118.7918825741916 31.638219428863515
470 118.7029232478253 31.859659170452645
471 118.74214625831415 32.0257564819211
472 119.04786620122937 32.02209624991545
473 118.79463818638597 31.965723099109894
474 119.12363855743534 32.31750172776133
475 118.60359717669401 32.045393475086904
476 118.79552704426877 32.345626103629364
477 119.1329851091091 32.057732703037075
478 118.90878211073937 31.7515007216022
479 118.99244812756493 32.39999574481302
480 119.09232927226284 32.39575666365385
481 118.86868208985621 31.9494946524581
482 118.61065304084065 32.20043848310659
483 118.72074457206692 32.12314604779508
484 118.66120202577513 31.75019825133813
485 118.62361002697688 32.06893033741074
486 118.9111336085719 32.12486456671602
487 118.6389392470518 32.0782487442541
488 119.07527046723374 32.03576984833952
489 118.8156542218434 32.0738792084238
490 119.08216341541369 32.17728313523642
491 119.09374639624468 32.199456951056916
492 118.96969239696004 31.678596099549182
493 119.05234685625787 32.33580165391255
494 119.06195686350877 31.998681239941213
495 118.92038379168632 32.15680404232794
496 118.71126058013034 31.902530375103364
497 118.7990768244087 31.666257821079324
498 118.70823231541796 32.12324667547743
499 118.8280188254832 31.903832324349736
500 118.7405117045814 32.0262575130443
501 118.75167375059814 31.804770095335623
502 118.56004790950801 31.772302273237965
503 118.7881154894101 31.834683925988553
504 118.58964822176591 32.30748023327841
505 118.75512588444285 32.3498711816552
506 118.58093989948402 32.361262658614706
507 118.76573764684588 31.93673419335866
508 118.88206889386073 32.227223226880525
509 118.53392552667549 31.74942108509761
510 118.66151036278409 32.182016018067515
511 118.7741699672045 31.920853024054946
512 118.6974492527723 32.25550208902292
513 118.88572992593193 31.773904546397997
514 119.08094325236195 32.24972874496153
515 119.05552382471573 31.67853210376585
516 118.68393976776532 32.307923375938344
517 118.64017680980004 31.952183769096074
518 118.91887649394978 31.745547455861253
519 118.7744723789361 31.837090399253363
520 118.55215814841416 32.17853356223554
521 118.64450311053182 31.970789951673854
522 119.17003915195288 31.78512233284396
523 119.14679975186559 31.819587231786628
524 118.74460835372457 32.14177807206141
525 118.52239084487204 32.11950661325258
526 119.03634618771785 31.648038866596465
527 118.6893127489403 32.27436973743279
528 118.51968311768732 31.700335104445607
529 118.68337709948109 31.784793680237875
530 118.58402693666612 31.61205600167993
531 119.12655289276258 32.02641601083663
532 118.63712938744717 32.30043180707169
533 119.00994548617335 32.330202404247906
534 118.62637964774785 31.97321251939296
535 118.56250678477504 31.6852591591748
536 118.77714875327722 31.996376495372495
537 118.93462495842034 31.825658286335635
538 118.87904107041746 31.833322484284494
539 119.0483689742755 31.769724128366743
540 118.77763095150998 32.348857409409234
541 118.93336683029766 31.90704399668115
542 118.54058587108163 31.593867825875037
543 119.01927656409131 31.980889835275885
544 118.96580733715129 32.135364978698156
545 119.07217529834577 32.2463611856703
546 118.55891533870009 32.18843489489111
547 118.82814183138319 32.14793202102933
548 118.9695942189326 31.80112216790398
549 118.47898716992286 31.866922426124333
550 119.12572482718011 31.93491615214453
551 119.06525343622573 31.727027591848366
552 118.86481920326486 31.963823180566074
553 118.75337335588073 31.681559630978086
554 118.99850507139622 31.67304350656558
555 119.12234712564911 32.25340671304588
556 118.86364696954736 31.727420420476264
557 119.12921663412413 31.964352987706658
558 118.56922911299684 32.0765121085796
559 118.72137884794418 32.35415811283906
560 118.9801551869753 31.861047399579448
561 118.7621314885299 31.730120548149415
562 118.86251549209456 32.292519681185325
563 118.95289540791225 31.836547692458787
564 118.90859727151614 31.831909106141815
565 118.80755273733902 31.727378027845596
566 118.62546121902832 31.94388713525266
567 118.78506410444518 31.753607170215382
568 118.64476554258842 31.90083886497442
569 119.03414400356132 31.8559656722865
570 119.06103347650688 32.12987524207459
571 118.64996778033967 31.957865593592853
572 118.914146280387 32.11560826783295
573 118.99628246241281 31.84494558226575
574 118.8142976439147 31.893839041501202
575 118.55584883581271 32.37977511953826
576 118.97088060627375 31.804600421596074
577 118.56205380189427 32.20274042822414
578 118.96544895279276 32.151325864030845
579 118.58066666304995 32.09157828548699
580 118.94469866658568 31.696290239149995
581 118.68501075288313 31.604533678864126
582 118.7551631756312 32.20675170714286
583 119.17932584223351 31.651835855547308
584 119.15951055595502 31.7984968668916
585 118.88253491663853 32.369732695930786
586 118.95696633919104 32.38104907913079
587 119.0561961647964 32.346300567280785
588 119.01651239085567 32.04701421185941
589 118.58058652185423 31.975086428418663
590 118.78881988186126 31.96646272522336
591 119.08006052199306 31.86992332274249
592 119.0252117057815 32.382973235046435
593 118.62082007708733 32.25503289248355
594 119.08676396194193 32.42102842697706
595 118.94156556835473 31.84345327088745
596 118.70320273309271 32.065584888733646
597 118.52395991627904 32.12071349266103
598 119.01230645657732 31.91603394932671
599 118.82492570029373 32.063477278411455
600 119.18595227868363 31.72328768882441
601 118.67379277285973 31.850128517395298
602 118.5629784922235 31.7149905309282
603 118.66832670156246 32.0723166837761
604 118.80247662005584 31.874633644317836
605 118.53604717273925 31.93999309907788
606 118.73711463529253 31.902301425433578
607 118.65561485386208 31.63681734099486
608 119.17157223018373 32.324403998857335
609 118.63723679463713 32.15266540181054
610 119.1093772427383 31.851539374635365
611 118.56390335817339 32.327360859467014
612 118.90306934825632 32.15744974103262
613 118.93265340573399 32.397775479767766
614 118.8907818734981 31.98668087005891
615 119.15525509746656 31.684195770198567
616 118.80040239668497 31.684739579459315
617 118.94170779748745 32.17820709623303
618 119.1206879440343 32.04688854052621
619 118.65674414095974 31.772021674027773
620 118.8638738656005 32.006083187696404
621 119.18870841804124 32.02010689345155
622 119.04426039900798 32.29659213755919
623 119.00330329495796 31.60435702230219
624 118.80379933110419 31.70371742215571
625 119.11548771831103 31.91543406053176
626 119.07546694502838 31.689216252356612
627 118.80544410103609 32.371658354289
628 118.88275383617531 31.767636490395972
629 118.95782339142629 32.0989731085594
630 119.0344207044172 31.95499078450354
631 118.83481824465255 32.21800001199246
632 118.74959030035909 31.623543676410176
633 118.61061653796052 31.863508193440033
634 119.02880299259941 31.97684503803353
635 119.03062241141966 31.689328157233632
636 118.620950879461 32.07277858551128
637 119.1107698028799 32.00173504713081
638 118.60018654315368 32.2716851309721
639 119.08112511823147 31.969409755279585
640 118.60883799097593 31.854550739929294
641 118.95018377263914 31.848494282700123
642 118.86503996106984 31.813492468725723
643 118.60155671290138 32.34435226029093
644 119.01854251525491 32.23865363055382
645 119.00494042565285 31.862172136946306
646 119.1138142373911 31.94856404573149
647 118.83040085960084 31.67755191268792
648 118.87759541658937 32.069869365339784
649 118.96557253053865 32.195488317774796
650 119.1030075684124 31.808599825581943
651 118.77185721371919 31.97550749809009
652 118.9715995890437 32.136629399282725
653 118.91471540538707 31.980380677358994
654 118.6378794214152 32.02806438301714
655 118.98768981187654 31.759872590118164
656 119.07711672561237 32.213486218243744
657 118.8289900388229 31.69066254048452
658 119.17838564127847 31.976328292514534
659 118.87275015645764 31.840256484369124
660 119.13822081782111 31.688945670434585
661 119.01611466471512 32.30074167858901
662 118.78033892296709 31.751469001767802
663 118.72927640047212 31.983410981960823
664 118.76897153515374 32.09791445560787
665 118.74871620616045 31.83972742462881
666 118.52465369569724 32.000410555785685
667 118.52258134239052 32.01178057756766
668 118.79720020037682 31.947923710965334
669 118.61816532886014 31.878486818036563
670 119.08120995610581 31.7848491119434
671 119.16220927839571 32.32098596565188
672 118.7051182495608 31.984952911539104
673 119.02471592251061 32.15039352963043
674 118.74774340134293 32.01379488136938
675 119.10333393729914 31.846086902153328
676 118.82033906332776 31.999818685405234
677 119.1478680474671 32.23600026555959
678 119.0038716156486 32.284141197605784
679 118.58413018665034 32.36342749282938
680 118.60488901788513 31.789590635188954
681 118.8211939466323 31.868294594486546
682 118.90445687788737 31.69013521905751
683 118.85290218360566 32.40212734011647
684 119.13666421863282 32.1198329069346
685 118.51299512160136 32.137300841940736
686 118.57903076412595 31.95831781670965
687 118.68511022315238 31.81332548950514
688 119.13244735069722 31.92859037979622
689 118.49327036301418 31.852087430699733
690 118.88235115602399 32.03119859335598
691 118.49625585739733 32.253881484276704
692 118.88180692466699 32.2775151411612
693 118.84006809517922 31.8440381781487
694 118.59614163669136 31.725007996660793
695 118.92425165643256 32.19214257053172
696 118.9306011928254 31.93266055766407
697 118.81565673567975 31.739457471057484
698 119.03756974605106 32.10863324746544
699 118.54117774084398 31.67518805482852
700 118.72366529332102 31.685453914106134
701 118.8328860570644 31.58139623631481
702 118.71937172732021 31.75500379028738
703 118.58924308212957 31.97659075034898
704 118.58332205472355 31.74711900007601
705 119.04495327674434 31.64196325632972
706 118.69425231132455 31.993769288436464
707 118.95689049660143 32.31364591879434
708 119.09398704137963 31.610355680244865
709 118.71060242130372 31.80397304509095
710 118.62355783013868 32.33909898879415
711 118.89587178997044 32.11796432811839
712 119.08585050371073 32.248851926475794
713 118.77118441467792 32.31109760667336
714 119.08544259956228 31.77414801098965
715 119.19104068284317 32.21250596989477
716 118.97362013148609 31.809099586926617
717 119.1285240778579 32.32599538159809
718 118.54843173819489 32.35529431043447
719 118.77538668817535 31.729957968880612
720 119.10165046342408 32.28430237878048
721 119.0238565035215 31.645324838743612
722 118.57007808651512 32.081317154800544
723 118.66025624963072 31.977239065645403
724 118.72111629089598 32.084892376407176
725 118.94073718224152 32.19769757292043
726 119.02342247267471 32.30545565344477
727 118.85012340884967 31.99770841011964
728 118.5250651065222 31.64633273504019
729 119.13664809062786 32.35299616545747
730 119.17625718406885 31.646061017055636
731 118.73987504137337 32.24060636407849
732 119.06893549220172 31.719593557316646
733 118.87338568624179 32.32208580519362
734 118.82116716410847 32.10072562641376
735 119.16219556530031 31.847760145136
736 118.4890751389704 32.275499622415076
737 118.77532716763132 31.727310639530234
738 118.64144577988563 31.7830122380996
739 118.82243076211451 31.83367678862372
740 118.79990921201181 31.9078191163023
741 118.62798464700143 31.791560071472404
742 118.90434607467586 32.31800236679273
743 118.76219144482585 31.94341137632854
744 119.1231645572707 32.36709068380226
745 119.15689354535144 31.839828764127546
746 118.75287273129767 31.970245061032507
747 119.03305668826785 32.2697781600038
748 118.9498555784629 32.3889846882188
749 118.76445114980325 31.976833570974087
750 118.70342218633533 31.973448674741807
751 119.16003240204805 32.35515529538043
752 118.66092535047493 31.93704542046753
753 119.05106127325897 31.955962895447186
754 119.03704413171144 32.381788507602074
755 118.6288097745112 31.995999417515442
756 118.76427407635114 31.674920056890105
757 118.8107598332604 32.3649463764667
758 118.860985683129 31.946815933865132
759 118.9286536538234 31.885741193963312
760 118.76416253795459 32.31504098064497
761 118.93037808667488 31.60286891448707
762 118.80221213673858 32.369057128009324
763 119.16587429835162 31.65557681954155
764 118.96279762788168 31.649623295708622
765 118.84094864105167 32.32658505664433
766 118.89186937614173 31.96397678508056
767 118.57587300318413 31.727369020941797
768 118.68026995458126 32.371390025075044
769 118.99895436625054 31.842582302763102
770 119.21251139109684 32.34719011128945
771 118.7393637486377 31.979149687476074
772 119.20734380032616 31.918338822547028
773 118.74717148186838 32.05053605070562
774 118.81329755945448 32.323040918270465
775 119.16925876263296 32.39093673745072
776 119.06587328322318 32.13787005455271
777 118.88275250132098 31.903695964723187
778 119.18802046844847 32.267404628741964
779 119.20453236242032 32.333976034555704
780 118.61681156594044 32.02033639732354
781 119.06765592558524 32.19149226007744
782 118.67928557404956 32.32628198161871
783 118.71406889490667 32.163903100132046
784 118.7995472523099 32.108781765455994
785 118.8370427544137 31.885238817718886
786 118.59291879007526 32.081102195421124
787 119.02452836381705 31.77643926442907
788 118.5090463297999 31.714838309197543
789 119.19945782116794 31.805786613353074
790 118.6822340233965 31.9393650508786
791 118.99723228302993 31.87548560531647
792 118.85936699239899 32.165859441859126
793 119.08944299495549 31.91441427017024
794 118.61035198508921 31.973140979896797
795 118.51698308113167 31.812992187835842
796 118.62351721487394 31.679704583996354
797 118.96344322314738 32.1775315812355
798 119.08080772121589 31.78132105712066
799 118.61311694173658 31.970063270211234
800 118.92697851749361 32.08970011842408
801 118.51979807291866 32.12902817652711
802 119.06879324082921 31.939566318801543
803 118.58574330814233 31.793970076573466
804 118.62734626115893 32.315257396186304
805 118.95012161892325 32.15313527310562
806 118.79990956396608 31.788423091101823
807 118.70156339399716 32.24826724947242
808 119.16507300407572 32.04788301370534
809 118.87739945186063 31.96734356934294
810 118.61110021143654 31.70362859930588
811 118.814559122412 31.783108507816856
812 118.99421869383012 31.693377194780794
813 118.81233666843231 32.13896300067683
814 118.59241942286957 32.17377334179631
815 118.61767863160578 31.979855599572048
816 118.65958474038462 31.648755477663588
817 118.87364946992523 31.711144825128457
818 118.93553533188954 32.33964906187835
819 118.82946779809805 32.31325567542639
820 118.6282807527716 31.92023346277931
821 118.73590306999694 31.72051510430112
822 119.1138044836072 31.96538520732844
823 118.68045453643239 31.939785154534913
824 118.98415828655908 31.61246596539845
825 118.75212363027829 32.17681749248327
826 119.19258416355352 32.093938479934295
827 118.49308833252915 32.03422552892623
828 118.70792068721246 32.24312166000129
829 119.04348653957855 32.28612932325587
830 118.5305994613112 31.76702501848901
831 118.76230056269995 31.65351729825388
832 119.16145137104871 31.90710432256506
833 118.97657228003769 32.27382249736205
834 118.59022729720658 32.211574771753014
835 118.55338772607877 31.802609505601772
836 119.17697006411028 32.217371033024506
837 119.14634517402325 32.06622869039888
838 118.6142198577805 31.79408606970561
839 119.11660584795759 32.14873404063031
840 119.01348180182266 31.837632995003357
841 118.79029288746344 31.87080981274461
842 118.6591779848273 31.768883093582
843 118.5950269052984 32.04691754403469
844 118.65661997304589 31.995706719065645
845 118.82836920239559 32.095639005518436
846 118.52746917144557 31.59242450899179
847 118.93607374592136 31.934769951028166
848 118.93202466090266 31.635623048745554
849 118.90705807085672 31.850810822366142
850 119.08418428248204 31.667954694125072
851 118.56135908082388 32.06436494138903
852 119.19386136935647 32.34609198574604
853 118.82847154687322 32.268070753580254
854 118.84216408626556 31.987309418981194
855 118.60558948766263 31.878883109249657
856 118.95390983730495 31.60127034511675
857 119.1416287174849 32.134649828769945
858 118.55509184730357 31.83809662901775
859 118.70921368907136 31.940231449993927
860 119.0501158705571 32.09103152449666
861 118.50848036745968 31.758442494678462
862 118.90221697142276 32.043223437888685
863 118.65378689407525 31.960885335927166
864 118.8683028955078 31.90926753042516
865 118.60785459865747 32.27326390339998
866 118.7450514588976 32.1963418381032
867 118.73378037330075 31.686679187324312
868 118.78410911685319 32.31198504608694
869 119.16981280376375 31.58189445412099
870 118.58347338298822 31.78007596123185
871 118.68750855534176 31.69974653712648
872 118.98719593020198 31.858324066166055
873 118.7569753886135 31.696155638831154
874 119.14156832884196 31.814227399818094
875 118.73546080902094 31.929392573570453
876 119.152943417556 31.97949409717578
877 118.58788602074058 31.82523629173709
878 118.81779556017545 31.65328200575659
879 118.87020297553183 32.006246117212015
880 118.9215675160334 32.07928752924577
881 118.78220658161158 32.108853992847216
882 118.86740934305395 31.603014572475885
883 118.64522300932589 31.68659759598318
884 118.66738080690119 32.12575065921068
885 118.57158538085226 31.723742333936098
886 118.87112578027798 31.701394235579563
887 118.82897475476423 31.940026954795897
888 119.19946031183534 31.90531557540168
889 119.05680619135012 32.12924189675499
890 118.99463872820328 31.63109695885771
891 118.72548511272893 31.796357747135627
892 118.66612216464925 31.800467116040846
893 118.97704693159993 31.835969649445904
894 118.66547865005796 31.600318703831743
895 118.52712823776388 32.0459882652465
896 118.72096329721778 31.59322361956612
897 118.8631999112113 31.82199428244384
898 118.62753476955412 32.32465296630395
899 118.57113245857748 31.7168697501002
900 119.1213058584052 32.14606129056172
901 118.82136562897193 31.986446201524995
902 118.5277285512444 32.33021084586183
903 118.66508581363452 31.95856510318392
904 118.53412581701632 31.77444910313279
905 118.68470649509922 32.39852169016577
906 118.787868701368 32.164916537903174
907 118.58109351312811 31.70898498120368
908 119.13466251031737 32.03260057265394
909 118.83411720283975 31.86890844462064
910 119.09254279481907 32.307560409173036
911 119.06382618074421 31.727858996310434
912 118.595761804299 32.10052978114648
913 118.54209729174434 32.360562240543636
914 118.90955915753605 32.35515788429461
915 118.5236591081311 32.314128248065295
916 119.0790435136167 32.117503805114644
917 118.70441075742326 31.847343130573186
918 119.02869577073126 31.639521430925882
919 118.630399770717 31.742469004626237
920 118.72177251365305 32.309832188542416
921 118.94712478587684 32.15017582170468
922 118.6591854426637 31.665460152398545
923 118.6682682986304 32.376070861789884
924 118.75774996575501 31.99704000767109
925 118.5458248468987 31.75100552764155
926 118.9790109259724 31.97417571090635
927 118.58001356144236 31.932737200944114
928 118.66856498094259 31.776563210508748
929 118.54296596785127 32.109529985502895
930 118.8212153338267 32.03439412370638
931 118.7135643942858 31.819231719855253
932 118.85600587349255 32.219231386599816
933 118.9519412698693 32.0261553663209
934 118.63592078542965 31.881201471715077
935 118.75087334981214 31.721538377872317
936 118.8766591766477 31.996561381274493
937 118.67746794987943 31.730455188858183
938 119.13229940778854 32.32967286441781
939 118.54885930093448 32.02155233724596
940 118.61036429745519 32.338992244280725
941 118.70236570707134 31.86114128657696
942 118.94970212837877 31.946439784722486
943 118.53687134053 32.0206880262384
944 119.13691367966612 32.3103946228525
945 119.11629054097948 31.708544874197703
946 118.9512229475348 31.908764441926458
947 118.75273334927846 31.679060366684695
948 118.690889801771 32.361220003971255
949 118.71518551030468 32.24787870784715
950 119.12732737961149 31.925492730248774
951 118.87107019904495 32.112310880451204
952 119.17243358784428 32.05668275838566
953 118.85586512161495 32.07845076817978
954 118.64958687483448 32.256979310573975
955 118.57396687405246 32.36918337595326
956 118.9635489251677 31.66822422174508
957 118.73037264637043 32.04301943400561
958 118.95476783833544 32.33151993751449
959 119.17548160307302 31.92581916959409
960 118.51260833753769 31.78385839756915
961 118.58258027866067 31.686437460583125
962 118.72729110052886 32.12501647053436
963 118.70665723942254 31.74846638566198
964 118.76758028368118 31.892522595839218
965 118.7993367816167 31.896038896115012
966 118.78372021612878 32.094803042147895
967 118.56078608908655 32.38656760781623
968 118.73692794807062 32.39897537247646
969 118.604942790162 31.84860287888985
970 118.62211767030378 31.814093989043084
971 118.91802082867432 32.17926906863675
972 118.52886070256062 32.15814037083392
973 118.68874590336722 31.829047584664195
974 118.9432840981011 32.376606269160895
975 118.69701507836395 32.24639581016019
976 118.85743472606805 31.74736650522444
977 118.82840127484243 31.989001890070387
978 118.92821899871097 31.652129524933006
979 119.0768900199672 32.03592298574263
980 118.68590906515523 32.04102066728654
981 119.13434190648739 31.766095321895442
982 118.968108965837 31.661470214395482
983 118.78933737380223 31.720127813562566
984 119.08722166025547 32.02418466984753
985 118.78325428478635 31.639933950990674
986 118.98504429661413 31.759604330954268
987 119.11454551990101 31.73725536276064
988 118.68003614447815 31.921495594957086
989 118.83638223127583 32.02012938346211
990 118.78042517847221 31.876546034217302
991 118.56187615126457 32.10575964771463
992 118.5687575672009 32.33397352431542
993 118.5689352555658 31.800173796235722
994 119.12719344519951 32.386045015341985
995 119.11947354625285 31.873105711759887
996 118.74508746728917 32.08441864715838
997 119.08738647068357 31.88148595471077
998 119.16397745141555 32.15699426684931
999 119.02861054722005 32.29434158217071
1000 118.67233118097998 32.228901775300876
