1 118.9444636524771 31.942359686002366
2 118.88829675294448 31.614362662222366
3 118.61451385894657 32.044298731380515
4 119.05384872278307 31.97120974530024
5 119.17217213814072 31.938498924908714
6 118.9574148017904 31.867892493611414
7 118.89953903995978 31.75637436459222
8 118.60730289149545 32.073985843536725
9 118.70233417803426 31.830472241462
10 118.74580926405285 31.80912024845368
11 118.62174770079469 32.101136214677034
12 119.1990363049701 32.024397170139316
13 119.14609757580918 31.716563994248396
14 118.76585395621342 31.986120231488208
15 118.6064685431143 31.732056582325985
16 118.77336806771848 32.234365981188766
17 118.63646398088244 32.305147508
18 118.87090432854153 31.99978101182131
19 118.66099766867308 32.28443171132477
20 118.54093960399864 31.671014018189652
21 118.93263261013598 31.989874265065282
22 118.74964288610198 31.6376152209503
23 118.98086761621245 31.942298910230633
24 118.8607499901537 31.6820864156496
25 118.97088940814263 31.69306139709967
26 118.72583652035341 32.08036787804059
27 118.89794448777901 31.77956776793687
28 118.83856066688242 31.667723061159418
29 118.92156020391815 31.776442327910125
30 118.51923948738234 31.86863511579871
31 119.18388579862138 31.97630790914729
32 118.67422922552089 31.765392648299592
33 118.56088248710114 32.1008590395571
34 118.71263785898759 32.01052284155715
35 118.99287644440152 32.02314895205548
36 119.13915367128519 31.914657975978017
37 119.09654807861291 32.21304929260237
38 118.70618969463541 32.052315668189905
39 119.0969939526645 31.712943032058806
40 118.56087992871458 32.14709160671561
41 118.55361214153704 32.377506835308246
42 118.63099237173925 32.014171280762135
43 119.04296408905432 32.305360521441166
44 118.9919928802354 31.86997558471189
45 118.59106708294097 32.0611646226489
46 119.00473058318885 31.946723993042845
47 119.0309592228747 31.927251001009402
48 118.60423063444595 32.24373872546917
49 118.96209908925853 32.03219378126638
50 118.78149891633609 32.348514053932526
51 118.54150832596903 32.02657201011885
52 118.87762292716019 31.675653223347105
53 118.85017693918023 31.898139008467705
54 119.10454118548616 32.27397703432447
55 118.93947286037275 31.948993612050604
56 119.10654981421229 31.625152325783183
57 118.85702844195514 31.82109020869029
58 119.00139049125065 31.640092044050448
59 119.16336692630205 32.382538074832894
60 118.5235022361335 32.372115520846215
61 118.79802085319251 32.243658211900566
62 118.80900531457502 32.079857915544004
63 119.03514068950564 32.21235951311378
64 118.52569368744761 31.750236576260743
65 118.90232206323057 31.828732296054806
66 118.67795178490583 32.00277029292926
67 118.79897829710767 31.884955539312802
68 118.97159257450551 31.653761525859892
69 118.93472052013931 32.35364529037037
70 118.66105799785596 31.96917972040339
71 118.63474475557139 31.999525489514546
72 119.07793433311082 31.873305087084837
73 118.84556427891613 31.82472003468688
74 119.1738627782435 31.890223756730496
75 118.95898045824279 32.265944131370745
76 118.6497821340166 32.21843324043547
77 118.62130437437858 31.872137844167394
78 118.72861580603522 31.61920044622636
79 119.03533390176385 32.225594951551884
80 118.82154871482813 31.803163123043102
81 118.89134870213746 32.068244662685714
82 118.92250034575864 31.609859783875848
83 118.64816313022627 32.10927212332968
84 118.72823568758163 31.925929702597724
85 118.7070223884395 31.981682811607246
86 119.13432276102297 31.933552411868945
87 118.51553293901067 31.889915065599787
88 119.17367447623774 32.021440345055375
89 118.61655858156959 32.393734504503215
90 118.85265760836856 31.70091414990962
91 118.68789509248509 31.86422569298693
92 118.70432119022107 31.633165095083285
93 119.03078110033884 32.20541721946217
94 118.99601237784249 32.13409956195828
95 119.03149361453866 31.766436458535573
96 118.60128964266869 31.908914294820494
97 118.64536730049686 32.13701825960764
98 119.02859697911114 32.13444876949731
99 118.572207519967 31.73171977827682
100 119.0922889046537 32.32067086401368
101 119.10284597359082 32.22761922992673
102 118.858260336952 31.682847154636494
103 118.98436822114157 32.2866386564315
104 118.72724661994333 32.20577669948408
105 118.95473829856476 32.255488625788644
106 118.52625270648277 32.031454022655076
107 118.67321012057842 31.779960863163218
108 118.78708433206904 32.361911426610924
109 118.86877794338157 32.080672625212685
110 119.20140865080356 31.868281268390604
111 119.21556426887136 31.836332948945152
112 118.58917146565287 32.31734732920609
113 118.70212386400074 31.956091511220773
114 118.55422894869619 32.046565168666945
115 118.72704430135327 32.10623540446117
116 119.15490143312088 32.27173858437761
117 118.91062787880254 32.082303740503505
118 118.52409398983644 31.737549180839572
119 118.87978757717543 32.06014356038832
120 119.16319512618881 31.9978316031998
121 119.18457314212806 32.03861077417522
122 119.1366824079633 32.15698407798525
123 119.03072111998009 31.788909093055544
124 118.66691945077181 31.74411534364677
125 119.1404750191947 31.686118910797195
126 118.72300938050095 31.836595283543993
127 119.11307765597716 31.610414047984634
128 118.52035965002082 32.09338174306142
129 118.55164137416786 31.837998265579962
130 119.05154970886824 31.744268145510777
131 118.55530484065582 31.67521861638532
132 118.81221498079141 31.81331559117753
133 118.74659224861189 31.781723778023242
134 118.6629854113167 31.827185744035475
135 118.74844472784467 31.95572265612806
136 118.83162554520312 32.016922095321085
137 119.11777296889173 32.258450615318424
138 118.94130114947566 32.37427482946896
139 119.13950491021495 31.644054398544768
140 119.10257926486769 31.80042078349049
141 118.58565702407537 32.1003654399451
142 118.77549290135293 31.76230694611419
143 118.85585241702466 32.3007549175195
144 118.68510667960012 31.754282186707876
145 118.88113556223344 32.17479504110486
146 119.20044932023949 32.10071157693845
147 118.65483783007102 32.233569871787566
148 119.05375733204586 31.63435297202904
149 119.20068225074729 31.789919320417322
150 118.66288984906105 32.17249934156645
151 119.10097002911714 31.70602183515538
152 118.62225458358738 31.638780385496975
153 119.14780327239745 31.883782721080532
154 118.68967084438691 32.09092028021038
155 118.69524154133035 31.60806814690732
156 119.12563770645846 31.67186624049811
157 118.69788382789524 31.621501547024263
158 118.66265586388671 31.92382943600988
159 118.72638548309305 32.149949162040485
160 118.99353450600248 31.764834155383745
161 118.51365991574573 32.280861524504004
162 118.62224576553935 31.950904348406954
163 118.57425980416633 32.1023116339833
164 118.83990886303005 31.83017031601551
165 118.52447918735156 32.1042613266679
166 119.14870381020847 32.38852021494923
167 118.82482370022412 31.967705786269047
168 118.91856944864193 31.77137409933748
169 118.65913537598243 31.95468343816693
170 118.9982596825651 31.937094726465265
171 118.49971216946622 32.00754775658775
172 118.55628770242038 32.021250971219196
173 119.14746858544532 31.645990102924866
174 118.6164771326992 31.72652825929081
175 118.84406230563482 31.968313250969107
176 118.89414050766369 32.15923323328476
177 118.61161506768975 32.23404539761149
178 118.91655242952923 32.2081049047562
179 118.67693592425215 32.019961663995964
180 118.95133833411533 32.373228440582984
181 118.69407041995849 31.85570409547567
182 118.77556442121552 31.979670869364067
183 118.84675752907215 32.23648776832071
184 118.51007005634919 32.250422819711446
185 118.58647555247931 31.913262183285905
186 118.55076931978404 32.28014966063283
187 118.79618857893723 31.96116335530458
188 118.88662978723703 32.177681769291524
189 119.18463729150011 31.59231573528152
190 118.73375596842786 31.612907792413537
191 118.61915592666449 32.32613524800509
192 119.16414801418183 31.695842062468678
193 118.87759561746998 32.15284395848126
194 119.15855999356266 31.83764133810133
195 118.733651805554 31.758628935868202
196 118.54640355051878 31.881727889799475
197 118.83658779754597 32.349700104547885
198 119.2221304906548 32.06095503264757
199 118.54159892531227 32.32813090873352
200 118.86614292399244 32.165948726851155
201 119.09042113333837 31.977821597289104
202 118.65467841601193 32.00067526825604
203 119.06570670423376 31.78675377346611
204 118.54750156510363 31.61764987902969
205 118.71524256982795 31.911575474520927
206 118.6250918644247 32.043630310449885
207 119.1690036251162 32.305926601748546
208 118.93505002415343 32.12619928219346
209 118.7003933806582 32.25730992159476
210 119.13907315967357 32.32040077508824
211 118.89649617961494 32.33154295446971
212 118.7655486025611 32.243099084888264
213 118.9879183646455 31.716231568336262
214 118.96197725740868 31.875636984365972
215 119.18591990691202 31.75279381723769
216 118.51557283196223 32.29981720234349
217 119.09268293275676 32.2138202888298
218 118.9793686671919 31.886597141866652
219 118.60468514592596 32.050656079823106
220 118.76088601627367 32.26075933521487
221 118.51917908505904 32.27431740023582
222 119.09816798132458 31.752056712851182
223 118.55539567336369 32.20299779483709
224 118.63570720597505 32.25823834019446
225 118.98310095311199 31.65932035705108
226 119.0367190290058 31.674523173656294
227 118.67544041782993 31.9392017476083
228 118.62650529378928 31.778398168572753
229 118.5203947329483 32.31191242279892
230 118.54183183842989 32.18630651101706
231 119.12159867627834 32.17711499383699
232 118.65096908942144 32.20354333275525
233 118.78591955733897 31.834373016727945
234 119.04363584002667 31.77843341781169
235 119.16851092201914 32.08094259348919
236 119.12821905963544 31.911149568761427
237 119.10889958245576 32.325705899443264
238 119.07551712773886 32.12202584220359
239 118.748748914314 31.8966212820575
240 118.94820825968867 32.26023580107236
241 119.00377892866543 31.910744465350238
242 118.7957217568631 31.731793874970077
243 118.94014764371396 32.214974601387794
244 119.18578827679826 31.995799445640923
245 118.71767143440134 31.79637990826913
246 119.15821120803533 32.14609258217814
247 119.18966064603971 32.39120892536325
248 118.89228056428927 31.80235881629672
249 119.15327976922822 32.22980739033502
250 119.00949367004948 32.19005046034724
251 118.98861666361114 31.69564877155509
252 118.57028557038029 32.278030982365564
253 119.02208251167909 31.97246931755597
254 118.61624220409595 31.678099937083243
255 119.03111731282121 32.0198235962545
256 118.53419655288282 31.858611019244762
257 119.12991752294104 31.715536370996706
258 118.62134350849384 31.66110765161424
259 119.09265677253126 31.774072578817226
260 119.11145244973838 31.954183758889485
261 118.55924741580725 32.11568024948926
262 118.55960208748655 31.674751741870054
263 119.16168347181153 32.164286620097116
264 119.17948997175992 31.682111888372294
265 118.54225418281885 31.743731493469806
266 118.94059933150865 32.18382166460476
267 118.77140376082177 32.2882108786956
268 118.5414874252035 32.3517631214242
269 119.09798223771277 32.11829597967084
270 118.96575434446461 31.96644342648337
271 118.56425394964957 31.687490799025277
272 118.82233689631664 32.055244724999135
273 118.7877919581467 31.717660289447807
274 119.18083715685461 32.004882152600715
275 119.19302980359973 32.07646520732878
276 118.65990483545906 32.26802518687142
277 119.0289370553606 31.852667501147714
278 118.96044734181714 32.38068832704213
279 118.81894031732617 32.36490007035068
280 118.89339747903219 32.27054530920615
281 118.76819281115235 32.17196637390826
282 118.51925288958377 32.17247695433601
283 119.0349946116547 32.308519401258636
284 119.04504033270588 32.364243842173764
285 119.13823610110862 32.26449094662353
286 118.84560924651518 32.12488416137791
287 118.56100594129983 31.69076932009195
288 119.16377109740047 32.10329919395477
289 118.6844358037043 31.881691202128703
290 118.58809808166158 31.71255879390998
291 118.58947942181268 32.31553267232814
292 118.91458692306647 32.26368038271149
293 118.76044220589847 32.009754849792536
294 118.97447133012311 31.97220239367903
295 118.53925530177864 32.00051117973209
296 118.5128123529387 31.824502307239026
297 119.18899788558016 31.898943494208112
298 118.54895291437299 31.961590482877703
299 118.73915031234631 31.62102707755078
300 118.5202192336159 32.31701948571008
301 119.14049538132451 31.642694415485643
302 119.1052563931053 31.914612314184527
303 118.89979486720267 31.691313676680632
304 118.59358871878597 31.783541632761526
305 119.09509658801637 32.35571974909625
306 118.54947955144898 31.901929331247104
307 118.8106605047666 32.16482349195012
308 118.71750642296014 31.688997709885847
309 119.20863427356849 31.775073466148346
310 119.17906569904592 32.30097953230624
311 119.07047462651181 32.312429517210674
312 118.81363611928502 31.789145109239165
313 118.85140012312992 32.378144014329806
314 118.90029686075414 32.15148406530347
315 118.89274544587634 32.00985004135541
316 118.6253534571617 31.87923905286997
317 118.67362834217704 31.878944029776758
318 118.9953784649575 32.383687356732885
319 119.09174071908906 32.157999774763624
320 119.16940539443529 32.011158193809216
321 119.04615216394357 31.634266141750505
322 118.91676227696001 31.801808581581795
323 118.5434396683943 32.339795900732696
324 118.55830877724769 32.03574448822357
325 118.6319460501572 31.867998478650094
326 118.9916822111977 31.636950899544527
327 118.70594645757505 31.815971323946894
328 118.77506821012591 31.788137274051866
329 118.60518098635929 31.72582897865834
330 118.6642972674229 31.876735959552395
331 118.75764387103948 31.738955049102763
332 118.93817340996605 31.664447218241683
333 119.20117328922233 31.714667136425525
334 118.59689032271025 31.984183219710925
335 118.72046895701702 31.64704250282926
336 119.19488747160786 32.34436680043003
337 119.09530475150557 31.766052262720386
338 119.17431801244467 31.989929213564935
339 118.86840843222637 31.921886295909513
340 118.67146195714481 31.843470568871734
341 118.6400373065319 31.866073010164616
342 119.05605463443177 31.797167755749697
343 119.16195704118641 31.82068949215309
344 118.92937756582778 31.70452854632555
345 118.96571809872334 32.13907223146093
346 119.13088813175752 32.09202756127444
347 118.67603527981856 31.84589389716006
348 118.91725212824572 32.32312601481012
349 118.8863301346862 31.916605663176565
350 119.13478548086508 32.092967875299934
351 118.7391075772623 31.998471896367775
352 118.58017019278503 31.862969965026554
353 118.59366604522069 32.304610915716076
354 118.68678015162399 32.29160337739664
355 118.5547375287262 32.27559870781566
356 118.72879819856716 32.39300551475767
357 118.87555110070444 31.636379306437213
358 118.80054086661333 31.984776482553663
359 118.95493835497768 32.36236434143173
360 118.8627204592104 31.700511348990236
361 119.01114936665805 31.79659195693735
362 118.82876781232298 32.00968434434309
363 119.05504440196532 32.11195684225405
364 118.80660954364556 31.87492468993275
365 119.02767662659987 31.84752624572464
366 119.00870262872365 32.23594931437206
367 119.09281793690917 31.616268903658266
368 118.62401982531662 32.23562863510715
369 118.99965466289412 31.933793314583077
370 118.49729075522421 32.11673900593192
371 118.77127893174777 32.17212660499015
372 118.91583079765343 31.687801133198487
373 118.49968429746875 32.34401740188273
374 118.53734234385726 32.258628099026865
375 118.65931348698159 31.882294129423965
376 118.78862430269945 31.75552030272465
377 118.99428063844007 31.664297221436456
378 118.65016651555797 31.83498634305556
379 118.77195264505956 32.18231488526216
380 119.13290278388665 32.28546778737745
381 118.73216963578719 31.84021481069717
382 119.04161714319058 31.79382317607568
383 118.91758185844985 31.856769237839647
384 118.55542448872919 32.37670296947336
385 119.17096398147366 31.6693827771735
386 118.59024020060696 31.737898926251443
387 118.74649539262067 32.155785712272156
388 119.18819035638 31.707420497727316
389 118.67798082130099 31.781167053874952
390 119.15019929710336 32.266227318766944
391 118.96175442491392 31.84159485756069
392 118.61954756423874 32.08459980065312
393 118.59212634475111 32.030041207751026
394 119.18158532327676 31.828530514157343
395 118.80883752325025 31.802774386123858
396 119.0367785660293 31.787609568542067
397 118.59914423152397 32.30438170465417
398 118.86494602136015 31.615919068637627
399 118.58124634410996 31.689604787474025
400 118.828351411308 31.868705979185297
401 118.50167300791054 31.769570469468654
402 118.50597831949356 32.04785628274863
403 119.13354526976312 32.02730677337254
404 119.13680366001013 32.00408244213282
405 119.03084342206256 31.842500004567516
406 118.85510378694875 32.014066225447046
407 118.64776379211357 32.22848300450564
408 118.9954243566916 32.236406505842616
409 118.64345937741594 32.03560407650762
410 118.54864421185235 32.2414700762547
411 118.70969025613236 31.671141328651494
412 118.90619033264151 31.733295241038103
413 118.90574114454034 32.202334340025764
414 119.06712741831379 31.916682826565367
415 118.75739007652453 31.86134606850771
416 118.59464388427641 32.062158094656176
417 118.54109889936267 31.907245871265197
418 118.65592246318504 32.33224795010066
419 119.1552308133497 31.902834646019738
420 118.51855387408514 32.25845679256846
421 118.93911155589144 32.090557481154725
422 118.82053130588265 32.33687904014485
423 118.63885850504344 31.99022176573701
424 118.99751055233736 32.37198543174033
425 118.8962480035288 32.0434502586186
426 118.56964165005725 31.628984085257446
427 118.96551041395782 32.188258948777275
428 118.52779759219449 32.304393214681554
429 118.65999130358433 31.659202486132127
430 118.88353044209043 32.38056110529954
431 119.01449593363812 32.065110044522825
432 118.8724317348865 32.19234444552551
433 119.10551844290745 31.777998698522275
434 118.98241615250812 32.351169257090966
435 119.1831277982282 32.119594838505975
436 118.68795279947297 32.04352296307948
437 119.18414967622026 32.373250635296216
438 118.65452494050223 32.045099367836876
439 118.6390156624199 32.01157431760412
440 118.61593472576347 31.628043403423415
441 118.5837733134957 32.04838567702874
442 118.93836286306473 32.190606680937066
443 118.50225643976684 31.903117223957615
444 119.06994288568951 32.15121167103161
445 118.95095082065755 32.039301972204406
446 118.72584637236757 31.76196483715599
447 119.12083533712999 32.030934870618125
448 119.0906737732989 31.975881219743695
449 118.93423113981565 31.86669249683356
450 118.52762381825022 32.13150979058378
451 119.19039236533627 31.6546541512481
452 118.92501537775237 31.885258243312563
453 119.15525410675004 31.944756360558998
454 118.59417623290778 32.381732666047995
455 118.51633823151353 32.160583051256964
456 118.71923753483591 32.10669724713145
457 119.04443329925795 31.721205674624233
458 119.06960281664978 31.96171634844224
459 119.1041477658119 31.900203700873647
460 118.7156790995015 32.36174516269308
461 119.06236468710449 31.95810615973088
462 118.5946442122055 32.27673576829534
463 118.88865201899515 32.14398594820607
464 118.52824441239086 32.27698886882897
465 118.99961482936823 31.581227377643824
466 118.75963884640751 32.35562301168927
467 118.57716123340734 32.35911424268445
468 118.9742720384212 31.717334821926602
469 118.7770038757955 31.63872882615239
470 118.70195457229893 31.86354877397665
471 118.75126806894579 32.0306740485698
472 119.04813594794926 32.01576380494435
473 118.7976013851569 31.952087098950244
474 119.11802031127633 32.322447316404386
475 118.60495877991303 32.04821397689978
476 118.7874236313673 32.3396092658274
477 119.12195384278195 32.066345842328026
478 118.90798988412334 31.75534156696392
479 119.00397901406754 32.39338662941005
480 119.09382054646889 32.397973671038876
481 118.86504498758589 31.952139367645092
482 118.60806487759233 32.199850314935595
483 118.72778855410616 32.124535859164475
484 118.65330884161311 31.749932810092837
485 118.62763378003754 32.066248129062785
486 118.91320356354011 32.1216970013378
487 118.63568777549138 32.08210507560095
488 119.0721230381662 32.02751434345575
489 118.81321267577064 32.06773618262991
490 119.07360721420093 32.17521199378979
491 119.09271306407423 32.20754447517579
492 118.98017010688989 31.688182645071315
493 119.04965624281019 32.33667602996591
494 119.06133236381574 31.992753124424805
495 118.91503639481405 32.1578677996823
496 118.72258097303099 31.910089120724805
497 118.79303350162212 31.654479629231652
498 118.70504106616973 32.11894582260919
499 118.8260892080443 31.898420057091208
500 118.75345096283166 32.02164658238146
501 118.75547605550622 31.80571032573577
502 118.55394990167886 31.768157852255953
503 118.7808246512629 31.827927921203205
504 118.5872785934932 32.29400957272898
505 118.7534635375171 32.35215064012109
506 118.58377483336237 32.36749956294996
507 118.76033710749834 31.939766498929767
508 118.87972145523993 32.23428368970758
509 118.54313847583232 31.75003865535014
510 118.66302844671098 32.191308139512245
511 118.78547845365742 31.924907319476603
512 118.68665134106479 32.26434813673713
513 118.88742497110243 31.779974761922478
514 119.08284578502283 32.251781456419046
515 119.04896846711269 31.674888149136343
516 118.67975149089156 32.30292552436836
517 118.63920055063645 31.9512708975546
518 118.91285194625372 31.74202445482366
519 118.77817679520983 31.84559267666896
520 118.5491835097938 32.18317447301649
521 118.65478099007159 31.964060547918532
522 119.16517713487316 31.780074239884787
523 119.15261467545105 31.815886600625927
524 118.75010322845847 32.14726436599489
525 118.52265811890004 32.12455859617674
526 119.04178653223434 31.646877758741667
527 118.68288794451912 32.26633605596406
528 118.5158052194556 31.694452282605443
529 118.68216446794906 31.775010387718112
530 118.58828695791911 31.62130975804225
531 119.12830470254063 32.02691876930574
532 118.63896116049577 32.29157223638316
533 119.0109957619671 32.33404427152086
534 118.6232998827777 31.982270001533465
535 118.55254522428454 31.700731160018734
536 118.77071367013048 32.00292461966213
537 118.94161299867916 31.83372257264497
538 118.88846393415638 31.84501384752312
539 119.05333563631993 31.7735625974836
540 118.78154411623905 32.35109268554273
541 118.92833691023736 31.9110372855959
542 118.53989318820365 31.589304619187445
543 119.00902349475517 31.985907164218737
544 118.97413033424864 32.13689887302228
545 119.06299639118943 32.24098081080434
546 118.55291125289104 32.192086632696174
547 118.8200526636211 32.14882888805891
548 118.96183363369758 31.785313042271042
549 118.49556533331885 31.870311872441434
550 119.11982152916026 31.94112342395208
551 119.0680961767661 31.73069964792927
552 118.86409966982117 31.961726683426186
553 118.74565491619796 31.682530937915782
554 118.9946689010734 31.662709298196674
555 119.12187068051993 32.2475152272586
556 118.87013250469666 31.71864546357098
557 119.12238875401486 31.968475723875763
558 118.59050807524156 32.08055602793766
559 118.72637177065405 32.35671079381058
560 118.97408777253872 31.85559552263688
561 118.75522789780052 31.743873688028135
562 118.8584645232545 32.28833390788993
563 118.95172772607197 31.83511723086462
564 118.9048701310504 31.831560609369976
565 118.81422891052632 31.736751768004652
566 118.61903786589687 31.95864880310792
567 118.77384261240984 31.763939837723267
568 118.65316031854675 31.902550246488026
569 119.03554915958439 31.858430475964727
570 119.04949253722197 32.116612958744575
571 118.6522732289194 31.955231259482918
572 118.90918493001591 32.11924922299836
573 118.9945592909841 31.843431687363346
574 118.81899388757711 31.895019849803028
575 118.55365940410765 32.3822112539799
576 118.97283876772629 31.802994269345767
577 118.5538537342796 32.2022817333961
578 118.96902106413533 32.15937467797563
579 118.57517621315048 32.10557992825516
580 118.95942530142504 31.689809053549908
581 118.68707463958727 31.597988641321553
582 118.76452236465195 32.20201556789644
583 119.18585963544766 31.65212585340097
584 119.15624098373205 31.79352796965313
585 118.88244603660713 32.364470311026274
586 118.95305529864456 32.376237655999724
587 119.06058466168697 32.34281693290086
588 119.0102700891882 32.04538783395215
589 118.58376736089113 31.958456588550003
590 118.79505088767316 31.97348629040942
591 119.08015010306528 31.877359226254292
592 119.01262204723974 32.3883906221125
593 118.61320797822029 32.25259953183337
594 119.08946792193193 32.4177561070978
595 118.93565799774112 31.843998787471172
596 118.70609843024889 32.070547106510546
597 118.53036099214768 32.126452080773085
598 119.02761757603243 31.917064353310305
599 118.82709275034013 32.06417306225679
600 119.18798058718099 31.731045252630242
601 118.677778707479 31.850959081260026
602 118.5644861100695 31.705232315678472
603 118.66568007453948 32.07864553161413
604 118.80078721169109 31.87549260277177
605 118.52863339307385 31.937803584658226
606 118.73725377942792 31.909692228070927
607 118.64995767881071 31.642927622200887
608 119.16817749529307 32.32798353085437
609 118.63339144814941 32.15855979560761
610 119.11959698079328 31.842832584329347
611 118.57678577837288 32.31093028883608
612 118.9044055729003 32.161745774539895
613 118.93975415919428 32.39071814701599
614 118.88809963145644 31.989972259318996
615 119.15934603719063 31.689673742865526
616 118.80205823976416 31.691416330761207
617 118.9460880976491 32.18136356725501
618 119.11162968919139 32.049725358068606
619 118.66210389703333 31.77671765619107
620 118.85828684332333 32.00999750113892
621 119.18511441426462 32.01899977934497
622 119.05302004270962 32.30281066351043
623 119.0050432911154 31.60865158152365
624 118.79938856696742 31.699487918753483
625 119.1057909676898 31.91974346636291
626 119.07519511225473 31.699979637198485
627 118.80596692259758 32.36832570083532
628 118.8866934165418 31.765447243148255
629 118.96554007569755 32.10070070725148
630 119.03448642542452 31.949594498647
631 118.82162644166493 32.21931174413249
632 118.73773380528246 31.628072804158794
633 118.61180539637976 31.861360853222795
634 119.03001309157844 31.976715999603957
635 119.02551665455968 31.684184962693244
636 118.62113700862092 32.08267383538406
637 119.10828016148388 32.0072412579965
638 118.59557237145842 32.26475425710704
639 119.07856996908461 31.971526792550247
640 118.61200103837476 31.85205952902608
641 118.94763103155213 31.83623579060427
642 118.86569096035073 31.819316099780707
643 118.60243120390868 32.34741538666762
644 119.01762495128838 32.235985163168536
645 119.00956275829886 31.86943294198089
646 119.12739428901095 31.95310845172923
647 118.82516163892588 31.67813257209084
648 118.87800674998975 32.07185311954711
649 118.9581991300777 32.1841953666521
650 119.1127802928282 31.805415018235536
651 118.77869569966877 31.978792240699256
652 118.96773452163364 32.13306043278818
653 118.91167268102413 31.980652457288492
654 118.64189302612445 32.031587794645695
655 118.98306681578937 31.760869588024637
656 119.08119281570424 32.21562803118815
657 118.82911199723263 31.683992044275186
658 119.18588543700243 31.97467243343777
659 118.87473503334199 31.836207221684727
660 119.12551595653565 31.69568463079869
661 119.0168636941905 32.29032790724513
662 118.77348495049657 31.757781888760494
663 118.73394464445367 31.978115016929102
664 118.7596459651242 32.09162359969436
665 118.74191665719657 31.841592332229357
666 118.52746875783033 31.99817951424552
667 118.51018633905612 32.0051216235452
668 118.79261915815796 31.940227750091317
669 118.62752982389553 31.884228215778926
670 119.08245707443763 31.7885761279797
671 119.16965021276282 32.31457912505858
672 118.70961666236556 31.985289744502793
673 119.02546907643112 32.1519488136854
674 118.74931237978399 32.015459381114574
675 119.10922776680813 31.848660065804662
676 118.82681575451174 31.98646278838889
677 119.14813061745436 32.23896407659856
678 118.99156823559943 32.28641197583504
679 118.58550266826599 32.357123220831014
680 118.59689669763088 31.79365978573981
681 118.80547329541088 31.870318911145716
682 118.90730179781163 31.68580073698219
683 118.85299771992467 32.40581709101169
684 119.122161969008 32.12100070461492
685 118.51146699231269 32.148701869646
686 118.5829255432083 31.96721326538932
687 118.69202580210661 31.817584155348886
688 119.12414706121015 31.923101137162565
689 118.49430655341475 31.856313427295408
690 118.87880561837844 32.03852137650354
691 118.50012446420284 32.24939140595607
692 118.8875353197715 32.27518004375609
693 118.84430213317349 31.841160753472018
694 118.59411940609121 31.732683582439027
695 118.91662444996264 32.18902013080912
696 118.93482293649313 31.939065878627595
697 118.81297134572775 31.744265780884973
698 119.04347092855463 32.111174880257714
699 118.54290929019719 31.68905464711233
700 118.73094093021245 31.685099485482713
701 118.84431570477624 31.59423421088271
702 118.711031196834 31.746724879246734
703 118.59007199747629 31.97519730040152
704 118.57621887137186 31.749609832943797
705 119.04371041498881 31.643477778914033
706 118.68677089601346 31.99023909932765
707 118.96128237599773 32.31259740960788
708 119.08818217824383 31.61387381544266
709 118.7082158020966 31.791712076590724
710 118.62002737567379 32.33177080793924
711 118.89580410728294 32.114236530029004
712 119.07856799677569 32.247021326108374
713 118.7685226390897 32.31429904469445
714 119.08101736945049 31.76921854158245
715 119.19063117493998 32.20892993842182
716 118.97883067642262 31.81752943459308
717 119.11889128322208 32.32718314185637
718 118.55408453598045 32.357972242680745
719 118.7715696771326 31.731665169967442
720 119.10822425447141 32.291123031268604
721 119.01807362622922 31.652684696814433
722 118.58515756425035 32.079118552671225
723 118.67222654408681 31.97848592964564
724 118.71890625663303 32.07201622581017
725 118.94744422836692 32.20608025735027
726 119.02116349834776 32.30932102915158
727 118.8508473592328 31.99718136657558
728 118.52529712178331 31.641615277596003
729 119.1299391421094 32.35199799332907
730 119.16341299356507 31.636004294785366
731 118.74077537688757 32.2367550013183
732 119.07488625290391 31.715421062344525
733 118.86477947082291 32.324609047713324
734 118.82543462434636 32.088471326597855
735 119.17359939124114 31.843325286663074
736 118.48842321301757 32.27645081806613
737 118.78942536822849 31.730377582145575
738 118.64319353222479 31.779187266072412
739 118.82644466240987 31.83339993663032
740 118.80827175912998 31.908940227452717
741 118.6277611624275 31.791916363331534
742 118.91488637265249 32.32607528894798
743 118.75988762173827 31.957653273728777
744 119.12803562960374 32.36505814460965
745 119.15745368279742 31.837986198749253
746 118.76030217194258 31.971269603339422
747 119.0293686995499 32.27588947487231
748 118.9506827387987 32.38872974163561
749 118.76029297205966 31.97658654100911
750 118.70299472968235 31.973943884885266
751 119.14671377977443 32.346077159944414
752 118.65649911958927 31.9423679042531
753 119.04992421931081 31.95202624820243
754 119.05156550723083 32.373173383188444
755 118.63112888462149 31.990132506157117
756 118.75902590192479 31.681959088704428
757 118.81062205403342 32.36001170251964
758 118.8650950892087 31.9603669962531
759 118.92130284392958 31.880254559201724
760 118.75724358070947 32.32439525394368
761 118.93012227781479 31.599821537896805
762 118.80216338737094 32.379730964240906
763 119.16719217432694 31.660718069191496
764 118.96513572669198 31.650427876937446
765 118.85777141558869 32.325707925414314
766 118.88879485715678 31.960141985853852
767 118.58088091196994 31.728570262791198
768 118.67637973972047 32.384290764857326
769 118.99213238326593 31.84641207591458
770 119.21926609902243 32.34280126292981
771 118.72481130288641 31.98560665990627
772 119.20795477226353 31.916405309713625
773 118.74781432177404 32.04995459458645
774 118.80863231605474 32.32143761028238
775 119.17733309039599 32.3900190761651
776 119.07046812950345 32.14247331213583
777 118.88079510869561 31.907889574516172
778 119.18461873631304 32.25946802561394
779 119.20122919620684 32.34109631628186
780 118.6199150817949 32.04626044138633
781 119.05797258328862 32.190151047203344
782 118.6869459064468 32.31158614346098
783 118.70860472504536 32.16740472553536
784 118.80604735466925 32.11081048694754
785 118.83775053061667 31.889302977204494
786 118.59288785915916 32.08489614460956
787 119.02664549680031 31.783603486973877
788 118.51334417446611 31.713840466375096
789 119.1970204762469 31.799614384895406
790 118.67025329514144 31.943315966604658
791 118.99400260493488 31.880353092814744
792 118.8604127635468 32.1731550237903
793 119.08879318440461 31.912268296793005
794 118.61750434125503 31.97799321390959
795 118.52265973877877 31.809758672410524
796 118.62899008964158 31.66975873578158
797 118.97046732209954 32.17055536057429
798 119.08582273843545 31.77631365009096
799 118.61334863067904 31.97556387220201
800 118.91524330160897 32.07870969371195
801 118.51356922311805 32.134438665362765
802 119.07331993223278 31.94233447758521
803 118.58387028355455 31.79149890676979
804 118.62047168954182 32.31893431481474
805 118.94303946104527 32.14197727129866
806 118.80852366161808 31.7936312741751
807 118.69353999180379 32.2428300473727
808 119.16621655219842 32.04818520442821
809 118.87083075152867 31.958297116223402
810 118.6152139065266 31.69437656731828
811 118.80021643415739 31.781969906356526
812 118.98487244063553 31.693904693147537
813 118.81308497160641 32.137603361901874
814 118.59304493658632 32.17209840368325
815 118.61411257192675 31.967521821521025
816 118.6547410742964 31.65195998414236
817 118.8772706356915 31.720856638010908
818 118.9386062431265 32.33909509238685
819 118.83125453643821 32.31384929387405
820 118.62550551460143 31.921541600061104
821 118.74190191099555 31.717036164156553
822 119.12168714668171 31.964473420336603
823 118.67768310404973 31.93901952368034
824 118.97484090351949 31.616345020091554
825 118.75244035347463 32.18849049482017
826 119.1966919177716 32.1007781389172
827 118.50057489309324 32.04638632688539
828 118.70258198476532 32.25294056350147
829 119.05212099297789 32.27784123338159
830 118.5377010652616 31.765243282658314
831 118.7644445397374 31.6605229145777
832 119.17258076301403 31.9065167927431
833 118.98736349421775 32.28028846811086
834 118.59660054774474 32.21461089058269
835 118.55920694274413 31.80533803361818
836 119.17507210926001 32.220980332765826
837 119.14970796710476 32.0737024398981
838 118.62293482070947 31.81346266943921
839 119.11996141633125 32.14733675940913
840 119.02095199618931 31.84440895411713
841 118.7930424714519 31.861270538853308
842 118.6653480806377 31.769331754995886
843 118.59281670721955 32.051240641919414
844 118.6591733749187 31.991972691215324
845 118.83321545568278 32.091779857264115
846 118.53327336440397 31.604021550687825
847 118.93691837215667 31.9238588236563
848 118.92702019455686 31.633572979450864
849 118.9150189940657 31.849144018665616
850 119.0758846042685 31.671029566406407
851 118.56396950514596 32.0598627454764
852 119.19300454052376 32.35057967213028
853 118.82670225994892 32.27477265527305
854 118.84834173280694 31.997040235221917
855 118.60487111817258 31.88857777246892
856 118.94907947663863 31.604341738178157
857 119.12891736581082 32.12744867423894
858 118.55599679548808 31.84176277631446
859 118.70842965815223 31.94111371584115
860 119.05860283203067 32.0846289180911
861 118.51170401796655 31.749436168827906
862 118.90789517608503 32.03336491882551
863 118.6576212964982 31.955771823261397
864 118.85997356943913 31.91608846086775
865 118.60320511811865 32.27009584643502
866 118.74511308083152 32.197898240007206
867 118.73685234409741 31.696730439587316
868 118.78519717065592 32.318097996949874
869 119.16738952130297 31.59289091359974
870 118.58436804382421 31.780090400587728
871 118.69374488693505 31.69981623072842
872 118.97624513951253 31.86329544898596
873 118.75657377442244 31.685887492760415
874 119.14907105081389 31.826889932531216
875 118.73265588111518 31.922898734554295
876 119.15169333932575 31.98077719675114
877 118.59346508304301 31.8278432356325
878 118.82084587414337 31.651336339845916
879 118.85886089499559 32.01231707713084
880 118.92262114738747 32.07879423637394
881 118.78299453697383 32.11393354890273
882 118.86193727529856 31.593652095276116
883 118.64744967212062 31.67823989479393
884 118.66695239064964 32.12836329419217
885 118.57917752891915 31.727667159022477
886 118.884113868611 31.68690468727218
887 118.8471279491641 31.947338703769173
888 119.19726820977128 31.89653593204914
889 119.05362926432502 32.121372319743664
890 118.99225807597034 31.619211261266084
891 118.72871419538251 31.798208840684843
892 118.67003980513981 31.81123963120737
893 118.97832514333132 31.847944126944586
894 118.6604987737373 31.605921170663482
895 118.53089658078137 32.03860678943357
896 118.71006497655804 31.609733220184285
897 118.86113562691875 31.83110096399512
898 118.62331906021502 32.32423354793501
899 118.57601441879731 31.727427272800686
900 119.12346903729718 32.15134128399368
901 118.8285166065361 31.985596545058335
902 118.52729052408866 32.320687508629675
903 118.66929686236719 31.954530858436907
904 118.53883358331319 31.756083650699143
905 118.6904235613447 32.4021642714082
906 118.79776026157006 32.164122008179795
907 118.586630397994 31.702826216279554
908 119.14056299348144 32.03152313048224
909 118.83119870355311 31.869247595800946
910 119.08593651364497 32.31099876935608
911 119.07124932520294 31.733223658453223
912 118.59743625181126 32.103679779372136
913 118.54974778279117 32.35847212685898
914 118.90477455563521 32.34604288890327
915 118.51865164801573 32.31496675059256
916 119.0568405381238 32.12406787695313
917 118.7138932964326 31.84481066230327
918 119.02178970485906 31.650077861688413
919 118.63099882693504 31.742493424744264
920 118.7255853837058 32.30920276132113
921 118.94212510888455 32.15601930406599
922 118.66369025959472 31.66067595867931
923 118.66122121989936 32.373924694788
924 118.75194131245848 31.998876253695272
925 118.53850778681968 31.751154838041078
926 118.99247968633566 31.977434657650385
927 118.57722104106871 31.942394598309185
928 118.6622654062777 31.776725097223615
929 118.54735672114698 32.10093748440998
930 118.82324190200245 32.03139447458129
931 118.70168374370486 31.813264706901467
932 118.85798569890258 32.22114361609841
933 118.95135705919691 32.0310786933496
934 118.63695311638014 31.8793733812979
935 118.74035416286166 31.726516140151844
936 118.87838369494207 32.002442290803245
937 118.67320775087866 31.71791289684816
938 119.13095857061103 32.324309897107014
939 118.54843287420921 32.02122018049287
940 118.60639356664815 32.327186001826725
941 118.71149111346429 31.859433903200177
942 118.9503676048049 31.948141606800462
943 118.54092227718604 32.0226440906817
944 119.13816341215576 32.3001290328207
945 119.12527185229997 31.699746321552634
946 118.95347836264932 31.917627381934462
947 118.7538688100724 31.682413715377518
948 118.68637467921052 32.36349075702943
949 118.73175321584378 32.247149914769444
950 119.12085554897324 31.930916776455486
951 118.86296283474685 32.12352499733318
952 119.16213418464568 32.05064872685165
953 118.84832593341183 32.080524393565724
954 118.6436314742296 32.260744671996726
955 118.57673541218563 32.38095964136405
956 118.96327287925 31.66462438173865
957 118.7137646497227 32.043591071428885
958 118.951875437235 32.32370931944467
959 119.16325222033848 31.922914199189336
960 118.51366317144866 31.79253086747738
961 118.56611195933324 31.698250722384252
962 118.73789331454405 32.11389902381423
963 118.70918455995522 31.7485037864123
964 118.76581744517829 31.88927275246945
965 118.81250485382044 31.894163132645044
966 118.78286056900804 32.087841520343936
967 118.56078374643933 32.37452798062606
968 118.73069899876154 32.39507142739813
969 118.60927204467362 31.835139223988932
970 118.61565379473123 31.812783453462938
971 118.91296253713973 32.187290116532374
972 118.52879558870102 32.15466504065976
973 118.67950329844882 31.8300792282682
974 118.92668063067147 32.3641238093147
975 118.68903596881161 32.24002929928369
976 118.85239546850404 31.74384782250409
977 118.82189957014394 32.000405365896164
978 118.93364029344444 31.65985644484218
979 119.07617982760988 32.033711031686
980 118.68608145884434 32.049632284468196
981 119.13121635129379 31.75910642953751
982 118.97348923294442 31.65418440792206
983 118.78374809559931 31.729094155645853
984 119.08952588415852 32.02059638763017
985 118.78407386483471 31.646201119892744
986 118.985427775034 31.750456972145592
987 119.12020263587269 31.745370415464855
988 118.6928595410201 31.91460410497855
989 118.84028484011833 32.0224078647287
990 118.77271146474972 31.879230550729236
991 118.5686637013893 32.10584685092023
992 118.58023152849076 32.326595377008026
993 118.56642152967409 31.793244499587757
994 119.12053128208414 32.390178766226406
995 119.12878969038657 31.866025665067774
996 118.73483427823777 32.09853371413181
997 119.10425533254568 31.889703376145235
998 119.16521154955173 32.1553195946296
999 119.02827780400602 32.28822681314961
1000 118.66850929349448 32.24085718921484
