1 118.9457265652066 31.96084891588769
2 118.90043167441904 31.630495366802148
3 118.62549187354679 32.06082046809634
4 119.05801255331684 31.967070872233528
5 119.16357511626266 31.963368711389485
6 118.94295338119296 31.869471688143587
7 118.90570764869366 31.755728592931447
8 118.62498958902972 32.06421546846541
9 118.69547489353037 31.839072736953817
10 118.7414698250542 31.833025865482533
11 118.62287199236678 32.1019020173294
12 119.20144064069525 32.03626171730175
13 119.15232684159818 31.720712311139547
14 118.76291638108323 31.98917852008877
15 118.6210760835251 31.738384338724952
16 118.76254901306228 32.229312768382435
17 118.62658139206663 32.3120779561955
18 118.86806087312765 31.991596874563303
19 118.64081762940523 32.28352136887706
20 118.53803391672932 31.68519114238575
21 118.93568066727846 32.013053376256714
22 118.74995294516697 31.627058767208194
23 119.00934664105058 31.928816129912857
24 118.83937743853994 31.70110203342874
25 118.97688999992045 31.692102557726898
26 118.74303541173542 32.09012938774867
27 118.88960316637848 31.796509116724096
28 118.84877843319283 31.6718800665625
29 118.91209961470112 31.782096837531668
30 118.52301996231424 31.8721264182374
31 119.19094990648478 31.99374300889982
32 118.66256404530982 31.755521381692578
33 118.55052078058887 32.12476198471517
34 118.70103992621927 32.001675062247465
35 118.99299689778233 32.02906135034395
36 119.16799855987497 31.918541939425346
37 119.1007901470122 32.21603902719877
38 118.69744738657937 32.06861917381853
39 119.09973316266789 31.710000568377815
40 118.53689570210403 32.16720237568592
41 118.56701074195507 32.37286768480201
42 118.63173015749467 32.02617087652006
43 119.04836202489611 32.302979956217776
44 118.97416530648651 31.88020522471416
45 118.58174235650878 32.07380570491121
46 119.01994153744121 31.933183772397438
47 119.0316117355312 31.923412313256367
48 118.60839056138911 32.231807815753676
49 118.9654531308852 32.028385608566694
50 118.7897087652691 32.35561939479738
51 118.54681209429172 32.039444024400865
52 118.87723235659111 31.67762685507558
53 118.8380124715153 31.882683111076815
54 119.12221798363989 32.28760762976869
55 118.94534730924796 31.965046622299596
56 119.10584323869338 31.59859652747872
57 118.86496245510752 31.80872829078677
58 118.98252236325237 31.656248332141022
59 119.15974732405263 32.378159508113676
60 118.50534588044708 32.38418907381076
61 118.79398566745077 32.24919481223937
62 118.80638340107028 32.07577915142275
63 119.03359681126862 32.23248739688519
64 118.52193971076363 31.749935982692428
65 118.90259522751793 31.8405935741085
66 118.6858741503469 32.008114780844174
67 118.78510591047366 31.878805007200654
68 118.97404258676465 31.671930869144035
69 118.9272308021068 32.34166591372782
70 118.66193615704172 31.973192457371336
71 118.60909163014544 32.01110508360068
72 119.08100344953768 31.880916625057797
73 118.86022220639897 31.813819961021913
74 119.16671404651994 31.895540190331044
75 118.96655568272571 32.27361831446141
76 118.62469451947864 32.220830256890075
77 118.6149429415729 31.870617380139485
78 118.72794712442193 31.63099196080279
79 119.03805259846085 32.23045891497035
80 118.83798590059936 31.808858608540138
81 118.89494819856795 32.071777572151035
82 118.90999231236397 31.609969234101484
83 118.65764703048987 32.11745261194098
84 118.73566660406871 31.925057640592748
85 118.69269630290886 31.982033733406933
86 119.14462526739938 31.946157959759145
87 118.51416604127239 31.87730059607427
88 119.18078115792748 32.00000801264857
89 118.61085206811477 32.38914939205469
90 118.83425393857327 31.715574373947977
91 118.6856773809284 31.864604647160412
92 118.69585110653331 31.611213105529757
93 119.03163227525647 32.19570456347161
94 118.9890700120782 32.13878397041479
95 119.0303228647066 31.768728560427068
96 118.61588517571217 31.907764218490886
97 118.65706996235717 32.1235682146691
98 119.02791735622951 32.148840907806395
99 118.57063644466642 31.713058762399253
100 119.10063083626636 32.334410840877254
101 119.11773945949523 32.246027426763106
102 118.85265097368547 31.67347885617757
103 118.97639237593444 32.29014322385225
104 118.74110536386685 32.217174415341645
105 118.93584364569239 32.260301596238044
106 118.52298352595602 32.01580342303457
107 118.68348008190405 31.793481232409352
108 118.7950734350433 32.37192450057124
109 118.87350311039465 32.09405662249771
110 119.19550912674798 31.879089933930697
111 119.19558297496937 31.835135792861152
112 118.58555977965203 32.31560569189296
113 118.71665735885382 31.9655341125604
114 118.56358084570799 32.03708673568732
115 118.72792694037084 32.12306516596816
116 119.14168314851248 32.28472282909711
117 118.92196743650845 32.082627936114875
118 118.524899469859 31.760316996634657
119 118.90333751614989 32.06480380436179
120 119.1770455515374 32.008702811719736
121 119.19982080337252 32.02964268209
122 119.13534419585694 32.15157589131644
123 119.0267278825079 31.782572512752463
124 118.66088168164885 31.75113359231192
125 119.12037485328307 31.677718329230323
126 118.7346889200963 31.845164689733025
127 119.12791326666233 31.59811948725583
128 118.51860246960693 32.08001836848115
129 118.56276952758363 31.83579252243696
130 119.06401611049945 31.7535489566518
131 118.54995583071468 31.68861378720819
132 118.79802728766542 31.803849346311925
133 118.7544858413847 31.774327852702623
134 118.65433821823476 31.82253071227503
135 118.7637467399994 31.96448012440359
136 118.84788381742047 32.04027066881059
137 119.10447376122723 32.24363718637866
138 118.93347472174841 32.377939624251226
139 119.13349606207528 31.63854299101082
140 119.10813301752358 31.796602295043677
141 118.61599435727432 32.09933056392158
142 118.77367668122514 31.76506368794099
143 118.84767008474577 32.29787981135492
144 118.6888311895119 31.746136167256072
145 118.88987188477005 32.19655553348312
146 119.18818664386114 32.07941176941326
147 118.65927015477749 32.216348167187256
148 119.07117481662513 31.629167536910668
149 119.207547758127 31.796293431146545
150 118.64365163296756 32.17282507990296
151 119.12087455153396 31.70889993213285
152 118.61710139057104 31.629240675395398
153 119.14998589803164 31.90039996969694
154 118.70274591342596 32.09525767305936
155 118.67487009848482 31.614551740203694
156 119.14492311574624 31.683247931428767
157 118.69825342476145 31.601935132326577
158 118.65492866021708 31.90932026730375
159 118.71744870155841 32.14558876397488
160 118.99974331906348 31.762037662681045
161 118.52328308337694 32.27549591921354
162 118.62990586038505 31.949927837665218
163 118.58102236693098 32.09363035144484
164 118.845197823946 31.829495840713673
165 118.52004072139727 32.12446164179086
166 119.1551130284748 32.394319338634936
167 118.8349870091836 31.961700364373627
168 118.92160330430683 31.760773301316295
169 118.64599947581286 31.961856260287767
170 119.00386875246248 31.951551960649326
171 118.50871150189504 32.016246896593984
172 118.55322195085157 32.01456965440343
173 119.1672930389096 31.631427657371606
174 118.62747343899909 31.707399876826756
175 118.83726895912288 31.97372510681823
176 118.89075240985797 32.16756818288902
177 118.61932553522738 32.257674717259
178 118.92571122586037 32.17660601974299
179 118.7112865209644 32.017778119909686
180 118.97502914357487 32.378068019598025
181 118.70757891904826 31.864385842816265
182 118.78961958931403 31.98102799447101
183 118.8429952814809 32.23046901566952
184 118.5023660712543 32.250166788363366
185 118.591985825845 31.919813902046563
186 118.55296368323829 32.275725941107176
187 118.80172157849628 31.94871395931315
188 118.87780688591168 32.18741922790394
189 119.1660255136364 31.57388682862797
190 118.7199601893874 31.603003223415197
191 118.6151561973797 32.33989694554545
192 119.15720554542875 31.694652420810193
193 118.87830252427133 32.16318503518259
194 119.16247255960448 31.84077750157675
195 118.72086940937652 31.743347382702186
196 118.5428626278082 31.897714813607045
197 118.84928889999337 32.34314973796958
198 119.22355389697417 32.071591593406865
199 118.54350836240357 32.32842613869081
200 118.85590010443721 32.156567594706836
201 119.08937911748254 31.967968076318165
202 118.67855961927158 31.990789872322317
203 119.06047970437865 31.76677060757212
204 118.54046609904273 31.629421477416976
205 118.71451566226936 31.911913872211198
206 118.62600741872997 32.03533390869907
207 119.15778525934263 32.31906235974539
208 118.95549566184306 32.12601091793669
209 118.71967953566626 32.26071852259138
210 119.14436617274109 32.299479185314745
211 118.8805611369128 32.31874185789991
212 118.73555863180252 32.25096472802036
213 118.99735322387016 31.713832076400852
214 118.93983082885873 31.862109766495944
215 119.18098824714318 31.745659469981867
216 118.51951553844727 32.3049656079088
217 119.08573007837587 32.209673069572446
218 118.9736839615665 31.90526522960869
219 118.59698600591501 32.048307542505775
220 118.75074500797425 32.27076212926765
221 118.52414615112752 32.29556160431786
222 119.0852057510928 31.75031367100532
223 118.57413777422039 32.21193085535572
224 118.64618116107329 32.26616888980795
225 118.96585825514816 31.67765435970271
226 119.05270396420673 31.68371438410356
227 118.69718606010711 31.943986772353544
228 118.63303230388789 31.767397307814793
229 118.53372729494218 32.29747785719139
230 118.549271741173 32.191679428484214
231 119.12511494960891 32.1700663780455
232 118.67255360784391 32.19718537323839
233 118.76341402611357 31.823634100890892
234 119.04121680673897 31.776203123085033
235 119.16659518838797 32.09993648376293
236 119.1213711898823 31.91463549448186
237 119.10205915327089 32.34046185094268
238 119.07987279290172 32.143708334940534
239 118.75615422243419 31.888600313218063
240 118.94920787919412 32.26768694129925
241 119.00864497640617 31.926949189340643
242 118.80403051845741 31.723194427704854
243 118.95877788246993 32.21027925212761
244 119.17969318037112 31.990575525475407
245 118.7111884583667 31.794903648612365
246 119.15729808157099 32.13070288050207
247 119.17481754066773 32.389028689858826
248 118.91223255629622 31.792960953519298
249 119.17126247079113 32.242350881169756
250 119.00334317522254 32.19644104438634
251 118.98659890237968 31.692867047888747
252 118.57530763158798 32.28583759390861
253 119.0450639766108 31.962220187349303
254 118.60218436056803 31.672644808429325
255 119.04814563231015 32.0255946905261
256 118.52724275159879 31.87582876161793
257 119.13240563374673 31.721568456755758
258 118.62640151957439 31.646317389403126
259 119.07834299509796 31.777637130871863
260 119.13374286057278 31.947955608058948
261 118.54065601518363 32.116676833892626
262 118.57446041773822 31.672851069002096
263 119.15652729957615 32.157667780872615
264 119.18260325670713 31.691247070184247
265 118.55133718428631 31.729367333702907
266 118.94847199362123 32.19468034802473
267 118.75975623065189 32.28209637801747
268 118.52816091153633 32.346734084348206
269 119.09548347308399 32.1093214121073
270 118.9531400400913 31.975228039730258
271 118.57891138982428 31.68649291866847
272 118.81100290263176 32.08381001516024
273 118.79073741269309 31.724941980963347
274 119.18054320964794 32.00939236300574
275 119.19432338232457 32.08525631490513
276 118.65622894828935 32.2739416121509
277 119.0230098519191 31.859556381685465
278 118.94564230370177 32.39991929488901
279 118.8275336768707 32.37644193249526
280 118.8846019288317 32.30231019570061
281 118.80141198523371 32.18653207555207
282 118.51573146908189 32.14779006371723
283 119.03210082882326 32.31461403034431
284 119.04083571109575 32.35650678830265
285 119.13067664422404 32.258446231950316
286 118.83955581267811 32.140038791218146
287 118.56040690557721 31.70704749940617
288 119.16678045158808 32.08907869409033
289 118.69953185405286 31.860038598078745
290 118.5761738356575 31.713788824769377
291 118.59306425739844 32.30430623391546
292 118.93219150190922 32.25545347604654
293 118.76328183555037 32.013000054363005
294 118.98140064553762 31.977897092325257
295 118.51983942770629 32.01313747907298
296 118.51398147343805 31.819000234347232
297 119.1874969441646 31.91606248174212
298 118.53574777038571 31.949832057546985
299 118.77208659322875 31.626944720198278
300 118.53344743834143 32.296573972362886
301 119.14811891690535 31.643520256794396
302 119.10135537887287 31.927611534941498
303 118.90399788975566 31.700550401122197
304 118.58179957279229 31.780162805736314
305 119.07999006764183 32.35780934454857
306 118.56202652527205 31.89515900858729
307 118.78619662905527 32.17314622135361
308 118.73254883971738 31.686204352348188
309 119.2158353958979 31.77650682743312
310 119.1909160064853 32.29838957661301
311 119.08555215566095 32.32379033748697
312 118.81725735415051 31.795980786590018
313 118.8534819574568 32.37176783916544
314 118.88504263899388 32.14810037296978
315 118.88176448365682 32.016890102099744
316 118.63773587017239 31.89041856995723
317 118.68451179349273 31.856243687809325
318 118.99155961573823 32.38654811576087
319 119.09667060027172 32.17502912349925
320 119.16523823981254 32.00971212209536
321 119.0385573862545 31.624211239001344
322 118.91958378933799 31.802668431193737
323 118.54044136698026 32.35116797404602
324 118.56062153611649 32.02974532227909
325 118.62913104912549 31.86698295311331
326 118.97574646142213 31.630213483706203
327 118.69721761534248 31.825101952826877
328 118.80038067995436 31.791507970565117
329 118.59485584398334 31.73665571987207
330 118.65290013782779 31.879613010893145
331 118.75602252338227 31.750350628947636
332 118.92782734336387 31.651945777611402
333 119.19595775213578 31.705500114170047
334 118.61174225770309 31.979480349487137
335 118.7097863994459 31.643457338196775
336 119.20424148157963 32.35510244444813
337 119.10932609191731 31.76321163084223
338 119.1776717075775 31.996188633994386
339 118.87158803408757 31.928934258266782
340 118.65725916518997 31.847178014301438
341 118.64062957061732 31.86930534921861
342 119.06164293223553 31.808631783385053
343 119.16715903427436 31.836137382950376
344 118.92102028286483 31.700249207498093
345 118.95119331357054 32.14240203622999
346 119.1488378387767 32.096469850318314
347 118.67642875129731 31.839350297530085
348 118.88849649810318 32.31677640441421
349 118.88657107747179 31.916993918617425
350 119.13441810053544 32.11528380945193
351 118.7218877519702 32.00899944464847
352 118.59238826037226 31.858253715444253
353 118.60562063240985 32.31336169323107
354 118.68355925698619 32.290187696389786
355 118.56154654099824 32.26584978814834
356 118.69592981643267 32.36599732919594
357 118.88034570592028 31.63188374586899
358 118.8092503589403 31.989263346812162
359 118.94723197334413 32.35329353351731
360 118.86859027236112 31.707212316405663
361 119.03085070371613 31.780115375531366
362 118.81433160583208 32.01764485432348
363 119.05344967337399 32.10873845565119
364 118.81496099710083 31.874466555832605
365 119.0260707915076 31.840022581539095
366 119.00849310454178 32.22495273618465
367 119.09860681156563 31.60795911478539
368 118.62214883001035 32.24012204627379
369 119.0007448132278 31.948316436640905
370 118.47777601107265 32.11978025335587
371 118.77109709096106 32.167917991991885
372 118.92684120615321 31.672965389799792
373 118.48901890678349 32.33836793891592
374 118.52507305081345 32.2516719335582
375 118.65348416024116 31.87795971778622
376 118.78943019253809 31.753523301707183
377 118.96902504365094 31.662558765025718
378 118.65249785722158 31.873991751991113
379 118.77764676281714 32.17475230669181
380 119.15877957022464 32.284163942641804
381 118.72065365478878 31.85424490838475
382 119.02379001562313 31.785834075475066
383 118.92928471111992 31.862952266805884
384 118.5445753157639 32.38598968578315
385 119.17985188459258 31.662069884542216
386 118.5992625650541 31.733251092288175
387 118.76280512771991 32.164087877389065
388 119.18627910410567 31.692683274137273
389 118.68549353579331 31.77536067254596
390 119.14249693670638 32.272616747602086
391 118.95240503581537 31.851142224450836
392 118.61059191234561 32.08933628706164
393 118.59837548090127 32.04191262918286
394 119.17842103954194 31.831307903107465
395 118.80905052704924 31.799186251067596
396 119.0601179875533 31.800840354981087
397 118.58727174055237 32.3189844898464
398 118.86633409351593 31.614560348244503
399 118.57831854438435 31.699239807592154
400 118.842455868726 31.89567686467394
401 118.51338349284856 31.757869459513955
402 118.50198309168157 32.03167195910532
403 119.12994778310708 32.02500880244915
404 119.12839336521247 32.01040456592494
405 119.02399506009978 31.84560575835989
406 118.83889311657971 32.0193229221153
407 118.62670261765592 32.21772576479698
408 118.99258629705174 32.23563194683508
409 118.64328833656242 32.045849660181524
410 118.53323468033214 32.261973445153856
411 118.71769190071754 31.669940787518385
412 118.9055308221467 31.71670337173758
413 118.90470355222463 32.20250962265611
414 119.07636029072553 31.896705846987693
415 118.75528414540751 31.88686070086572
416 118.57756649113108 32.067746600975354
417 118.53456836938423 31.9189517010146
418 118.65336334685607 32.331206855355575
419 119.1793909262613 31.902309021163646
420 118.49820165829726 32.2618427431534
421 118.94060123230327 32.11360397497624
422 118.8133164133238 32.33893008541582
423 118.64913904824381 31.98413694020995
424 118.99951322985842 32.35806551466444
425 118.90048624952077 32.04223191974491
426 118.55940475729454 31.61993500626519
427 118.98187089516146 32.18774781870274
428 118.51906855644076 32.272996293112456
429 118.66561469956174 31.661916620928036
430 118.88798067996916 32.36720191499826
431 119.01257300437355 32.050358246623084
432 118.87260570730852 32.18895139289955
433 119.10259938135495 31.788898546060608
434 118.99017215544708 32.35606206730481
435 119.1727219069728 32.122313258524784
436 118.69311003554098 32.0637735571952
437 119.18115170249644 32.34914276204146
438 118.65255945931727 32.05308901103346
439 118.64773861021186 32.022421324611564
440 118.61886713368924 31.6120560714938
441 118.58868732634527 32.02448942341155
442 118.94761266101732 32.183722729375354
443 118.51176585426886 31.896142921068932
444 119.07320699303882 32.168817831720915
445 118.96267128876305 32.04270761801936
446 118.74157406083044 31.776003868943917
447 119.12423528776219 32.03229897588902
448 119.1066318579211 32.00904801447884
449 118.93394851756713 31.871654307455394
450 118.52744503641999 32.14024629924538
451 119.18979685510232 31.6634533051165
452 118.92111457102321 31.895321309576712
453 119.15627553419296 31.943662500075042
454 118.5990958289878 32.39436526721628
455 118.51165547211679 32.16482783209112
456 118.72036853591615 32.1200018591366
457 119.02806290702924 31.738288258140276
458 119.06537391880788 31.961430329465557
459 119.08874180135828 31.903109339252104
460 118.72821992794347 32.34760547412568
461 119.03582066762179 31.96101184988559
462 118.59947710932282 32.28531785077275
463 118.89292515265943 32.15102955167215
464 118.52169436000607 32.27290576991759
465 118.99316625745195 31.57695640040465
466 118.75706985775103 32.32912768080627
467 118.5611427550509 32.357117414064426
468 118.99353278578445 31.727027221182592
469 118.79689193981753 31.633103002255815
470 118.72063304165844 31.867246770497523
471 118.74836766262213 32.02810904900966
472 119.04579805061515 32.03688685958557
473 118.7989043710188 31.984930425000904
474 119.11020048282298 32.3205745286619
475 118.614472018304 32.01691429340254
476 118.78831893003755 32.342083704018066
477 119.1429748794285 32.06887512900697
478 118.91601920757662 31.763389747145094
479 118.9962243847911 32.394063846837895
480 119.10019478983524 32.387791207671874
481 118.8701519676418 31.954898095699377
482 118.59590542281488 32.221825685540594
483 118.7339801630982 32.1285339480615
484 118.68150354528011 31.7546699262806
485 118.62580765869679 32.07084592143739
486 118.8976185132538 32.11288055380593
487 118.64065996687381 32.08807679991385
488 119.08211154025798 32.04728511170219
489 118.82864522998624 32.06667276924759
490 119.07807059597923 32.17050626170829
491 119.09729429489107 32.19256917782332
492 118.96821205189805 31.66137854586837
493 119.04324168627117 32.34431987059198
494 119.0594456101121 32.00157552615541
495 118.92546141115962 32.1615981629151
496 118.68807147883439 31.912568918639725
497 118.78750778738863 31.667383849403578
498 118.72302248036783 32.126565798724954
499 118.82033676558103 31.91415383638439
500 118.75331448886573 32.02103704765388
501 118.76095067161457 31.79722660897695
502 118.57567767795666 31.77212772245927
503 118.78445843843647 31.830759494122365
504 118.59502189967124 32.314505926986
505 118.75967365890902 32.353063405278284
506 118.56519685007903 32.35508898536593
507 118.77619400926548 31.95346556758928
508 118.89122276226844 32.217688336030236
509 118.53845179049021 31.73149648419005
510 118.67092995138715 32.18915534344104
511 118.78080943007956 31.947786151920585
512 118.7187284002772 32.253071735874805
513 118.88550725892895 31.767936299841978
514 119.06376738809836 32.24699266806133
515 119.03120992087095 31.67993560867656
516 118.68465892145223 32.29933880125985
517 118.6343052973508 31.9438838247364
518 118.92517248320958 31.751624784939423
519 118.79251002743659 31.830083397096022
520 118.56327291456341 32.16711403800247
521 118.64309461717731 31.959751415049904
522 119.16937642362296 31.781946818258714
523 119.13497511019656 31.81150880400238
524 118.73029683473035 32.14331579123915
525 118.51614233170419 32.1126377064689
526 119.02836450395837 31.65413606944221
527 118.68215974025672 32.27435337520924
528 118.52675969648607 31.6880925263445
529 118.68032707840626 31.781671254873654
530 118.58127384017857 31.619478383574613
531 119.13686215535039 32.03036192841134
532 118.6394416779984 32.31497343655723
533 119.00986063854226 32.33088726239738
534 118.60466034070882 31.96988632172266
535 118.57267441606292 31.68975001853964
536 118.78892497537065 31.999459324787956
537 118.93808170157965 31.82403624318996
538 118.88890943387372 31.845968161903986
539 119.03616919113665 31.76012237933798
540 118.77357004295324 32.3543761086625
541 118.965272285574 31.91773638551834
542 118.53989818687884 31.601075411235293
543 119.03161891916179 31.975073609528593
544 118.9671843104365 32.11610575314123
545 119.06739574424853 32.2394607790609
546 118.55472163650062 32.18265579440761
547 118.8297808061288 32.14481980443726
548 118.9660902891676 31.789245531972714
549 118.46877850955585 31.861078815908353
550 119.11933964907323 31.933617919816985
551 119.06238232836388 31.743323492457137
552 118.86333024099378 31.97626081024417
553 118.74211600710744 31.68638543725725
554 119.02049417477009 31.68446862952882
555 119.12567119565854 32.25440255796831
556 118.87787692945072 31.71636584249737
557 119.13738959663819 31.952205376657517
558 118.57326887464195 32.07368330114541
559 118.721598729309 32.353339041755405
560 118.99218354513933 31.863309340834892
561 118.77366268592253 31.71487085866251
562 118.86039316635498 32.29969629152768
563 118.95433297493521 31.83607038132151
564 118.9033258351602 31.823349824469826
565 118.81211834994032 31.73796981149104
566 118.63144235028967 31.953261463078448
567 118.77882791301707 31.75134104718479
568 118.63068148897042 31.921802315825044
569 119.02259782331137 31.85717041786885
570 119.05800555601947 32.12453333238566
571 118.63753013161109 31.957967459387476
572 118.92201132413236 32.099630324000884
573 118.98674286493073 31.84154506452993
574 118.78705435543971 31.900877103638727
575 118.55163849410836 32.38728495727228
576 118.95952966338608 31.801626227026745
577 118.56106951274357 32.1970855627395
578 118.98047171153367 32.16336904953724
579 118.5756744784022 32.09599679727283
580 118.95391225639197 31.683783731600485
581 118.67818933415747 31.610436584046386
582 118.75562544032583 32.20656569934629
583 119.16476515096447 31.63994069106301
584 119.1783640228288 31.803733486381592
585 118.87635199335863 32.36350815896877
586 118.95965411918807 32.394029210752635
587 119.06308235771365 32.3534935826399
588 119.01242132929254 32.04294682559939
589 118.58206920168092 31.984162284078632
590 118.80231127259995 31.980386610212474
591 119.08827629646602 31.88346444052862
592 119.02245511657549 32.392194067726955
593 118.62099312724902 32.23317451440049
594 119.07943853213347 32.417459290176325
595 118.93845953802672 31.832574259789528
596 118.69511314873735 32.08044782537666
597 118.52602774314026 32.12379937117319
598 119.0073702307909 31.91749744944487
599 118.8239612066161 32.066404826069295
600 119.18129539214982 31.730366473540563
601 118.66444730778989 31.835532098313703
602 118.56753930156911 31.725800702219107
603 118.6607553058188 32.07229016489975
604 118.80519198757632 31.87409341119606
605 118.53328072484334 31.9511873923799
606 118.7350249203297 31.884290857622346
607 118.65822911316806 31.62234873026024
608 119.1733834791002 32.3257935325031
609 118.62985191919022 32.162958814136
610 119.115903948904 31.853430182517613
611 118.56534494538342 32.326543850531785
612 118.89359394640151 32.144589535794005
613 118.92421545096651 32.414390795815336
614 118.90027135186838 31.984303246489006
615 119.15503321390622 31.68554167915904
616 118.79668533620809 31.68695951151425
617 118.93532028883392 32.18025543654545
618 119.1146918826372 32.05195784092092
619 118.6583469036454 31.76682354433735
620 118.86019766862788 32.005503446491424
621 119.18082798610197 32.031228918416936
622 119.02852888598045 32.29518180764864
623 118.99804240364485 31.61171213866634
624 118.79849635401062 31.691639542654
625 119.10589431908646 31.91745259811033
626 119.07245354061595 31.682201932372646
627 118.78858415027481 32.3727901204683
628 118.89076509569773 31.76518657046997
629 118.98221196219981 32.08351349277099
630 119.02204181148363 31.947547148898458
631 118.84614840040629 32.22948773674948
632 118.75112355028195 31.63533448710762
633 118.61391177754538 31.862836144848256
634 119.03291240826287 31.97740713451263
635 119.02286334897362 31.676510558919574
636 118.63081554515928 32.084931681820144
637 119.10950047984065 32.01434771641192
638 118.61113418111096 32.275087357111666
639 119.08483778194721 31.957742089153168
640 118.6037531432493 31.86485655261584
641 118.94676980811903 31.85882576111557
642 118.86457515960049 31.822081430506874
643 118.61345257307423 32.34146355923727
644 119.0389366189859 32.23049334577965
645 119.00691526931816 31.86992909343686
646 119.10117854910101 31.946845952471524
647 118.82135664683169 31.68450059024422
648 118.87664552573769 32.07048313348177
649 118.97710292994978 32.18929012537379
650 119.11179984699095 31.80691648752465
651 118.7706633118783 31.965439852743465
652 118.98282517339624 32.139133271583404
653 118.92758092426755 31.9817707595138
654 118.64566933226389 32.03676912920321
655 118.97870686902924 31.76947262121551
656 119.07462450966896 32.22127093687955
657 118.82524381810187 31.683918371051675
658 119.17507363225064 31.964902040866708
659 118.8645175945966 31.836901557894443
660 119.1322516939038 31.695661393490386
661 119.0173883949991 32.29571519034413
662 118.7939182909593 31.772349462207973
663 118.72214603693448 31.994680123360734
664 118.78490259915417 32.09536496968319
665 118.73551855369848 31.8347784932016
666 118.50879390004451 31.992651852168564
667 118.53596478596026 32.01336901658035
668 118.78295601413629 31.934179500427533
669 118.60399906213541 31.875497053947747
670 119.08024748953791 31.802755985095338
671 119.16339404544547 32.33453474201193
672 118.72433969442551 31.974895921571353
673 119.0172786148912 32.14307843096339
674 118.74402768522843 32.022150176401716
675 119.10748682440344 31.856781091054096
676 118.814676019093 32.01332606040091
677 119.13458162797056 32.244909262940055
678 118.99412964686394 32.288371347953344
679 118.58346628639129 32.359058259301435
680 118.60870496637187 31.801385413226193
681 118.8214950443413 31.887160930352824
682 118.90117350952553 31.68041472253471
683 118.84776533229065 32.41108873736382
684 119.14388717547881 32.11949422931018
685 118.50307573234035 32.15984706210634
686 118.59037210150625 31.965339429187438
687 118.69685706338788 31.80826092008724
688 119.14491915285035 31.92223481416568
689 118.49367875817914 31.83556741168199
690 118.87302538032957 32.02401312049675
691 118.49825358833131 32.26015133916114
692 118.88318259157883 32.25663121290672
693 118.83357544942145 31.85239410620935
694 118.58130408337678 31.730928749947203
695 118.94199139635576 32.18647254658758
696 118.9240039739088 31.931625559130193
697 118.82175880102241 31.732361836025184
698 119.04922684770845 32.1052643266044
699 118.54136785653772 31.68290184856492
700 118.72288648157021 31.666504732019376
701 118.82831133823152 31.58703229920947
702 118.7136135526965 31.747232745034285
703 118.58099273666014 31.97646371207552
704 118.57865024109304 31.755405623069212
705 119.04305663837395 31.640424484001006
706 118.69638384373886 31.991558740401867
707 118.96589520173096 32.32566171727268
708 119.09827335649527 31.622828903191017
709 118.71597124405987 31.798624804164863
710 118.63381646527957 32.34864211925067
711 118.89725651430702 32.11753136636771
712 119.08459553513764 32.24354543689357
713 118.77530586970255 32.30282568394471
714 119.07400036341221 31.76886973601778
715 119.20334771744486 32.204117372596414
716 118.97211490615814 31.825738989066977
717 119.12379848695508 32.31806012197558
718 118.5491264475857 32.34418283587148
719 118.76982961886557 31.723533158012817
720 119.09902597848934 32.2923734647383
721 119.02917449396165 31.63237159092138
722 118.5860233408366 32.071050596603726
723 118.66992989417707 31.968699362692707
724 118.7196414715734 32.094560385838456
725 118.94586132408318 32.19869307159172
726 119.02076090332076 32.29472778994714
727 118.85877778565317 31.99848206795518
728 118.52762877224697 31.642665024485847
729 119.14375164473408 32.35541898940188
730 119.17240703283451 31.65135658944954
731 118.72765864974158 32.24062623364839
732 119.07447269654602 31.709972299850392
733 118.87814622488773 32.3039818976532
734 118.8247095121411 32.09419746315424
735 119.14644173439929 31.85450328087603
736 118.48888173188561 32.25773655689012
737 118.77041730820807 31.741755654848546
738 118.65188419533621 31.779484226491775
739 118.82588987674802 31.83396850429094
740 118.81349828396802 31.914113985186116
741 118.63896355168428 31.789472078542712
742 118.90852090910852 32.31814578840697
743 118.75068335697574 31.9597389629472
744 119.11732958993026 32.37933557789334
745 119.1612743953638 31.833696657846808
746 118.75339697173136 31.96997507133241
747 119.0160138656106 32.27117655940369
748 118.94637396883122 32.390092906295315
749 118.77495936465748 31.965226964512716
750 118.73062194155489 31.97879530998679
751 119.16561740499817 32.347955891362844
752 118.66125481131814 31.93329720700485
753 119.0683938842614 31.955281555600706
754 119.03634084787164 32.39001031087461
755 118.63130486562136 32.00735515678295
756 118.7720593431956 31.675538720075185
757 118.82234362616236 32.36450319559413
758 118.84863590305986 31.95536886136113
759 118.92881711708385 31.88890113561927
760 118.76956740148474 32.29978525055712
761 118.94115224113006 31.616914992900696
762 118.80342037709913 32.37792508376445
763 119.17054143865343 31.664130889507245
764 118.96582860879717 31.64138351707818
765 118.82409055704183 32.32308758639212
766 118.88777053589742 31.96554383320543
767 118.58419201728177 31.728657905867866
768 118.68846929568959 32.38966477191297
769 118.99382264430608 31.84451501595683
770 119.21903560267725 32.34263916905257
771 118.75256188661895 31.98821686545047
772 119.20689057618058 31.917626983762922
773 118.75947763032092 32.052890327314216
774 118.80413614786077 32.33628853627843
775 119.17865845883401 32.38765979702351
776 119.05261630361186 32.13715331071948
777 118.89534076599836 31.898693193518202
778 119.18574060444878 32.262457159713314
779 119.20443665786087 32.347931716085675
780 118.61499843910399 31.996170175866382
781 119.07116146411347 32.18806274710297
782 118.6835884079677 32.338645185551606
783 118.71392761254015 32.16166951692023
784 118.79320118122317 32.11252131617783
785 118.85362706524461 31.87806879355254
786 118.58907657333828 32.09581676960429
787 119.02423185492029 31.77601387013065
788 118.49675474339028 31.711415128572344
789 119.18742426956264 31.79520806746576
790 118.7080176637508 31.93676097136743
791 119.01228143258957 31.867432876853638
792 118.84938826047285 32.15695305886019
793 119.0840414515098 31.90952298436951
794 118.59767552329836 31.968872424921397
795 118.52483216677928 31.81787787642337
796 118.6183413572079 31.705618813650936
797 118.973776805878 32.17135885809011
798 119.06921079139538 31.786929864673255
799 118.6048018799205 31.963900919512923
800 118.91332535163876 32.0873214211987
801 118.51987747652346 32.13554585778324
802 119.05792941463807 31.946706800513425
803 118.5621291755158 31.80749714860966
804 118.63660332911984 32.311003735764785
805 118.95738687735285 32.144811533750506
806 118.82440449956349 31.782244032049437
807 118.69186451523218 32.23746367706229
808 119.18754102392076 32.047823353195916
809 118.87818554235388 31.96291639241549
810 118.60914622207505 31.708149420678563
811 118.80413743531498 31.785433780495133
812 119.00433135823678 31.690832981718934
813 118.8070014689193 32.13246616054737
814 118.59114834904481 32.18963909880514
815 118.60985090485374 31.97517347513236
816 118.67533298455558 31.655992279734036
817 118.89382432364674 31.708398841485955
818 118.93834992384123 32.33771840001679
819 118.83405121686532 32.32050885398917
820 118.6287470120596 31.914735234003352
821 118.7280031423755 31.694305345696655
822 119.12986139115529 31.979325795589315
823 118.68170952959386 31.92379410116783
824 118.98977379020232 31.60446098339885
825 118.74454256206359 32.19715932377148
826 119.19456421526367 32.09981591611709
827 118.51210551493713 32.03672470292261
828 118.70559044002403 32.242505318911455
829 119.04104547335922 32.29004912742737
830 118.52616155889326 31.777411952430523
831 118.75998099708347 31.65769182097158
832 119.17012066812165 31.908173753103426
833 118.98198833413922 32.279108288375646
834 118.58885333414335 32.20463346704024
835 118.54649928830999 31.807055272213812
836 119.17084081600387 32.214975252402745
837 119.1538040225595 32.06798754299984
838 118.61510527796597 31.789460552887384
839 119.12169577624879 32.14147603845523
840 119.01362941998818 31.833161792525548
841 118.80026882578258 31.87742302615007
842 118.64442781141568 31.75556389914221
843 118.59470598692934 32.06008686390051
844 118.65416319320948 31.976646859236002
845 118.80666354402244 32.093764275060266
846 118.51408952467736 31.597080727844226
847 118.93608841612034 31.924916794015846
848 118.94099546775549 31.648221489943445
849 118.89908940873141 31.851411215349767
850 119.08568048580767 31.678334828972776
851 118.55690159340531 32.060230693450265
852 119.18878937992889 32.34544211566034
853 118.82622359977938 32.26597313341793
854 118.83500460156712 32.000631905764116
855 118.62098936920096 31.87852947017312
856 118.96802175203351 31.60382546387598
857 119.12650754875585 32.13231233270323
858 118.54406940354086 31.84082879434327
859 118.7083561430441 31.939279743062826
860 119.05631881307053 32.08197597146324
861 118.51746140053517 31.735452522141756
862 118.89707750852457 32.04359646489982
863 118.6513230642578 31.958538169072355
864 118.87627601680246 31.899821850539002
865 118.61333510602809 32.27589710786941
866 118.75215952340119 32.204419352765775
867 118.72895477674176 31.68235171764711
868 118.7748846641593 32.320865149764266
869 119.17307190530005 31.565394783745177
870 118.59349227510305 31.773420789514788
871 118.67713649199024 31.707769320555915
872 118.97948632654297 31.865568584835444
873 118.77169346480588 31.70702482990763
874 119.15267618675225 31.8151569791507
875 118.7290792487113 31.931174804154626
876 119.16544296058326 31.961162533281314
877 118.60051163920761 31.832837834023536
878 118.83629328817241 31.64576386786583
879 118.8675588545673 32.02361843411944
880 118.93929440358355 32.06791953995062
881 118.77129700847475 32.124850501308764
882 118.8758766491937 31.595177204483644
883 118.63870478227241 31.682372725251945
884 118.65952945124032 32.14036203134387
885 118.56964330499002 31.73346660493532
886 118.87622927508187 31.69828283609647
887 118.82672417849575 31.942586785155147
888 119.18627949026559 31.90363372746983
889 119.05975550834063 32.12473624917654
890 118.99796437350176 31.636035307510028
891 118.71515129846365 31.79142561900545
892 118.66180084938819 31.80036633240213
893 118.97723505197865 31.85262001487936
894 118.66972982968213 31.576666209059553
895 118.51010076338451 32.02990432101688
896 118.72672893946962 31.58645216915396
897 118.87180543429447 31.83250156372663
898 118.62253564129773 32.31051045467125
899 118.57280557278393 31.702445591167358
900 119.13781352012239 32.14327888586204
901 118.82027753743951 31.96617412421915
902 118.4993775425271 32.319370304473026
903 118.67315708328532 31.960519750489883
904 118.54678444696859 31.769016457061404
905 118.7065095754195 32.41300444493592
906 118.77487550316658 32.16025758863837
907 118.59332849737966 31.716399089827505
908 119.13562423641947 32.038149433313585
909 118.8321614620155 31.854259808759902
910 119.09615484419011 32.30675244082169
911 119.05380308648914 31.729805614402295
912 118.58637372474585 32.094264537677866
913 118.53331380838995 32.345374191133686
914 118.90734819138584 32.33637336645179
915 118.53543809082365 32.314134884919724
916 119.07227569444365 32.088241942143384
917 118.72136564516572 31.85637115609229
918 119.03894906659569 31.654454573861567
919 118.62408560825405 31.748376842030936
920 118.72226344534455 32.299620701057606
921 118.94349620298199 32.16583694947989
922 118.64881603729867 31.65820295361724
923 118.66768385391487 32.37051228201062
924 118.75934074098703 32.00038940758782
925 118.54576108800734 31.749448311828466
926 118.98792543997935 31.969561328484527
927 118.58775022230252 31.953692059168272
928 118.68567831922553 31.779941863562108
929 118.5246592259424 32.10865833726919
930 118.81808845894612 32.03796502650202
931 118.71707314029833 31.82133116867593
932 118.86428654266984 32.19680630477175
933 118.96548992637136 32.0302177752565
934 118.65719341260441 31.880126716753637
935 118.7429989417291 31.704909646578926
936 118.87051178789778 31.983249604602104
937 118.66828877573715 31.726874252575776
938 119.13876511441131 32.32342083441493
939 118.54299047371126 32.014241658655216
940 118.609804340879 32.33912919013988
941 118.71701900612875 31.858079110750012
942 118.93723865239862 31.95030907782476
943 118.54872577912164 32.02526610380678
944 119.13776349542421 32.316151194163915
945 119.13026495323159 31.717341280171865
946 118.96401290670791 31.90798201664462
947 118.76828437976592 31.679271205780644
948 118.68241912760007 32.33706673510829
949 118.70890669666164 32.25551896720149
950 119.11282733035843 31.93504442088271
951 118.8941242347458 32.113804965619046
952 119.16075506847083 32.06631831100971
953 118.86292028121063 32.07346043994577
954 118.6474076720953 32.24411459480615
955 118.57837680449296 32.36671208115136
956 118.96551535171788 31.655915979974832
957 118.72695229298671 32.04126507837872
958 118.9551072360871 32.330401653350776
959 119.17308778662058 31.917684315339006
960 118.51839831578701 31.795167114964332
961 118.5748793886815 31.66625236589794
962 118.69918583048346 32.12684752880051
963 118.71413770963201 31.739648141575895
964 118.78278086150914 31.899442641248903
965 118.81016774252785 31.9033163162802
966 118.76916677556002 32.105593515902655
967 118.54813581939615 32.381554892261555
968 118.73529082442539 32.385391949916645
969 118.60810612382734 31.854946429126322
970 118.61387661743174 31.807324696395938
971 118.9169612315689 32.17442719188678
972 118.51759938064534 32.15529202193203
973 118.6898696817883 31.83868238347954
974 118.94133374611164 32.36379703542182
975 118.69324285906899 32.25018347345603
976 118.8517661991782 31.75302016739182
977 118.81937750361287 31.97881311780442
978 118.92816178425339 31.666672958350333
979 119.0837308667832 32.03844212201902
980 118.69895666015921 32.03530444270721
981 119.14709678527795 31.779426173553567
982 118.96857663208246 31.673608995837263
983 118.77895044607548 31.696099886564145
984 119.09320831403988 32.02566348069745
985 118.77900140180483 31.631592207495405
986 118.99620442180006 31.75799603708269
987 119.12110506103804 31.733120784024432
988 118.69590065482271 31.926259438914176
989 118.83424978616583 32.014593709750386
990 118.76634317178339 31.880618900375218
991 118.56614168602015 32.1046980227076
992 118.57466599344578 32.3319823380284
993 118.56490998632349 31.792454158953266
994 119.12470549610676 32.385655932786364
995 119.11875003655167 31.888292450734685
996 118.74869378025203 32.083285873156754
997 119.08796470024345 31.89378005551688
998 119.16330262880948 32.14852419380741
999 119.01896201820186 32.29146094010865
1000 118.66418086518054 32.24745368033835
