1 118.94255784031384 31.958929644104934
2 118.8969370605724 31.63278870241028
3 118.62960828812358 32.05563320344864
4 119.05917645996867 31.964387529108777
5 119.16502918795543 31.965506026101323
6 118.94656305103406 31.870425388777463
7 118.90950145256619 31.756586898753508
8 118.61980726990261 32.06228532489685
9 118.69359941647488 31.837139730339636
10 118.74751443858582 31.836078731972318
11 118.61950647460009 32.107722658497906
12 119.20715552866945 32.03501950163339
13 119.14677252165399 31.72083023945501
14 118.76085643489412 31.990497449166675
15 118.61939829686169 31.73551834331427
16 118.76366299929197 32.23434726056657
17 118.62859213774065 32.31073962735722
18 118.87293143764533 31.988866794818637
19 118.64025798851682 32.281064846427554
20 118.53830576152274 31.693280318587444
21 118.93192561942072 32.008001991908664
22 118.750721601442 31.624344934632003
23 119.00980088857797 31.927690180808128
24 118.84156319929248 31.701720437336014
25 118.97833839369754 31.694315779366285
26 118.74017068856915 32.093799826757866
27 118.8906412996104 31.79625685395034
28 118.85504312631204 31.67054334975142
29 118.91336674239233 31.780888099176092
30 118.5261762055817 31.871270814354254
31 119.18488823603879 31.995036502766922
32 118.66045541381492 31.749224364898605
33 118.54704829215423 32.1263378587938
34 118.70624217482764 31.99940982978839
35 118.99250650121812 32.03237702571439
36 119.16890496240376 31.916261375147656
37 119.09796373782157 32.20967857579313
38 118.69854543354226 32.07337020457743
39 119.10016339935397 31.71356842740829
40 118.54115897741892 32.17144987817506
41 118.56862179604113 32.37235201902493
42 118.63320158260032 32.026583776098974
43 119.04626575452394 32.304653110025114
44 118.97383690952105 31.879493554096744
45 118.5815681614399 32.07385042741561
46 119.02078559401967 31.93387171963862
47 119.0301770398921 31.921754930385
48 118.60740906296792 32.23579143365724
49 118.96663598513156 32.02452206897857
50 118.79071588276017 32.35291031556439
51 118.54462670564908 32.04165949924143
52 118.87749040926606 31.675534826070045
53 118.84297082784023 31.88075553999103
54 119.12981270310223 32.28513817110513
55 118.94108824564132 31.96896016393485
56 119.107172449446 31.60005511864732
57 118.86623790175824 31.806831784956707
58 118.98077083944884 31.657562830401602
59 119.15773596444897 32.38101697446719
60 118.50018526191066 32.38337665738694
61 118.79210361859839 32.24731959280198
62 118.80226930435123 32.078232278151994
63 119.04124020734302 32.23255744059228
64 118.52445782331988 31.74833043639705
65 118.900794540198 31.84591323467641
66 118.68580039717051 32.00454045631555
67 118.78514268687708 31.878451809598612
68 118.97130973049656 31.67162694653562
69 118.92289476876522 32.34358742805541
70 118.65981950234854 31.976076248469415
71 118.60536397172916 32.01225101471653
72 119.08040741630074 31.877296147291453
73 118.86215133038237 31.815309360781562
74 119.16662594509205 31.89595876368472
75 118.97179113490223 32.27092354981796
76 118.63308661375603 32.22112481152157
77 118.6190135322999 31.870733633342937
78 118.73131669999596 31.634722314911482
79 119.04268486183618 32.22505519344394
80 118.83975120634658 31.805695182327675
81 118.8988334101214 32.07117149036068
82 118.91371013034146 31.6127492730602
83 118.65929829544831 32.11852651873693
84 118.73394692857893 31.931406577116007
85 118.68752794733086 31.983606554404094
86 119.14531305811322 31.945721384043036
87 118.51294798972073 31.87964880310221
88 119.18396505151858 31.99861508611359
89 118.61358314860728 32.39089245016338
90 118.83304033393094 31.719650470787688
91 118.6948675332147 31.86320314561741
92 118.69505654646365 31.609349523372654
93 119.02359800451775 32.19955639468931
94 118.98665382065936 32.14037351437743
95 119.03872129797725 31.77209566939086
96 118.6179078590648 31.91383345758617
97 118.6587156439492 32.1227003849113
98 119.0247399003771 32.14851985305755
99 118.57098498852301 31.710616926053003
100 119.09988645021471 32.33595917410086
101 119.11942316300261 32.242779855976096
102 118.85014824642407 31.676065808697988
103 118.97464355329369 32.28460187763896
104 118.73858786824523 32.22380780888905
105 118.93893860369103 32.25784102772028
106 118.52327524151951 32.02444733605618
107 118.68019685893535 31.789995584365837
108 118.79681298780946 32.36939883421167
109 118.8768208993493 32.094449072271566
110 119.19896712264105 31.879838829434608
111 119.197691328259 31.8353801924658
112 118.58306993320619 32.31163556042381
113 118.71410255637481 31.9627406036067
114 118.56086934420692 32.03299047534213
115 118.73035325384835 32.12384604410974
116 119.13622790449588 32.28810904787011
117 118.91608650864724 32.07743293248432
118 118.52623205569701 31.76108702745934
119 118.90421650199475 32.06115366646054
120 119.17453883290372 32.00904787675016
121 119.20288374231764 32.02712949980245
122 119.13597312500951 32.15166079666282
123 119.0275445183587 31.78864878079189
124 118.65814085822745 31.753897405806875
125 119.12317754099114 31.67766246189181
126 118.73140122815964 31.84291181640452
127 119.12861669363252 31.597634078249524
128 118.52085397072513 32.077767424284254
129 118.56535167876737 31.835795713079612
130 119.05991911440049 31.75401843286511
131 118.54750909852193 31.69097873247556
132 118.79475349966947 31.804218021674956
133 118.75563033458806 31.77728302937111
134 118.64326551373831 31.822230461789744
135 118.76808023679881 31.966927914834173
136 118.85225691673315 32.04147302591693
137 119.10636747406528 32.24243102643746
138 118.93542208655427 32.37493817416943
139 119.13665668835863 31.638739853717208
140 119.10678672778162 31.797566577407853
141 118.61541360076866 32.09858170954108
142 118.77624760544981 31.770502568564954
143 118.84942586957506 32.30295371379596
144 118.68929366476397 31.745384006142192
145 118.89128388745904 32.195877840584544
146 119.1902893473079 32.08145524613297
147 118.65679044321416 32.21808790195079
148 119.07250321354209 31.63191542533911
149 119.20936882989953 31.797816326393377
150 118.65282631681256 32.17127860440442
151 119.12494498075169 31.70655584776098
152 118.61668322314299 31.626738390837147
153 119.15184835103426 31.897630150045636
154 118.69969824461111 32.0931366910835
155 118.67400967837449 31.613754276997888
156 119.14000381337166 31.67723668139059
157 118.69838065022319 31.604779979968768
158 118.65925221838471 31.90667104190927
159 118.71625307216978 32.14929353492372
160 119.00027194210911 31.764691095427118
161 118.52308534925213 32.275860252412336
162 118.63069482066467 31.94597092983105
163 118.5806914731878 32.09378311603299
164 118.84715283734991 31.825022178346686
165 118.51788217786567 32.121320540771045
166 119.15525637120085 32.39672139613566
167 118.83174542624889 31.95840792243182
168 118.92067147079915 31.761403576594354
169 118.64334164178645 31.96175920191004
170 119.00745674228013 31.949627810002212
171 118.51121010337053 32.01724647161336
172 118.55232319880912 32.01674468398533
173 119.16167553057795 31.62754884631151
174 118.63182508359186 31.704006878522428
175 118.83768289431583 31.977005053739916
176 118.89550754378016 32.1719099207305
177 118.62140208767562 32.254831705077684
178 118.91902435334188 32.17666315860591
179 118.71755063871859 32.017382435908615
180 118.97614662636616 32.37532755971722
181 118.70800766542308 31.862318874609983
182 118.79197560191021 31.986790002880223
183 118.84484676830174 32.227119389019244
184 118.49919000649084 32.25104929792765
185 118.59171328793757 31.922732876124503
186 118.5519191747626 32.27908420676409
187 118.80598201410989 31.941290750198117
188 118.88028910996246 32.18527194097389
189 119.16340940454488 31.572842194704034
190 118.71324400783325 31.60130974507646
191 118.6123694837546 32.33561136446802
192 119.15637548699264 31.694436207215194
193 118.8828449935605 32.16585732697737
194 119.15898390346474 31.839612570610804
195 118.7249930852534 31.74634906139422
196 118.54278177426664 31.90402510507662
197 118.85541370900992 32.343665528250575
198 119.22313691933665 32.06673274409778
199 118.54267640772282 32.330383452030766
200 118.85740865598882 32.155010768138624
201 119.08533917927817 31.972894605853693
202 118.68183118374188 31.995446439081018
203 119.0625805294598 31.76381415279162
204 118.54312602409885 31.624700911499477
205 118.71364008791444 31.913909513845294
206 118.62606978706592 32.037014014647134
207 119.15811385029431 32.32334355181977
208 118.95662433470868 32.131611557029316
209 118.71736105741566 32.265410059297416
210 119.13996291476329 32.29802242702886
211 118.87646895764223 32.321584535091404
212 118.7372190743653 32.25473692996068
213 119.00237123516511 31.71514037385043
214 118.94408551160716 31.863612804086998
215 119.18288100537742 31.745902445284635
216 118.52382416987936 32.30613409923868
217 119.08307436701581 32.21155372888989
218 118.9760259777938 31.90307014928843
219 118.59767795844436 32.0477614396903
220 118.75044985468473 32.269070459887914
221 118.52524220646384 32.29209695898652
222 119.08565039519914 31.749395009937157
223 118.57822962379069 32.21452823657929
224 118.650635555753 32.264481665223286
225 118.96464025120167 31.680934988392476
226 119.05860325631463 31.675309677894756
227 118.69960986969328 31.944597426250187
228 118.63354129104646 31.765183788745176
229 118.53524286875766 32.294390006307694
230 118.55425634177509 32.19072832417718
231 119.12783338207193 32.16772035899006
232 118.6706444372512 32.19065367766232
233 118.76407108205285 31.82390216287843
234 119.03776251919255 31.77602831337561
235 119.16555761794066 32.09740127716096
236 119.11742259002999 31.910450095809335
237 119.09618025975442 32.34675856461448
238 119.07835526283226 32.1478588991707
239 118.75742899916357 31.89805333896661
240 118.95179462852401 32.26937384529889
241 119.00390761811005 31.9241564336966
242 118.80250570795185 31.721112348644816
243 118.957170024476 32.21122504952556
244 119.18041552952266 31.994590456104586
245 118.70959562505794 31.794171561624616
246 119.16184170508022 32.133222637470546
247 119.17320808889741 32.390927009326624
248 118.91053998818697 31.791635688995118
249 119.16678932065356 32.240386590951864
250 119.00271458869895 32.19905383353211
251 118.98659834479915 31.69024212752724
252 118.57696388115822 32.285830346922694
253 119.04141197074217 31.969969974979758
254 118.59842238482359 31.671087275132734
255 119.04836330681186 32.02730644715803
256 118.52316071194011 31.882420761107028
257 119.12860504498155 31.718214631222942
258 118.62373259990531 31.641867471124232
259 119.08170348827227 31.778397677828625
260 119.13513725947602 31.948714923714554
261 118.53885250900737 32.12008067108188
262 118.57806166033 31.676054060143127
263 119.1531209149738 32.15320455778648
264 119.18492204100069 31.693241915888926
265 118.55493051522399 31.730929584274204
266 118.94919181665584 32.18915991546287
267 118.76059152283705 32.27859837141534
268 118.52558910927586 32.34379678199211
269 119.10009175282636 32.10560161461437
270 118.95790629682571 31.969259692011903
271 118.58592198195461 31.684668791046917
272 118.81020656315555 32.07726699507723
273 118.79304022771188 31.722269231466353
274 119.17855199577848 32.00257583870488
275 119.19487962540417 32.08681291832142
276 118.65545073635593 32.27481881090341
277 119.03075004410711 31.85909931989274
278 118.94102510777043 32.39637369352976
279 118.82591698560124 32.375406222120056
280 118.87883924003606 32.30348972069412
281 118.80122812032427 32.18746864706004
282 118.51531100312478 32.15101377949287
283 119.02930601761436 32.31464719186147
284 119.04626726361629 32.356606637167026
285 119.12913748195831 32.25291513566095
286 118.83461677916821 32.136583197802715
287 118.56125710107979 31.710447915360415
288 119.16094811684405 32.082658417149545
289 118.69997032452167 31.86113671250273
290 118.5741752942151 31.718506067341487
291 118.59813688368381 32.30198637433589
292 118.9345313907695 32.257928698082566
293 118.7637738769737 32.018662619030316
294 118.98075270075381 31.97924579785602
295 118.52298228070103 32.013797283238596
296 118.51132649421888 31.816445232960028
297 119.18937595099165 31.917010418138872
298 118.53304362835063 31.95015255277419
299 118.77596040799331 31.626523928617384
300 118.53621298777892 32.301861503067435
301 119.15199827213642 31.639020084716922
302 119.10146328709989 31.930112187846348
303 118.90639889442481 31.705864892283035
304 118.57951110425404 31.781832635624664
305 119.07867912557099 32.36253777911485
306 118.55845078969803 31.902029511940636
307 118.79362169239397 32.172022463493285
308 118.73211179357227 31.684917271914912
309 119.21574396325137 31.777135293229595
310 119.19027268391191 32.29395594952681
311 119.07998145906218 32.31843517344189
312 118.8192953497978 31.79631953627055
313 118.85141824560054 32.37766919563462
314 118.88690521999332 32.14718755418722
315 118.88254039312167 32.01831290882266
316 118.63676168487427 31.889135529101463
317 118.6846722522436 31.854719426758535
318 118.9960190741481 32.39069841964084
319 119.09613485969902 32.16914990339406
320 119.16634084122143 32.004857475705265
321 119.03685269896563 31.62540507979212
322 118.92129476011333 31.803040296191625
323 118.53612892595133 32.35423575453546
324 118.55837042907916 32.02609166871912
325 118.62928711153202 31.868844557337965
326 118.97564169832432 31.63016510773004
327 118.69880406225698 31.825138013470045
328 118.79624831978116 31.789195629541023
329 118.59395551531232 31.7354188141283
330 118.65429960771101 31.885993864005133
331 118.75033460914364 31.749257807727368
332 118.93004348922608 31.648744158994408
333 119.20273659712068 31.700986618475742
334 118.61332385061898 31.983155501860125
335 118.71137684688654 31.640097206140243
336 119.2052023879131 32.35151460554675
337 119.11178190270512 31.7625388135226
338 119.17381665211225 31.997884886014766
339 118.87254521119618 31.931834127270562
340 118.65180040840366 31.852348606995754
341 118.63776872745503 31.86255690719958
342 119.06521983441168 31.80469869664252
343 119.16437640374603 31.835624273992863
344 118.91285913186094 31.700801090486905
345 118.95190263574106 32.13980929906363
346 119.15413896083071 32.09790915871232
347 118.6723812333315 31.837322017881974
348 118.89041012778286 32.32096860542588
349 118.88548725401324 31.913832975143233
350 119.13550748231069 32.110781678042216
351 118.71897982690017 32.012071613061515
352 118.59432947937005 31.858026651128917
353 118.6046185473937 32.31141608478561
354 118.67897343550676 32.2973468664306
355 118.56309283876828 32.26065404972402
356 118.70175815195468 32.361157044869316
357 118.88009943490235 31.633622752724733
358 118.81188329504374 31.988399393852685
359 118.9438826230736 32.352210508922006
360 118.87106856005944 31.706708543008922
361 119.0319226298044 31.781032789331118
362 118.8095062807245 32.01442152350296
363 119.05238427483987 32.11360403323267
364 118.81457110800356 31.877019318483658
365 119.0213207376615 31.837768333965055
366 119.0079403867807 32.22533993279268
367 119.09626425226276 31.609866719750745
368 118.6236657890831 32.23948505963894
369 118.99941720499258 31.951541789590234
370 118.48275973176496 32.11930265510653
371 118.76972817624315 32.169593622986085
372 118.91551783163851 31.674047834942993
373 118.48403943140762 32.34353501392675
374 118.52093654770368 32.252334759413394
375 118.64622721466992 31.878331780736662
376 118.79002548562471 31.75688339660366
377 118.9716266676885 31.659587694390677
378 118.65080179807826 31.879383546318152
379 118.78085665580281 32.17790252234969
380 119.15810131556802 32.28133097890114
381 118.71865876500986 31.859199596481655
382 119.02427925557475 31.78606599811926
383 118.92989711569548 31.856668457577097
384 118.55071796564616 32.38890269870575
385 119.18112592917045 31.658151109185358
386 118.6011239064191 31.7320637446435
387 118.76709630305083 32.1607321634091
388 119.1821808946957 31.68981075067461
389 118.68024356085039 31.774963317589997
390 119.14340414326912 32.2762156608407
391 118.95023619578593 31.852755856552072
392 118.6077032005409 32.08388496947574
393 118.59754608725875 32.038291938544745
394 119.17965153563539 31.83032669336705
395 118.8054613512685 31.79724156668548
396 119.06091778892157 31.80457841241867
397 118.58967070373038 32.31952573422948
398 118.86797011589809 31.61022960642234
399 118.57859122319353 31.694637180972805
400 118.84389140735833 31.900671848132305
401 118.51502462666215 31.758978494883053
402 118.50116437119303 32.02795143357253
403 119.1306763382673 32.02292655830667
404 119.12782105290049 32.01457716835688
405 119.02234287050771 31.842086392413943
406 118.8375247301802 32.01549555653782
407 118.62974354302288 32.21831846931993
408 118.99244309203414 32.23738997459014
409 118.64703441843281 32.04053499502653
410 118.52859026250302 32.26562231236673
411 118.7209251638415 31.669522043788184
412 118.9010324272461 31.713930135348672
413 118.90668427423154 32.19850165910125
414 119.07483923534488 31.895592437052837
415 118.7589535959683 31.88722939742691
416 118.57339299142022 32.068190832351505
417 118.53445419911479 31.92449643903047
418 118.64484631816505 32.33007453349511
419 119.18177958202905 31.9018099796335
420 118.49611275400451 32.26568348962259
421 118.94253559196329 32.11073145816889
422 118.81521878554432 32.33537116255889
423 118.65225447222379 31.98595145683154
424 118.99881291087358 32.359632575839846
425 118.90519690780204 32.04205460146004
426 118.55874532764619 31.62181753851287
427 118.98433839522478 32.19106508499126
428 118.52140261364669 32.27679764250181
429 118.6662389025801 31.655671118739523
430 118.8866681362736 32.36503338276576
431 119.0106052856455 32.04918917920492
432 118.87774855266149 32.18353224582681
433 119.09770874802878 31.789081346117722
434 118.99085992925139 32.35554753298339
435 119.17517910362669 32.122367386913616
436 118.69476427084375 32.062155167677176
437 119.1856937310526 32.35055162646879
438 118.6560955473354 32.04708922722147
439 118.64501836132625 32.02295969272546
440 118.62058331973627 31.61203532715267
441 118.58427569725589 32.022741190689004
442 118.95324447890908 32.18186438879232
443 118.51465929198659 31.895065209985532
444 119.07075316931427 32.16549627234791
445 118.96271033787033 32.042119475799524
446 118.73934498124872 31.775391304391153
447 119.12736564659782 32.03513301714002
448 119.11164130772232 32.01145042822805
449 118.93863237764378 31.874485361412802
450 118.52941582396389 32.140657316507145
451 119.19180968258468 31.66402442751427
452 118.91905899480285 31.894786412238265
453 119.15233773573519 31.943728374842046
454 118.60347669919916 32.39352040005461
455 118.50879745012136 32.165154441635444
456 118.72533285269644 32.11280238725307
457 119.03449652412917 31.74205157547012
458 119.06513098629205 31.962105415552625
459 119.09138057471776 31.897706835194075
460 118.73204499612017 32.34704021549804
461 119.03554854773463 31.957070957358475
462 118.59621215980845 32.284401071080424
463 118.89079276105758 32.14349004637734
464 118.52040391156518 32.27056336729344
465 118.99158804562468 31.574019624789337
466 118.75636103716872 32.33802377820361
467 118.56057491931098 32.35682449189165
468 118.99147985506097 31.728601935598604
469 118.79498071112504 31.63123201011706
470 118.71955528456057 31.86750374761695
471 118.74902205688579 32.030400384361904
472 119.04886115606408 32.04140861080686
473 118.7964612093747 31.979890570408852
474 119.1168939873291 32.317642208296114
475 118.61197332200415 32.01522071722021
476 118.79280779872633 32.337715565291695
477 119.14280422789565 32.06267638108632
478 118.90771232625293 31.761348065449848
479 118.99611333310193 32.392061030278406
480 119.09860634055562 32.384686644909735
481 118.87079931663679 31.958146154713262
482 118.60565911823389 32.22262077479647
483 118.72947755954368 32.1300452610637
484 118.67958838702539 31.75362324996282
485 118.62446584074182 32.0638681842789
486 118.89656660027231 32.11381225528358
487 118.63774573706556 32.08678559277126
488 119.08093080062055 32.047501115351245
489 118.82833563624702 32.06559191713725
490 119.07327768505994 32.168794612015866
491 119.093994363327 32.19124017721192
492 118.96311923504193 31.66264980433962
493 119.04403234468487 32.34698367350853
494 119.06882399390862 32.00162472737911
495 118.92501101098709 32.165824855892716
496 118.6840854370002 31.90723717316247
497 118.78742743570591 31.666085552956933
498 118.71904235679139 32.12514693275692
499 118.81924236936369 31.914414260436008
500 118.75104708697373 32.01772221045994
501 118.75832185653711 31.797179786207362
502 118.57554718099104 31.774324879159014
503 118.78724730580174 31.834779264680105
504 118.59350675168737 32.3149565382334
505 118.75945176691923 32.3597787508638
506 118.56686396508188 32.35330291418937
507 118.77353270631757 31.95018073952812
508 118.89016696659975 32.213795561662636
509 118.54080793468316 31.729597597698845
510 118.67183656805854 32.18913320852173
511 118.78141697039317 31.946959641359765
512 118.72094518822807 32.25202910062766
513 118.88220236341962 31.765935867041406
514 119.05611502434029 32.24398993669217
515 119.02908274016542 31.680594111424284
516 118.6825324895605 32.29590219041312
517 118.63830555657144 31.947070603974186
518 118.91927590975352 31.747713596734894
519 118.79530121922718 31.828326621108133
520 118.56565040440994 32.162267212803485
521 118.64132891497735 31.95896379490864
522 119.16527717071524 31.782351631796168
523 119.13785594629326 31.812195098129454
524 118.73299328262713 32.14802513927552
525 118.5149410453184 32.11649926918665
526 119.03036946612252 31.651495921383948
527 118.67925112303669 32.27095940716975
528 118.52555593423973 31.695316073283767
529 118.67898263142683 31.784620887251727
530 118.58147677608606 31.619007913550846
531 119.1304539650824 32.03138915592902
532 118.64716675400213 32.315377079758136
533 119.00485590749838 32.331057557330176
534 118.60730168268655 31.966271616574623
535 118.57427361212224 31.693610234113585
536 118.78982932524465 31.997217006240664
537 118.94406776686887 31.821355704770045
538 118.8937704462768 31.847353111132183
539 119.03791166973923 31.757919874391785
540 118.77385039065808 32.354703096102334
541 118.96670568588894 31.92516868452897
542 118.542851263442 31.60050096404729
543 119.0325406240813 31.981218257618913
544 118.97081823208894 32.113275664404775
545 119.06568558357569 32.24214426478425
546 118.54865905916009 32.183814991612266
547 118.83145377187938 32.15026508922925
548 118.9637699411912 31.788362139542947
549 118.4642806033863 31.8574713202328
550 119.11623827327375 31.931521913442193
551 119.06410557216266 31.743104458421467
552 118.8566285642605 31.974126328005845
553 118.74277146084813 31.681894751187027
554 119.01992402058806 31.68378606409022
555 119.12590315953892 32.253168913320216
556 118.8827241399259 31.716663330973457
557 119.1345247583955 31.953036570047676
558 118.58030428670449 32.06971949828871
559 118.72111829946485 32.35698963155269
560 118.99694239971691 31.86347302221278
561 118.77228889911743 31.715342678659468
562 118.8612911360898 32.30031988509384
563 118.95753549805373 31.8328300462126
564 118.90162668476803 31.82435861130547
565 118.81112557562686 31.736989092138927
566 118.63268489826447 31.95109441694436
567 118.77527416162913 31.74410143312512
568 118.6256168620066 31.923156708298073
569 119.0231625159965 31.858908077145596
570 119.05833556232776 32.12457577293118
571 118.63228388434183 31.958357246086106
572 118.91981181937092 32.10131856655604
573 118.98336442561407 31.840601014077436
574 118.77993711339388 31.901019760523425
575 118.55542661236468 32.38809385976459
576 118.95367106206656 31.798333897668158
577 118.55708159048065 32.20083415008679
578 118.97834897156729 32.16972737964775
579 118.56659332090895 32.096269677002724
580 118.95720609162545 31.68736056025541
581 118.68158927626747 31.609177099018332
582 118.75094298329854 32.19870776005392
583 119.16396483481978 31.638927394076074
584 119.18823062538392 31.805199921972054
585 118.87189459429318 32.36468905528955
586 118.9579069449002 32.39662970771933
587 119.0614698675388 32.35753019104665
588 119.01297557502075 32.04751655430135
589 118.5816929442392 31.983487887748446
590 118.80493623007229 31.978079960542367
591 119.08539921743329 31.88512679067245
592 119.02974721014994 32.38777141542673
593 118.61758848245834 32.232079248266665
594 119.08050407718677 32.41964306204261
595 118.93679834343153 31.83077249879668
596 118.69804396443085 32.08501241735961
597 118.52362065712015 32.11982881546239
598 119.01328566200051 31.92099202698243
599 118.82597609440762 32.06594003947927
600 119.19074437364694 31.73218892250504
601 118.66762905877815 31.83264803781415
602 118.56444867181398 31.72268890858905
603 118.65949411893784 32.06796992234958
604 118.80055593968662 31.871462587967905
605 118.53596308729088 31.950641650656134
606 118.73081221830647 31.883302327434944
607 118.66087684312622 31.622461753124668
608 119.17123391419351 32.32508465183821
609 118.63643207949802 32.16268193908301
610 119.1197247303783 31.8515915745911
611 118.5636303597222 32.32811405018935
612 118.89630496162526 32.14101136321498
613 118.92416092201756 32.41571111627898
614 118.89540826175838 31.985349703074178
615 119.15330524585443 31.681509838121094
616 118.79296636776404 31.684282050438593
617 118.9322049139184 32.1783840082908
618 119.11634972297547 32.0556200164394
619 118.65852251611236 31.76784316323806
620 118.8543790435384 32.00689038278412
621 119.18462847004483 32.0309372661542
622 119.02940580130358 32.29262641701261
623 119.00157191350459 31.61369328857873
624 118.80265534307716 31.697427800298406
625 119.1033941253758 31.913334089672222
626 119.07488658376342 31.68416047712463
627 118.79070848269558 32.370131490397355
628 118.88876976633986 31.760881920265643
629 118.98493844583996 32.08283933413433
630 119.01515125778016 31.947809443559166
631 118.8433026397019 32.22861100349091
632 118.74887883848592 31.634390984657685
633 118.61408919357126 31.865565508933045
634 119.04046259453912 31.97344490306512
635 119.02164940696886 31.681227086688732
636 118.62700623115991 32.087391600224535
637 119.10591134468353 32.0123455075415
638 118.61228744270788 32.27728278587567
639 119.08673458865736 31.95373160806045
640 118.60266083960745 31.86834095599762
641 118.9493199709875 31.862727162695286
642 118.86616120703816 31.822692883745372
643 118.61186936883315 32.344397009991695
644 119.039704969557 32.23069485375213
645 119.00572548870333 31.873779426268275
646 119.10276490613458 31.94832680172766
647 118.82816015551906 31.68861801164754
648 118.876150394037 32.069683146372405
649 118.97042004875787 32.18838305028518
650 119.11168287108256 31.80233401472426
651 118.76947180860958 31.9610166224344
652 118.98227608502448 32.142889181014674
653 118.92585006007855 31.982004929725363
654 118.64523239005761 32.03984396053708
655 118.97803870492201 31.76814889645882
656 119.07279023869394 32.22295807319096
657 118.81979286276275 31.68541013552046
658 119.17702312867681 31.968835316482142
659 118.86385422412779 31.840917757645553
660 119.12864027862095 31.69249081414764
661 119.02087066215225 32.291610578583786
662 118.79125293669772 31.77168240822225
663 118.71418624799892 31.99270957751326
664 118.78462960883822 32.0939471374008
665 118.73403141499321 31.83551243942787
666 118.51001788320181 31.99649185873014
667 118.53624838064759 32.016533601052515
668 118.78600010856051 31.93450804320064
669 118.60894743753289 31.883703447564834
670 119.07791612562598 31.80299450225526
671 119.16997487088345 32.33590890026572
672 118.72785285048596 31.980250320637644
673 119.01719815541189 32.13969849811986
674 118.74284324558626 32.016652794623525
675 119.10726074989607 31.85464213999662
676 118.81259518666259 32.01706506750345
677 119.13335630084352 32.24140604986606
678 118.99765217089917 32.28690695957279
679 118.58124968177019 32.35428444477997
680 118.60999979510875 31.807302287644433
681 118.82318095291781 31.886711809032246
682 118.89924601423192 31.680500398594166
683 118.85178469685827 32.41738436125072
684 119.14352507604679 32.11559048015543
685 118.50247715057733 32.15650551181832
686 118.59191671758272 31.964236801496686
687 118.69383226852975 31.80973343530148
688 119.14276689082264 31.9187801141613
689 118.49737767382211 31.83343062267822
690 118.87739305307595 32.01745979096789
691 118.49891675163292 32.26355997148097
692 118.87771303254378 32.25427042814844
693 118.83297980246965 31.85166706114918
694 118.58107254408873 31.731818629760873
695 118.94661908303543 32.18802619924361
696 118.92643684917148 31.936336198548698
697 118.83107838776225 31.72697055207364
698 119.04936132446615 32.1055213301719
699 118.54478000349928 31.68423331287068
700 118.72156045526636 31.669428502366056
701 118.82535331322717 31.592857196693178
702 118.71049866966662 31.75170064434061
703 118.58187570407763 31.97449258805879
704 118.58114119890487 31.753751424188938
705 119.04367202087003 31.638020894967692
706 118.69245055740059 31.994507025309414
707 118.9693979347176 32.32401837727008
708 119.10173013486717 31.614958631885056
709 118.71717649655919 31.79414733748459
710 118.6384481100882 32.347968350291765
711 118.89761189813518 32.11779223901029
712 119.08973508712394 32.240256624955116
713 118.77290394995208 32.30655143356806
714 119.07233426231126 31.767363462579688
715 119.2048567034046 32.202979518230116
716 118.97702773270444 31.827470529284515
717 119.12895445525888 32.31676789432016
718 118.54728123615779 32.34799760326935
719 118.77045776327208 31.724215924173194
720 119.102971727726 32.297039376861406
721 119.0260954589754 31.63130142405823
722 118.5861514998758 32.07477191497598
723 118.66475531534965 31.97490002720832
724 118.71985914338148 32.09218039935209
725 118.94266869729061 32.19111350888647
726 119.01613791466114 32.29099506658031
727 118.8561626330225 31.99781020596533
728 118.52123533601043 31.637445791249558
729 119.14260855707829 32.35250199688381
730 119.17499821955023 31.649384119994576
731 118.72911587094764 32.24334789422581
732 119.07662863439954 31.714987474401173
733 118.87758253330809 32.30232042644665
734 118.82998966481438 32.09024347807302
735 119.14684123255627 31.849545534367685
736 118.48995691775691 32.261660142917485
737 118.76866519184406 31.739330378564468
738 118.65370453394915 31.777943617017996
739 118.82820501743939 31.8282179496306
740 118.81923043248861 31.91600979878822
741 118.64049795052183 31.791781728923343
742 118.90517783143387 32.319237653292475
743 118.75073245729119 31.9599674470779
744 119.11821369974584 32.38135665313798
745 119.15796695701542 31.83692596889934
746 118.74934731668073 31.9731669361727
747 119.01969865605597 32.276058077131324
748 118.94534766147592 32.39552603953691
749 118.77045556322199 31.96377540216971
750 118.72772509231 31.973071889725198
751 119.1654385726681 32.35034741805276
752 118.66049062120787 31.936119936718075
753 119.07173916380982 31.958857146053216
754 119.03780702267412 32.389839959488846
755 118.6304947912305 32.0081290479904
756 118.77416424594112 31.678071026406748
757 118.8206264418329 32.36532261819837
758 118.85740437902797 31.952700228629897
759 118.93528232138631 31.88610029879615
760 118.7680449140764 32.29938959340186
761 118.94555899217123 31.616044098826684
762 118.7969025246848 32.377169233484075
763 119.17153947854369 31.66422303552068
764 118.9668299453297 31.63258262936052
765 118.81759300759317 32.3166782075404
766 118.89110708871375 31.965063516607703
767 118.58367806109094 31.729148831150425
768 118.68947005876565 32.39136995281449
769 118.99725395958396 31.84236372777386
770 119.22529595586715 32.34571082870598
771 118.75594226011515 31.982211091011813
772 119.20873167907314 31.919314247281772
773 118.76073284587832 32.05217302206219
774 118.80271309831238 32.335801823222084
775 119.18419694426048 32.39126628838119
776 119.05168554150885 32.13642880792089
777 118.90066815832017 31.89441790975615
778 119.18236773952255 32.264525097268844
779 119.20605943539331 32.35128239040463
780 118.61403337641295 31.996285365103557
781 119.06418231011425 32.18909749478002
782 118.68856507198026 32.34276173631657
783 118.71074752687782 32.15587561669426
784 118.7889464004299 32.11656887608008
785 118.84868278578271 31.876927189079613
786 118.583223305671 32.10164586401203
787 119.02535275146337 31.776557173716476
788 118.49549342576057 31.71425934841
789 119.19420920755873 31.79411566441527
790 118.7124444792973 31.940524177335615
791 119.01726996931592 31.871575028253833
792 118.85111346806019 32.16134048437677
793 119.08522078535636 31.911460809560754
794 118.59923609453215 31.96296827020016
795 118.52340833791199 31.81839892569872
796 118.61984197703475 31.70631339671683
797 118.97327626890257 32.171166055399226
798 119.06369069666387 31.7899061714141
799 118.60595134931462 31.96043585457595
800 118.91433915905961 32.085056494994426
801 118.51827697323814 32.13488616693797
802 119.05922855340715 31.94559088523435
803 118.55783249088236 31.810330905685248
804 118.63601258748047 32.30982089719675
805 118.95592559546337 32.142969787195234
806 118.82792955345607 31.7743987658677
807 118.69165800862866 32.23617963085455
808 119.1835442582179 32.05093505337818
809 118.87656242077398 31.965810509852705
810 118.60564000531619 31.71142986355886
811 118.80707898078997 31.783495803272306
812 119.0021844172333 31.68970693660578
813 118.8105271060755 32.13335096798025
814 118.58838076470406 32.19031133969867
815 118.60973784779506 31.977259744179946
816 118.67516620032885 31.653454024458533
817 118.89221751200206 31.7127916814277
818 118.93574429768145 32.33536037910204
819 118.83168563313404 32.32016719511759
820 118.62720478606512 31.917371868705565
821 118.72845096047864 31.6960638621237
822 119.13554550714899 31.975052352362198
823 118.67863403429303 31.924878456217584
824 118.98693745382943 31.606305418051125
825 118.7441284701512 32.195138259065416
826 119.1981753858006 32.096443150363356
827 118.51005569532704 32.032566707251796
828 118.7097298096539 32.23989409785437
829 119.04002825749976 32.284118055275066
830 118.52393103622902 31.782909554134413
831 118.76182471672116 31.65451112843724
832 119.17180181365646 31.909010891892418
833 118.979100246913 32.27800216205574
834 118.59491899165653 32.20491378386176
835 118.5495435792839 31.80503298441041
836 119.1680409804104 32.21618300071209
837 119.15140637739964 32.07054618264275
838 118.61366571086978 31.78933363327484
839 119.12327679342663 32.1383969143265
840 119.01146101029721 31.834066002892936
841 118.79722522970388 31.877944649647418
842 118.6434783038986 31.75359636778024
843 118.60106146285369 32.06052287540657
844 118.64997336886154 31.98150248106202
845 118.80626769381978 32.09199477000129
846 118.51164203037067 31.597700145865023
847 118.93054079676473 31.93051635792937
848 118.94172391155948 31.656964735897752
849 118.89533532262442 31.853444824491557
850 119.0887434160166 31.676763691051118
851 118.55336829013292 32.056109571768324
852 119.18553893969047 32.3459057342218
853 118.82471678737 32.26066017713487
854 118.83509715198547 32.0007521738461
855 118.6206526598793 31.876041409132696
856 118.96574368798177 31.604278734632057
857 119.12515142200154 32.13458974961433
858 118.54200960098518 31.842000893648038
859 118.70331308478997 31.93227261970951
860 119.05208653838518 32.08203727828503
861 118.5185248326516 31.733005558472332
862 118.89838407089292 32.04303098915779
863 118.65099823872646 31.956664126863732
864 118.87329651410047 31.897016046205156
865 118.61141262741334 32.28131189027048
866 118.75753694348913 32.20484824996838
867 118.73174738918836 31.688163212859266
868 118.77294968900485 32.32221333260229
869 119.16998218695082 31.561678737837116
870 118.59553043292017 31.771318295266294
871 118.67996727879449 31.704553766304794
872 118.97656069377697 31.864895306502735
873 118.77340189100099 31.70656510301278
874 119.15303773053932 31.814580722920976
875 118.7282602526118 31.922676512935553
876 119.16703326807924 31.959202739814693
877 118.60837383825402 31.82418521811938
878 118.83416387139359 31.649897750720257
879 118.86777044476938 32.02412659732165
880 118.93335265231326 32.067042783096355
881 118.7692605191997 32.12909890302654
882 118.87677094257408 31.59286739294349
883 118.63411238101328 31.676970657652504
884 118.65750269046781 32.13832876172649
885 118.57346300314848 31.736249725843223
886 118.88122895941545 31.695234496248943
887 118.82853898596986 31.94142630927596
888 119.18590381151499 31.906244751016978
889 119.05921861235863 32.12182715167671
890 118.99739188099188 31.63297918505039
891 118.70952948700725 31.79088927516176
892 118.66658742494475 31.80221370153034
893 118.97234609809729 31.85143573800903
894 118.66705143703554 31.573198352015535
895 118.50415764301535 32.02675753718068
896 118.72591644739848 31.584588881228548
897 118.86733799323038 31.82970919586717
898 118.62994728046839 32.311497595869476
899 118.57119137900135 31.702753184252362
900 119.13720030186228 32.13653350217276
901 118.81836947741199 31.964226361264394
902 118.50176687191913 32.320073652902245
903 118.6716405616323 31.964482638362664
904 118.54883637656297 31.763215376591205
905 118.70142854143026 32.40978969371905
906 118.77912738604624 32.16270739733001
907 118.6004648697509 31.717556523029998
908 119.13292563769703 32.0373319880945
909 118.8315202447602 31.856909250164097
910 119.08969116965248 32.30799834099054
911 119.05381967668328 31.732620109494228
912 118.58667059959151 32.0889742512412
913 118.53201863351224 32.35082428027668
914 118.91259107428186 32.330628744553586
915 118.53234028589968 32.315029774181795
916 119.06892843571461 32.092249381119515
917 118.72273769728238 31.855605227940934
918 119.03831382946095 31.64945475303769
919 118.62555242919893 31.74755655706879
920 118.72244414366016 32.2993566017108
921 118.94189330957589 32.164150256542186
922 118.64870855938368 31.658098278568477
923 118.669435907718 32.37347937861416
924 118.75948969001587 31.995202331771523
925 118.54226417689173 31.75026107465873
926 118.99109993927338 31.96570038778533
927 118.58616505657169 31.95372514088993
928 118.68435831317608 31.778375265153908
929 118.52169248584292 32.10750885102133
930 118.81546792602661 32.0471100795695
931 118.71918451209679 31.824721891780147
932 118.86390052138337 32.20221660299133
933 118.96595379770051 32.02856210674932
934 118.65597750602257 31.880769118288217
935 118.7439507502098 31.709481527692535
936 118.86902713475257 31.982656475706236
937 118.66633262106868 31.72522369438666
938 119.13971449138491 32.32256617816646
939 118.5403634117566 32.01859379515386
940 118.61216203543688 32.3439948293751
941 118.71713731853222 31.863027225467082
942 118.93629687892235 31.951050888448535
943 118.54654885305737 32.03085780591702
944 119.13951036554782 32.31368694501223
945 119.13010558657496 31.71460804786168
946 118.96337296956521 31.908000251753357
947 118.76316945238693 31.679788704760227
948 118.68233242358329 32.33689312968965
949 118.70566261055065 32.251824045181095
950 119.10761592095609 31.93647672234451
951 118.89521584964135 32.11419706384641
952 119.16629193665722 32.06356315606005
953 118.86087531715404 32.08047411191998
954 118.64716400729907 32.2477302490148
955 118.58203534575445 32.361752509293495
956 118.96433299798957 31.65707395276907
957 118.73055850972362 32.04317246870185
958 118.95786839063246 32.33166598351807
959 119.17201695327614 31.914905864320197
960 118.51684594223741 31.79679023299849
961 118.5732387362277 31.667021104503736
962 118.69763332696334 32.12074297255095
963 118.71587856953062 31.737761569251116
964 118.78081793834843 31.892484388922103
965 118.80857225875015 31.901667245306754
966 118.77106178739594 32.10937473688723
967 118.54293312828511 32.38141054109661
968 118.73486317293946 32.386621019065934
969 118.6072488418579 31.85885442272122
970 118.62253312583451 31.80267214894909
971 118.91680691134879 32.173714752975826
972 118.5244179237536 32.16272485501851
973 118.69304457364007 31.83862418103037
974 118.94099590966017 32.363020516751824
975 118.68825406829035 32.250784500439636
976 118.85181300226276 31.752880318486046
977 118.81858741491193 31.976619158136184
978 118.9278074630246 31.66526556739727
979 119.08571456630668 32.0384607914263
980 118.69912488897133 32.036633039051274
981 119.14800884484966 31.785747503606025
982 118.9703135669635 31.677469384156964
983 118.77756373673584 31.687405248580504
984 119.10060472870573 32.02500781693619
985 118.78415341046922 31.627628232108716
986 118.99954021838602 31.755402587269003
987 119.11996736897086 31.731680404132433
988 118.69943887379722 31.921603014549387
989 118.83154627882858 32.00942205708048
990 118.76021446110641 31.882413221234486
991 118.56408537262251 32.10446294578948
992 118.57603473259441 32.33118271058933
993 118.56485164787158 31.795296828082446
994 119.12200628527155 32.38373466374888
995 119.11833579993213 31.885912565841604
996 118.75047697129312 32.088337655830735
997 119.08650898161422 31.89414671449008
998 119.16546917262106 32.149333579130015
999 119.0141800895767 32.29808581762845
1000 118.65934945453309 32.247813702453946
