1 118.94144541724754 31.938084630640294
2 118.89385473783892 31.61051192274935
3 118.6110911056575 32.04037902338401
4 119.07389430784454 31.968747545887872
5 119.17499489392885 31.947092850764143
6 118.95485338159008 31.87098457668256
7 118.90787151940094 31.750343259585602
8 118.60096401009923 32.0766541370547
9 118.69372478982001 31.830189501470247
10 118.75942811408478 31.803787977979017
11 118.6297803763611 32.095449394207165
12 119.19516921684196 32.0253538747864
13 119.14108710781306 31.71298704114153
14 118.7602149287341 31.99786325951511
15 118.60378189972532 31.741013214413183
16 118.77752030637906 32.23512501209262
17 118.62024366277585 32.29919372946704
18 118.87992213131713 31.98351820688287
19 118.64864163012449 32.286434440025864
20 118.55205023954427 31.65928861361975
21 118.92922299976402 32.000756133108695
22 118.75496841952109 31.657220771471856
23 118.98202601207849 31.94517299766086
24 118.86998055104269 31.672673556550716
25 118.9463656295284 31.699713425519484
26 118.72444458448403 32.08047237107076
27 118.89691955113376 31.780162226509944
28 118.83370439074847 31.679470998773752
29 118.91597655254974 31.775781634538156
30 118.51191204874912 31.871044038720694
31 119.17483231575534 31.968516116110155
32 118.67470978937926 31.754718387572133
33 118.55890539119306 32.09775663742415
34 118.69916940668925 31.987890992293046
35 118.98997967380897 32.013734682190474
36 119.1526805863858 31.905880839653133
37 119.09627703108357 32.22378947192605
38 118.71066655289717 32.06325673633453
39 119.09531722637726 31.716717538047643
40 118.55037646686208 32.15770230955548
41 118.5610347076026 32.37419773409152
42 118.63455721414097 32.00186300780079
43 119.0515403990823 32.304078420355786
44 119.01443327029477 31.867071563700033
45 118.57851533010961 32.04765773312553
46 118.99625924762661 31.94600955831491
47 119.03644498240654 31.951208823602343
48 118.60635068868137 32.23462545637256
49 118.95015771325781 32.0226764756417
50 118.77970008645887 32.35744268233793
51 118.544776205785 32.036878349039874
52 118.86389663150467 31.673390281500772
53 118.84105672276239 31.89196124732038
54 119.1171534247996 32.277111918017255
55 118.92274525064288 31.93149516918145
56 119.10167265218143 31.622802077963133
57 118.83031492406298 31.81121176188187
58 119.00588416755159 31.642530575140135
59 119.17282104811969 32.37555027598943
60 118.51161715549331 32.37831421429295
61 118.79608787158695 32.22953978853462
62 118.80286849865313 32.09361396859785
63 119.04606895988503 32.21444823385588
64 118.5074943547343 31.731211401707963
65 118.89295143661579 31.820119289221587
66 118.67970223956704 32.00574010966137
67 118.81670439899402 31.88250539008526
68 118.98465405530112 31.64313934474391
69 118.93387251238732 32.370664988314076
70 118.66135281817594 31.9744233249391
71 118.64285895784431 32.01700273211794
72 119.08744722576937 31.86490087415575
73 118.85222081842343 31.814147784045346
74 119.17422496478778 31.90293110301411
75 118.95713723975325 32.26861798807744
76 118.6560339077706 32.21253694782844
77 118.60949272917463 31.88933240950886
78 118.72332885961714 31.60891650757386
79 119.0302803766567 32.23951655769062
80 118.83021475356043 31.802129851881144
81 118.9086740456408 32.06095001269122
82 118.92027872438118 31.604533361437426
83 118.64073285622419 32.11911674652865
84 118.72670535626244 31.920708953208766
85 118.7067420805892 31.98822289017742
86 119.14828572205971 31.926241121988554
87 118.520976511402 31.874511360313374
88 119.17502008210197 32.03543218702242
89 118.61518812881336 32.38210400736261
90 118.86672063550691 31.702462091172222
91 118.69493223003826 31.875937442657417
92 118.7129006190377 31.62319483047034
93 119.04012598145809 32.19354162965048
94 118.99466958419691 32.12860401960842
95 119.04226735693045 31.774732165163233
96 118.6251965110634 31.9210574462516
97 118.63851484901215 32.138876637479854
98 119.02875249929843 32.13559634095498
99 118.58050216968707 31.7474934794636
100 119.11015776778136 32.304674504284144
101 119.12763144097762 32.22745495619191
102 118.84342276785276 31.69063481514674
103 118.98439183532176 32.30349868008117
104 118.73089548641592 32.192150178152865
105 118.96347341768914 32.2401611463228
106 118.52894427285912 32.02903198076505
107 118.67308688163178 31.784315921276228
108 118.80028825512015 32.34567267441624
109 118.86821241550014 32.07427987353183
110 119.19742378995583 31.869093324841444
111 119.20059675759703 31.820004902916637
112 118.5930329108225 32.316893612400904
113 118.69420927187778 31.95685284317557
114 118.55307849093951 32.03670878619691
115 118.72821707384031 32.09594618163285
116 119.14846080308311 32.26727190519078
117 118.90068007632435 32.092847221019305
118 118.53606155457526 31.745089162803378
119 118.86433446388801 32.0770277488384
120 119.1538978416321 32.001672361535235
121 119.18599731579499 32.05484725647044
122 119.13886012064037 32.160471464788955
123 119.0410814271166 31.792250381624974
124 118.66378674312354 31.755480176814544
125 119.12149419408571 31.69209470143142
126 118.71857684246093 31.828017183575263
127 119.12291774812789 31.60638772641797
128 118.52678483793711 32.08662768054985
129 118.53915974657767 31.844242480761114
130 119.06241673745956 31.755682871006638
131 118.55610743697493 31.67005086069865
132 118.79729049234398 31.82452976483646
133 118.74111560533308 31.760784898654222
134 118.67692561598987 31.832795997132884
135 118.7492235902833 31.964839197847894
136 118.83888083338515 32.041332254311115
137 119.10593785668755 32.274149662049474
138 118.93753950993738 32.39368310162597
139 119.12648386316856 31.63435527449765
140 119.09985870799183 31.791762799043795
141 118.58956215095792 32.1052663682641
142 118.77230375470485 31.751927542083067
143 118.86823505009473 32.29670629502552
144 118.68307990699932 31.76939753624794
145 118.8925440407193 32.17738734962001
146 119.18697606566033 32.12113199791133
147 118.64117604337143 32.22172416712052
148 119.05228577168818 31.632429437166326
149 119.20563510966824 31.784194554579592
150 118.68232160370408 32.1680222988839
151 119.11132194568464 31.67877916212743
152 118.6142515909456 31.62233461653058
153 119.14972452994368 31.883952000512156
154 118.69975858227187 32.07720204541838
155 118.69207159079193 31.620977199582935
156 119.13634557425672 31.662952425182496
157 118.69128370869429 31.62947902774004
158 118.63953963635483 31.925131420905192
159 118.719324338047 32.144604628523204
160 118.98609512287666 31.764636958864845
161 118.51222713520083 32.28852905439965
162 118.61606506087598 31.963600987544485
163 118.57890193330577 32.09423501237199
164 118.85884276920133 31.82367229078323
165 118.52924936429956 32.100764001054266
166 119.15580966668624 32.383444041164154
167 118.83062254581814 31.956522363997898
168 118.92492850070361 31.786577081564086
169 118.66493032260426 31.939008193452693
170 118.98441267847625 31.9466355366317
171 118.5087046955541 32.02201799904574
172 118.55911871017499 32.01038859817272
173 119.13354716312385 31.631330790662744
174 118.62781626634252 31.72216273107437
175 118.83613059956345 31.951754207837514
176 118.87940237390598 32.161490958759174
177 118.62266617865377 32.22838290295546
178 118.90438262925906 32.21183658280753
179 118.68430445741322 32.01791959546718
180 118.96503939717351 32.361175266135845
181 118.69575898428987 31.854307080279497
182 118.79810268184661 31.972458856926703
183 118.8371974623287 32.216686126918724
184 118.51528006215446 32.27053467426674
185 118.57641864839897 31.916773178774445
186 118.53936954365506 32.29350425066324
187 118.80049516164904 31.97708935027431
188 118.87258709836695 32.17462047615823
189 119.1832740060682 31.612109800489463
190 118.7504427740842 31.604804048698515
191 118.62609547900684 32.33421698106041
192 119.16968772273472 31.68525169135664
193 118.87683591826637 32.13961559897317
194 119.16774094877447 31.82675886891628
195 118.74168252220856 31.760672469758482
196 118.55748817156034 31.903998306677988
197 118.8221272145353 32.34469287498514
198 119.1970103695507 32.05960916362115
199 118.54309625666635 32.33531750200466
200 118.8351237870003 32.160612394731466
201 119.08780950348927 31.98910330846199
202 118.64309714248454 31.99032454558668
203 119.05811824046428 31.778143915687043
204 118.54798879420314 31.59910350465828
205 118.72819949615739 31.93560193032495
206 118.62453524471601 32.03322231349523
207 119.17260004241686 32.29777946495356
208 118.92751249628999 32.1270776061067
209 118.70075511703935 32.27070300569385
210 119.14569351114473 32.335250267644504
211 118.90007984831465 32.34545911026265
212 118.76720475701501 32.2609242607396
213 118.98709861571044 31.70673841679433
214 118.96074966940333 31.88169395080293
215 119.18835550618824 31.750581906892673
216 118.52706822176098 32.297235700028345
217 119.11395020028144 32.22434743478503
218 118.97165364092172 31.88461794511304
219 118.608342765643 32.04537028960754
220 118.76052834768629 32.25128108050703
221 118.52104138315681 32.28384685982819
222 119.09661084188231 31.76856842561136
223 118.58208395297426 32.183863121907706
224 118.65161717276607 32.24213457743751
225 118.99184922083673 31.63813841200615
226 119.03252414854309 31.68042152081558
227 118.68341510424328 31.92880051048545
228 118.61703136230763 31.76974570836783
229 118.52263696161302 32.30985620510419
230 118.54072952072741 32.178731169424594
231 119.12103544886652 32.171719430434386
232 118.63740233261814 32.2325524569888
233 118.77645307400918 31.863075068289906
234 119.04628399783716 31.788028587905643
235 119.18303467218469 32.08596145297213
236 119.12140099772452 31.925450252079692
237 119.13216005142944 32.33623421981689
238 119.07521029356784 32.129083327316444
239 118.73800613454077 31.898184534610472
240 118.95227576228123 32.27582222075747
241 119.00536469302753 31.920402183551246
242 118.79469278946999 31.737701134219016
243 118.92977220669633 32.21878850801139
244 119.17041894097284 31.980377992358882
245 118.71515314088306 31.80781158824723
246 119.14701544893485 32.16092463233054
247 119.18525025443118 32.39053795419956
248 118.91006390332332 31.798335413834558
249 119.1368352276017 32.23364829256517
250 119.01062125667103 32.21001567777832
251 118.9913194635914 31.682447260702368
252 118.58101431934631 32.26318881066668
253 119.01242235553688 31.97147107833603
254 118.6167206279692 31.69372625705353
255 119.0297938121285 32.034141443501134
256 118.5274852079677 31.854966416051823
257 119.11282383612473 31.728952658566776
258 118.63442027931967 31.66586192269382
259 119.09600320110087 31.752533356663918
260 119.12305356733802 31.951761368278298
261 118.57902882009634 32.1092105440328
262 118.57433287380726 31.679511655541006
263 119.16915561889245 32.16696055099424
264 119.1883386696338 31.675262631949565
265 118.54668750132635 31.750628354515097
266 118.92832015285116 32.17909508045669
267 118.75830163023717 32.2872897582922
268 118.54207202107585 32.369999442772404
269 119.09603079502153 32.128745819365776
270 118.97481303114166 31.97513217942667
271 118.54948016334481 31.684945663423136
272 118.81715995557946 32.047294465743605
273 118.78480692676598 31.73122088174079
274 119.19529516919853 32.01346578880179
275 119.19211025947261 32.08424599029291
276 118.66955455188422 32.27787800600368
277 119.02857658764137 31.85328841290117
278 118.95133345941737 32.3889524745724
279 118.81744089327051 32.371629432589515
280 118.8897546040788 32.269588385618796
281 118.77805683679007 32.16835035374381
282 118.54230414571818 32.18027402655532
283 119.03427471733173 32.31551787583348
284 119.06435585918686 32.35673911637481
285 119.15655076156956 32.27946862571972
286 118.86716658859459 32.11530538402021
287 118.5420372312922 31.67544299009368
288 119.16011789697569 32.10270808541497
289 118.68785467800552 31.876469835425976
290 118.58573585321405 31.71412260403117
291 118.5875749219943 32.31097307763762
292 118.91984683426736 32.26513128627433
293 118.76301562162385 32.0141291260533
294 118.97625305688841 31.978617669449548
295 118.54607841265262 31.992974437513265
296 118.51982294392599 31.804180601711955
297 119.16843607102355 31.91868885914679
298 118.55805803668146 31.947824523629958
299 118.73398872827653 31.599745274689326
300 118.50808156087086 32.31111985704431
301 119.13399087617879 31.63797207578497
302 119.09916580436007 31.908016539482006
303 118.90305256695501 31.692995800065415
304 118.60553596288598 31.76627049435478
305 119.06007765399995 32.355089493987826
306 118.5399519211415 31.890866868918298
307 118.81746064721962 32.17042580760524
308 118.72067574592529 31.693400681445606
309 119.2026259707897 31.789233521469363
310 119.17841199917675 32.30178143213866
311 119.08249862603907 32.31712418403425
312 118.81536008569304 31.808121020570127
313 118.84789812421988 32.371202236278364
314 118.88462922775584 32.14111748295758
315 118.89087222891493 32.00361830032403
316 118.61401910492074 31.881043895852184
317 118.66257167999454 31.885138414147384
318 119.00593841617737 32.35971162108717
319 119.09172426838818 32.16407799679535
320 119.16453413491158 32.01184811345521
321 119.0273446441721 31.626544942780544
322 118.90298898444921 31.801284776103632
323 118.5604428532616 32.34853692174831
324 118.55944098679242 32.027940447997324
325 118.62051789565074 31.883509726231992
326 118.99082658664894 31.626506994913225
327 118.70282544376711 31.812710345421642
328 118.79034733758547 31.79996425393329
329 118.61295100950055 31.73745392823725
330 118.65301640821873 31.884273198255514
331 118.77530530108714 31.751558409494063
332 118.9475153226102 31.66122604458706
333 119.20134842086571 31.685318907234727
334 118.58986783690625 31.9932257414557
335 118.71859539899488 31.64975700591584
336 119.18401748664253 32.339837480609454
337 119.10915516581827 31.758458930095383
338 119.16957937685304 31.992701989561912
339 118.86176072071444 31.926507999287246
340 118.65811380583555 31.841927081021925
341 118.64830272944215 31.855912019716605
342 119.07115957118398 31.787712080978736
343 119.16535261833498 31.81628171435839
344 118.92725411268168 31.69118497009356
345 118.97193063381711 32.15550917441108
346 119.13128571700442 32.09566717926726
347 118.68057653836968 31.847110339124413
348 118.91824709264824 32.315721290973904
349 118.89200898357004 31.901461606577087
350 119.14889147890678 32.09351230155206
351 118.73800542600631 31.99961609587464
352 118.59696976245877 31.864200422698435
353 118.57329024706162 32.32676335029879
354 118.69647837313974 32.28729497533413
355 118.55018338424502 32.269790040040206
356 118.7237653275837 32.374561784870494
357 118.8937140902627 31.608590750804435
358 118.79801229524628 31.99356014073091
359 118.9451171666759 32.35179824527611
360 118.86080144653565 31.698764871527004
361 119.02875241751987 31.804439328889966
362 118.8221756480926 31.99241172836877
363 119.0440168300951 32.11802845240756
364 118.81432829253644 31.87123701828602
365 119.00490488503839 31.837657090829477
366 119.02675589771061 32.22551612702506
367 119.09484966198356 31.613008480025726
368 118.61574374762576 32.22888245681387
369 119.0047122721921 31.935497278177753
370 118.49347768820157 32.104429512711135
371 118.77948945605804 32.160362881262316
372 118.89834041263877 31.68649912217279
373 118.52052324084872 32.331575118337184
374 118.53169255094824 32.25019121364092
375 118.65575673982288 31.88588858693957
376 118.76699847218862 31.741748580553214
377 118.9912919181486 31.65390474564884
378 118.63093456191831 31.843275024878842
379 118.78329162472038 32.183455519885804
380 119.13331318699848 32.278264848632155
381 118.7392945507028 31.859819967672415
382 119.03542321683825 31.78208561409276
383 118.9194354050546 31.857916873054872
384 118.54208403766748 32.37329072949663
385 119.17483916824365 31.68326238171414
386 118.5762188071328 31.74104201139542
387 118.74794221692028 32.15212385836413
388 119.18476761711482 31.715292692477764
389 118.67636014904454 31.79904393068438
390 119.14917213718572 32.2498314670022
391 118.96995457623181 31.837994654472784
392 118.62691993112979 32.07842352424916
393 118.6001690253876 32.043004768859745
394 119.17209990001699 31.819297659768
395 118.81571524511915 31.803735426868567
396 119.02994207611606 31.81278132946668
397 118.60490990607558 32.301454711715536
398 118.85036673965463 31.6068460959935
399 118.56975558973575 31.68693426507233
400 118.83569280824348 31.876107802718618
401 118.49459067509459 31.773652982188587
402 118.52147652501124 32.05010809020164
403 119.1268844152302 32.02537063772848
404 119.11107143258002 31.995817317139004
405 119.03331948729071 31.84034390917536
406 118.85577814637878 32.017787162286155
407 118.62973563545302 32.21951141238328
408 118.99482601518771 32.23589171190359
409 118.65941167639747 32.037415231409035
410 118.53020356230216 32.24257055592091
411 118.7209419512073 31.654841252031005
412 118.90233943629615 31.72965641104779
413 118.90171891245663 32.19316756458009
414 119.08452924843813 31.907364788726188
415 118.77076582273355 31.852901346082483
416 118.60921579290712 32.06469188962451
417 118.52928652062032 31.908623136046675
418 118.64137713022667 32.33041972113369
419 119.15491734477882 31.91477419794509
420 118.51554405533776 32.262297066406695
421 118.93398819187792 32.07770629002421
422 118.81278397163682 32.326007139699215
423 118.63799498132869 31.989044168404437
424 119.00253242721647 32.369696309277636
425 118.90622284442328 32.057758305848985
426 118.54975439402529 31.63210756177027
427 118.97515632704784 32.185920109115585
428 118.54684056689693 32.30227819179426
429 118.64652538683217 31.67693723821981
430 118.89466300102072 32.36132424914128
431 119.01591591793382 32.05589829175498
432 118.88602821435349 32.194962716191576
433 119.12545756104471 31.7647511237906
434 118.98415007820336 32.336439516566934
435 119.17742275959961 32.11719177524758
436 118.69222501751983 32.03569873210307
437 119.1840854096279 32.37372054310987
438 118.65401523451233 32.048883889352965
439 118.62317157418417 32.01315130525666
440 118.62701545495882 31.640252852210157
441 118.58408026164282 32.04167949541242
442 118.93988306680325 32.19452172066248
443 118.50169376741293 31.890131334183792
444 119.08176811854989 32.14260136181118
445 118.93906493437443 32.04438411082331
446 118.7027302683033 31.768586772718525
447 119.11704512755045 32.03714182194182
448 119.09423394113347 31.98716448030714
449 118.93866725343547 31.86933119409701
450 118.5509065903122 32.13110779970767
451 119.18568847850467 31.665885838506597
452 118.92345028315188 31.88448953303378
453 119.1306971168066 31.94671247507178
454 118.604327399165 32.39368002334448
455 118.51912145656495 32.16249637131762
456 118.71927969228014 32.10185820294626
457 119.05022290188187 31.725663190901418
458 119.06588137703562 31.95446448284138
459 119.11836713547977 31.895449388804785
460 118.73669706934102 32.35338439282448
461 119.05867623187466 31.959198259431897
462 118.59849439053967 32.280360517476375
463 118.87591872372747 32.12176531686096
464 118.5354471625521 32.285116163670324
465 119.0016823069069 31.597614860833737
466 118.7447818266895 32.35295191644237
467 118.57561483354817 32.36631349970421
468 118.95175292522941 31.720359995947657
469 118.78430407659029 31.647937065393766
470 118.71457440305576 31.867052805703903
471 118.7445142337069 32.054508285267225
472 119.03773158416794 32.02261434089599
473 118.7865571621865 31.95497379315889
474 119.11873175322044 32.32474020028738
475 118.60234063388619 32.052507017086434
476 118.78163352370343 32.33533487307218
477 119.1131716177745 32.04597039081988
478 118.91291371316183 31.74359777792273
479 119.00317070809682 32.383523990487504
480 119.08466794614385 32.39467049638757
481 118.8601390458494 31.957582532921595
482 118.60276946470445 32.196694840961115
483 118.71348555593372 32.114511461092206
484 118.65722586477403 31.736832512922387
485 118.62180639127321 32.061399579288214
486 118.91835831818089 32.10972209354655
487 118.64326824479411 32.07602065207969
488 119.08115321527521 32.02355192409653
489 118.82267213011482 32.062000077370826
490 119.06625992358006 32.16949567005876
491 119.08423722278648 32.210983874536915
492 118.9854467340093 31.682208694260815
493 119.0671444847546 32.33170555144863
494 119.06499879843085 31.968155457430253
495 118.91170300037814 32.15809286937717
496 118.72584965229194 31.91231333469837
497 118.79749082766303 31.653557010655003
498 118.7172971300774 32.12575254527816
499 118.82950080288603 31.899407968062707
500 118.77275086691971 32.03363886106642
501 118.73667263623064 31.807392934167368
502 118.5747040404304 31.76260249045161
503 118.78313262271074 31.81672096099576
504 118.58463122157517 32.29811643296409
505 118.75181457514077 32.343426417994664
506 118.57783063076326 32.36135489916969
507 118.75682832185515 31.945590342486366
508 118.8814358139964 32.23658054570335
509 118.54407971830074 31.740523073917768
510 118.66199508412144 32.18839228975332
511 118.79486643160351 31.942309134776593
512 118.68248415782679 32.270787238759816
513 118.8939632651579 31.755769341401514
514 119.08138880011816 32.25153630989119
515 119.0484892027394 31.6592601727684
516 118.67188778134349 32.29488918184631
517 118.64077465253484 31.93823200352615
518 118.89165607163169 31.711518712408584
519 118.76953122881059 31.824805185132675
520 118.53106835137807 32.17887144358461
521 118.65609279890715 31.954474276468115
522 119.174449342505 31.788537220244113
523 119.15880825605564 31.796793043346398
524 118.75529671471688 32.13856389336576
525 118.52906925074193 32.111586633951575
526 119.06593639026826 31.653326292271018
527 118.68395620396241 32.25367327390815
528 118.52954279158698 31.70295886130469
529 118.68362978193841 31.79289670280268
530 118.59891898462602 31.612295432263313
531 119.12487218523064 32.025216519984404
532 118.6271432404353 32.27988436527935
533 119.02981430774011 32.33552780757944
534 118.60277857094133 31.96087398099941
535 118.5582301359774 31.692045683655024
536 118.76555624830623 31.991910481512896
537 118.93271665261372 31.821920119102522
538 118.87639368707934 31.851268174181165
539 119.07285978938124 31.77655809176239
540 118.78882259044633 32.3560034001182
541 118.93004429694378 31.92497529624191
542 118.5322088311876 31.59416001657164
543 119.02897628028938 32.00696272542025
544 118.98035049760506 32.15459559907082
545 119.06181987114279 32.25274267784047
546 118.57377817505824 32.20239952280681
547 118.81670663615424 32.16733252833986
548 118.96920727603658 31.760544662168527
549 118.4962727079042 31.86285751202825
550 119.10016692860093 31.959940861914156
551 119.06364685364007 31.723881542310785
552 118.86463105550615 31.941754079575293
553 118.74027414885276 31.677911236105604
554 119.00358653567358 31.6738420008364
555 119.1233294723793 32.26002914074144
556 118.84982482982932 31.729605400179278
557 119.11269090755754 31.966031621212885
558 118.6116324049808 32.093612797755284
559 118.72390457067675 32.35472221304345
560 118.99679409134234 31.8512994595032
561 118.75970210406639 31.756012431712588
562 118.86160074358601 32.30268979605101
563 118.95665251593458 31.838766439798125
564 118.91156000028272 31.81541652033445
565 118.81882429000457 31.716817869190464
566 118.60208677962675 31.960146113410808
567 118.78001764289411 31.77709677825662
568 118.65835154826941 31.892504869491688
569 119.0496494963363 31.859905289141928
570 119.05839470505359 32.09458927761371
571 118.65064105488185 31.956164660202433
572 118.90999400779351 32.12941977188262
573 118.97896345740261 31.841465739308884
574 118.81894685624006 31.87816015960224
575 118.54992153033335 32.38522201473429
576 118.99520787505666 31.788272945877278
577 118.54054908724959 32.20780466336115
578 118.96843289896074 32.16107465136345
579 118.57531397242985 32.108460424313876
580 118.92835193282839 31.69374934478579
581 118.69464504218008 31.586996823589754
582 118.76904671177448 32.193494169655985
583 119.18627467597378 31.6613627824484
584 119.15620362697797 31.794615311430046
585 118.90139736527993 32.38653048985749
586 118.96362032912876 32.37208088441704
587 119.06272357322658 32.34715492852872
588 119.00852475306515 32.05512546741954
589 118.59020052168883 31.974756978907056
590 118.796706948617 31.95899226473741
591 119.07828298652649 31.87093507865019
592 119.01281102316163 32.372500287134045
593 118.63536415920757 32.24420331815327
594 119.09782763638655 32.40875801944605
595 118.92186952536574 31.840328384090665
596 118.70660944389192 32.06327601204324
597 118.52505875312885 32.13475889700147
598 119.03116117926946 31.90684001010238
599 118.80604886662373 32.06600427856014
600 119.17994759010156 31.737479962321192
601 118.67074089641143 31.859897951623584
602 118.55964431947734 31.719342065566014
603 118.66436382919251 32.10621440850406
604 118.78759532117573 31.87868443510491
605 118.52440649919727 31.931571904057293
606 118.75861393040212 31.889479202158338
607 118.66922868916413 31.653583673049432
608 119.1858059228598 32.32083235196791
609 118.62772197561998 32.179162843166274
610 119.10751011946695 31.85863836865135
611 118.59881788047878 32.30924769439694
612 118.90061190970707 32.148320552625485
613 118.9662548049749 32.38733899677258
614 118.8867680470387 31.988410079576514
615 119.17008209448477 31.687848242044993
616 118.80382436358579 31.6853033336093
617 118.94459218161506 32.19520926793906
618 119.10717239336553 32.054400917131716
619 118.67482723199933 31.769630460498817
620 118.86412671021598 32.026360665104505
621 119.17422639038806 32.02870492437162
622 119.03405867030746 32.2967106923244
623 119.00092936878887 31.636525040435423
624 118.77115389451833 31.68499094263466
625 119.10522197727637 31.951786679415296
626 119.07964468315355 31.698971448373303
627 118.80869577857186 32.3872636694592
628 118.90041394168324 31.763178191507574
629 118.97183304358356 32.09804568617996
630 119.03983574056338 31.94993728095607
631 118.81971205969795 32.23496490617897
632 118.74074707756168 31.63247024436446
633 118.6046247257447 31.851507184430698
634 119.01487064009014 31.985127182847087
635 119.0339477174525 31.691326512160185
636 118.62137972223853 32.103247406340586
637 119.1068212787844 32.02485380264488
638 118.60882044886132 32.263607991669566
639 119.0774137365633 31.957859737406245
640 118.59529965331392 31.848618741716276
641 118.94731755760483 31.83801696129182
642 118.87798784818013 31.798462169783328
643 118.59795736653962 32.34552252961325
644 119.01237925249359 32.23754713695696
645 119.02574203166806 31.878313880877347
646 119.12116233166711 31.95245050736748
647 118.84655699275832 31.685599797478137
648 118.88419700679343 32.06998260247344
649 118.95259427755413 32.182748640363805
650 119.12499214070726 31.796380916744962
651 118.77580037673532 31.96715236413069
652 118.96664575234607 32.12894660645486
653 118.91512601440716 31.967454693373092
654 118.63277866465795 32.03294630474622
655 118.98391880165882 31.753221347565777
656 119.09208607313238 32.22936240525189
657 118.8236444482892 31.676922482325704
658 119.17807240040422 31.982953301822207
659 118.88655114812254 31.846901960280462
660 119.10957797565443 31.682992113572315
661 119.02912134225843 32.29015753766452
662 118.77850483235099 31.74156793844899
663 118.7288092528582 31.974624798330062
664 118.76577187532496 32.09581893768804
665 118.74302059197234 31.82726011627527
666 118.5291493988213 31.989744822257446
667 118.51352680505263 32.01984263775815
668 118.78337066094913 31.94671967141978
669 118.63237620107938 31.889805022735356
670 119.0975896063622 31.794152079509885
671 119.17287805171667 32.34176588422311
672 118.70904750674032 31.994339999292798
673 119.0217105761543 32.16113052062468
674 118.75580745598928 32.014618592912626
675 119.10280737814416 31.842381848246912
676 118.81712173253047 31.992444957076106
677 119.15016081284456 32.26308473194707
678 118.97403224957407 32.294296237998125
679 118.58580995980643 32.345665394663065
680 118.59840185346793 31.771256769915016
681 118.79127945588519 31.877276282231747
682 118.90758816503237 31.684939519896353
683 118.86787638766795 32.397351570625005
684 119.12154329101945 32.1108359011745
685 118.51335103647013 32.166201202069495
686 118.58118822961391 31.958793889436595
687 118.71316279857919 31.803857911188118
688 119.10533427965525 31.931023161348964
689 118.5032792926395 31.839983218362807
690 118.88708234406924 32.01594098916477
691 118.50163531478857 32.24669971009403
692 118.88653902608478 32.264897709717104
693 118.8318770161672 31.840637752487126
694 118.58267493899453 31.738246032547632
695 118.91467362423475 32.19526997097041
696 118.93297174383382 31.94410539206027
697 118.8158041354342 31.746324131253452
698 119.04890866321536 32.106721633774065
699 118.55423533445607 31.691358412577117
700 118.7266513136806 31.683642628689515
701 118.84854554360123 31.60412232495943
702 118.7299136604813 31.740323772543395
703 118.58572191843884 31.979193616476106
704 118.57564200789838 31.73741724858908
705 119.04654499086007 31.643357695262946
706 118.6770093124347 31.987935617168112
707 118.9580014077257 32.318381532404715
708 119.10621946618284 31.59989713564765
709 118.70922443069018 31.78713119156222
710 118.6285956924236 32.33009024713616
711 118.89910990566125 32.12029026533849
712 119.0799746395651 32.258374621405856
713 118.75523226270012 32.32278575757362
714 119.08550596256114 31.788338792145233
715 119.1954155843147 32.200959347340934
716 118.97223842507722 31.808412196944058
717 119.12737974403592 32.34706173695575
718 118.572814988172 32.3667063164707
719 118.77952880812087 31.724049080750564
720 119.11352018526513 32.263151648293245
721 119.01359312059397 31.655651063404925
722 118.56919857017235 32.08379815146397
723 118.66493705470516 31.98051480451673
724 118.72886640963019 32.067507134703675
725 118.95519977912532 32.200386037872974
726 119.0160565889993 32.306968084397795
727 118.84279714738692 31.994327422386675
728 118.52148947403786 31.653237083181487
729 119.12899343837722 32.331333471566154
730 119.15126137910697 31.648652377064447
731 118.7363085225548 32.235740227001386
732 119.05936019657854 31.711010831071917
733 118.86502866720917 32.32936551347177
734 118.82828535950749 32.089913506997576
735 119.15361077123379 31.853801485213378
736 118.50465016601709 32.29133085595776
737 118.79153143904932 31.7308381371959
738 118.65545274625154 31.77804773053462
739 118.83047871303522 31.849758259340508
740 118.82191497206074 31.9305539656906
741 118.62245848127955 31.7777537690421
742 118.90016496267033 32.3280132647809
743 118.77152942101067 31.958675003969837
744 119.14523095279209 32.36057156208916
745 119.14552131813095 31.814612044159553
746 118.76694507935147 31.967747218912997
747 119.03710064055569 32.2549880065641
748 118.94007377380022 32.390434036352396
749 118.76643310392353 31.973114405001777
750 118.68330794862344 31.987403063780643
751 119.1444613887394 32.36874616834884
752 118.64829035213364 31.93993009523611
753 119.04264760205974 31.947484830096002
754 119.03861842278731 32.3751727992114
755 118.64401428826766 31.99221329336808
756 118.75933191865631 31.698249983500926
757 118.79688508588856 32.35987762433964
758 118.84561638809431 32.00063619016661
759 118.91523702655651 31.881352038643186
760 118.75040367281521 32.329826014084986
761 118.92429937481738 31.60623099606896
762 118.79962055345614 32.3562693452174
763 119.1687309600549 31.674994872089776
764 118.96278167411391 31.657591520046974
765 118.87746857981857 32.341238380567944
766 118.90413605597801 31.97121589669535
767 118.58583204518416 31.733493756529747
768 118.68707966676865 32.38867165167899
769 118.99537663691387 31.85101773520128
770 119.20723753818918 32.342392300447806
771 118.71878263640085 31.971079320004147
772 119.20337208073339 31.901411820789324
773 118.75191129421574 32.053680985196806
774 118.81496032575895 32.327361061117706
775 119.18239368520251 32.38852221358426
776 119.07074901098161 32.14795144355518
777 118.87459311542004 31.89746179037109
778 119.18133829983205 32.26638881251363
779 119.19639494269715 32.33715132194624
780 118.60781747941382 32.04601772573934
781 119.04380055726502 32.17372992374138
782 118.68560527929283 32.306028440638194
783 118.71343142143438 32.147990117855386
784 118.80906677529705 32.10816587920535
785 118.83440136019112 31.907708502849463
786 118.6033015839912 32.074246392085705
787 119.02150254288402 31.77855405041416
788 118.51105360601127 31.71073258927728
789 119.18353902516837 31.796625377934028
790 118.67368509842194 31.95109715543827
791 118.98576024679603 31.86510893190823
792 118.87587137368857 32.17244156965844
793 119.0871075406388 31.909808284023395
794 118.63734944765879 31.981922480553266
795 118.51964950006855 31.812061480427456
796 118.61765509965834 31.658189884269508
797 118.97975928012987 32.17136873467121
798 119.05978633224417 31.771087698380445
799 118.60101160870593 31.979606077161943
800 118.90530887595548 32.0793010267605
801 118.52692104254078 32.14261658348449
802 119.07560374631778 31.949866176327763
803 118.57079388598946 31.810330497514716
804 118.62609929990933 32.316884530676425
805 118.94597509063385 32.12343730710125
806 118.82344470901218 31.803836004215857
807 118.70087588033927 32.22520283637188
808 119.15575451206584 32.02492421352492
809 118.87170615860265 31.944587489035793
810 118.6166604972934 31.686159997191215
811 118.79363457864373 31.784475543170398
812 119.00434397687442 31.691949866736984
813 118.82714889430584 32.14296342381494
814 118.5755212020648 32.1754371346182
815 118.61547580023348 31.965150911997956
816 118.67555423477114 31.640629687134453
817 118.8677403847774 31.740325527611617
818 118.94604192238593 32.34459066374252
819 118.83291267966699 32.30815222523451
820 118.63994387789396 31.91426437802911
821 118.74405860924313 31.699149399837015
822 119.11764839106316 31.963755364376958
823 118.67609692118548 31.94271603007675
824 118.97011787968579 31.61886593158501
825 118.76086600889903 32.172225094991475
826 119.18914070430746 32.12069412740064
827 118.49378686833296 32.0422375032463
828 118.70441342252087 32.239978416857646
829 119.03934101347274 32.26224352053695
830 118.52770669721902 31.76309099641744
831 118.77201514581904 31.668068710888328
832 119.17348796574686 31.90127947777868
833 118.97250052764078 32.29700096941025
834 118.58745850824248 32.213960031621866
835 118.56140792183643 31.79134246652604
836 119.16233795022623 32.20992097690631
837 119.14079645057215 32.05440821110837
838 118.63626882440191 31.82072668887397
839 119.1146162391911 32.170795774739204
840 119.02010995898198 31.84037821131383
841 118.78159521865145 31.86714042991182
842 118.66027216163845 31.77025203998383
843 118.59491186683088 32.06207338469994
844 118.64317793046378 31.971194918359735
845 118.85759309619003 32.09335364372929
846 118.52480867540184 31.620780168858378
847 118.9314699011858 31.926455177950054
848 118.91084317381835 31.63965500185177
849 118.94951810618507 31.85493037769005
850 119.08244867076239 31.66917598528527
851 118.54481865136987 32.02871640663721
852 119.1861722217098 32.33088935840653
853 118.8311489453358 32.28236562877201
854 118.83855716735117 31.996012366193586
855 118.61158518410154 31.88338572579628
856 118.95854501240358 31.619333415958163
857 119.11069738738628 32.115554666122236
858 118.5488090743981 31.83696645521888
859 118.71470229106791 31.92760348023306
860 119.04428246381367 32.097260272826105
861 118.51961437880777 31.746859275461535
862 118.91215274561485 32.033192051017984
863 118.67089825272316 31.97813308938351
864 118.86176140139438 31.911557604959622
865 118.60633591667371 32.27390182711037
866 118.74523509145207 32.194460530793485
867 118.75314793958147 31.70958807974314
868 118.78037852513411 32.311546477539
869 119.1644078014129 31.60775575661848
870 118.59459431354611 31.789008761282847
871 118.6765614117431 31.713525636042625
872 118.97617090326445 31.868081299323258
873 118.75278721832589 31.701298800127212
874 119.1430549499611 31.823133510832484
875 118.75426857080082 31.915450424644714
876 119.1690800811419 31.978616107421104
877 118.61812577075699 31.821062603421744
878 118.81779936771954 31.66246901016599
879 118.86428194758851 32.009964225349734
880 118.90133950847647 32.084542145552426
881 118.77784224644991 32.12496309794649
882 118.86468969834473 31.613267581565182
883 118.66830968844586 31.688729636140906
884 118.67077646834612 32.12986286983074
885 118.55912553099685 31.70534485188328
886 118.87574178492451 31.670069409998934
887 118.84441743086002 31.950110812268964
888 119.19822031024053 31.89283342311445
889 119.05883553907007 32.12866203566619
890 118.98798049867324 31.617990239161646
891 118.70333545139319 31.795166103859607
892 118.68206201199435 31.829754352892284
893 118.97781619546026 31.86691500503047
894 118.64441101203526 31.603503808591288
895 118.54403796133596 32.038095677384895
896 118.71601874828987 31.60071880332586
897 118.87640267827861 31.846849807490397
898 118.62617934613635 32.329998051047035
899 118.58363856732966 31.72699348832158
900 119.11994474549576 32.123412998832265
901 118.83841742757053 31.982325028983507
902 118.50792527612903 32.331258533354905
903 118.66846732293513 31.95515163404943
904 118.54495232895802 31.753990206491057
905 118.68086321330188 32.39530727164247
906 118.79753696577414 32.17158003146033
907 118.59610091792906 31.702216321141577
908 119.13937939993268 32.01979586316745
909 118.83948296456106 31.857619788296038
910 119.09480853792479 32.29839345035773
911 119.08720944364877 31.738218445790835
912 118.58377630075009 32.112957767626014
913 118.55074276252793 32.35815531341269
914 118.90162357744157 32.341498987436516
915 118.51308628922371 32.32900716361856
916 119.05682594711462 32.12877310016899
917 118.71981652568678 31.846868792051275
918 119.00361272270543 31.659703000025445
919 118.63272772261655 31.738812927525558
920 118.72084406791613 32.315002086575824
921 118.94652635927785 32.1621678855379
922 118.64751473405262 31.668371965267625
923 118.64982371648833 32.38373254843937
924 118.74836290587453 32.00375923072028
925 118.50680533177186 31.743794236969737
926 118.98164156811332 31.979740967786448
927 118.5823107166619 31.922681494472613
928 118.66280977796318 31.774766103030995
929 118.55150370791276 32.09551659847873
930 118.81296562577661 32.02102629089751
931 118.67986029009143 31.815464457124072
932 118.86455114166522 32.22244330767043
933 118.96164865279474 32.0256410491498
934 118.6524323014392 31.87438262055689
935 118.73530413006715 31.72997352910673
936 118.88950493174866 32.0078644901311
937 118.67600213715397 31.718737945359422
938 119.1319533263889 32.318574775062125
939 118.53505594591192 32.00881397495773
940 118.60257620179382 32.34112765503532
941 118.71518916823435 31.859910973706736
942 118.95567536098365 31.95089703680631
943 118.55876126348943 32.02789544435239
944 119.12659783705175 32.31352146470203
945 119.13168123216089 31.696150848547962
946 118.95818258455444 31.91140960838288
947 118.76201098196225 31.667035029716015
948 118.69609288492086 32.34921612855152
949 118.73681452357968 32.2640611214669
950 119.11993314553114 31.913244283847703
951 118.86668391370902 32.128985320346374
952 119.14719672141176 32.048012674207996
953 118.83068145664285 32.083377181917506
954 118.64477216782574 32.258516498358674
955 118.56464169718014 32.37206316861209
956 118.97315264375575 31.657627338747034
957 118.7065512738954 32.06059523521691
958 118.94951618465305 32.328583616641176
959 119.15125500492081 31.9186315061779
960 118.51395894938169 31.798925766713328
961 118.56171249906352 31.690444395063125
962 118.73274424204936 32.10322734089274
963 118.71827377686526 31.77184465928683
964 118.76964122795661 31.90422280257131
965 118.81854339854102 31.90699560517226
966 118.79115718575608 32.08886335314488
967 118.5704076175021 32.36122712662558
968 118.72846045856551 32.402030668230765
969 118.59316630617201 31.834533576683373
970 118.63105707887601 31.812197494523136
971 118.90650999594712 32.19447646956731
972 118.52812602616373 32.15996192552329
973 118.69818320299393 31.82385884931318
974 118.92107266211063 32.35930469725282
975 118.69570160333294 32.244350484525164
976 118.86109793092793 31.77063117176586
977 118.80065283360904 31.998446759226677
978 118.92813228471906 31.663908121150055
979 119.08960434835859 32.02676543048358
980 118.69911309315036 32.04657011751276
981 119.13855219625032 31.758005298153208
982 118.95742079510764 31.675171466819474
983 118.78366178480671 31.736827851957873
984 119.0639686095574 32.008869109593626
985 118.79146593179578 31.648299610787642
986 118.97210439169469 31.753482357812413
987 119.12021765480412 31.73708325653284
988 118.70660716459908 31.93250631244542
989 118.83591613010758 32.02346721008931
990 118.77119287443148 31.87990310269533
991 118.5800554500654 32.11438930646416
992 118.5726833596682 32.33697082661215
993 118.57366060536548 31.7923640748923
994 119.1054132619504 32.39423075498452
995 119.13304813673952 31.86449044054449
996 118.73810463016461 32.09726754537358
997 119.12982481915512 31.890266772503374
998 119.16735687409655 32.15125051235501
999 119.03961875937387 32.29530619417708
1000 118.65803047431275 32.24244143011357
