1 118.94325156262698 31.944712204002336
2 118.8934150120826 31.61787646993557
3 118.61617972345091 32.04293828797956
4 119.06750322057071 31.972781394563427
5 119.17194287935146 31.948748879377572
6 118.95306478766899 31.86308481379817
7 118.90027321079421 31.752636060200206
8 118.6075095926594 32.075698028828896
9 118.69032784259876 31.831279444425423
10 118.75982755497469 31.80405310335037
11 118.62984863616593 32.097368746456425
12 119.19955135941122 32.021805521806414
13 119.13936233665824 31.721638050845662
14 118.7594799072655 31.98311540691822
15 118.60778783220938 31.735743069117333
16 118.77595352341248 32.2300307585853
17 118.62632337509852 32.30224380956253
18 118.86869946559477 31.992307658138767
19 118.64464730152 32.28370971510877
20 118.55230242088096 31.663256788975257
21 118.93636447304091 31.99796352329365
22 118.75240216551838 31.66025508699353
23 118.98673341341198 31.948059292654413
24 118.86811986109063 31.6752626336643
25 118.9513023368729 31.693303146738224
26 118.72381555347734 32.08979265320864
27 118.89955953852653 31.777071657016045
28 118.83308462966401 31.674362792575263
29 118.9143416757013 31.777996527804305
30 118.52672384313126 31.87511834733418
31 119.18354327198685 31.967211925653295
32 118.6722889067658 31.76033017774719
33 118.56061278496367 32.095560703362494
34 118.70369838474573 32.0100584036765
35 118.99485787961225 32.01076014717793
36 119.15026956255727 31.907626968199153
37 119.08929520057885 32.22731476688585
38 118.71509011880433 32.0697234682418
39 119.09612685899175 31.721080152260694
40 118.54844162124128 32.15988003782792
41 118.55288789515994 32.37219741096267
42 118.63249087758 32.001334308570506
43 119.05396664750748 32.30352254659822
44 119.01246563079167 31.867374419136016
45 118.57911906743105 32.045462335121826
46 118.99751437754176 31.941491075961068
47 119.03929165185124 31.93987633151836
48 118.60330511595386 32.23735009882767
49 118.95771797841017 32.018865607083406
50 118.7954924364686 32.36238959458529
51 118.54429284560227 32.03664419253047
52 118.8638704753666 31.67059052995423
53 118.83199082293649 31.895815949135198
54 119.1145153311724 32.266040250670244
55 118.93094227632628 31.931292987687453
56 119.10821602379049 31.623147994495902
57 118.84154919665329 31.807667680332006
58 119.0083838899396 31.645024235398168
59 119.16979752476428 32.37937425909782
60 118.50507339997276 32.381738633138355
61 118.78955147046702 32.229576524801786
62 118.8124437753194 32.089503385260684
63 119.05045226143518 32.221398229179684
64 118.5078588518784 31.731312193102006
65 118.89033839645585 31.828126889814104
66 118.6787494410486 32.00189065881412
67 118.81633255080565 31.880940974365004
68 118.9767772359659 31.642896248675164
69 118.93545640223873 32.36917642301674
70 118.66482576241546 31.973634130810485
71 118.63801372066891 32.01471218978983
72 119.0856084098602 31.867528057840698
73 118.84946639995817 31.810741391319223
74 119.17285862736414 31.897182684876263
75 118.9477585871438 32.27071286050686
76 118.66192184281239 32.21888091520239
77 118.61168675961868 31.878991390090796
78 118.72286292791478 31.60337839687081
79 119.02461344747633 32.231615514651544
80 118.82431699724735 31.795044327314788
81 118.89352781579301 32.062758085172305
82 118.92254105627937 31.608575957178427
83 118.6395531457135 32.121078938026415
84 118.72690013834247 31.922840335229523
85 118.7002030955206 31.99076790699624
86 119.14328457381202 31.932540274376347
87 118.51692269964477 31.8778064990561
88 119.1771971858893 32.03463459563365
89 118.62391513642882 32.381648096082124
90 118.86572381759223 31.70334962931956
91 118.69679328481682 31.867797649731152
92 118.70291277393707 31.633408017665907
93 119.03895581019995 32.1906995583072
94 118.9950593082943 32.12542772579985
95 119.03937408555538 31.76610089553466
96 118.62498727853317 31.914568898298025
97 118.64140717511629 32.136207135266545
98 119.02649036638388 32.13324700253618
99 118.5902450425289 31.749205128460826
100 119.10217702844555 32.30642119275566
101 119.12709942920316 32.232042788170546
102 118.84810457250181 31.68677351899764
103 118.98217414962903 32.30256999342775
104 118.72995832913053 32.19503556433671
105 118.96723315903279 32.25016203297263
106 118.52903700665814 32.03661592117532
107 118.67441016005462 31.779171496186837
108 118.79682010800755 32.34267377276131
109 118.87281678782978 32.07188076001966
110 119.19555590072032 31.870794548770583
111 119.209271008416 31.833800853369702
112 118.59288259359053 32.30749539642761
113 118.69330181020122 31.948582661360525
114 118.55053115634084 32.03424294979153
115 118.72824505604454 32.09910227376856
116 119.14861200598023 32.27565141854911
117 118.90658911499577 32.089100854794104
118 118.5349527552959 31.747722201989223
119 118.87150269362523 32.07355860920969
120 119.16352732900457 31.993282295208868
121 119.185952075116 32.047037458497535
122 119.14563316592285 32.16878240303116
123 119.03829494842773 31.791944876863425
124 118.66290345110633 31.75622616881476
125 119.12721049896489 31.6967884640855
126 118.72275776501786 31.829082288238173
127 119.12325518917392 31.597791247291095
128 118.52212610531903 32.08808732186054
129 118.5413854018683 31.83774289195674
130 119.06752668696454 31.748241083553125
131 118.55162027878016 31.67397390186612
132 118.80255658810549 31.81849784040633
133 118.73338113128797 31.762673620167128
134 118.68469089436958 31.837028095852173
135 118.75406557918554 31.959080153974238
136 118.84402419704794 32.03857159906762
137 119.11834918067038 32.26575658004583
138 118.93901748097404 32.3938846427933
139 119.12943601932189 31.638072988575168
140 119.10151849633066 31.795373512961113
141 118.5931195898317 32.10270184313497
142 118.7705639121529 31.751221917434464
143 118.8575136508138 32.29865125010265
144 118.67774941021666 31.76925299014731
145 118.88881760289587 32.17687421626014
146 119.18502369370152 32.10735464608117
147 118.64247064623902 32.22716278144368
148 119.05960055590728 31.644000986548434
149 119.2036791852928 31.777543063961712
150 118.6805578069786 32.16369281793977
151 119.11066393943918 31.682310038926314
152 118.61639352145346 31.624774742306137
153 119.15190375459548 31.8846473464279
154 118.69423966106592 32.084119930864254
155 118.69112133031801 31.61804311552843
156 119.13121791577579 31.66873512180521
157 118.69119787592014 31.63486381982318
158 118.6354699562686 31.92795205970954
159 118.72785396304914 32.14431043531271
160 118.98720452874825 31.770521203749347
161 118.50887129159828 32.288327721677916
162 118.61668773769266 31.956549379844176
163 118.58335173305636 32.093474135765675
164 118.85768363356304 31.824778747057785
165 118.52875418274776 32.10525879624501
166 119.14752468783028 32.38172590305149
167 118.83613047992166 31.96712637432076
168 118.91828077503918 31.77418204083454
169 118.65804558186178 31.939190490732184
170 118.97889692497411 31.952155926392766
171 118.50225225146957 32.01698311606395
172 118.55974177670409 32.00632535940022
173 119.13427476675191 31.62886534533731
174 118.62498436647525 31.718675306384338
175 118.83503358256498 31.950103099608977
176 118.88347445534414 32.16533569411851
177 118.62212010368793 32.225160064995094
178 118.9108479897821 32.2063701438063
179 118.68056339863797 32.017235907149946
180 118.96213198413967 32.370017542291066
181 118.69338139656558 31.845979792208492
182 118.78651628244673 31.97197003272672
183 118.83903269950132 32.22230693289168
184 118.5183219692089 32.265070162940404
185 118.58604709157011 31.913219741701617
186 118.53844191026154 32.291182204367445
187 118.7978303131769 31.976459789546233
188 118.8813819542155 32.177172346636205
189 119.19167258745536 31.608199124516023
190 118.75060345672173 31.611104906367206
191 118.62758531850179 32.33433429246681
192 119.17168966117292 31.694359741844423
193 118.87505317860703 32.150483830925445
194 119.1617849050696 31.825759838643403
195 118.7385694699468 31.75940348162832
196 118.55635944490066 31.901567181996647
197 118.83716788466953 32.34525147626576
198 119.20731134787441 32.060953793594656
199 118.54513028050054 32.33291805576522
200 118.8435445410059 32.162374474165865
201 119.0835025646132 31.979001817038238
202 118.6516918888433 31.991354754443705
203 119.05975406812169 31.78500125250615
204 118.53668879501436 31.608796812463602
205 118.72045698207525 31.93078601194359
206 118.62612287327994 32.03091209828783
207 119.17068842698535 32.303574073968264
208 118.93217233149811 32.12806775179008
209 118.70332779133717 32.269553395220406
210 119.14672671187822 32.32667208318128
211 118.89394626644209 32.3442778232627
212 118.76060001468302 32.249518361355854
213 118.98709839358398 31.70579024937761
214 118.95025684791821 31.881552354485798
215 119.1868953708559 31.74836606883872
216 118.5233738775172 32.297192879719425
217 119.1058048268279 32.23123916299435
218 118.96612372571549 31.885213007877425
219 118.61155316297021 32.044388185353846
220 118.77496807811886 32.251471960865146
221 118.51890323763106 32.29031329826548
222 119.10148642964842 31.75892019131388
223 118.57154690419082 32.187224838334544
224 118.64600505725879 32.24443418363217
225 118.99058987447457 31.653042259833956
226 119.03481954370096 31.68555544697204
227 118.68860295643745 31.93742654406049
228 118.61262377074334 31.772461378394155
229 118.51204034197818 32.303058402604606
230 118.54172042003012 32.17168948652103
231 119.11566526175834 32.171098331717324
232 118.64165270696313 32.226335427610024
233 118.7858844519548 31.862189247565368
234 119.04716762412463 31.78643018238114
235 119.18081506519229 32.088568966756455
236 119.11642306267886 31.919533631422297
237 119.1215592406365 32.32605838960386
238 119.07367079509812 32.13043420290269
239 118.74042717556648 31.90925466195597
240 118.95174976155455 32.264947787692506
241 119.00883724272694 31.911441188960186
242 118.79915746725807 31.739500007045866
243 118.93294936155968 32.221758467926975
244 119.17731438786463 31.985052461634318
245 118.72019736853146 31.80197351745185
246 119.14302437329636 32.153862557905526
247 119.1961731905173 32.38924835356234
248 118.90723538813782 31.799632670212123
249 119.1398155558245 32.231283343510086
250 119.00628528861532 32.21149809569935
251 118.99241010342026 31.679944357147342
252 118.5860624653582 32.2681484977137
253 119.01968813345239 31.98303528880783
254 118.61826193923173 31.691534665523264
255 119.03299072518236 32.035267060011705
256 118.52867614181059 31.864948819414717
257 119.11738444649882 31.72825786999207
258 118.63299279421578 31.66737732852717
259 119.09811262951942 31.74802118758236
260 119.12119788359904 31.948624456202598
261 118.57222759775001 32.1115502895688
262 118.56066828183042 31.674927306289735
263 119.1642763114175 32.16534867610492
264 119.18366052032427 31.674295455622204
265 118.55115834900177 31.74430982306906
266 118.92620172761688 32.18418494910992
267 118.76733627697251 32.2958638580605
268 118.54038884046567 32.36750903783748
269 119.09745552208501 32.14523072643417
270 118.9782208817965 31.974862396894558
271 118.55229713517738 31.68226279693401
272 118.81965812082399 32.053023085506744
273 118.78762651110863 31.726198839662203
274 119.19027326632929 32.009795360052976
275 119.19331381295788 32.089237944375334
276 118.66794443431003 32.27492577759954
277 119.02790648441622 31.85316865079168
278 118.9584112245216 32.38220692019445
279 118.81080913257203 32.37349110481377
280 118.89201711495852 32.271309847269855
281 118.77260627529226 32.16525915959975
282 118.54217832630681 32.18048774268859
283 119.03597256464703 32.31571879524334
284 119.0537811961535 32.35161398733517
285 119.15383113641343 32.27519006201033
286 118.85471938820785 32.11224037036059
287 118.54724972489578 31.685049159797206
288 119.1618082669479 32.110288038238195
289 118.68584362662443 31.880425194816624
290 118.5858725409655 31.713176753231153
291 118.58338433829515 32.307326313328616
292 118.92497648600764 32.26910747737461
293 118.76710797215168 31.99568214924544
294 118.96951878416868 31.97735187356183
295 118.54269385476418 31.99074272200919
296 118.51408502740553 31.808780000468843
297 119.17115290322242 31.913919947452786
298 118.5600827215989 31.95061069411836
299 118.73314367450426 31.608020199008457
300 118.51142952549165 32.3139289950629
301 119.12858959158068 31.632978411730722
302 119.10214415213837 31.909318538835443
303 118.895363688827 31.689897569273395
304 118.59731897408902 31.771172465925517
305 119.07011651156982 32.35875469891147
306 118.5429546749461 31.89601240316404
307 118.82250995385053 32.16006288311482
308 118.71897279418772 31.687315923215035
309 119.2009172853358 31.783904641415738
310 119.17717120299643 32.30167318290515
311 119.0744771472932 32.31130709795548
312 118.81885003471865 31.799687224887734
313 118.85453611686467 32.366524554058174
314 118.89153283625168 32.14349462439087
315 118.89258267708114 32.01148768174241
316 118.61795752074241 31.88409122683939
317 118.67371018175744 31.883997092512246
318 119.00527035113667 32.36110155964287
319 119.09346221919522 32.1649695853057
320 119.16993817582642 32.015806798403396
321 119.0301401540728 31.62985934626627
322 118.90147350133832 31.79865846815425
323 118.55798595087344 32.344688913960546
324 118.55500380153283 32.02719356754883
325 118.6289553976751 31.8851777885177
326 118.98645118167892 31.633104567701952
327 118.70244818462945 31.80838991445047
328 118.78642295351166 31.80614951867838
329 118.6135224529287 31.73172767036135
330 118.6633033651895 31.886325377178405
331 118.7744796539924 31.75523659134749
332 118.94582262614092 31.661433788626013
333 119.19998360547234 31.69747701062598
334 118.5970743296022 31.989626679014307
335 118.72009160225792 31.649930437397522
336 119.18988196423042 32.33973386657951
337 119.11760634227667 31.764959560049984
338 119.17845708754852 31.98997808080047
339 118.86025933761805 31.925256056263798
340 118.656017513506 31.84574922897529
341 118.64747140459666 31.86734727020416
342 119.06731656486673 31.79408515863413
343 119.1618606340052 31.81744430546145
344 118.932110024507 31.704809989722744
345 118.97021320495875 32.16973616523267
346 119.13748274982068 32.086023809971984
347 118.67948004608868 31.84035918978868
348 118.91208651272221 32.32011751314948
349 118.89239633537865 31.906598516944392
350 119.14374299838123 32.09007251214244
351 118.73250829835106 31.996341142337027
352 118.60099390249667 31.862637612805443
353 118.58193572193339 32.31943033800014
354 118.68223001863038 32.283619102635626
355 118.55998788340554 32.276031663403785
356 118.72873534297337 32.38449741083992
357 118.88990736910822 31.62112173152027
358 118.79588786210178 31.98537353648632
359 118.94582306657651 32.36282775088872
360 118.85966289135452 31.705814876552676
361 119.02544250728192 31.811965500171006
362 118.81914909656511 32.006650860868305
363 119.05151393472349 32.11536852480387
364 118.80943297962652 31.878477163722284
365 119.01803929923712 31.840900706647233
366 119.01991333754381 32.22514488476968
367 119.1024246444468 31.61248526014775
368 118.61634610822944 32.24138211742612
369 119.00886048847745 31.931969200672363
370 118.48280895768465 32.108348087756845
371 118.77865974159666 32.157336144301496
372 118.90616883916398 31.682850001387678
373 118.50989148700884 32.332326904456465
374 118.53767207962218 32.25088598874218
375 118.64796969071442 31.880180971232157
376 118.77421550589325 31.743437538903123
377 118.99409742848545 31.651548818589706
378 118.63222049995144 31.843846086562092
379 118.78562601419976 32.175979845755435
380 119.13000028305794 32.285715172920234
381 118.74662984718347 31.842618024437606
382 119.0395967514396 31.786359810894734
383 118.90795241770351 31.858287296143615
384 118.53851059394981 32.37111939498597
385 119.1758873008825 31.67469973252576
386 118.58026085332976 31.748776286316662
387 118.75396521988114 32.152524504798144
388 119.18886911986742 31.716774932421796
389 118.68230183504372 31.792239647477572
390 119.1453477961657 32.25611895797342
391 118.96657257596404 31.847171268539295
392 118.63135593471627 32.075687053622396
393 118.59743920668782 32.03810729583988
394 119.1776632453294 31.821526816007413
395 118.81652318463523 31.798772284038336
396 119.02168834840272 31.80235973811111
397 118.60333870360277 32.30131827872275
398 118.8494412189986 31.606561916255448
399 118.56499240771925 31.68958698238645
400 118.83089398221371 31.874376920283346
401 118.50050267335905 31.769607621766124
402 118.52158078574023 32.04176972217674
403 119.13330084042538 32.021529821526585
404 119.11122510458905 31.996063121536604
405 119.03194745977375 31.844885684405032
406 118.85088120700742 32.01170664829771
407 118.62898639460302 32.21979081405181
408 118.99847103920558 32.238978348680035
409 118.6565727375423 32.0338783159103
410 118.53428430649461 32.240118298943834
411 118.71614915487567 31.66176818826717
412 118.90839045064736 31.737728802549057
413 118.90051839103145 32.19931848566828
414 119.07786476120117 31.914201809532383
415 118.76698493022799 31.853755609838903
416 118.60928791080279 32.05703357601714
417 118.53848502691807 31.91356081522792
418 118.64380458165675 32.329626288472966
419 119.15750617439132 31.910604680710502
420 118.51255486775227 32.26219405410582
421 118.93265131152641 32.07994350789575
422 118.81704669931078 32.32623366808892
423 118.64176320872082 31.990359349616337
424 119.0016407488358 32.37600775022174
425 118.90597838360118 32.05223414831491
426 118.56043704774414 31.63084050400347
427 118.97393569363459 32.17726301218447
428 118.54166296798525 32.30130229033545
429 118.65855445228476 31.669127361141335
430 118.89084293874902 32.36481597899522
431 119.00800603671914 32.05928802082114
432 118.88961067659422 32.20215635041519
433 119.11442454904905 31.77275253443175
434 118.98229658449132 32.3407549692264
435 119.17335804823666 32.120357307081804
436 118.67890896433869 32.04030780349476
437 119.18591611969403 32.37320460105564
438 118.65771169792367 32.055363685764476
439 118.63763264205673 32.00939897839663
440 118.62070894310361 31.639819817832436
441 118.57514093441802 32.04368327772741
442 118.9416275548869 32.19637355893461
443 118.5004218752616 31.901216690047463
444 119.07125855211721 32.14394417868812
445 118.93997083108883 32.03553796885945
446 118.7083809896436 31.770846329445146
447 119.11906479717175 32.03077111143633
448 119.09093321038401 31.98674299390018
449 118.9279156659114 31.864871297689653
450 118.53593333720198 32.13132218515974
451 119.19387103042631 31.661186891472475
452 118.91897115703941 31.889285139231617
453 119.13648955201371 31.947552017415653
454 118.60549536459213 32.38790421710586
455 118.51700697185703 32.163107593000035
456 118.71123191211915 32.10023605039866
457 119.05312311877337 31.729517712737795
458 119.07194248481655 31.954937102945273
459 119.12191725059446 31.89667375771844
460 118.72259032544352 32.353894412209456
461 119.05678136167822 31.954840987581537
462 118.59320468751723 32.27638546455193
463 118.88101061556546 32.141433371725284
464 118.54023356459827 32.278807718086156
465 119.00803445532395 31.594948307368032
466 118.74606271573697 32.35463309003258
467 118.57283079297048 32.36854625171141
468 118.96269103218995 31.712489246222002
469 118.77784721224741 31.64539993976631
470 118.71144425829715 31.866525321602367
471 118.73806020956795 32.05414499962102
472 119.04878661127464 32.01988009317713
473 118.78769141867096 31.95650870559582
474 119.12195769465508 32.32395030291462
475 118.6103707765676 32.04487950963531
476 118.78297154720933 32.34528670129649
477 119.12295315425708 32.048204837913914
478 118.91166972208336 31.748070435609424
479 119.00214644557104 32.39669149942595
480 119.08435152676147 32.38854380774653
481 118.85793718608375 31.95752310443078
482 118.60364294492597 32.199546604715586
483 118.71188889042018 32.12417847413581
484 118.66365595880686 31.73988751326629
485 118.62316187664777 32.06747844835103
486 118.92027388511379 32.112312063331025
487 118.63910131091181 32.066464165964824
488 119.08132774673398 32.02501133434074
489 118.81197147316438 32.06773264293749
490 119.06903703658728 32.17250572681862
491 119.09034063121376 32.22537667547533
492 118.98830033165838 31.682918945078516
493 119.05327839488459 32.32570852487425
494 119.06836642592464 31.981003624516323
495 118.91730706092122 32.151463047818616
496 118.7170361398598 31.904265242825968
497 118.78997721647565 31.65296445006071
498 118.71527125345125 32.12584104843448
499 118.83026453742573 31.893815551357317
500 118.76625641543355 32.03226735851453
501 118.73934483802066 31.802360411791625
502 118.56627350519838 31.761361662024452
503 118.78976698480176 31.813199948496514
504 118.57937289198722 32.298493963862526
505 118.75182555154896 32.35224885933035
506 118.58517530424088 32.36996040052062
507 118.75496714613371 31.943252302582955
508 118.88755863015977 32.2370369947104
509 118.54201940935526 31.74154301426168
510 118.6598431266621 32.19354347162301
511 118.78821824128423 31.944092653718094
512 118.68537525304438 32.27284122009776
513 118.88773983684429 31.763322114844105
514 119.07909878700504 32.25033041678022
515 119.04469526312336 31.664347575988135
516 118.67434248364798 32.290729192246225
517 118.64019187003333 31.941973894444818
518 118.88521697563863 31.718804493972446
519 118.77113311288944 31.83209790419669
520 118.5308789441998 32.17238562149783
521 118.65043324020732 31.950350535911042
522 119.17080931161739 31.787017431675583
523 119.15723910771467 31.808169992634483
524 118.75883625470266 32.14605240855322
525 118.52128304031679 32.11989975204645
526 119.04967225122408 31.6503131090106
527 118.68596698999829 32.265423535624336
528 118.51877660645201 31.702737962743043
529 118.68719584483748 31.784710838823955
530 118.59299923811024 31.6181818310877
531 119.12381314084665 32.02800000393491
532 118.63426602697434 32.28480973911381
533 119.02124736630418 32.34445799389389
534 118.59620825145697 31.959620182839668
535 118.55530335562332 31.691255085493545
536 118.78024428596353 31.995999832408465
537 118.93384321216637 31.826079233227972
538 118.87699005327643 31.84943324383864
539 119.07534457241506 31.779748831281367
540 118.79063865995123 32.35150336365624
541 118.92488590291438 31.922537681494415
542 118.54023739343167 31.596700700609084
543 119.02311410640996 32.00079449849163
544 118.98251038181398 32.14495659648435
545 119.06043199851369 32.24928096066814
546 118.56833153054588 32.19973502569397
547 118.80850242474996 32.16343274543086
548 118.96345805286185 31.77049044448311
549 118.49362205829371 31.865053571540145
550 119.10428263545091 31.95447540632919
551 119.07049908147391 31.72352448142764
552 118.86353296156052 31.95041007123778
553 118.73843196731539 31.683410773466044
554 118.9967486121757 31.668276523388727
555 119.12233324228472 32.264369911604284
556 118.84946743476438 31.72229943248369
557 119.12641448095285 31.964927805758094
558 118.59456906843471 32.088330258384985
559 118.72588745287679 32.357765597848875
560 118.99094048829807 31.844126900074453
561 118.75845751470294 31.758121895268843
562 118.86261172126108 32.299126678797045
563 118.96074312304773 31.834507966195893
564 118.9104654864476 31.82764071068659
565 118.81739815338783 31.72326048381373
566 118.61529993264743 31.960327175344595
567 118.77814461912399 31.772471877629744
568 118.65699613810064 31.898205246707384
569 119.04139847848172 31.86293218485446
570 119.05716090043364 32.100998794192996
571 118.64900585446307 31.950700943519323
572 118.91477186235234 32.12575075811959
573 118.9919183383764 31.84261866457792
574 118.82131786120918 31.88745088015882
575 118.54043023007127 32.38497631881128
576 118.98359126735522 31.78567843602007
577 118.54901377302225 32.205309244300025
578 118.96794305639425 32.15391797148302
579 118.57682238078134 32.10345238232837
580 118.93897727044295 31.69150308969908
581 118.69463425918984 31.58148235844102
582 118.76218632993603 32.19309599614832
583 119.18935172661685 31.6552038847783
584 119.16180863924808 31.801358411930167
585 118.90016154030359 32.38348133139093
586 118.95339196660312 32.37295826515129
587 119.07552241769372 32.3482452590233
588 119.00908194460027 32.04547826451525
589 118.59016530126509 31.96311534128556
590 118.79381317927809 31.964702257769172
591 119.08355893772374 31.86755890872196
592 119.01280244686657 32.383667499914516
593 118.62421399126657 32.24387285379427
594 119.10390335580567 32.41428098725713
595 118.93028354702251 31.840269043224662
596 118.70786304731347 32.07176978220407
597 118.52722315800838 32.13460388345584
598 119.02967254747921 31.910515525744096
599 118.80865979879505 32.06933689759845
600 119.18512223591789 31.734718658930962
601 118.67925515948163 31.842927925763167
602 118.55042271387714 31.71901271800886
603 118.65442090050244 32.0980525011153
604 118.79232462549388 31.871053668338014
605 118.51885563703108 31.937472203421002
606 118.7460824955969 31.89721392170529
607 118.66392611265371 31.651923247974675
608 119.17636055268964 32.33035509867018
609 118.63016974139957 32.166998045875104
610 119.10857556115093 31.852579182596862
611 118.59250209263644 32.30869985687144
612 118.90435622739949 32.15939265597764
613 118.948903120186 32.38022794662172
614 118.88382851983542 31.991842867785966
615 119.17087931384171 31.698990640737694
616 118.80755180735196 31.68371755282528
617 118.94493037328408 32.196506801423794
618 119.10693579317258 32.05305822883072
619 118.66304909643343 31.772327682229605
620 118.85986851444522 32.01947337585385
621 119.178414311278 32.019172693536355
622 119.03602548272043 32.303041819727795
623 119.00811192026015 31.633383685639277
624 118.77991946403223 31.684390232599238
625 119.1074447998674 31.941889652963123
626 119.07348952804442 31.703964235178148
627 118.80274517501385 32.38657047313161
628 118.8975580339316 31.763104718593535
629 118.96541073853345 32.0944798220928
630 119.0416875039816 31.951988567247383
631 118.81756888453252 32.22833145887319
632 118.74192933869938 31.625272924557027
633 118.60019692193204 31.85524084921083
634 119.01809989010776 31.98562997451805
635 119.03150740672795 31.697178713745135
636 118.61894155669349 32.08451711605819
637 119.1125076993132 32.015308845734
638 118.60838963787275 32.26170122399999
639 119.07977100581749 31.963562301951224
640 118.60371161000299 31.853075764102798
641 118.94056419601314 31.83714027391182
642 118.86994024286295 31.80253161540463
643 118.60309257500451 32.34640426400065
644 119.01401373199664 32.23453830888827
645 119.02479614370246 31.875461956128593
646 119.12406431129081 31.951691905589268
647 118.83415007943255 31.67579458860269
648 118.88272053013104 32.07517436801732
649 118.95007439145662 32.18654695086797
650 119.11429322672619 31.793208601628336
651 118.78979928060065 31.97232453080948
652 118.97007309306225 32.13394634250681
653 118.91813816964205 31.965393022123937
654 118.63322018419002 32.03099848495875
655 118.98060500840036 31.749551058358318
656 119.09376912415085 32.22707364286472
657 118.81701700086103 31.688855743749585
658 119.171573180238 31.983707236847103
659 118.8845655360306 31.84686438377376
660 119.1229355149077 31.688859390102472
661 119.02349375167157 32.290716445708036
662 118.7763130546201 31.744439200586797
663 118.72349309497919 31.97497986616169
664 118.75956200006827 32.09687035132844
665 118.74254355606725 31.829662174696516
666 118.52588971912732 31.988804924044892
667 118.50481058868436 32.01331817918151
668 118.78868978148759 31.94315882587688
669 118.6386758428503 31.886481165640163
670 119.09692915960291 31.79073553022236
671 119.18115393810868 32.336056840419126
672 118.70824014728088 31.995062755743486
673 119.02675947298398 32.15817979830344
674 118.75421109629904 32.01831805208217
675 119.10910532884627 31.839566177765885
676 118.82478587709736 31.992986760330943
677 119.14888322149028 32.25498952125416
678 118.97854015129204 32.29046901867416
679 118.58507096029871 32.336884397641974
680 118.59606707102506 31.780734545105776
681 118.80507490199342 31.87263617519432
682 118.91323158803786 31.69245132513254
683 118.85903030011309 32.399776328617605
684 119.11627551208703 32.11477231166833
685 118.51504052459352 32.16857297350931
686 118.58181817364431 31.960450954910417
687 118.71039733625149 31.80811070382961
688 119.0988462927883 31.923554024092283
689 118.49676260063544 31.84510470704355
690 118.88530729738672 32.0192693362624
691 118.50508757338591 32.251220643854296
692 118.88157339622718 32.262995099296106
693 118.83510641493672 31.84479317807865
694 118.57825525108835 31.738576119239212
695 118.92319446123514 32.19514607666643
696 118.92504952918213 31.928175591105624
697 118.81893065745436 31.74487599898565
698 119.05203251530918 32.111459063297815
699 118.5544878052784 31.68424158449347
700 118.73201839908606 31.682552178963167
701 118.8457993191814 31.603985127600755
702 118.720116487797 31.746381275651864
703 118.58682755863029 31.972341205297287
704 118.57782080929265 31.741863765258582
705 119.04091404158727 31.638345126127323
706 118.67913911185286 31.99707260751082
707 118.954883862119 32.314018633211894
708 119.0975219444718 31.59800979135086
709 118.70822693347601 31.78768797036512
710 118.62769428739598 32.337493344627354
711 118.89827106883877 32.11741192287363
712 119.08204132879833 32.261139658587894
713 118.76427083258879 32.3219224171957
714 119.0894018150811 31.78679904933537
715 119.194699460749 32.20338840726169
716 118.96814361852915 31.814508859181863
717 119.12269992587036 32.340743821912355
718 118.5621942744809 32.363749695081104
719 118.77983242433979 31.726442670710348
720 119.11583313581392 32.27063515144013
721 119.01231384323948 31.65497302718504
722 118.5733933909166 32.08519967821115
723 118.67279609982016 31.980133435335393
724 118.72147816616676 32.06452274571336
725 118.96029536220918 32.19808264961481
726 119.01461006062614 32.30357347677362
727 118.8374900284306 31.990386362855627
728 118.51688533858709 31.65097511109712
729 119.13661949395443 32.34175320963865
730 119.15500987410243 31.642502052964605
731 118.73508486944763 32.240477512187795
732 119.06571381191802 31.71839283003263
733 118.86238807480656 32.33386142491665
734 118.83466986142517 32.090865186281654
735 119.16158145509624 31.849794740146223
736 118.5066982759357 32.28859668071228
737 118.79215990238222 31.73138755472026
738 118.65000546587062 31.774133468979446
739 118.82576008183928 31.84525742654892
740 118.80536814091525 31.922519969039044
741 118.6246109712475 31.790924710790147
742 118.90360092925216 32.32239551655976
743 118.77100472996328 31.967191577574987
744 119.13650364686069 32.35612100314549
745 119.14377217923536 31.822605407637713
746 118.77121505985134 31.973513692515866
747 119.03236421789151 32.25708965251402
748 118.9363089437095 32.38934310811243
749 118.76320002077942 31.968409257813605
750 118.6864552718512 31.986275157728787
751 119.14577456082678 32.36136897629024
752 118.64819774665396 31.94547172284176
753 119.03867621797274 31.949192420748933
754 119.03840750126659 32.382655778388546
755 118.63527060549704 31.99743510911067
756 118.76657714737773 31.69259292405668
757 118.7956173895235 32.35474530369077
758 118.85548365425419 31.991065363127017
759 118.92301097744038 31.88033782019707
760 118.75921040032378 32.323386256597516
761 118.93079520266497 31.607949154640366
762 118.80382723952322 32.35302917126104
763 119.16915337917385 31.67195092975015
764 118.96599404967597 31.657051212944744
765 118.87225205268327 32.331782212427484
766 118.90540270884378 31.969594125794607
767 118.58354656492043 31.734103699505877
768 118.69017417876863 32.385916320983824
769 118.9856593830145 31.85770338152547
770 119.21003998625649 32.346462962245
771 118.72544216002669 31.968201619152193
772 119.20516487495368 31.91422517042049
773 118.75156130596257 32.05798602230648
774 118.8137353651979 32.32896379275832
775 119.17916114083934 32.380699861408814
776 119.07096958014161 32.14640423105401
777 118.8775214991025 31.909608220872812
778 119.18023628517159 32.261999815986485
779 119.20398391750928 32.33383545250766
780 118.60403937913715 32.05000985580167
781 119.04014666282276 32.1750953925609
782 118.68751942766174 32.30371784788867
783 118.71594493893639 32.151217444873694
784 118.80320625223656 32.09864735463202
785 118.82821316769018 31.902262923900462
786 118.5957839255722 32.08346236611231
787 119.02330590778938 31.77788713506101
788 118.50582330328797 31.711811405000347
789 119.18856952525105 31.807149708610993
790 118.67978555278793 31.96009244120056
791 118.9896934142475 31.86864986575361
792 118.87022101407285 32.17133585897647
793 119.09089082849354 31.910625829707975
794 118.63652966332235 31.977747896350365
795 118.52888173473286 31.8192463599544
796 118.62494134445105 31.65091474138754
797 118.97262008903064 32.16670325087591
798 119.06483030033844 31.774302108245116
799 118.60798786750011 31.983401783848468
800 118.91305247844548 32.08365444655698
801 118.51891146094118 32.14104861673481
802 119.06961308869082 31.93907863654378
803 118.56801620149527 31.81016398824441
804 118.61628791745828 32.31541577574141
805 118.9481218040073 32.12434259477413
806 118.82608791456894 31.808873599158623
807 118.70467166812752 32.227231626822956
808 119.16107944369317 32.03229362192635
809 118.87174516345782 31.950672605811594
810 118.61800782191949 31.694839725595145
811 118.78726594883706 31.778744312875567
812 119.00803828235975 31.70078502628731
813 118.83017765388297 32.14384665950435
814 118.58211181497815 32.17699840388444
815 118.60822879054975 31.971220927875493
816 118.6729088595103 31.637962829028073
817 118.87852763764656 31.735605704721046
818 118.94112702300663 32.34781857648411
819 118.83881265484746 32.3090115660842
820 118.64665234177721 31.90864082816547
821 118.74768266500672 31.700242942991462
822 119.12325883525043 31.955569230404443
823 118.6705833083135 31.938968147911492
824 118.97196863388703 31.61221941879826
825 118.76430507093856 32.1774023133431
826 119.19353621607557 32.128394471785846
827 118.49742680956726 32.045240534714694
828 118.70604299482098 32.23890069902489
829 119.04642081689795 32.259451574184816
830 118.528351986017 31.759990010564273
831 118.77521872719136 31.66847577861822
832 119.17461821250943 31.89950122676596
833 118.97481253129075 32.286340444639045
834 118.58705396009235 32.213627677723466
835 118.56643676569163 31.795128051860182
836 119.1668897524598 32.21070614420108
837 119.13382738811241 32.06183021802506
838 118.63758100758396 31.822255763805074
839 119.11808433257957 32.165901488100616
840 119.01444825576364 31.836984692647196
841 118.77813205637884 31.861598379452698
842 118.6620708245223 31.77348486060261
843 118.59898565812291 32.05556429430037
844 118.6501111429957 31.9680311402796
845 118.84234552948168 32.08620809276046
846 118.53515685716997 31.628626093846087
847 118.93119661761263 31.927842859304796
848 118.9163972191601 31.631982702502643
849 118.94408326220204 31.857269245032114
850 119.07389891279853 31.673056408063438
851 118.5473106124967 32.03761371229285
852 119.1844959796458 32.338779772969644
853 118.82520104255345 32.28242263492956
854 118.83963369425112 31.995310083885443
855 118.60670400405749 31.889467970105056
856 118.96178024630152 31.619982121879676
857 119.12185736813761 32.129249353296395
858 118.55786196019228 31.838919789838005
859 118.71709621159604 31.934578144633992
860 119.0518466052446 32.09788652526187
861 118.5219881317457 31.743172644070746
862 118.90290909109356 32.03378581539973
863 118.66518165811864 31.977871387878047
864 118.86638033453774 31.911284470240602
865 118.60673087454376 32.27722401368806
866 118.74216814428475 32.198669734145675
867 118.73736505875854 31.707059328238774
868 118.77175548893422 32.32346484467005
869 119.16458080682548 31.59522187897876
870 118.59313229092585 31.78874548041569
871 118.67665153515586 31.710529769672434
872 118.97043299287613 31.87345249779993
873 118.74737469949882 31.689166400848958
874 119.14803301520575 31.828547855788788
875 118.75023639290569 31.90412113634797
876 119.16618053332735 31.979632485786265
877 118.61545706417658 31.827942310350533
878 118.8154241953638 31.654643738210403
879 118.86230631067527 32.007667528774306
880 118.91204382615754 32.08640440085942
881 118.7745083345265 32.114234352412765
882 118.8658371720891 31.606560443308023
883 118.66608882874625 31.685354508506467
884 118.66871189639998 32.14094167744296
885 118.56822019139268 31.713107723285688
886 118.87443328624495 31.6776577702216
887 118.84210326505519 31.952439555697815
888 119.19881263274864 31.901843995688523
889 119.0542444756795 32.127285143962666
890 118.99042318159843 31.61917997381026
891 118.70608310318217 31.796118783976652
892 118.67036428614577 31.81240696421843
893 118.9833014736211 31.86884838705972
894 118.6459336040373 31.607329819839013
895 118.53571373237114 32.03335704061959
896 118.70829638863451 31.59813027902614
897 118.87936230298978 31.844581006300086
898 118.63192211504303 32.32650004447518
899 118.57486067490923 31.72458273899252
900 119.12115834915079 32.124548158657966
901 118.84184748863531 31.991968048727482
902 118.50945109385364 32.33512714925112
903 118.66848894470859 31.950076008663473
904 118.5442855464507 31.747395656730248
905 118.67604711885565 32.40185839376421
906 118.7978614610979 32.173136590061176
907 118.59037365760356 31.69973417629288
908 119.1425126427563 32.021975871877544
909 118.84882641821709 31.858554032881795
910 119.09203361178204 32.30116037435939
911 119.07429491784002 31.73418049883489
912 118.58948686385227 32.11498347500489
913 118.5467645453128 32.35915548952678
914 118.89574358448733 32.34464885691567
915 118.5174728686492 32.329311523354605
916 119.06025359692363 32.129564288776464
917 118.71903967531797 31.857694803407174
918 119.01335960276516 31.656304522806057
919 118.62808157575373 31.738561789419613
920 118.71379247473982 32.31603924578618
921 118.9428293180866 32.17239893712078
922 118.65289430836553 31.66949288911859
923 118.65292937426348 32.38064609108716
924 118.74633246637067 32.001447238113535
925 118.51821773313048 31.751241393313858
926 118.9797107566566 31.980570808990795
927 118.58083121381378 31.92634545984386
928 118.65530588630872 31.785440290401233
929 118.54714739550646 32.09697500786351
930 118.81675669464205 32.01514216696898
931 118.68579934156796 31.806501287765517
932 118.8603886451145 32.22104645350531
933 118.95809730658527 32.03486092232725
934 118.6506375209978 31.877141175830335
935 118.73937991207345 31.72793122179574
936 118.89347216082685 32.004929692658536
937 118.68135324329768 31.71419425364715
938 119.12480710094317 32.31449435787601
939 118.53213030286001 32.01489791234529
940 118.5964580065369 32.33482745788649
941 118.70828109017512 31.860167714944364
942 118.9472937954156 31.956299908029695
943 118.55842781968217 32.02564512729383
944 119.13587365195313 32.30472972975565
945 119.12980572479206 31.699612857950424
946 118.96540532949564 31.912737479973856
947 118.7598043187628 31.6723261363697
948 118.68301754515127 32.34537971200979
949 118.73111784578708 32.26438576187136
950 119.12702357157758 31.921662620955573
951 118.86268890050903 32.128822862267995
952 119.15373457235083 32.04522981603482
953 118.8358977584333 32.08033700716206
954 118.65151756462711 32.2518999168939
955 118.57519078433158 32.372300635070026
956 118.97759690705077 31.66244721418991
957 118.70248545404101 32.06163570725273
958 118.95304635288527 32.32857571685893
959 119.15728220912426 31.931264013449624
960 118.51909620434436 31.79217688964634
961 118.56676672797562 31.6974836206688
962 118.72519464704644 32.103682724284866
963 118.7229048074115 31.76640008456804
964 118.77180840591903 31.89892941052872
965 118.81727114101062 31.911610019606258
966 118.79678941801254 32.09374827987937
967 118.55609112920918 32.3620464626926
968 118.72386674146601 32.39534683665047
969 118.59418485292079 31.833808092421506
970 118.63121728202793 31.81702493773924
971 118.9065377523385 32.188118583669535
972 118.52999094375694 32.159159056494744
973 118.69047397405474 31.825902651366764
974 118.92822332583535 32.35226537879326
975 118.696889095332 32.24055088886308
976 118.84630560972074 31.75644386349802
977 118.81404381249307 32.00684832199862
978 118.93882715236822 31.666212162325227
979 119.08548492887513 32.03444906228714
980 118.69633411677448 32.048894809898144
981 119.13921109878923 31.760755069365228
982 118.96031536224167 31.669615951209874
983 118.78394334206895 31.729303264970902
984 119.07653175764366 32.00783706848507
985 118.79302089854137 31.648859052432854
986 118.97459572933965 31.750333671322327
987 119.12558983995562 31.73928426779504
988 118.70063315969068 31.92805168489008
989 118.83561083694836 32.0238517746799
990 118.76835733083746 31.87417538524384
991 118.57988737385968 32.10047660378524
992 118.57078773398835 32.330137825438506
993 118.56210409499877 31.78501308389769
994 119.11205959584734 32.382831225926296
995 119.12850458323967 31.855116080061418
996 118.74096490644096 32.09908836295044
997 119.1181995143422 31.894019571775036
998 119.16253449072038 32.14532476819539
999 119.0391830517677 32.286848978163235
1000 118.65628458603462 32.24146722548866
