1 118.943061600362 31.93898913592025
2 118.89124961292761 31.611638075004574
3 118.61400572372897 32.036051833620085
4 119.07635951257957 31.971786678674672
5 119.17423214567211 31.94847263545106
6 118.95155730522833 31.8700033491217
7 118.90257466457822 31.75061353172183
8 118.60155153414081 32.07147986797297
9 118.69419990278661 31.8305613378023
10 118.75828767386845 31.801208327581598
11 118.62822707955964 32.0976225613734
12 119.19522486214994 32.0193275606928
13 119.14159271049097 31.71493079067173
14 118.76403545474342 31.99427967747025
15 118.6054921197497 31.741856123814454
16 118.77784777471474 32.22977818706928
17 118.61813039541448 32.297933343865985
18 118.87962118237965 31.981047833483952
19 118.64428092408892 32.289328460784965
20 118.55387178731402 31.660780704371053
21 118.9271761365369 31.997675818069943
22 118.7504297342422 31.660579719604858
23 118.98607325224717 31.94549392914348
24 118.86840203129532 31.672334793817367
25 118.94715572585874 31.699622121736915
26 118.72702612762977 32.08421547471419
27 118.89841649793793 31.7783091362967
28 118.83328066032907 31.679058765097803
29 118.91537070259582 31.77194240952354
30 118.51808505304389 31.875133858532664
31 119.1746115448038 31.967606800615812
32 118.67498594612026 31.755498622987062
33 118.56136946571878 32.09472662961288
34 118.69897975818387 31.990807867024014
35 118.99162496791145 32.01608576229564
36 119.15063160036057 31.90632562877327
37 119.09506224233039 32.223466147086306
38 118.71520961856659 32.065724525722736
39 119.09466321917455 31.714152504550736
40 118.54832368302198 32.15711658852008
41 118.55969398054448 32.374247584390346
42 118.63556999803549 32.003314979987074
43 119.05338092804216 32.3055495918585
44 119.01401924474239 31.866479182761836
45 118.58008479406347 32.04609255652363
46 118.99483130320861 31.947140474973093
47 119.03915428880711 31.945675492539152
48 118.60418410993422 32.23401849482444
49 118.9531308799824 32.01910375989048
50 118.78563689263544 32.354086409989506
51 118.54624769749059 32.03582283906455
52 118.86021163469123 31.672331135085418
53 118.84039280041225 31.893783870505697
54 119.1182273066265 32.27115518480821
55 118.9233343974224 31.93137537607166
56 119.10284585726616 31.62572524933792
57 118.82705097814228 31.80870802038401
58 119.00662947096365 31.64151872566403
59 119.17453786434017 32.37688713166812
60 118.5087233438881 32.37842740417006
61 118.79387636295174 32.22590953526168
62 118.8089217029424 32.09240914729694
63 119.047467733826 32.21601087851406
64 118.5076614380747 31.730150492531855
65 118.89238976786295 31.822147440961235
66 118.67839713993226 32.003878192604766
67 118.81454310848419 31.884579633542845
68 118.98136112197196 31.64618632297573
69 118.93592596501317 32.369387886362134
70 118.66064636035628 31.975902679852517
71 118.64262728550777 32.01793329365814
72 119.09011623289291 31.86494427714022
73 118.85044569787345 31.812109536808187
74 119.16921005026003 31.90305356320299
75 118.9556637210694 32.271325851003475
76 118.65649622478352 32.217292288876386
77 118.61120224702888 31.884939001113864
78 118.72085953047522 31.610790139549543
79 119.02628332279043 32.237638062226246
80 118.82711716237455 31.798004817586488
81 118.9048878572489 32.06160309084429
82 118.92082787641172 31.606246263742992
83 118.63904231221487 32.11757853327672
84 118.72403986424636 31.916642685781667
85 118.70993649662316 31.990039688424055
86 119.14410296335126 31.92940230031659
87 118.52462658220388 31.870003959155937
88 119.17534507717808 32.03237819781561
89 118.61853765374495 32.383656143955484
90 118.86732270282324 31.705157753061982
91 118.69653894744141 31.874988887901775
92 118.70895771894716 31.623860148974575
93 119.04224368873489 32.191776435991684
94 118.99295430512315 32.12738089944227
95 119.04278534114452 31.77419986976581
96 118.62281086246139 31.925010795093616
97 118.6416661364575 32.137273197661
98 119.02519404568245 32.128881739386486
99 118.57934676245736 31.74835891357351
100 119.10564984205106 32.307793104138476
101 119.12636665630808 32.22665524948782
102 118.84157298250973 31.68671619622817
103 118.98660232980806 32.30083971749709
104 118.7346159706173 32.19325235258545
105 118.96006115952135 32.24179438547934
106 118.52854361349637 32.026383172918955
107 118.6734821485496 31.788147243517795
108 118.79877979021188 32.34663289148046
109 118.86790368486305 32.0730067718015
110 119.19925270650931 31.866746797410528
111 119.20081564226626 31.82190787971552
112 118.59393111695202 32.31902563967788
113 118.69566021003423 31.954410407317386
114 118.55309701714177 32.03862025396255
115 118.73090804141083 32.09897701597699
116 119.146637931893 32.26873120025928
117 118.89597073345352 32.092812078065144
118 118.53633585082297 31.74646418496887
119 118.8640416933708 32.07504546886931
120 119.1514055710843 31.997905347416353
121 119.18741861318868 32.05611564687922
122 119.14051668323691 32.16162173169425
123 119.04138800728454 31.793031576582504
124 118.66435200016498 31.754129478504588
125 119.12396195534687 31.69577451369724
126 118.72214189350925 31.827874320029128
127 119.12293703270339 31.606593720396862
128 118.52769410228623 32.08261198575116
129 118.53927557097795 31.843740817944326
130 119.06187132391115 31.757036761460515
131 118.55386584534355 31.670687386319933
132 118.79826097457942 31.820688927125175
133 118.73452224939119 31.760124800514028
134 118.67780774089461 31.83258225479439
135 118.74532335752126 31.962245728805016
136 118.83580627964984 32.03952881476775
137 119.10668425819703 32.273661204238394
138 118.9393358732956 32.39094309934379
139 119.12564440625457 31.64196707893433
140 119.09970471667957 31.794143635375967
141 118.5912950118882 32.101952346831915
142 118.77545745805183 31.749670542325195
143 118.86605607509632 32.29844195680268
144 118.68209909174645 31.770774662169725
145 118.88867301115404 32.17746435617292
146 119.18605784468063 32.119509791482244
147 118.64213068227546 32.2267153890176
148 119.05265688331562 31.635247141145765
149 119.20242482479212 31.783894140845337
150 118.68027977627119 32.16376750489056
151 119.11267648511641 31.683624141305923
152 118.61784311420753 31.622193732637207
153 119.15336590181747 31.884144468110925
154 118.69823196560164 32.07757565382251
155 118.69155686875818 31.622510298741744
156 119.13489345581826 31.66215096088028
157 118.69126262555028 31.630283595278154
158 118.63709967377257 31.92246917062969
159 118.72486517838641 32.14808861081723
160 118.98520277760045 31.765755092977017
161 118.51293861797063 32.290820325334536
162 118.61677723169848 31.961965811024687
163 118.57886230993708 32.09364000373641
164 118.85608737025484 31.82421082008536
165 118.53329047334398 32.10438346668497
166 119.15214514348254 32.386134188867054
167 118.83190388895481 31.962938709168302
168 118.91867563431957 31.781302288035036
169 118.66433655676809 31.939005466691626
170 118.9903912791163 31.94675222234621
171 118.50367555291886 32.02325526052212
172 118.55711246618601 32.00792744151351
173 119.13407243239654 31.629441214382
174 118.6266708971153 31.72244796407963
175 118.83866034893268 31.95003959963071
176 118.87988180695943 32.16068252702319
177 118.6238575175665 32.22566154309597
178 118.90792530689538 32.21140169565563
179 118.68267918372617 32.01774728273957
180 118.96099936183448 32.36441392259839
181 118.6962267405342 31.8533365775138
182 118.79761307316255 31.975168334049293
183 118.83294205364002 32.221319430351144
184 118.51377466583189 32.26878541916559
185 118.57995224568462 31.91320414157396
186 118.54134810407498 32.291615965885164
187 118.79943743441041 31.975834567661998
188 118.87497617124504 32.17311141173689
189 119.1835856790211 31.611285815503887
190 118.74825015953044 31.60067625320175
191 118.62573549199617 32.336403089108245
192 119.17120762337956 31.691676146913252
193 118.87419794890985 32.14071430847048
194 119.16544829768497 31.823060155132215
195 118.74029633194412 31.76190444630204
196 118.55794301777755 31.900752738827265
197 118.82498622063122 32.34431230159144
198 119.19966477524038 32.059969894169704
199 118.54003670323925 32.33816265461995
200 118.84033078516394 32.16137067221113
201 119.08381619525409 31.986305274505874
202 118.6437095221219 31.98930188278573
203 119.05591999870357 31.780609819230733
204 118.54448166819373 31.599536368752005
205 118.73139386074648 31.93173558653271
206 118.62524436935699 32.03551476409301
207 119.17619880040347 32.29713630823898
208 118.92686040984012 32.12992353366969
209 118.70495459790766 32.27417928568898
210 119.14467058657821 32.33346235868361
211 118.90012350202636 32.34712255252651
212 118.76202221651627 32.2552675557049
213 118.98668426265492 31.701678763161045
214 118.95795632156265 31.88226081509979
215 119.18318682168432 31.749360078397753
216 118.52666512350572 32.298948806449026
217 119.11072297102783 32.22666153002501
218 118.97123037621678 31.884338024564055
219 118.6091955331854 32.04346531000464
220 118.76309735267581 32.25104915945873
221 118.52194420996811 32.28526294786232
222 119.09993832342634 31.768753576138586
223 118.57718939619348 32.18846311090593
224 118.6495044049507 32.24336097416864
225 118.9916156911263 31.64399207119817
226 119.03352633302983 31.682658825343406
227 118.68324528595117 31.92915265853852
228 118.6164797351992 31.76754005492605
229 118.52244476416485 32.30838653166434
230 118.54136200141997 32.17615666204063
231 119.11800279486108 32.17327840413586
232 118.63818917599293 32.23048628418627
233 118.77722713509876 31.867341853851027
234 119.05014165115603 31.796016800060876
235 119.18441457759963 32.08752373491282
236 119.116353836318 31.922605063772217
237 119.12416534117065 32.33651448408929
238 119.0748912021795 32.13113518645867
239 118.73697508067903 31.89794781051999
240 118.95161902125808 32.27798433898636
241 119.00477486061274 31.918657571285372
242 118.7957212941645 31.737753146397168
243 118.92925399243595 32.218259895241296
244 119.17104013151005 31.98534657934617
245 118.71676178094603 31.806437105491764
246 119.14599377252651 32.16467447407144
247 119.19091902972514 32.38992354010149
248 118.90740405561391 31.796417856630846
249 119.13442315059866 32.23122474916312
250 119.00776440061858 32.211837752422824
251 118.99271127218752 31.683164528531744
252 118.58009226340646 32.26273892266603
253 119.01505240001342 31.972993623201184
254 118.61441634299186 31.6955851095488
255 119.03165727110797 32.03196970103593
256 118.52917309753936 31.858391203634884
257 119.11502349566443 31.72968521969038
258 118.63449123287724 31.662147827679213
259 119.09168555116383 31.74687915818126
260 119.12229104547961 31.950313629297735
261 118.57693266333857 32.11175054966853
262 118.57111656341523 31.676614150011147
263 119.16469962939458 32.16563052429801
264 119.18425703247208 31.674856863553902
265 118.55091799549356 31.75099405330354
266 118.92526923856936 32.17903736135237
267 118.76111686649028 32.293012837706435
268 118.5416776819239 32.37260364057008
269 119.09657081789051 32.13214316806897
270 118.97357128096456 31.97668851763968
271 118.55360312934089 31.682753854626664
272 118.81806939508473 32.048419469575315
273 118.78487997683648 31.72747869756429
274 119.19531226291444 32.01370870703145
275 119.19280536101071 32.08893102100171
276 118.66600453525196 32.27557592864168
277 119.02645270765875 31.853843330983832
278 118.95292847471435 32.3920621165835
279 118.8121659523879 32.3718506754891
280 118.88956571373343 32.27060380591889
281 118.77490567461868 32.16526732227225
282 118.54417380290975 32.17915464429273
283 119.03706295590295 32.31607849436632
284 119.06223039939911 32.35944745642646
285 119.1553201744559 32.27836720395153
286 118.86292763240611 32.117598023603136
287 118.54360359986379 31.678172117005186
288 119.16123677970204 32.105401524923586
289 118.68402098269021 31.875479951246298
290 118.58660749483187 31.717321352370465
291 118.58769522780571 32.30931713749109
292 118.92132921856475 32.266751245927765
293 118.76344534411959 32.00896245271872
294 118.97768405859347 31.97794404397005
295 118.54645009321791 31.99442934467077
296 118.51838506764486 31.80742502691909
297 119.16972350425765 31.916650677644476
298 118.55738363115388 31.95295421420503
299 118.72957187423435 31.59854429660851
300 118.51029097092014 32.308918641404354
301 119.13459975274984 31.640228925912993
302 119.09819117590186 31.907367378441172
303 118.90388020860802 31.69310493965742
304 118.60033345781895 31.76565364984101
305 119.06282719864271 32.35401400528475
306 118.54114291688917 31.890635175874337
307 118.8198988640265 32.167096201988855
308 118.72380002978392 31.6930853445837
309 119.20396055505901 31.78937539937622
310 119.17977053350026 32.2992343802014
311 119.07932232464404 32.31631644503109
312 118.81298538960874 31.804720105598484
313 118.84749810553679 32.36829505511981
314 118.88807103758795 32.140954165809575
315 118.89139451242134 32.004260859977755
316 118.61542837962558 31.88288477158839
317 118.66440760493406 31.886363275743186
318 119.00204572582653 32.357698069431784
319 119.09127382585551 32.16583809365243
320 119.16658975267528 32.012854012732575
321 119.02855876438217 31.628384462623846
322 118.90167747846688 31.800096078979443
323 118.55915953565757 32.346934075579505
324 118.56054698806273 32.03043500304539
325 118.62082900292138 31.882853496367932
326 118.98839168426431 31.624184561380325
327 118.7051274276087 31.80882662918649
328 118.78910339502255 31.801289254169514
329 118.61260667403353 31.737056176277786
330 118.65723086066129 31.883094936525854
331 118.77559606693609 31.75133589321479
332 118.94759907750245 31.663697699176364
333 119.1988927803064 31.688181294538794
334 118.59155584795856 31.98966243796363
335 118.71817664408479 31.654199045741645
336 119.18271571923582 32.33863071055516
337 119.11190413908373 31.76192029299567
338 119.1732974195686 31.991689114945512
339 118.86284306454628 31.927152617193727
340 118.65263610652823 31.840100450156022
341 118.64870364592726 31.856146672162225
342 119.06953290083383 31.787843987298086
343 119.16641661432223 31.8174074080518
344 118.93097810759491 31.69655473356302
345 118.9700710089006 32.157402876223436
346 119.13051775681832 32.093991555962276
347 118.67942459407506 31.84341065156413
348 118.9140393032428 32.31362440667515
349 118.89556487788542 31.904317747711893
350 119.14507481705967 32.09290149256969
351 118.73586597806954 31.997646850729694
352 118.59864089598742 31.862947638408478
353 118.5800617419256 32.32932762978949
354 118.69264013800198 32.28588860507725
355 118.5543877272587 32.26789428816651
356 118.72618843998036 32.37447730636051
357 118.8911250903033 31.60770955415346
358 118.79794001790783 31.99032959569747
359 118.9394780373906 32.357146516388156
360 118.8598388355294 31.70062045302276
361 119.02362900880992 31.80681974657299
362 118.82363301679992 31.995069166897736
363 119.04464390456945 32.11576791791219
364 118.81325256600852 31.870764566885434
365 119.00504633513937 31.838838610780126
366 119.02283875319043 32.228151901628394
367 119.09788486349252 31.60990375702931
368 118.61271148550139 32.235784337415936
369 119.00987954343748 31.936588903564136
370 118.48874248609825 32.10748885742718
371 118.77802447759417 32.158677296737196
372 118.89984863328878 31.685349465835138
373 118.51712415444186 32.333565116050515
374 118.53381792179995 32.250176309676625
375 118.6554571386449 31.886196981706117
376 118.76807466135374 31.74588864902416
377 118.99410932911509 31.652013068759555
378 118.63236428255257 31.843457600967387
379 118.78474814886562 32.18361508934893
380 119.12891339974381 32.279605275449256
381 118.74116359595341 31.856385454482666
382 119.03946441839604 31.783389152638655
383 118.91755089558809 31.858129214749212
384 118.53950845655415 32.37440867364709
385 119.17550828827493 31.679059701404448
386 118.57598156579364 31.74407601122354
387 118.75009981683397 32.15203439640938
388 119.17989513443828 31.71599297432009
389 118.6736173629935 31.801276283186013
390 119.14754237892147 32.25417427779857
391 118.96913862869086 31.837628483511015
392 118.63311112450964 32.08031992115417
393 118.59960036324969 32.04305917214255
394 119.17630166863587 31.818776997475215
395 118.8213161059232 31.80309637114132
396 119.02783405555027 31.81137078012742
397 118.60415511229508 32.301789944401236
398 118.85412284150097 31.60672720528972
399 118.57108060608391 31.682795275401407
400 118.83499765037472 31.879731611242754
401 118.49596338442662 31.77462302260987
402 118.5209126339401 32.04895716687479
403 119.1276598364078 32.02771013907529
404 119.11149842544314 31.9948325352578
405 119.03130176998272 31.841415466450478
406 118.85309321671993 32.01286881472031
407 118.62595466249702 32.217711318943294
408 119.0012271830421 32.24081404286341
409 118.65728432696653 32.03532743438264
410 118.530696909354 32.24048067580995
411 118.71602314981898 31.655761028463345
412 118.90329151706631 31.730809891053227
413 118.89830458215391 32.19203177758531
414 119.0807545074048 31.910952219862267
415 118.76862012371157 31.85245700854992
416 118.60968673703648 32.06418370703175
417 118.53232881879858 31.911358339905195
418 118.64075134292501 32.32980047764797
419 119.1588019121527 31.912723077031423
420 118.51572421969432 32.26511388508877
421 118.93543737842981 32.07897471237849
422 118.81301009287417 32.326214092292204
423 118.63497254814088 31.988273246064804
424 119.00415171493516 32.369427946796414
425 118.90417536945431 32.058126550159706
426 118.55226071058847 31.63727573257161
427 118.97289256821841 32.182913251041846
428 118.54940807836527 32.30311297943748
429 118.65186505354507 31.675501307044794
430 118.89300316707217 32.36233195255858
431 119.01621156392204 32.056012731891606
432 118.88918606514102 32.20010997222672
433 119.12751312608411 31.76474085471074
434 118.98033839390101 32.33732909480796
435 119.1783844023525 32.12063166835971
436 118.69199469075268 32.034838648263495
437 119.18421430625823 32.37567655358432
438 118.65644468663724 32.046135678516265
439 118.62358201325517 32.01198917535276
440 118.62818586860428 31.640313786696286
441 118.57909471741299 32.04012060716387
442 118.94003785669622 32.197434605807054
443 118.49847183223596 31.888452475955695
444 119.07846078799538 32.14122007203616
445 118.93604576517227 32.04338341709739
446 118.69788568877702 31.771102160886922
447 119.1197388350487 32.04097033575454
448 119.09489179210246 31.986405948449814
449 118.93513656590845 31.86272322793354
450 118.55036488582505 32.13346467420511
451 119.18765722060343 31.66362120904118
452 118.92574652601905 31.884563712377663
453 119.13481287974695 31.951131930749575
454 118.60266722311957 32.392212981502404
455 118.5152970699336 32.16368120847909
456 118.71369407266862 32.10016985887994
457 119.05281868523178 31.728460950841153
458 119.07015341423543 31.95362709828774
459 119.1196235884851 31.891997187908938
460 118.73032926116448 32.35700816363939
461 119.06258811301097 31.95818402535109
462 118.5979929980879 32.27627570259161
463 118.87672304460773 32.12957027708849
464 118.54317371764928 32.28656216512515
465 119.00583681584752 31.60154162543508
466 118.74658686056686 32.35307690028065
467 118.57528046781994 32.36679384813541
468 118.95101914642127 31.718499857128155
469 118.78091215010765 31.64928852855135
470 118.71644159899705 31.861960750857126
471 118.74356832415626 32.05496659743681
472 119.04172599279036 32.020495385183416
473 118.78624909528139 31.954010288293667
474 119.11790038449857 32.32488605794831
475 118.6069556624689 32.047918814403374
476 118.78193507947122 32.33715111773269
477 119.11772364249205 32.04669406860428
478 118.91378319505893 31.74541967348019
479 118.99916349766362 32.38728454835749
480 119.08637493775475 32.39652812292897
481 118.86220023040146 31.953889389469595
482 118.6006227660293 32.19986753006822
483 118.71542710600794 32.11587902076721
484 118.6615977579281 31.737285242982423
485 118.62089039117252 32.06211679648417
486 118.91888500928765 32.107475336226464
487 118.64202556346478 32.0729166479875
488 119.0839551535811 32.02628156263102
489 118.821318778581 32.064026227807815
490 119.06180703698689 32.16949686453662
491 119.08752743055891 32.21870765228816
492 118.9810291302351 31.683775289312567
493 119.06316579014073 32.3332435400892
494 119.06516981820756 31.970596386080132
495 118.9139965267476 32.15735062660914
496 118.71990566300131 31.91021069782787
497 118.79653919635622 31.650365996044656
498 118.71885556012514 32.12849825299186
499 118.82908063207097 31.899298817398456
500 118.76770022140693 32.031897414987014
501 118.73537638706922 31.80441298819942
502 118.56871242554266 31.76042697998977
503 118.78339750961354 31.81607662475379
504 118.58616547167739 32.29883014036881
505 118.75025332796591 32.34713241994207
506 118.57963442465315 32.3632645765758
507 118.75472678239274 31.942467418815617
508 118.88335273174623 32.23630154983472
509 118.54155194482878 31.739622215049085
510 118.6628825639215 32.189644688058614
511 118.79017206342562 31.942901659125695
512 118.68351384041566 32.27325801056137
513 118.88884409779165 31.758008890309462
514 119.08108633557995 32.249233637620854
515 119.04680398865264 31.663079896596418
516 118.6708515636696 32.28986978099932
517 118.63891294954796 31.93689942923183
518 118.89483236620116 31.71198993275162
519 118.76919045595305 31.82529008629149
520 118.53112644615388 32.17697041757486
521 118.65687480826841 31.95688752388701
522 119.17550923695914 31.78808491936343
523 119.16115209967712 31.79960360409264
524 118.75467375870902 32.142845560006286
525 118.52740319710047 32.111846357664234
526 119.06182345686378 31.65454401086463
527 118.6888434197185 32.255313711255425
528 118.52389768581881 31.70328739953922
529 118.68132020409664 31.789469340560313
530 118.59300567085519 31.61332015253487
531 119.12373949526233 32.02670368691682
532 118.63045367031104 32.284978580412925
533 119.03210831181758 32.3377702580228
534 118.60182178782648 31.958448278174643
535 118.55712154200087 31.68998633633006
536 118.7704891611155 31.99314546107485
537 118.9305625137613 31.819391528015384
538 118.8749032976447 31.85112146752428
539 119.07406624850152 31.774434112143933
540 118.79244699722585 32.3588884682024
541 118.92669382245596 31.929281995914724
542 118.53450727173134 31.593289746109324
543 119.02653007984972 32.001830982850095
544 118.98358058268418 32.1560562897846
545 119.06257896902295 32.25524730182739
546 118.57368516651752 32.20027150692056
547 118.81319292112615 32.16374253278541
548 118.96585614212884 31.76154648103347
549 118.49551365867896 31.86417462779559
550 119.1006080198278 31.960231441259424
551 119.0657711751084 31.722759495249367
552 118.8664821990925 31.947545392169015
553 118.74184866290064 31.68148386316831
554 119.0055399553793 31.66970551637155
555 119.12372106429758 32.26414946842874
556 118.85286040700416 31.727987077469965
557 119.11937152105511 31.965653690186194
558 118.60791666170856 32.093521922563696
559 118.7252220901872 32.35216782323777
560 118.9943758639335 31.85321295048322
561 118.76149253730169 31.756770446990704
562 118.86214934115395 32.30048425032625
563 118.9587590337561 31.835123666406368
564 118.91227003453712 31.821375892687872
565 118.81681429948033 31.7175666758519
566 118.6110223498818 31.965513730044538
567 118.7773485656129 31.77559473154972
568 118.65704980496515 31.89118242663658
569 119.04558383641296 31.859220170409948
570 119.06121712199119 32.09779587501423
571 118.64917638557542 31.955265310853765
572 118.91257619743489 32.127693843561616
573 118.98459214269306 31.84193545464377
574 118.82215373229562 31.880990586362998
575 118.54947672413299 32.38291686758984
576 118.99447273918044 31.786502728788864
577 118.54524994576273 32.21101559559234
578 118.97064605735443 32.16253003913959
579 118.57985570411542 32.10471476930488
580 118.92783546905392 31.694327686286417
581 118.69400669352268 31.585588664579202
582 118.76686024596727 32.19216454007668
583 119.18758217716572 31.658221955726862
584 119.15886227665133 31.799559165976127
585 118.90065586810304 32.385480234120756
586 118.96157854109912 32.37319555429209
587 119.06441218449704 32.34844462388886
588 119.00978600102617 32.05510523159818
589 118.59026988268644 31.973077360108974
590 118.7976673315922 31.958789685656555
591 119.07680168120224 31.86868203923521
592 119.01396547277459 32.38022202269745
593 118.63421361865562 32.239720881157226
594 119.0960998557108 32.4104850179472
595 118.92460502203605 31.84474864900897
596 118.70710852747688 32.06905836764331
597 118.52651592911737 32.135453781422676
598 119.03024882834808 31.909734853936275
599 118.80377657885626 32.06194076173939
600 119.18118201321097 31.734435716724153
601 118.6731342576599 31.856136283786203
602 118.55642660617518 31.719568830945377
603 118.66489480757853 32.105079939558486
604 118.78567796469137 31.87462940980521
605 118.52581350020814 31.930436290761616
606 118.753562056131 31.89307057956692
607 118.66887313955047 31.652517483218187
608 119.18397107463805 32.32381182947559
609 118.62524233729751 32.18063727518315
610 119.10756886835065 31.85813074044139
611 118.59407920501475 32.3068473362975
612 118.90093580392359 32.148855813277336
613 118.96296199968967 32.38221938236568
614 118.8887261648014 31.994580510920077
615 119.17046899152348 31.688411267343394
616 118.80678200488553 31.682663324944603
617 118.94578207501712 32.1960177762438
618 119.10791804743685 32.05610983705639
619 118.67460308142634 31.76719239408078
620 118.86682202242812 32.02475292379254
621 119.1755892594358 32.02621198739681
622 119.03375232637055 32.302271159737636
623 118.9989275314898 31.63717621766615
624 118.77027612367509 31.685840766805807
625 119.10824961220952 31.951473614788846
626 119.07720947610125 31.703711682569583
627 118.8092243087163 32.38451945961022
628 118.89523466375084 31.762249458295052
629 118.97133350128463 32.09612439220742
630 119.03908114103653 31.94699311775042
631 118.81813625094684 32.23168157381737
632 118.74507193558343 31.631995560091465
633 118.60449614099471 31.851456013609752
634 119.01648677069717 31.98177395788853
635 119.03526183762706 31.692533453234663
636 118.62024023792573 32.100772816826
637 119.11007798817279 32.020915420306736
638 118.61062962181154 32.26463499102775
639 119.0758734735315 31.954059255651625
640 118.5963743022164 31.852855852399586
641 118.94433676764723 31.8378682327909
642 118.87538613137939 31.799449792877788
643 118.59991539999004 32.34508459098004
644 119.01536127543412 32.23596730393389
645 119.02505058493621 31.877074053459648
646 119.12324308420365 31.948802521915674
647 118.84219235124311 31.682071688336215
648 118.88692515477658 32.07743225054419
649 118.95514093901116 32.18340217390299
650 119.1208360243327 31.792845035898036
651 118.78195425726145 31.970402447835077
652 118.96103043911674 32.12985222126249
653 118.91806707332529 31.969400876922187
654 118.63117198345168 32.03196986163989
655 118.98408285445545 31.749696478054933
656 119.09055485860311 32.227157641944444
657 118.8219616725887 31.68066473186566
658 119.17737680423085 31.9838943405668
659 118.88739846576028 31.850027980221235
660 119.10977380545557 31.683799272762943
661 119.0330141161307 32.29244938755007
662 118.78038641514847 31.742317635134913
663 118.725097032137 31.97560442336571
664 118.76102168619086 32.09241255817326
665 118.74405092478271 31.82806547144166
666 118.52809388971357 31.989825167245584
667 118.51494096738794 32.01554483610505
668 118.78482818420683 31.945917858614276
669 118.6344062101655 31.888754977693118
670 119.09196744647133 31.79330749803623
671 119.17510962584745 32.34224363356869
672 118.70934119104105 31.994379496436828
673 119.02258557038459 32.15970320825175
674 118.75479685983964 32.017817924769716
675 119.10320809099895 31.843025836970806
676 118.81699052254889 31.994161920672997
677 119.1496458927387 32.260159204095274
678 118.97981112128643 32.29345441368344
679 118.58187701203717 32.343051228939586
680 118.59750243523685 31.7714876044866
681 118.79597136069394 31.873794116952244
682 118.90633780994364 31.68681081024536
683 118.86538577688299 32.39853733892599
684 119.11614300302972 32.108539951089725
685 118.50989766620691 32.168389235272
686 118.57781016871408 31.95800464917489
687 118.71255559925443 31.803592233118557
688 119.10278832072551 31.93181752878299
689 118.50459274180193 31.835560099724617
690 118.89090417151482 32.016851543649224
691 118.50004307889412 32.243676233590634
692 118.88704779477746 32.26084113856501
693 118.83432992343529 31.83986053127842
694 118.58236510690779 31.736208012381574
695 118.9087640333192 32.191733242390306
696 118.93038401949241 31.94029901015923
697 118.81902590104511 31.750168303312652
698 119.04967676172173 32.10910987656222
699 118.54944823993513 31.691192228447793
700 118.72700146865301 31.68260369270247
701 118.85017505537898 31.60287112593282
702 118.72839946668267 31.742216067448624
703 118.58983645762669 31.97803234757719
704 118.573664704568 31.73941662233666
705 119.04330171873595 31.64342015472063
706 118.6765094295501 31.990829143434315
707 118.95386713773885 32.317952058135845
708 119.10306948818318 31.598395133337537
709 118.70793564914648 31.78801518487553
710 118.62837378262962 32.33286216148593
711 118.90298571777717 32.123492171543944
712 119.08256276621736 32.260159972026884
713 118.7588169239456 32.32411719079126
714 119.08491053566183 31.785083016834633
715 119.19424151076673 32.20387018869378
716 118.97174302548055 31.813398792729544
717 119.12480412314993 32.34656395208783
718 118.57377636012295 32.36820302790646
719 118.78415534758395 31.72676429066437
720 119.11571540317776 32.26560269488578
721 119.01719168389799 31.658837425971353
722 118.56922316507116 32.081294605435325
723 118.66669031045389 31.97859457835852
724 118.72281869351377 32.06762347534965
725 118.95536241652114 32.205540510750794
726 119.01431499206409 32.30751716061331
727 118.84103040969197 31.991024952772616
728 118.51881085935547 31.65273794813622
729 119.13114326025851 32.333062528986694
730 119.15262762008416 31.64236657824228
731 118.73669491455735 32.23742868911643
732 119.06055306119575 31.711961202938237
733 118.86921236451738 32.329204832590136
734 118.83119265100308 32.08934617145479
735 119.15696090264923 31.850978482809715
736 118.50614692602164 32.28824023797213
737 118.79413424878173 31.732227143247577
738 118.65845144727707 31.77628653039853
739 118.83085638569483 31.852405008276907
740 118.82246927087827 31.933877315868273
741 118.62158498179964 31.780936147726894
742 118.90085715857046 32.32935573193411
743 118.77111724207138 31.961389751061706
744 119.13988598321505 32.357621291078246
745 119.14222702774882 31.810699616136397
746 118.77227299798432 31.96937256793978
747 119.03725396768343 32.25717460508638
748 118.94165126734171 32.38968465718002
749 118.76370156798536 31.971391173343783
750 118.68277766241874 31.987176313285605
751 119.1423887168253 32.36644677515656
752 118.64818775159654 31.94039307027774
753 119.04576599021665 31.948938891044467
754 119.03825662046565 32.375385404784836
755 118.64391154981745 31.992844058603527
756 118.76081815808527 31.693821209052086
757 118.7950723082573 32.35833704607487
758 118.84853921028368 32.0005184448632
759 118.9181569645214 31.883217822829202
760 118.74957841980334 32.331334991094685
761 118.92282972784913 31.605640740044297
762 118.80584970868874 32.35602007724647
763 119.169175830373 31.674069738642626
764 118.96433046607022 31.656084236576884
765 118.87398160137712 32.340514349289045
766 118.90881728643673 31.969560810164268
767 118.58460798295907 31.733527575792294
768 118.6845128302028 32.389221437841016
769 118.99014134135028 31.851467618669183
770 119.20643324448889 32.339941414949266
771 118.7218705175655 31.970966481122428
772 119.20359459503244 31.90456404988172
773 118.74973242373731 32.05236212732974
774 118.80728877717969 32.325682744637746
775 119.17762648748057 32.38864366410128
776 119.0717536503665 32.14657865746036
777 118.8743105301875 31.901792068896274
778 119.17977870781644 32.2665190048288
779 119.19695172427446 32.33526831825914
780 118.61009337769717 32.0456008704152
781 119.04344232040354 32.17541263665461
782 118.68459083355879 32.300455965173136
783 118.7145115292269 32.15030267946615
784 118.80774607825697 32.10409753759794
785 118.83532261300358 31.90494872924396
786 118.60398635216028 32.07605294426681
787 119.02585841347411 31.777637566154315
788 118.51176551372897 31.70882066823484
789 119.18257279374217 31.800009269700176
790 118.67483078737325 31.952772679352723
791 118.98488450982993 31.86558627761991
792 118.87094166519502 32.1682790546462
793 119.08992973616483 31.905855940340608
794 118.63959178494892 31.97926967453767
795 118.51937691436855 31.812010512641884
796 118.62347254999845 31.65849367896023
797 118.97660362438488 32.17275150525495
798 119.05847987835996 31.773871764867078
799 118.60305239214111 31.98001802575716
800 118.9066706139305 32.080683496056984
801 118.5266991648866 32.143443019568984
802 119.07189662867624 31.94970501023619
803 118.57235126271186 31.810258440574216
804 118.62739546883688 32.31601736505055
805 118.9437106199485 32.12527742981479
806 118.82587662614765 31.805150839192727
807 118.70138184701975 32.22158465971169
808 119.15890939036218 32.02713758098084
809 118.86546638359297 31.944472560081902
810 118.61555694280375 31.686022157399318
811 118.79328988176846 31.78410098812614
812 119.00381982908738 31.697563727792286
813 118.82924561277515 32.14310540872259
814 118.57504073760052 32.173662051786636
815 118.61326834436468 31.967784225100154
816 118.67692673511758 31.647259325470365
817 118.86583345965668 31.73968836202575
818 118.9488456765285 32.34815141885035
819 118.83549761602205 32.30554305735547
820 118.64082338905591 31.914328660240542
821 118.74734076964296 31.70185967331236
822 119.11823265091749 31.957401657859762
823 118.67481880352496 31.940286657595728
824 118.9699938959461 31.615516289282258
825 118.76431708782992 32.17189038786486
826 119.19143466774956 32.12233134939742
827 118.49438889907104 32.04158878546223
828 118.70430190574459 32.23928243435684
829 119.03958805348547 32.259130205402755
830 118.52796112606293 31.76656966202812
831 118.77130191415743 31.669350970321236
832 119.17392110110228 31.899036663418645
833 118.97100275074274 32.29284310554266
834 118.58449397529672 32.21376862993407
835 118.56378011137062 31.79525382029704
836 119.16681353130772 32.21444745787924
837 119.13887800490309 32.05639628560444
838 118.63640645267547 31.821175990980354
839 119.11573793304203 32.167709156345616
840 119.02026834174069 31.845511330951087
841 118.78302024221679 31.866729984631185
842 118.66337165750262 31.77070822255079
843 118.5960340950948 32.06145737908571
844 118.64432111454846 31.968719271984664
845 118.85354794701968 32.09404555575601
846 118.52912038377976 31.62296149323612
847 118.93500045374846 31.92601250975534
848 118.91090804793497 31.63396170853886
849 118.94646240520925 31.85547110039363
850 119.08153167119488 31.673849042188927
851 118.54705124526325 32.0309877054952
852 119.18277496205262 32.334789870040105
853 118.83132648265548 32.283795135830395
854 118.84304406312965 32.00028513169951
855 118.6077304643656 31.882651110071137
856 118.95795623074193 31.619139073256548
857 119.11354371110991 32.11897348865357
858 118.55607039683721 31.83481967242467
859 118.71584991481123 31.92869631401222
860 119.04621279108795 32.09703913344815
861 118.51954798189243 31.746569851053046
862 118.91271970182106 32.03144727262744
863 118.66499273308054 31.97807396991719
864 118.85991536566507 31.912764993460016
865 118.60931983834348 32.274676656109165
866 118.74691611811603 32.19284965091602
867 118.75368313031622 31.709042857697476
868 118.7788446092483 32.31343732497493
869 119.16848137326389 31.604421351025298
870 118.5914781733386 31.792004874155648
871 118.67627576969483 31.70888573466821
872 118.97399064491451 31.86956725191549
873 118.75136820592594 31.69723224865563
874 119.14097543069275 31.824667801201006
875 118.75191362400292 31.913695856347108
876 119.16367012634862 31.98002987846852
877 118.61546256971756 31.82000992092889
878 118.8149772456823 31.66002573536933
879 118.86961687993433 32.00672221822544
880 118.90638366125113 32.08205128789681
881 118.77565336049841 32.12091801837264
882 118.85963517154585 31.608389261847627
883 118.66761974196999 31.689388818830434
884 118.66997399049701 32.13082243318293
885 118.56170197770108 31.70789731635555
886 118.87438505020509 31.67521689916342
887 118.84336307473735 31.952185887553217
888 119.19874368454009 31.892582317252078
889 119.05613171251552 32.12729505421718
890 118.98994701204677 31.618161969987842
891 118.71029745907116 31.797250777462796
892 118.68036252813228 31.825427953914126
893 118.97942738704013 31.865751966799145
894 118.64566400440445 31.598966204952493
895 118.54160953208735 32.04187489148243
896 118.71402409542755 31.605821265101692
897 118.87696668194937 31.84909601871015
898 118.62745332626437 32.33120086576972
899 118.58128661131197 31.73427271527746
900 119.12383630552216 32.12235699347096
901 118.84297417245685 31.982291619900217
902 118.50879852940348 32.33544620861272
903 118.66837683524996 31.953488587015123
904 118.54612613645338 31.752176837409316
905 118.67933322158001 32.394190396913054
906 118.79898422138484 32.17439766694458
907 118.59388783515845 31.700978359602093
908 119.1390234821011 32.02174146793755
909 118.84233285787722 31.85922805670284
910 119.09517754378534 32.29640247674854
911 119.08395576776243 31.736781357778895
912 118.58771016823759 32.11535927991647
913 118.54504150452568 32.360350224397166
914 118.90111487420293 32.340239982112124
915 118.50970810241694 32.32611167332556
916 119.05887661421089 32.12977371029642
917 118.71733724681029 31.84460457577383
918 119.00455388320313 31.66242865855187
919 118.6322798412208 31.734733657488555
920 118.7196910476511 32.3123357100533
921 118.94205271254775 32.1620681058972
922 118.65020288999479 31.672849961419253
923 118.64870914341935 32.38654624134981
924 118.74888322517154 32.00008668213413
925 118.5080313131204 31.741499576650583
926 118.98420030477762 31.983908606845365
927 118.57898312866357 31.924555700376956
928 118.66084469690766 31.776789053225716
929 118.55353973697531 32.09697352402708
930 118.81422548645102 32.02127393967069
931 118.68366458197568 31.812061381259994
932 118.86051170695212 32.22473283146221
933 118.96132277479921 32.02937557611136
934 118.65161329904807 31.872395896034206
935 118.73400962550087 31.727004256153656
936 118.89228649882754 32.010136226257316
937 118.67282133970276 31.718922552357647
938 119.13311765655521 32.3162525218347
939 118.5321641066842 32.0104430750394
940 118.60053266638145 32.34094071556612
941 118.71486832851262 31.859225146589306
942 118.95335900802728 31.949501353247822
943 118.55847142453072 32.025022806519495
944 119.12869165812117 32.315476731689394
945 119.13179826614022 31.69705997106589
946 118.95985605076099 31.91187554327527
947 118.76426239149797 31.66706564505531
948 118.69501111563159 32.34462570410122
949 118.72912164759214 32.26025679828167
950 119.1230831276524 31.91258200372984
951 118.86459155938772 32.1301312468963
952 119.15055474864359 32.047217421717924
953 118.82835435090401 32.0810898568713
954 118.64588824308137 32.25564364282246
955 118.56807462371049 32.3710249187876
956 118.97526886937625 31.65974754830708
957 118.70801964882823 32.05778892827333
958 118.94927512959114 32.33273029455371
959 119.15205716843282 31.922323787797062
960 118.5157335540704 31.795386282284504
961 118.56219646169194 31.695400464347646
962 118.72896946938471 32.1018563608567
963 118.71888787555939 31.771092012640135
964 118.77227624118694 31.89941604020397
965 118.81510446846835 31.906214646147728
966 118.79120804708664 32.09090074732124
967 118.56727192501809 32.35869999492167
968 118.7250479683709 32.400921353068306
969 118.58911758372619 31.836106489586278
970 118.62819383466675 31.811914744035374
971 118.90875481627444 32.194624060184395
972 118.52710215883987 32.16281380047474
973 118.69674629654054 31.826797068518445
974 118.91659802845115 32.35809347418657
975 118.69296031408284 32.23932362434728
976 118.85607698550587 31.769367785761904
977 118.80649208263803 31.9994502342661
978 118.92987331784495 31.66349005177148
979 119.09177642312525 32.02773440974336
980 118.69839018701849 32.048869332255805
981 119.13946181839242 31.756964168111338
982 118.95891420257333 31.674309883016026
983 118.7829440328575 31.73602738757494
984 119.06759695663702 32.008717656113824
985 118.79103971661314 31.647000500041955
986 118.96969141956808 31.753562362905246
987 119.1198100464514 31.735330263181172
988 118.70175442749087 31.931318682414087
989 118.8337529448206 32.02058127928604
990 118.7698612675851 31.880103280182063
991 118.57847061681933 32.11071413142442
992 118.57178164024535 32.33495386168497
993 118.56843958254929 31.790568962248802
994 119.10842722676591 32.39390479588354
995 119.1285747144773 31.863543630554172
996 118.73799212721713 32.092621007638826
997 119.13173681537799 31.89214961137101
998 119.1673014906735 32.15119079792354
999 119.04256629420931 32.29266603289374
1000 118.65389751371383 32.242946791923174
