1 118.94666966460875 31.950765481958076
2 118.89998837508979 31.616246133256023
3 118.61194736342273 32.037110194658645
4 119.07480458719999 31.967113260674843
5 119.18002041594762 31.946837394059234
6 118.9582468315299 31.863546772837264
7 118.90570147760653 31.756621509296306
8 118.60869165636623 32.08176305186075
9 118.68755995725476 31.836310895172776
10 118.76268587939836 31.805162946051293
11 118.6357316462724 32.09276548591823
12 119.19599243197838 32.02490473080932
13 119.1418910782743 31.715319946645423
14 118.75785442237458 32.008518332202364
15 118.60020833657478 31.75007379467578
16 118.78215577209424 32.230837197910006
17 118.62194969354903 32.296481350732236
18 118.87361815200816 31.994927110336373
19 118.64277098676801 32.28815095399499
20 118.54581259729893 31.65640056935405
21 118.92987231371522 32.00222722897918
22 118.75487243996892 31.64852140486056
23 118.97517972227139 31.944931927366607
24 118.86770012915333 31.671421872644153
25 118.94184118815068 31.696420060425613
26 118.71999424696764 32.07754785832565
27 118.89731445679318 31.786615897512984
28 118.83691671415207 31.680378809594018
29 118.91487914037987 31.773446808211137
30 118.51117686220995 31.876242019882806
31 119.17303943232717 31.962332382087958
32 118.67313719889476 31.760500457437363
33 118.55815518438614 32.10381799372057
34 118.69702000752221 31.985371846253177
35 118.98630794716952 32.01348246261541
36 119.14457254276336 31.89743140420387
37 119.09742094317515 32.233248584501595
38 118.71864343184976 32.061726451662814
39 119.09081296210675 31.719792051161654
40 118.54818873860458 32.158335546094555
41 118.55571450127064 32.37117413129162
42 118.62387888936408 32.006293975168575
43 119.05306451390706 32.3027472404671
44 119.01633893332718 31.87844973508051
45 118.58427980202511 32.052843772738065
46 118.99392257915122 31.94150032056944
47 119.02970733894396 31.95102368935736
48 118.60434037109816 32.23458066672956
49 118.95582644386836 32.02435530600597
50 118.77254302464823 32.364398907373904
51 118.54069153500627 32.04142762696482
52 118.8647598338309 31.67539557363584
53 118.8347963571424 31.8908117969938
54 119.09837023157112 32.27069446550233
55 118.91009241674527 31.92801072304189
56 119.09840519177509 31.62637342444834
57 118.82690002212402 31.81164480723555
58 118.99665288710361 31.644703076728792
59 119.17686676729816 32.373514307715844
60 118.51277525948363 32.38074387522472
61 118.80213194143482 32.24152934933935
62 118.8020686043916 32.09213279321177
63 119.04292483504268 32.20453261975587
64 118.51140012508792 31.73575189886598
65 118.88967043961438 31.833376799193623
66 118.68031640800832 32.014685125945796
67 118.82824182294961 31.88846413815772
68 118.99123123572207 31.64206646305272
69 118.93282615483987 32.37352254019038
70 118.6598319430933 31.970214284010197
71 118.63996231027605 32.006188581812786
72 119.0889545995631 31.86795417156221
73 118.84640283644517 31.818335473971445
74 119.1720599214774 31.900931887844354
75 118.9550834810748 32.268403363555485
76 118.65992468424129 32.20394305044708
77 118.61079623882554 31.892134769871653
78 118.72405117370182 31.611634757356416
79 119.02934053249635 32.24112916632966
80 118.8268924936066 31.81043298790061
81 118.8973995413859 32.06832319742666
82 118.91000366248778 31.605235375233306
83 118.6325308635944 32.12596193692264
84 118.73605760399059 31.913289849662945
85 118.70791847851046 31.991835982112832
86 119.14640762431827 31.931155435735405
87 118.52090652563435 31.871363491033563
88 119.17484623422659 32.038626456869665
89 118.60531251159023 32.37995707868282
90 118.86937353536248 31.703241314685368
91 118.69355788759712 31.863481786996964
92 118.70954706202363 31.624788139411457
93 119.03594867629299 32.19974191931401
94 118.99446095272046 32.125817108532154
95 119.04356840310295 31.780652868731966
96 118.63057294466788 31.918399279044948
97 118.64260813265652 32.13153308908088
98 119.02318833334552 32.13076453617124
99 118.58692945688328 31.7347176222078
100 119.11451505916288 32.29935327158464
101 119.13787838886815 32.22776310895524
102 118.84724685662484 31.698737287358338
103 118.98151550484023 32.29990734138583
104 118.72831347651547 32.19423276972879
105 118.95362289480126 32.23453685661066
106 118.52891712265473 32.02844819191656
107 118.67233944259797 31.783452328731563
108 118.8027663883897 32.32879568984355
109 118.85330960967595 32.07768132045275
110 119.18626682773498 31.867592586289174
111 119.20663269575516 31.81772809499148
112 118.5873449633799 32.315586792935584
113 118.69849163991003 31.948037889815083
114 118.55319102529202 32.036503771606014
115 118.73205247908734 32.09971131910812
116 119.15977006027417 32.26124285934791
117 118.90671317924897 32.090122686640186
118 118.52892508193308 31.744869018327307
119 118.86778028761171 32.073660841898295
120 119.16005863717649 31.999779893651244
121 119.18767762297216 32.05009928106286
122 119.14495851141994 32.15903849154583
123 119.0360001037529 31.79181684774995
124 118.6730599431579 31.760821853156287
125 119.12089898407154 31.68779310707566
126 118.7144041897834 31.825351435947308
127 119.11622506387697 31.606489203348676
128 118.52248143377341 32.09610423663666
129 118.53992120168509 31.840301599926764
130 119.0615195576446 31.75991236840121
131 118.56097901916294 31.670292598260428
132 118.79268288723043 31.822055665164157
133 118.73844378425784 31.762472497700266
134 118.68286738331443 31.8400545661217
135 118.7513044990259 31.96543075267611
136 118.83887667381077 32.047418749056625
137 119.10012789332147 32.27756496478087
138 118.93468652553116 32.390719797567805
139 119.13284225284295 31.631353091430224
140 119.0946075148236 31.79507124376564
141 118.59355496771555 32.11361927393026
142 118.7842499167857 31.743035835788078
143 118.87599671948932 32.293125623119764
144 118.68035870264495 31.765846242855766
145 118.88431298400833 32.18895203459607
146 119.18153727580358 32.12102619723177
147 118.64423962863286 32.225963249172494
148 119.04159067550039 31.635837218490177
149 119.19885119810345 31.788113537345424
150 118.67909363219401 32.16936115066624
151 119.10442578413246 31.67773848192101
152 118.6218422379124 31.622788535304128
153 119.15293235421291 31.88082765054415
154 118.70672455714363 32.07976132252389
155 118.68842698972752 31.632375810549597
156 119.13370340697544 31.653927223036483
157 118.70176328483915 31.63358239214744
158 118.64943149464186 31.928969964749186
159 118.71505122866388 32.14275944519352
160 118.97608809785905 31.761783330681094
161 118.51175103125003 32.289760152644305
162 118.60834575013426 31.951833179954786
163 118.58107004728215 32.09959693670564
164 118.85866278624772 31.83297846978268
165 118.53247937110504 32.092936000266086
166 119.14576981424017 32.37915415967611
167 118.83226426881498 31.961723749464234
168 118.92533494234509 31.778839507306607
169 118.65700196820323 31.937549948511233
170 118.98331017734026 31.95112474884117
171 118.51236761070089 32.01632067591354
172 118.56639817648268 32.01239583391197
173 119.12686298481941 31.62756317016014
174 118.63702282205541 31.72811305703763
175 118.84183937985993 31.960562199712992
176 118.87572670434704 32.16880758501481
177 118.6226027259319 32.23609314526195
178 118.90425380677935 32.20939282688015
179 118.6894290551887 32.01680262372972
180 118.96030166468616 32.3698278448582
181 118.69098789722901 31.860373636937283
182 118.79617829964013 31.979937737312422
183 118.84251289281404 32.20005842554253
184 118.51230327718211 32.27412250206794
185 118.56995999153864 31.91944675511839
186 118.5438209030693 32.286150796167924
187 118.8106507819517 31.961198913963077
188 118.88248019743399 32.17309347635406
189 119.17653281704695 31.619315341956455
190 118.74684627474633 31.60861508093031
191 118.62697704026498 32.343746573381175
192 119.17207142945156 31.68111961267151
193 118.87977307976634 32.13533672043656
194 119.16736620902658 31.82300160708062
195 118.74486695031531 31.768000350536994
196 118.54929978817155 31.90902324036607
197 118.80937887944495 32.34580194092116
198 119.19220263335022 32.05525786935004
199 118.54876889816937 32.33080894472076
200 118.84230220437722 32.1659690755163
201 119.09144671165227 31.987068906022504
202 118.64076523836361 32.001005104346376
203 119.0576328322069 31.772960437678673
204 118.55787777350302 31.60293140736386
205 118.72821953679444 31.933438414761014
206 118.63172618260037 32.038018371452665
207 119.1809161472233 32.29844051519719
208 118.93106692813984 32.127064393861986
209 118.69854269439776 32.26814185758307
210 119.14420047758189 32.33724258678179
211 118.89325937292296 32.35270818621102
212 118.75813634655593 32.25562277063579
213 118.98746506808632 31.711911008996132
214 118.97018114358676 31.879867472367835
215 119.18280093722518 31.7524058712214
216 118.5348532391776 32.2912472067352
217 119.11419319039793 32.227254145574776
218 118.96017129226736 31.885748781904642
219 118.6049596994578 32.051719403345295
220 118.76460575201413 32.248133842112736
221 118.52941942937633 32.28365128568188
222 119.09513162165555 31.774730518738632
223 118.5844706233423 32.19019967030011
224 118.65392657735306 32.24542195786637
225 119.00024541355663 31.63603459279956
226 119.02770777699652 31.67891162225468
227 118.67585976291986 31.938905029209035
228 118.61583142559039 31.766871737164976
229 118.51809071200915 32.30176692640982
230 118.54432426665775 32.17674943126582
231 119.12259188244818 32.177673146075456
232 118.64208203544067 32.22769586213584
233 118.77636642727525 31.856882805433166
234 119.0480188412085 31.79492723113285
235 119.18077197966221 32.0831365316102
236 119.1211329000988 31.925778877824058
237 119.12987933745936 32.33552602409606
238 119.08709698014776 32.12406796126161
239 118.74187451073723 31.90570332099746
240 118.95112088957536 32.281959665100736
241 119.00309881845246 31.917866005857444
242 118.79985981016131 31.73775257061188
243 118.93284514000706 32.22318338788303
244 119.16997659378524 31.97914711944918
245 118.72184152535307 31.807708606250813
246 119.14810871957042 32.15443635736749
247 119.19045240943109 32.39449398413496
248 118.90482676570294 31.79816453651575
249 119.13904807654684 32.23077632545631
250 119.01664662716993 32.21135477646609
251 118.99653209357155 31.682305634900263
252 118.57680764737158 32.26718947402506
253 119.01497890475999 31.96601491741736
254 118.6148095340024 31.693639888208292
255 119.02525874750826 32.042163492065946
256 118.52888009690123 31.847263770705
257 119.11715139089637 31.72170202825552
258 118.62882712676756 31.659410045765874
259 119.08977458497276 31.7478127519924
260 119.11935178704488 31.945318478715027
261 118.5780099122465 32.11047701177563
262 118.57196001232688 31.66952687133568
263 119.17232680569816 32.16903907773587
264 119.18978238092745 31.68346413116392
265 118.54802690591261 31.74478726306267
266 118.93153858836025 32.17700426759565
267 118.76010948725069 32.29237453473858
268 118.53830952821365 32.37252444431987
269 119.09452637806665 32.130993438107936
270 118.96872910179243 31.977759512228314
271 118.54647876352375 31.679498879652044
272 118.81933351654148 32.04320341698631
273 118.78287117642846 31.743703440471624
274 119.19425071604002 32.016259711805176
275 119.19023626653494 32.08542458269168
276 118.66553350235286 32.27379170490114
277 119.03286375533057 31.848815110873282
278 118.95900020496634 32.38546985006205
279 118.80635934679141 32.377672053457935
280 118.89184017590078 32.26584345196726
281 118.7772638431731 32.159048490109654
282 118.54259787645448 32.176379306530116
283 119.03069570243194 32.31651533462666
284 119.06391571700895 32.35878083082879
285 119.15954958518375 32.27243428783871
286 118.86438996732308 32.10863670430338
287 118.54765600456332 31.664222262364422
288 119.15986481340263 32.105390205881164
289 118.68872082335139 31.88752670718636
290 118.59011147797196 31.710867303800413
291 118.59666415409285 32.315693218732534
292 118.91348041327555 32.26313743985472
293 118.7564413325477 32.008577203772795
294 118.98092753087785 31.973044397865547
295 118.54372115373711 31.99508334306767
296 118.51391329027707 31.80474593302859
297 119.17295446566379 31.918159970170294
298 118.55547860314809 31.9395030434591
299 118.73147632954189 31.607139673123946
300 118.51424822595894 32.315965786002785
301 119.12610892639613 31.632234081680583
302 119.08766930972047 31.901544726799656
303 118.90441359392662 31.688456424472143
304 118.60946000538162 31.760185937156383
305 119.0532058545556 32.35780488810097
306 118.53912287716281 31.88577161811408
307 118.82175484563254 32.185142797379086
308 118.728474333871 31.696662062412457
309 119.20107379670766 31.789745053949797
310 119.17795454690072 32.30229018670881
311 119.08677844600427 32.31783096989574
312 118.81542314245054 31.81957350124134
313 118.85083375860332 32.37467488443222
314 118.88429289260567 32.13357999548353
315 118.88722820166353 32.00476502439923
316 118.61801432867881 31.886970244930446
317 118.66092557643498 31.88580762523973
318 119.00258757350782 32.360595830437475
319 119.08657453530851 32.15764701125343
320 119.16753590341415 32.01216732299291
321 119.02147000808712 31.62477985777487
322 118.89548450862401 31.795269668012757
323 118.56518586552151 32.34794081684251
324 118.56136130344603 32.037435287586966
325 118.61804320675479 31.883656745793743
326 118.98278282629464 31.61868663441442
327 118.69652390227292 31.80523391624193
328 118.79383710387516 31.802802680044508
329 118.61126815707473 31.74667094017355
330 118.65885622928977 31.881552114114257
331 118.77142048236315 31.753432266582358
332 118.94699041827036 31.657951942977537
333 119.20413248960942 31.682721789826655
334 118.58258910483866 31.992130418101777
335 118.71141572805602 31.647653122058756
336 119.19374912676751 32.34547727282662
337 119.10778143570336 31.757443730121032
338 119.1720589650801 31.98547483044373
339 118.85857431986258 31.929385915379534
340 118.65675976363848 31.84283539163019
341 118.65436020846215 31.850931988553203
342 119.0691035029602 31.783013695685167
343 119.16441495739876 31.826132104321005
344 118.93299004102428 31.679452159392177
345 118.97106440468953 32.14916521178478
346 119.12053746176268 32.10504504546956
347 118.68049925094338 31.85823193654775
348 118.91771145150412 32.31873031031843
349 118.89751329024324 31.90595922476535
350 119.14582147422239 32.09085702141748
351 118.72630609856994 31.996413380427168
352 118.59508400517569 31.866469407952696
353 118.57094155591771 32.332657683571604
354 118.69308664976661 32.27519480453845
355 118.55819509770402 32.27586496356448
356 118.72958928082659 32.36355621296447
357 118.90192345522446 31.610528433598517
358 118.80825904633306 31.988758207161307
359 118.95027269996685 32.357601753226135
360 118.86594855177725 31.700828479877792
361 119.03379394725471 31.803437867271334
362 118.81893678438543 31.997693840032124
363 119.04221536110094 32.1277282440688
364 118.82155387718778 31.867782529655084
365 119.01560827279691 31.836660255037987
366 119.0355111682632 32.228102332554705
367 119.08783163354038 31.61157438892619
368 118.61291995684356 32.23225262611439
369 119.01148786079297 31.938561402225407
370 118.4991042573717 32.09890822443301
371 118.78309640428236 32.1649317515978
372 118.9065861635697 31.690192492793873
373 118.52444083136041 32.3285275568194
374 118.5266565676032 32.251435790855524
375 118.64865389906099 31.890355998729625
376 118.76534263169088 31.74176274782468
377 118.99412241463416 31.65531749649504
378 118.63391784195485 31.83604407031464
379 118.77922390998816 32.17775889031958
380 119.13091174212789 32.269824364069926
381 118.73967960954089 31.854163401921433
382 119.03382410424467 31.774719399582267
383 118.91861371159533 31.857275948270622
384 118.54449255920201 32.372743460299
385 119.17681257299297 31.681461390938
386 118.57494005892266 31.740271509481644
387 118.74668070095534 32.15164099296513
388 119.18113101351291 31.71468127415371
389 118.66621890658247 31.80655324697164
390 119.1596568875821 32.243008284483594
391 118.97027571752031 31.842151723662383
392 118.62439285573556 32.07363119350828
393 118.59885074500272 32.046285629794745
394 119.17132013092831 31.82089639497056
395 118.82255571582266 31.80539895225885
396 119.02203059962989 31.820086623328727
397 118.59822930642423 32.29747144267009
398 118.85558612326096 31.618471046926384
399 118.5645296338284 31.68894574551156
400 118.83953339176858 31.87755831822656
401 118.49461277773088 31.77747437495575
402 118.52293196910632 32.0505891269613
403 119.13508221430409 32.0276868073741
404 119.10551234108543 31.991606517923902
405 119.03211612226912 31.83874918183341
406 118.86380463736951 32.00777761748575
407 118.62935925026598 32.21592958268039
408 118.99519378082753 32.2404036005963
409 118.66083662113006 32.03704778469843
410 118.52868909321643 32.250223056970185
411 118.72628220859288 31.651262484736083
412 118.90894831172021 31.73636096095803
413 118.90927330827778 32.193400206578794
414 119.08382143544635 31.912087057373082
415 118.77271271583419 31.855851215148423
416 118.60219250652278 32.062068280081725
417 118.52622409623774 31.910071973797372
418 118.6361274468428 32.33118968942578
419 119.15275473682337 31.915442305115608
420 118.51352660065702 32.263413494565064
421 118.94460533451769 32.08039071631291
422 118.811059475301 32.32193030238582
423 118.63244088446707 31.98322302089448
424 118.99613672552312 32.37658831448926
425 118.91289989243056 32.0531921916934
426 118.54622122419498 31.63258419765429
427 118.9761720638267 32.18637321848066
428 118.54186487389019 32.29926867505165
429 118.6500065181191 31.681367955371453
430 118.89935799494015 32.353170220112844
431 119.01610376024465 32.05723363276596
432 118.89151894420307 32.19289524299879
433 119.13089610397766 31.7665677588733
434 118.99015735004375 32.34203038768008
435 119.17065391533164 32.116763065218684
436 118.68832579838529 32.03475409672061
437 119.18885173297461 32.37475298302667
438 118.65041457499498 32.05273741318352
439 118.62052044331398 32.014001059146295
440 118.62215359828755 31.645592639063587
441 118.5815587699774 32.04707098834049
442 118.9409852606881 32.19372775141801
443 118.501397637878 31.88411703021535
444 119.08018857384492 32.14005770659489
445 118.93615711192636 32.04821341726725
446 118.70316352309584 31.773491364655577
447 119.1291356949845 32.04041531753342
448 119.09880774679696 31.983173257748145
449 118.94228531465653 31.865444509390528
450 118.55487192508588 32.13489345428343
451 119.18438813999515 31.658306944747128
452 118.91848435339612 31.88941020383574
453 119.12477706182266 31.943629274288732
454 118.60345758908072 32.38926844826754
455 118.52556289147 32.16571142829979
456 118.71265546799681 32.09712417669005
457 119.05338779582355 31.716291270952674
458 119.06412661766517 31.95689700461624
459 119.11840223239336 31.901420371205674
460 118.73734574518447 32.35680223075486
461 119.06451544968031 31.959109109305338
462 118.59792739176144 32.28806812297458
463 118.87766957374622 32.12270158512967
464 118.53572065093051 32.29053173909703
465 118.99248020567383 31.602351745558032
466 118.7460930404905 32.345271560196956
467 118.57599732936671 32.36445419131493
468 118.95235219260682 31.722214808033087
469 118.7830475328008 31.649748852355774
470 118.71402202060497 31.859644291076624
471 118.74087173148267 32.0605403847431
472 119.03795702645733 32.01652829301008
473 118.79411363660651 31.95110568460566
474 119.12244146230832 32.32966501964644
475 118.6064803146589 32.05692909507307
476 118.77380818642033 32.34009497989857
477 119.10921494562395 32.04849661487548
478 118.91438421080974 31.738681545453996
479 119.0011639650294 32.38539636451715
480 119.08888181534302 32.38697891679809
481 118.85832701974059 31.95798189924723
482 118.60229618274596 32.20245345480986
483 118.71258035124887 32.11520774537943
484 118.6637651657328 31.741573231866745
485 118.61111101464465 32.057033808012925
486 118.91782519902256 32.11543925457029
487 118.64816841402924 32.07662867858534
488 119.08751901084322 32.02728022584955
489 118.8214756532703 32.06808899539215
490 119.0640790565673 32.16913493688026
491 119.08300635017088 32.21557168770688
492 118.97724725764509 31.680972217396736
493 119.06452440562339 32.32871867303227
494 119.06426992081093 31.965931294972915
495 118.90530241992752 32.15634914374208
496 118.73395928282501 31.91188725627697
497 118.79407551462084 31.6448775181111
498 118.71686778139707 32.129647088489975
499 118.82412549971383 31.899024113780463
500 118.7759056868773 32.04086577422233
501 118.729449823956 31.81323312305399
502 118.57724618747196 31.76445184122728
503 118.77750574162208 31.819230901711798
504 118.58529670434123 32.291644735638755
505 118.74957195416998 32.34099793712297
506 118.57481684298149 32.374287343825046
507 118.7554155767993 31.941539178388847
508 118.88089506246953 32.22621770113319
509 118.54181337492227 31.735385082911993
510 118.66896842736651 32.18871829142791
511 118.79983537256078 31.942783836263516
512 118.68450173693151 32.27506752749762
513 118.8905182248082 31.756875841131404
514 119.07823094621752 32.25238109232821
515 119.05181485252865 31.660073900844957
516 118.6728148435684 32.28968892688879
517 118.64138945189008 31.93575423916178
518 118.89464299061936 31.706479216455353
519 118.76892877820045 31.82841040446071
520 118.53243121121224 32.1769641305114
521 118.66236760772343 31.95100939362079
522 119.17063095665947 31.790115673227678
523 119.16548018123054 31.79559923951471
524 118.75249242665551 32.14868819692374
525 118.53392962671434 32.113869296682594
526 119.07118350243269 31.651724286855156
527 118.69032638601877 32.2581247401429
528 118.53564471110123 31.706711927109428
529 118.67373794789484 31.784399527831155
530 118.5962892626336 31.615803786910682
531 119.12389582889914 32.018975618174125
532 118.63044524128178 32.27540039899258
533 119.03452760248226 32.33063436896395
534 118.59503812463345 31.96305271532214
535 118.55313970049076 31.680072434917765
536 118.76937989709782 31.9935936537695
537 118.93100934320447 31.828823521299675
538 118.86900388387181 31.851947220192393
539 119.07004961946915 31.784300508657385
540 118.78952755084927 32.35477492241746
541 118.933148195616 31.91504609504026
542 118.53342130728444 31.597607860220208
543 119.019786916209 31.996089199330083
544 118.97907297446201 32.15497360351188
545 119.05915396177528 32.24647911739289
546 118.56857797751073 32.20026493562884
547 118.81843729240637 32.15571781469028
548 118.96215378908182 31.753572409948696
549 118.49818861479011 31.870420951947008
550 119.10187100323907 31.96880103561756
551 119.06726885618805 31.731611697535147
552 118.86332668452403 31.935663030253323
553 118.74243276683069 31.680581750732845
554 119.00216721507097 31.667805651946047
555 119.11417877371943 32.26137397943067
556 118.84492858400061 31.73070740948149
557 119.11553458124018 31.97307556417121
558 118.61391953280781 32.10356743072048
559 118.72038846846108 32.359028982792836
560 118.99495485416804 31.849561423276693
561 118.75661681884114 31.756112945790566
562 118.85716112507087 32.30411045324025
563 118.96071533631184 31.849081048108346
564 118.91718381969056 31.810691476128206
565 118.80994520390097 31.714776741410606
566 118.60107682762062 31.960566119634045
567 118.78741564314942 31.77478628436437
568 118.65606335391712 31.890148005556988
569 119.05235400637774 31.865053837770983
570 119.05828556029005 32.09586364331588
571 118.65316201792994 31.9506833538493
572 118.90482564570003 32.13896601083587
573 118.9739726111375 31.84208170419811
574 118.80849420942394 31.871052997387153
575 118.56027003446398 32.3950232091509
576 118.99801946021248 31.7921055845215
577 118.54379652877114 32.21312871863653
578 118.9657532381968 32.164431332969976
579 118.56680963061073 32.11184610742274
580 118.92648991186938 31.687936207306905
581 118.69106011230183 31.597261064226917
582 118.77563700480542 32.19730226976185
583 119.1850290645538 31.67118484419099
584 119.15651722986988 31.793961130217582
585 118.90073676260266 32.38746392354156
586 118.97146992714876 32.37482112249458
587 119.05860451077388 32.34124728506071
588 119.00541642777394 32.06167750303977
589 118.58669253112174 31.984523373573072
590 118.80423206911476 31.961111437629707
591 119.087495224196 31.865170189831407
592 119.02574385520883 32.36676703353089
593 118.63999957183982 32.256684332936324
594 119.0965028091794 32.40004875903749
595 118.92404197440746 31.83610261404279
596 118.70082869780556 32.07105515843069
597 118.5309687177164 32.14605017019028
598 119.02128108437336 31.905898949556832
599 118.80294928599756 32.060450045968416
600 119.18102579969016 31.74601604893341
601 118.67338557880754 31.85526493978175
602 118.55473318475283 31.723282804761684
603 118.66931035646988 32.114490152051026
604 118.7894261867696 31.86988886277679
605 118.5183572614432 31.930574742810467
606 118.76840376283971 31.89310770512032
607 118.67254971800253 31.650318580241198
608 119.19429247431476 32.31157535871873
609 118.62662013654564 32.176674712162566
610 119.10271844718434 31.85123757854175
611 118.60137185652681 32.30873905757494
612 118.90863115607421 32.140760427904084
613 118.95882094047009 32.39254959888183
614 118.88242227531681 31.987663788506293
615 119.16529025458688 31.686879461088765
616 118.79653037778353 31.69600012839275
617 118.94246655529396 32.19599403826183
618 119.10908999516728 32.05176931981526
619 118.66874246831591 31.77193349916359
620 118.86997283502063 32.03412507298034
621 119.1744840682568 32.02379831068852
622 119.0276952325125 32.29745201671543
623 119.00195170591465 31.633394146803642
624 118.77563799732545 31.684810876217465
625 119.0942941914414 31.94735646673952
626 119.07642095774521 31.70393291660925
627 118.80594666553019 32.392123075629065
628 118.89120290419275 31.76087002653356
629 118.97287756004927 32.09009795847816
630 119.04319335855156 31.951741963143238
631 118.81680452311444 32.22929444521992
632 118.74410911984562 31.636133903089526
633 118.60158199672917 31.854903734852783
634 119.01122740984458 31.983875682305744
635 119.02766846480357 31.69352372780426
636 118.63008763107459 32.1051315155159
637 119.10597306414037 32.02395394393249
638 118.60494466062647 32.26063037953853
639 119.07557925784312 31.954263459131763
640 118.60000219545977 31.84061786819923
641 118.95242633821451 31.847907242670498
642 118.87690544307922 31.793711530433058
643 118.59488221855615 32.347066620859174
644 119.01475867829164 32.23851687119294
645 119.03491538676086 31.878206199420603
646 119.11907228104218 31.95336563362715
647 118.84728732056608 31.682925317004884
648 118.87428101088973 32.07262540424054
649 118.95089218786859 32.19109356339522
650 119.12863534828104 31.79692601654534
651 118.77689649656217 31.963679512748264
652 118.96891697989592 32.13061789647792
653 118.92234219895035 31.972199043885052
654 118.62664331632715 32.03132432857305
655 118.97820127285334 31.7580846858119
656 119.099923192054 32.226906162096995
657 118.83235853582539 31.681138194775514
658 119.17758907790379 31.97914240040855
659 118.88717802182057 31.835937692507493
660 119.11162688613229 31.683267110036425
661 119.03635056647305 32.27940514157783
662 118.78439511882797 31.7463511201267
663 118.72400475774884 31.97483510424079
664 118.77312243020965 32.092541210789264
665 118.74068644874504 31.826852074295598
666 118.53457516020737 31.986161948331993
667 118.51480887552617 32.02553682031733
668 118.78051251243964 31.942062643236156
669 118.636737992349 31.885007759258933
670 119.09615109373702 31.795656534713757
671 119.17173456744884 32.34357559373933
672 118.6990141320319 32.00898052629407
673 119.01107928896565 32.16038659822904
674 118.75685009754591 32.01574752281319
675 119.10348192689855 31.84250051623816
676 118.8139617910753 31.987126006875442
677 119.15830884550425 32.25657293899343
678 118.96561157502987 32.293889609750124
679 118.58604849632465 32.3486767245537
680 118.597923477619 31.778700228991422
681 118.78353214667045 31.887335640328736
682 118.90462183117904 31.69609123588314
683 118.85551647626005 32.39415420796779
684 119.11223353920698 32.105441184492605
685 118.503274449081 32.171616357739914
686 118.57893205375237 31.95516958800865
687 118.71682856671202 31.799843606030414
688 119.09603952123244 31.92335888933195
689 118.50509487619965 31.835610173597757
690 118.88512945552229 32.019327019433454
691 118.4905896667647 32.24386184464451
692 118.88319061991425 32.26280678431885
693 118.83448670610699 31.83898310075277
694 118.58927651264635 31.73905615530032
695 118.91578759608625 32.19022416577136
696 118.93206388666877 31.936955204284054
697 118.82144476518506 31.751213534868747
698 119.04896939482529 32.09682093048828
699 118.54742634031321 31.687704613641788
700 118.72427361645633 31.683341967441915
701 118.85072603209463 31.605427346506875
702 118.7228963071549 31.744678864006122
703 118.59136754425826 31.97971799246303
704 118.57654806088718 31.73582562129574
705 119.04132442745163 31.646305875677502
706 118.6896428238546 31.991890202398917
707 118.95708256926288 32.324828213496616
708 119.10129289583138 31.60448769854941
709 118.71018959390544 31.781442233138385
710 118.63019676343144 32.32631335728534
711 118.89908900846413 32.11545647351452
712 119.06639640496333 32.261352264350705
713 118.75702287277079 32.32548074779056
714 119.09024354493245 31.782815399230696
715 119.1895179808537 32.20376783692323
716 118.97164219221939 31.808110907135855
717 119.13089490743766 32.3552539605819
718 118.57328882210197 32.374657485257934
719 118.77177174002978 31.730468462167863
720 119.10400133150002 32.25867671440832
721 119.00534029837242 31.64345743387216
722 118.57279041252887 32.07923968238103
723 118.6600585776547 31.982619941772708
724 118.73024914722228 32.07206942455912
725 118.95135668230003 32.198862630278036
726 119.02035392159044 32.294513896820995
727 118.83667878154561 32.00309354652005
728 118.51895834991977 31.651178020491837
729 119.12091496794858 32.333085351687444
730 119.15388749403193 31.64802044397198
731 118.74496513714111 32.242295869015614
732 119.0627611093947 31.703259911225068
733 118.86428107529561 32.332888477524016
734 118.81977698293409 32.10573818594225
735 119.15136239326101 31.844906638447547
736 118.51462641177173 32.29320816691466
737 118.7917173425294 31.736800350473946
738 118.655791799618 31.7720470545657
739 118.8331105410874 31.84860614215204
740 118.8251836928094 31.931379083216765
741 118.62902705952047 31.78153294234418
742 118.8952603041202 32.327564844122676
743 118.774292756526 31.954018337461683
744 119.14930518914343 32.356543855453175
745 119.158025983203 31.809019239575445
746 118.7699469769128 31.967712393881246
747 119.03743583942409 32.25583112048361
748 118.94228407643514 32.40218792298391
749 118.76661410420749 31.96903573218025
750 118.67714299454575 31.981666878997814
751 119.1478871756286 32.36890511847177
752 118.6421080279249 31.93691757450659
753 119.04721204459058 31.947923980295567
754 119.03447487614784 32.37115249754183
755 118.64367939219831 32.0028672152115
756 118.75342994090238 31.69561585141887
757 118.79519342879654 32.36762901119238
758 118.84801945454801 32.00126793038271
759 118.91734673140881 31.88527370829706
760 118.74687628730267 32.32910898222834
761 118.91997686702763 31.61764123530118
762 118.79276507178979 32.36325303927908
763 119.17528515035269 31.6698889931125
764 118.97193612999081 31.664267577117737
765 118.87565393653624 32.341626530910666
766 118.90446969489292 31.96895619900154
767 118.58642595040317 31.740393272940015
768 118.68859498691602 32.39389866109804
769 118.99852442523132 31.856632519885753
770 119.2019082941179 32.34537878425269
771 118.71942036520485 31.968587260123556
772 119.20223320009923 31.89682796960882
773 118.7471498468104 32.05715967732241
774 118.81595786594 32.32750614965716
775 119.18370091584171 32.38324579798571
776 119.07060374224864 32.14920066060212
777 118.87229199136202 31.893621600735134
778 119.18709916479797 32.27300571387705
779 119.18438787402026 32.33621690322344
780 118.61127356621525 32.04077998159957
781 119.04816588873875 32.17111365885574
782 118.68556928350766 32.304768450368094
783 118.70990741141532 32.15440836967011
784 118.81132060588534 32.11424372862714
785 118.8337269444045 31.91440628724598
786 118.60579082482266 32.08315995814653
787 119.02805163262437 31.781974245644925
788 118.50617069029121 31.704605600213874
789 119.17779116837902 31.798245508310384
790 118.67591397801532 31.953080845706975
791 118.99106156584831 31.868712937047988
792 118.87161648140541 32.16639826827426
793 119.08146079225695 31.910132531056718
794 118.63905359180734 31.99269345438834
795 118.51867390030006 31.81863946025154
796 118.61848870796497 31.666775481603224
797 118.97933526190296 32.17416560550928
798 119.0676782934719 31.76401454106544
799 118.60329204309072 31.97367016014516
800 118.89883561467012 32.07931680952631
801 118.53206021993624 32.145820340242736
802 119.08743295167311 31.944491513200383
803 118.56918075255682 31.811028824070927
804 118.62344386954925 32.31841341359076
805 118.94914346307367 32.1240755316792
806 118.81758526846922 31.810814554977576
807 118.68860102222445 32.219817273236515
808 119.15891638031857 32.020955292948216
809 118.87929464909375 31.93685405910419
810 118.61198740821507 31.680602206518046
811 118.79334103454435 31.784206346675667
812 119.00159741879055 31.68973819200445
813 118.8258367807241 32.14868728098244
814 118.56861662407132 32.18611343133099
815 118.61519000988261 31.958527398348423
816 118.66640146024743 31.64962859637679
817 118.87071640686952 31.738011592229896
818 118.95070653422975 32.34421255193756
819 118.8340502842295 32.306826897447124
820 118.64426869823828 31.91508379147425
821 118.74364656629515 31.70162789788797
822 119.10967401448993 31.95972547599648
823 118.67091731503679 31.942648395177343
824 118.95781737697853 31.61134819061627
825 118.75898612685339 32.17246881150309
826 119.18001873367291 32.11971474721809
827 118.494597722229 32.05770051426514
828 118.71391344305646 32.24402219267388
829 119.04048097437058 32.256669928393904
830 118.52464013186182 31.76092261687586
831 118.76953438598736 31.658552329899937
832 119.16525997076566 31.91059414920328
833 118.96353771604147 32.2965665929683
834 118.58411114797053 32.212980117885266
835 118.56641883758684 31.794498638566612
836 119.16485966046017 32.21211102952561
837 119.14559172509712 32.060431785253655
838 118.62829889376147 31.8190051715349
839 119.10784707910527 32.1682329679477
840 119.02400350259266 31.840414448756725
841 118.77755551213743 31.86949433901864
842 118.66312277655037 31.768695261385858
843 118.59044458668441 32.049702685930576
844 118.63560618983341 31.971103711328084
845 118.86236549925214 32.09463855108761
846 118.52748336408128 31.615640061370716
847 118.92997415357483 31.925021566254642
848 118.9179812250211 31.634220525750592
849 118.94727293016305 31.859372173947673
850 119.07784960583112 31.669009673608905
851 118.54027676139717 32.026205225502835
852 119.1898509275484 32.33164872772787
853 118.83766190994312 32.28401902978655
854 118.83344623556735 31.992041955846616
855 118.60518140501931 31.884615411245253
856 118.95262503723612 31.617880703821868
857 119.10707923431067 32.12198586330176
858 118.54743010453043 31.838655264446967
859 118.71699764845573 31.919148521680466
860 119.04626863428467 32.09821333666374
861 118.5181217848084 31.746275510625363
862 118.90187222069298 32.0402814729776
863 118.66234309008462 31.970137828032733
864 118.8630045640598 31.908712404661163
865 118.60103865408094 32.269801700681576
866 118.7413679059428 32.19076417008768
867 118.74992772057595 31.715444417154902
868 118.78193905266305 32.31804944650193
869 119.17533819777422 31.601323207230834
870 118.60432081189593 31.7911488610799
871 118.68001634118541 31.7169661490307
872 118.98180885828275 31.86990242527488
873 118.75462351318343 31.703649041123903
874 119.15236663357483 31.81987515394594
875 118.75939874563625 31.910129412242767
876 119.1731806560573 31.979795734011514
877 118.62399017477074 31.81984989384643
878 118.82798952893035 31.654477706910093
879 118.8643158464659 32.018395573502104
880 118.8988316400695 32.09159946698805
881 118.7718318188404 32.12169269331205
882 118.87079966572085 31.612575844548555
883 118.66842828981498 31.69035013443175
884 118.6684910407123 32.127734840462594
885 118.55313353377537 31.696090459201407
886 118.8711583277709 31.67250573007818
887 118.84561553357864 31.94941913161285
888 119.1898498041231 31.89219477171149
889 119.05283766602305 32.13373716135359
890 118.9894049499502 31.625601113755874
891 118.70741451616797 31.795325770713017
892 118.66865057402825 31.821604512819572
893 118.97643566620535 31.85825400965859
894 118.64708208638422 31.611806215120634
895 118.54398453424783 32.04088806596724
896 118.72266040345569 31.60846265442295
897 118.87382054710118 31.840079902169045
898 118.63379369242546 32.3346088932021
899 118.58338680239387 31.732346394873222
900 119.11974151789774 32.11716875992667
901 118.83255191508894 31.974942006175155
902 118.51230593058132 32.341667814699306
903 118.6640996507052 31.944035006460958
904 118.53814275991738 31.763564275205695
905 118.67846221612739 32.389803534055915
906 118.79764298250318 32.17895964532161
907 118.59558178436085 31.707353043251285
908 119.14685162663979 32.02889431274528
909 118.84390327982301 31.84762349038519
910 119.0975996549722 32.303563071926675
911 119.08263613566872 31.73099073356577
912 118.5827590764196 32.11412117302852
913 118.55438980659328 32.361711350442924
914 118.90110326400196 32.341682673940426
915 118.50951214872322 32.331654394804325
916 119.05050570657993 32.131732888101915
917 118.7185029615561 31.843396567909192
918 119.00568174324181 31.657684428252104
919 118.63539503881589 31.730515293910493
920 118.72810633032246 32.31853842399995
921 118.94665743472201 32.170821534091644
922 118.64749662749455 31.671110103705487
923 118.64950412866088 32.37971219525246
924 118.7501754704279 32.0020085981287
925 118.5038114409438 31.739411176101
926 118.97926035283106 31.978808918873806
927 118.58290047445394 31.928284341740188
928 118.66066369727065 31.776046044239543
929 118.54768109327789 32.097253700624414
930 118.81660143550091 32.02254222177759
931 118.67801962465514 31.823565191168512
932 118.86272071017405 32.221682287727084
933 118.97013429334618 32.02157608428061
934 118.6503965761317 31.873967770580794
935 118.73736878263342 31.736171499766115
936 118.88760978880089 32.01004386308558
937 118.6710298775422 31.719236183161165
938 119.13803944923477 32.323245747743215
939 118.53100723686637 32.00499550818916
940 118.5994221817005 32.341952919331
941 118.70596848421536 31.857963248378386
942 118.96341680013296 31.962021455961104
943 118.56465323908967 32.03151403145761
944 119.12329181726648 32.31047016885137
945 119.12871345869351 31.701802915934888
946 118.95833866702807 31.917965985837633
947 118.76413339149822 31.661691787584843
948 118.69198947189317 32.338715612954836
949 118.73271952041189 32.2703183808748
950 119.11544257104795 31.914217170782827
951 118.86200540439461 32.12544850065298
952 119.15047705235709 32.04713760465795
953 118.83736033945482 32.091611460617365
954 118.65148439622249 32.26455534450431
955 118.56347932634137 32.381114817643514
956 118.97547031867366 31.66352423698946
957 118.71049791388805 32.04807131110477
958 118.94954111730722 32.32314347561607
959 119.1465296749438 31.910965443079203
960 118.51112881463051 31.80378591810017
961 118.55173675182044 31.694240950878676
962 118.73532188246516 32.106823441870425
963 118.71654300385059 31.770947097025633
964 118.76448134978861 31.902010939343405
965 118.81095071686241 31.916499168477007
966 118.79039036371238 32.085814308327976
967 118.5680936143163 32.358991371683565
968 118.73173291325449 32.39268825553467
969 118.585512550096 31.83823575245253
970 118.63597213276027 31.81423191422288
971 118.91652241848018 32.18762224828173
972 118.53487628702122 32.16095915697648
973 118.69836497413343 31.82319280879406
974 118.92010864575286 32.35882879682492
975 118.69961319830337 32.24828896623539
976 118.8582101562812 31.75849201853396
977 118.79792603774166 31.993860305100796
978 118.92786016907138 31.66322056948821
979 119.09487245365015 32.01589840170226
980 118.69980487207388 32.04841998030567
981 119.13100555926111 31.755367505210828
982 118.96039659339634 31.67556414941021
983 118.78716438670591 31.745180561924162
984 119.07022137470048 32.00698461211462
985 118.7911151273019 31.651525241657318
986 118.97168694157557 31.743786339582037
987 119.12128518815653 31.740932112699078
988 118.71437395203749 31.94006819392123
989 118.83805471486238 32.02490534150986
990 118.77771091927325 31.888193375139558
991 118.57871201690642 32.11244794102608
992 118.56927244185258 32.33311480917158
993 118.57950120873538 31.78643814489902
994 119.10763140976016 32.389648997519544
995 119.13444674355475 31.868273601335197
996 118.74251245816829 32.085742082221984
997 119.13017005795602 31.886089536889546
998 119.16751686273959 32.14832520741172
999 119.0394420974118 32.29391166392267
1000 118.65978044731646 32.24407398680404
