1 118.94625583867592 31.95050575332271
2 118.89990587704317 31.616959951517718
3 118.61053361812036 32.03766367707891
4 119.07464827990337 31.966941431603654
5 119.18031111102738 31.947448130267233
6 118.95753246839791 31.863504457663197
7 118.90668001522243 31.756181194872955
8 118.60786180218128 32.08203758376013
9 118.68797465621088 31.8364393659338
10 118.76361406117371 31.805604311776936
11 118.63481717490184 32.09272901995493
12 119.19592634498474 32.024409109700706
13 119.14296383575993 31.71496484427709
14 118.75710954692367 32.007669431317396
15 118.60128645029967 31.749078531791035
16 118.7826318554965 32.22997475282485
17 118.62240747117485 32.29631525575285
18 118.87279716873385 31.99506939009192
19 118.64202747272454 32.288416408868585
20 118.54583202146753 31.65577364058367
21 118.92863145900867 32.00049183618993
22 118.75468418682267 31.648779580485908
23 118.97669098123212 31.94488396065093
24 118.86707250657683 31.67128155770045
25 118.94098485430753 31.694625432914922
26 118.71960437828862 32.0779156343613
27 118.89615492102273 31.78688354899611
28 118.83731393884942 31.680822642456445
29 118.91512123765393 31.773383205543105
30 118.51122779309993 31.875022247139725
31 119.17217077983851 31.962158821644174
32 118.67438208242216 31.760086444899372
33 118.55840316864297 32.103453081801014
34 118.69630193149203 31.98588210369694
35 118.98649153726383 32.01291885815449
36 119.14322508279427 31.89787607261967
37 119.09720373134765 32.23332593989051
38 118.71858209380841 32.06171782941503
39 119.09152616071268 31.7210763373139
40 118.5492040894947 32.15939934086895
41 118.55682719583534 32.370450246178926
42 118.62360326452567 32.00790367391312
43 119.05249662192116 32.30214463299451
44 119.01548277787401 31.87998403393068
45 118.58446088501718 32.05155768381178
46 118.99537933527228 31.941544512943747
47 119.03045177330286 31.950015116988595
48 118.60488518700166 32.23293174695413
49 118.95706117488257 32.02528058274612
50 118.7726398946669 32.36437070179589
51 118.54069881060097 32.04290040213078
52 118.86441517520078 31.674664825517755
53 118.83322858335335 31.89015064106472
54 119.09957111010466 32.27109797808265
55 118.90949682258473 31.92828418701965
56 119.09849763775308 31.626205028965305
57 118.82669227913651 31.810299725745864
58 118.99613525703263 31.645028265134957
59 119.17667419953764 32.37436549495826
60 118.5139294745723 32.38175446635491
61 118.80287438539938 32.242489280981935
62 118.8020980572027 32.09163941189649
63 119.04391262766639 32.20572885369077
64 118.51193213896873 31.73662301591264
65 118.88880551897762 31.833251436412887
66 118.67932935727022 32.016203170937295
67 118.82716945239734 31.88768483434919
68 118.99138905515537 31.64060307378868
69 118.93324594528585 32.37248468997532
70 118.66093147617292 31.96887116862976
71 118.6394871324348 32.00753221735135
72 119.08785470498299 31.867447778371606
73 118.84586655664434 31.81830435794162
74 119.17231299156357 31.902131151551625
75 118.95461521125205 32.268604629452646
76 118.66083695632479 32.20338860206932
77 118.61124418598003 31.890589881270586
78 118.72421734532891 31.613133122916594
79 119.02925300006937 32.241496328091145
80 118.825539152085 31.809917016661032
81 118.89583868179027 32.06956043833229
82 118.90955154692368 31.604485995699886
83 118.63336931749147 32.12447407904093
84 118.73512153444148 31.913641872933113
85 118.70787876969058 31.991912567131784
86 119.14586663209286 31.929935651724353
87 118.51992866044843 31.871720784261296
88 119.17464763925342 32.03812014453578
89 118.60477077073944 32.3801826252961
90 118.8709743923742 31.702494738828168
91 118.69445589509061 31.863624941007387
92 118.70936362825834 31.624270080606586
93 119.03497070269452 32.199840490348606
94 118.99453814281189 32.12506619563324
95 119.04357505290321 31.780263788842642
96 118.631007716898 31.917793257233082
97 118.643526852346 32.130415028078446
98 119.02339082433171 32.129593783719194
99 118.58523483994479 31.734454389891063
100 119.1155358184119 32.2990605993624
101 119.13753927424726 32.22899017659632
102 118.84853189633046 31.697599676594567
103 118.98226164206233 32.29970732392552
104 118.72748610701319 32.194399194657855
105 118.95234632293258 32.23396812805039
106 118.52950068919164 32.02872286954889
107 118.6720357562484 31.78230415318205
108 118.8017979982871 32.3287013805766
109 118.85300080134455 32.07861496281764
110 119.18502730120015 31.867937089352985
111 119.20623574691413 31.81790971967339
112 118.58869591413354 32.31481828077013
113 118.6985847951722 31.94762361350683
114 118.55510139739488 32.03647020309998
115 118.73182464699507 32.098375056220924
116 119.15996771302008 32.261923862910045
117 118.90552551351267 32.09026958834432
118 118.52908931305055 31.743253878306486
119 118.86637333059528 32.07383421564641
120 119.15921066375539 32.000369838235386
121 119.18806235431046 32.048892548140834
122 119.14589598193444 32.160001631599314
123 119.03707966586718 31.79199738250396
124 118.6717514502088 31.761770136408284
125 119.12222131077783 31.686631637815427
126 118.71588650812497 31.825967586192835
127 119.11624738168693 31.606601500658726
128 118.52274433845983 32.096047586683675
129 118.53950964810537 31.840452442596533
130 119.0612598273996 31.75901594839616
131 118.5621399625467 31.66951045287871
132 118.79164781989431 31.822933222849702
133 118.73852081238543 31.76292987561043
134 118.68186243194494 31.840359078767136
135 118.75112582141426 31.966620239324637
136 118.83720515641322 32.04726046121509
137 119.10021781341891 32.27732471018259
138 118.93435837071243 32.390400067268125
139 119.13368853435152 31.631135306369355
140 119.09500360127798 31.795096140250834
141 118.59509456935186 32.113868583659254
142 118.78390914912426 31.74291465802536
143 118.87652071595247 32.29375054932044
144 118.67893488009015 31.764996576748636
145 118.88495910272937 32.18939069230661
146 119.1831374563295 32.12100409007881
147 118.64515473935084 32.22499126315858
148 119.04334912827919 31.63568053188311
149 119.19748080599216 31.786726236128462
150 118.67931238936268 32.16972271219021
151 119.10522985699376 31.678899597516686
152 118.62016430537987 31.622078536198785
153 119.15298697859072 31.881625572702806
154 118.70759425493515 32.07955737684644
155 118.68762410031556 31.632611796721964
156 119.13476172953904 31.6528416993638
157 118.70039678924107 31.633365871264
158 118.65034058188759 31.929209861625893
159 118.71570887041544 32.14126425647784
160 118.97672023210748 31.76213976689165
161 118.5125161744339 32.289784810830895
162 118.60939580495338 31.9510861315554
163 118.58250950938472 32.09944223689955
164 118.85884717941097 31.833647977408894
165 118.53319502652423 32.09162823919532
166 119.1466580730547 32.377327376156295
167 118.83225005275835 31.961890221396146
168 118.92683337870226 31.779032438960467
169 118.65841473783497 31.937514042310237
170 118.98417022312861 31.94990584649088
171 118.51296980309928 32.01590057159797
172 118.56572678285505 32.013006673971
173 119.12680611017969 31.62795373212208
174 118.6380491005243 31.727971223368396
175 118.84146189050784 31.960599830058083
176 118.87583943554203 32.16947237049199
177 118.6225961292457 32.23557711598498
178 118.90376424726303 32.21018940041946
179 118.68813110188717 32.01833402259195
180 118.96149471123663 32.368927181034266
181 118.69010417098288 31.8605221688676
182 118.79731747086574 31.979901512769164
183 118.84130349555097 32.198858272552535
184 118.51211741251144 32.274344760172035
185 118.56958668522475 31.919732012048957
186 118.5440558381083 32.28666111719725
187 118.81009530532542 31.961225029841522
188 118.88378214046992 32.17365457218958
189 119.17592148190467 31.617605500662037
190 118.74706515116333 31.60945559241876
191 118.62681464233525 32.34383793078984
192 119.17136263747393 31.682121697328824
193 118.87907396488023 32.13491459678395
194 119.1669261620664 31.82411940923722
195 118.74462707248107 31.767615788671595
196 118.54865786269593 31.909178350695463
197 118.80971754725837 32.34460888685525
198 119.19264879618915 32.055171160957435
199 118.54891389295344 32.33052087692685
200 118.84147603728148 32.16484048112243
201 119.09129090326368 31.98657059292123
202 118.64088699038041 32.00193345578274
203 119.05585813510065 31.773599277632258
204 118.55653190290923 31.601700708850807
205 118.728828775623 31.933690493736368
206 118.631347979282 32.03759942857635
207 119.18019117420273 32.29795725059626
208 118.93190832754043 32.127062034617296
209 118.69883555482166 32.268950434939576
210 119.14461074895284 32.33713487634432
211 118.89383637295363 32.352097172908145
212 118.75741909432068 32.257497152774796
213 118.9877401948603 31.711289138866874
214 118.97191111580138 31.879839248370942
215 119.18366936145694 31.753119520575144
216 118.53477854304316 32.29048150543729
217 119.11354138804349 32.227344902418125
218 118.95824308471938 31.886058112599727
219 118.60485350453324 32.05174553423827
220 118.76618107892686 32.247459332557085
221 118.52999081685401 32.283938786131536
222 119.09494451838778 31.775539842904582
223 118.58452748144902 32.189547016113195
224 118.6534780837462 32.24478417192519
225 119.00069645016913 31.637296504213044
226 119.0295487048356 31.67868928121965
227 118.67665239841807 31.93857406054508
228 118.61462131906772 31.765961394222906
229 118.51894024847581 32.302925918869356
230 118.54325608907173 32.17599846682242
231 119.1237594874077 32.177017818716266
232 118.64222379753346 32.22626075825327
233 118.77684911894804 31.856607446446063
234 119.04761711829047 31.795004157485497
235 119.18115624999929 32.083766404593916
236 119.12107517865911 31.925929215432785
237 119.12882760561591 32.33722821587274
238 119.08729704548664 32.12440203231947
239 118.74226681115864 31.906185143879664
240 118.95181198239656 32.282889074288384
241 119.00305919886111 31.91842629065886
242 118.79933861593916 31.738385799590887
243 118.93249607829163 32.223728695763526
244 119.17112172093495 31.977790663755222
245 118.72086680798056 31.808657491704604
246 119.14787750216082 32.155772616615465
247 119.19156700434604 32.39440619018338
248 118.90516763076432 31.796844335184435
249 119.13798041732089 32.23188542259157
250 119.01723091099912 32.21153433215766
251 118.9965354507995 31.682688680877614
252 118.57685628896043 32.26704416488525
253 119.01532358693726 31.965577633041622
254 118.61369613807604 31.692572130938228
255 119.02519282789505 32.04133975206431
256 118.52902387082412 31.84749632779464
257 119.11648348541262 31.721995429035502
258 118.63040055069156 31.660177115805276
259 119.09048301895906 31.74911459412125
260 119.1207666401863 31.944042443124104
261 118.57695599728294 32.11124624690763
262 118.57314894992147 31.669612131855796
263 119.17380041498487 32.16906027248499
264 119.18895746749028 31.68316772799985
265 118.5476192195018 31.745151442915443
266 118.93146559332153 32.17744144975558
267 118.75946263194614 32.2935450223037
268 118.53852482055967 32.371337388227786
269 119.0952746724679 32.13294194016545
270 118.96813903981591 31.977229038409615
271 118.54507307834952 31.679794900216326
272 118.82047347217775 32.04352419349351
273 118.78338018023447 31.74349227674848
274 119.1937064551118 32.015280772991495
275 119.18909591420001 32.08553647716635
276 118.6641512505883 32.27308083029117
277 119.03362477280344 31.84864959678892
278 118.9587810075699 32.38498559003026
279 118.80493815300595 32.37831497233703
280 118.89304636905888 32.26554714118714
281 118.77673217778413 32.15843427288545
282 118.54130485809675 32.17586413052357
283 119.03025615990161 32.31721564724203
284 119.06408370829588 32.35879865294158
285 119.15990751290487 32.272683442728884
286 118.86477832533348 32.10905775782095
287 118.54722002250715 31.664134342298087
288 119.15907638797943 32.10514972260668
289 118.6887575861334 31.888321421055085
290 118.58861028729247 31.711231929957226
291 118.59663708892779 32.31487249218883
292 118.91431870254264 32.2631731739853
293 118.75711728902537 32.00905951409443
294 118.98018139757488 31.973888579248
295 118.54389003706046 31.994508221349097
296 118.51429039298394 31.80347572753581
297 119.17197278293598 31.917914428898914
298 118.55601560558803 31.940666867113364
299 118.73132637416381 31.607560004883354
300 118.51343004388333 32.316555367615166
301 119.1274249358217 31.631661972337366
302 119.08777168694442 31.902621174836497
303 118.90456969146602 31.689831951100217
304 118.60803510219598 31.7603118035346
305 119.05344265646806 32.357088299610105
306 118.54029625459057 31.88716975299669
307 118.8204683445201 32.18595726423105
308 118.72768186969735 31.69716620467319
309 119.20125360348943 31.790996386810665
310 119.17933116194573 32.303337029925906
311 119.08624459753807 32.31633838054707
312 118.8155094532485 31.821191814591195
313 118.85137074881025 32.37397425380663
314 118.88490802460403 32.134196060998676
315 118.88870159024175 32.004550923981554
316 118.61814857168156 31.887832069997632
317 118.66265472236657 31.884565114776134
318 119.0019095357892 32.3597677753855
319 119.08787708004843 32.15807170310549
320 119.16877996131501 32.0130013819274
321 119.02242012861896 31.62517350638498
322 118.89616956669346 31.796694753209106
323 118.56416423763363 32.34732179016808
324 118.56260971074899 32.036166366691724
325 118.6180600240608 31.885381428009758
326 118.98360831186027 31.618194210306154
327 118.69552445248095 31.805875267930002
328 118.79247356080806 31.80307371992245
329 118.61111746363457 31.746635758244675
330 118.65756849045064 31.88106365311134
331 118.7717692472531 31.752617741493534
332 118.94843285303145 31.657022599476562
333 119.20414304770362 31.68315650165285
334 118.58265166810861 31.990906034165544
335 118.71174669444649 31.648163693199987
336 119.1921654998245 32.34524473342002
337 119.10857104364266 31.758057028164732
338 119.17301667255705 31.986071320158633
339 118.8591716761611 31.928729062585674
340 118.65789666068599 31.842100723506547
341 118.65444004598062 31.850645209873488
342 119.0689012007323 31.78392181061655
343 119.16491997257785 31.827846931566828
344 118.93357628063417 31.680064121078722
345 118.97057451846189 32.148498740955944
346 119.1206421044147 32.10308930248419
347 118.67985883772617 31.857278623152656
348 118.91788504152923 32.31951338510692
349 118.8978132005367 31.905719056651765
350 119.1465892340728 32.092364986915825
351 118.72775347129458 31.996306169474153
352 118.59601507506085 31.865584921239506
353 118.57091879830827 32.333277746539544
354 118.69220530679641 32.274810291623446
355 118.55918169595978 32.27584669277713
356 118.73003927086862 32.36343561699282
357 118.90282470108956 31.609944392120095
358 118.80882820394076 31.987857538474174
359 118.94985256974397 32.358865714905804
360 118.86538250579862 31.701433240744407
361 119.0335093047499 31.802727344112867
362 118.81921185975779 31.999457672470093
363 119.04099089230041 32.12860251047265
364 118.82272884545982 31.86765621662036
365 119.01575061378058 31.837716890606202
366 119.03606861054251 32.22729283864801
367 119.08771430322834 31.61115037947623
368 118.61379706285388 32.23280436770421
369 119.01296090398634 31.940211291297462
370 118.49898983573864 32.098881476319924
371 118.78283747460213 32.16595949387787
372 118.90633326459076 31.691548633759812
373 118.52463277516988 32.327792714872864
374 118.52703660057813 32.25193716015451
375 118.64925853189968 31.891334346185563
376 118.76595331425443 31.74294173580474
377 118.99428019933676 31.65498901153414
378 118.63412053340944 31.83626730435982
379 118.77979198225952 32.17697404758776
380 119.13122141253203 32.26950538654787
381 118.73940661521168 31.85407063830592
382 119.0338559220444 31.776202952221492
383 118.91770236910597 31.85584122331507
384 118.54329267867396 32.37317452501815
385 119.17867344125443 31.681659343440074
386 118.57492031989455 31.740250344590795
387 118.74651411700287 32.15203021873005
388 119.18181668398444 31.71570099091778
389 118.66626461710293 31.806214847559005
390 119.1589097042251 32.24272555908012
391 118.97140479307572 31.841311476653726
392 118.62522791102579 32.07245513726079
393 118.59733319840548 32.04611054587067
394 119.17313843058727 31.821728839729726
395 118.82274784334038 31.804571526114497
396 119.0229175839932 31.8209742611462
397 118.5978546320878 32.29718024457674
398 118.85550873679676 31.618690580404387
399 118.56570813659962 31.688516578668757
400 118.83904877154414 31.87748546266076
401 118.49569152359818 31.77722341660552
402 118.52229840451807 32.05045981599799
403 119.13574683433059 32.02889321403491
404 119.10481185343616 31.992238698745403
405 119.03199593694114 31.838855187729358
406 118.86451949570129 32.00740149332621
407 118.62886246650876 32.21563823216794
408 118.99511979573792 32.240025415363604
409 118.6612336081303 32.03706900058385
410 118.52903001554142 32.250683968582116
411 118.72701163299116 31.652141866708895
412 118.90902444386028 31.736979475978863
413 118.9099121537033 32.19301316408469
414 119.08316189628272 31.912534740263986
415 118.77289313551427 31.85425627665741
416 118.60219873311624 32.06257943053953
417 118.52688376298796 31.9113478689932
418 118.6346421534819 32.331082047933215
419 119.15172193733872 31.9159711916593
420 118.51358375570614 32.263585884761135
421 118.9449824115123 32.08198255114591
422 118.81154062749019 32.322255340404844
423 118.63271641334056 31.982860085892206
424 118.99507514100996 32.376555297246725
425 118.91314850961245 32.052932747089066
426 118.54620237735085 31.63244336035505
427 118.97619169975849 32.185555259490506
428 118.5410982750476 32.298389467116905
429 118.65041829956905 31.680495988099043
430 118.89895771629944 32.35265689021555
431 119.0168122251014 32.05788871263096
432 118.89229015143343 32.19240802555605
433 119.13124705693826 31.767453499258227
434 118.99058880372719 32.341989534559296
435 119.16999826580722 32.11595315916183
436 118.68870921023876 32.03299720339891
437 119.18984196769466 32.375481041889955
438 118.65103513718289 32.053904610947555
439 118.61953147249801 32.01230371400471
440 118.62395861440378 31.646020816093824
441 118.58177992749738 32.04739111534123
442 118.93979079125845 32.19316256139622
443 118.50167390718529 31.882409639915526
444 119.07874911443575 32.138984163347445
445 118.93570307016753 32.04978674316571
446 118.70355336863696 31.774666948862635
447 119.12845644925771 32.04017850128184
448 119.09857804678047 31.982931703494398
449 118.94205249739312 31.864179502574434
450 118.55357757878409 32.13337122399263
451 119.18410741665403 31.65775282596414
452 118.91874703277368 31.887608813523073
453 119.12531092911922 31.94342244587123
454 118.60396190910751 32.38843071063235
455 118.52637710108785 32.16661270867767
456 118.71257740638592 32.09624391882509
457 119.05319009706291 31.71527802376243
458 119.06433691709584 31.957178396441027
459 119.11846535545047 31.901737382503853
460 118.73719657254956 32.35787806634505
461 119.06490704557056 31.96029074352067
462 118.59845847698679 32.287643506604574
463 118.87895487704884 32.12242777024856
464 118.53529137498883 32.289920006085836
465 118.99283694220945 31.60330141215979
466 118.74648770818564 32.34437759424559
467 118.57542344439553 32.36438322663967
468 118.95092043199845 31.72242357505058
469 118.7832945903751 31.649808807329094
470 118.71445472227096 31.858978688729298
471 118.74079990720068 32.061085130983024
472 119.03835005211789 32.01532750707606
473 118.7936176406281 31.95301443186706
474 119.12156076281386 32.33065046293093
475 118.60592532837065 32.05581719410366
476 118.77353739729848 32.33985861358027
477 119.1084738484316 32.04904923512808
478 118.91533301813304 31.740261225284705
479 119.00144410083442 32.38523906014417
480 119.08939535328048 32.386857226325795
481 118.85770463520157 31.958347227186017
482 118.60181022128089 32.20272560248335
483 118.71320553586861 32.11562515578039
484 118.66372089969369 31.74116055449665
485 118.61115626919181 32.05731314716601
486 118.91851815416797 32.116276745402736
487 118.6488542359898 32.077376820169796
488 119.08636605385355 32.02825795793334
489 118.82170698707728 32.068150002986165
490 119.06395176171259 32.16750793103549
491 119.08336788001894 32.21448936348779
492 118.97738248523316 31.68132018595845
493 119.06522849353264 32.329224943879375
494 119.06280931344445 31.965046125160622
495 118.90522852898684 32.158257633478875
496 118.73458887585983 31.911725135380838
497 118.79343369763076 31.64465938164853
498 118.71668932141077 32.13055259067565
499 118.82369937682476 31.89748393442578
500 118.77494017925453 32.040824801025245
501 118.72897178775386 31.812884956097296
502 118.57660317708093 31.763010283414822
503 118.7785347472544 31.818711341714472
504 118.58593657652212 32.29203274863646
505 118.74959368637943 32.33977196195565
506 118.57447940793327 32.37514405243666
507 118.75659529241403 31.94283128705838
508 118.88006790790159 32.22480421797711
509 118.54125714840347 31.735454073678294
510 118.66838805361887 32.1875981084236
511 118.79859757015608 31.94176946222535
512 118.6850636408559 32.27563125051777
513 118.8900347570733 31.757882655451223
514 119.07654278323265 32.25220098862024
515 119.05257801491769 31.661376872425578
516 118.67098445018156 32.2902750965722
517 118.6407832664434 31.935966884439306
518 118.89424287652517 31.707463250174666
519 118.76959293838237 31.82776523218848
520 118.53378967578763 32.177684572964665
521 118.66093181321642 31.95126921978665
522 119.16999977743902 31.79007025211263
523 119.1645214361487 31.79645782023088
524 118.75085533494045 32.14806290671191
525 118.53423331654933 32.11380551158285
526 119.07068327060846 31.65021270699738
527 118.69163238005316 32.25932538886586
528 118.53671874453693 31.70585890132089
529 118.6735883368098 31.785427900370085
530 118.59621400680297 31.616035645944887
531 119.1239751410607 32.018536539859355
532 118.630608521913 32.2753394543135
533 119.03549646525812 32.33110004666675
534 118.59582527294472 31.962747472262024
535 118.55388004052091 31.68015445698786
536 118.77086465962762 31.993303017293993
537 118.93233065654874 31.83067022539153
538 118.86872257246533 31.850700418635952
539 119.07019183897401 31.784577678832854
540 118.79015310474418 32.35543203751191
541 118.93292879124526 31.915000222659426
542 118.53362343751441 31.59640869977034
543 119.01811469991415 31.99550793384582
544 118.9781895507248 32.15354538939065
545 119.06054427529179 32.24813434972188
546 118.5675919674479 32.19947010772957
547 118.81810151000063 32.155859692884576
548 118.96244594250922 31.754740492274163
549 118.49843142061208 31.87072020555376
550 119.10344799384576 31.968444556260877
551 119.06773056170483 31.732026249910426
552 118.86360960791146 31.936173183775594
553 118.74320426876001 31.67988315105779
554 119.00103527068603 31.668021016289646
555 119.11465777938695 32.26146510949567
556 118.84521260139391 31.731491918286913
557 119.11602817380603 31.972785110285493
558 118.61328596888136 32.10189810877754
559 118.72154853668152 32.36052292587051
560 118.99560625098782 31.84915586273046
561 118.75575961160071 31.756001675474923
562 118.85590643866654 32.3034172006425
563 118.96096405012129 31.84914037774063
564 118.91786855081548 31.80923463544952
565 118.81114166773594 31.715360957201156
566 118.60274439176018 31.959817602563398
567 118.78749770578037 31.775297030601173
568 118.65570589542325 31.88921865324781
569 119.05147989210516 31.86432077214703
570 119.05984004259119 32.097011175931904
571 118.65279148311247 31.950397760343552
572 118.90568652556945 32.13784765067377
573 118.97254731366296 31.841736217178155
574 118.80851330262718 31.870224335107398
575 118.56063305542372 32.39548714472329
576 118.99803555889525 31.793223511716597
577 118.54362898538665 32.21276036146264
578 118.96570950730063 32.16537049070843
579 118.56719826543687 32.11360374397111
580 118.92622589144536 31.688334688541623
581 118.69042189954487 31.598541927260985
582 118.77720390717681 32.19839003944185
583 119.18588018461287 31.6718218893667
584 119.15499482931159 31.79424491990921
585 118.90126404722174 32.387235260584134
586 118.97117126243282 32.37373632543747
587 119.0583490812201 32.34028536434174
588 119.0039376735456 32.061576422332784
589 118.588037392686 31.984326756508903
590 118.80459895221485 31.959766409029015
591 119.08700296843733 31.86590871014115
592 119.02528832457268 32.366632611534975
593 118.64048375381479 32.25558609462665
594 119.09674945330836 32.400163354639226
595 118.92508091376946 31.835932470380047
596 118.70141353874665 32.07292803416796
597 118.53230383017964 32.14561028379583
598 119.02207100731695 31.904677459481487
599 118.80270013340815 32.06037693336626
600 119.1811712537435 31.746521390362613
601 118.67382255980797 31.856998023786677
602 118.55470391737546 31.723002810327483
603 118.66921906010612 32.114228763525006
604 118.78883345071365 31.869927259189534
605 118.51994215913682 31.932069467644787
606 118.76744048981561 31.89369112543404
607 118.67225814415472 31.6492834383875
608 119.1937770978512 32.31139060049225
609 118.62708681061773 32.17682392650316
610 119.10097448694177 31.850504878382313
611 118.60065368452972 32.30897317158835
612 118.90960135892581 32.141378216761034
613 118.95825744804917 32.39281162748067
614 118.88405334152874 31.98758059159211
615 119.1643125555051 31.68676708553403
616 118.79636147605244 31.695283540959533
617 118.94225989412907 32.19679180488058
618 119.10822463423091 32.05345306038857
619 118.6693303256742 31.77108508969318
620 118.87087428289152 32.03433626470809
621 119.17335150689253 32.022404036842346
622 119.0276844027931 32.29794775073434
623 119.00115391885326 31.633231836562313
624 118.7755439206615 31.684703608138626
625 119.09542874972226 31.947292919343315
626 119.07642591420564 31.70417528509218
627 118.80665128132934 32.39255258650831
628 118.89272262922142 31.75900569421704
629 118.9727482929343 32.0890415668896
630 119.0425528860611 31.951107145642794
631 118.81737378495245 32.229018111550076
632 118.7431411978327 31.63553846057372
633 118.60244776816418 31.85438556642556
634 119.01143275524126 31.983905908815714
635 119.02690526447596 31.693201023114035
636 118.63139808286972 32.10529390793712
637 119.10501737383778 32.02550385550933
638 118.60409745206978 32.26016765645493
639 119.07431292042337 31.954438018258912
640 118.59956444433888 31.841121625983178
641 118.95140289518253 31.848156489043635
642 118.87574124482421 31.79265109680486
643 118.59626310906799 32.34786924955744
644 119.01419418105354 32.23796725812041
645 119.03463794509732 31.878427184452416
646 119.11919552334538 31.95265682486026
647 118.84766913958565 31.682227939130275
648 118.87435993382807 32.07266481466959
649 118.95039746138785 32.190017832677015
650 119.12914060225347 31.79564445649796
651 118.77575629352991 31.964075250457682
652 118.96804311922476 32.13042196473882
653 118.92212155092729 31.972478256554098
654 118.62667954951272 32.03311358069572
655 118.97744765913612 31.759171614327677
656 119.10028615669455 32.22806775322672
657 118.83238433997461 31.68112282681845
658 119.17854016227442 31.977970070278293
659 118.88871564442276 31.835083239630823
660 119.11184410170516 31.683827469821917
661 119.03623829398806 32.27852963007279
662 118.78339780976837 31.74686388545698
663 118.72227618361063 31.973295794544732
664 118.77441612135692 32.09310869827693
665 118.74198134144325 31.826733628185718
666 118.53402917456141 31.985920020613104
667 118.51448256874221 32.0245675614358
668 118.7798179100199 31.943636257184956
669 118.63690118908555 31.885958641970618
670 119.09561732183079 31.794830988708632
671 119.1702423820355 32.34345533161893
672 118.69950425353946 32.008827917832114
673 119.01079405085639 32.161527941610665
674 118.75726816328637 32.01497107065535
675 119.10284618887678 31.842281399767742
676 118.81380302752619 31.986037097205394
677 119.15799489615556 32.25695114280102
678 118.96435695212232 32.29412314145765
679 118.58677464592675 32.34804444452507
680 118.59919294829966 31.779114916988842
681 118.78395253238067 31.886426994892798
682 118.90423254864818 31.695183345195254
683 118.85666898033227 32.39464284112392
684 119.11360182078133 32.10584696892844
685 118.50420974467913 32.17304390415569
686 118.57800159251495 31.954679360577778
687 118.71671970464985 31.799249593361186
688 119.09461449062687 31.923192718024854
689 118.50619179770611 31.83594235124679
690 118.88572329202869 32.01861662392066
691 118.4905419252542 32.24392001694658
692 118.88362951693951 32.262912805126604
693 118.83265605193633 31.839364767506723
694 118.5893364091763 31.739377862810244
695 118.91550471013667 32.18946522755015
696 118.93181155189482 31.938403985761262
697 118.8209060170833 31.749952226541648
698 119.04833310345411 32.09705816792668
699 118.54632578669418 31.68794556311168
700 118.72313734428975 31.683897877955243
701 118.85033382224692 31.60560056521238
702 118.72446424925985 31.744166377753285
703 118.59084123782024 31.979778660200097
704 118.57736985411914 31.73570091703765
705 119.03996895755414 31.6468254665314
706 118.68970914661993 31.990858936573456
707 118.95717354817862 32.32451419359619
708 119.1007734934542 31.604352010466826
709 118.71139410179784 31.781570570126103
710 118.63002501279279 32.327767732626626
711 118.89875782333048 32.11486244389924
712 119.06480713012671 32.261506010431305
713 118.75648616520661 32.32614516277294
714 119.09176550113494 31.78199746701927
715 119.1903534335544 32.20487289736944
716 118.97006456661717 31.807568157263194
717 119.1306204791596 32.35476763701372
718 118.57278111411168 32.3741619095506
719 118.77091564899315 31.73151794217147
720 119.10525870163806 32.25817072614793
721 119.00522859142168 31.642684682972856
722 118.57295579267571 32.08015367319216
723 118.6599163603186 31.981165121719332
724 118.7307497308745 32.07093375648749
725 118.95197170419729 32.19910113572741
726 119.02010131232285 32.29291343196921
727 118.83561858129866 32.00308488378664
728 118.51892693446237 31.652086292568523
729 119.12135608091823 32.332889546974165
730 119.15246263497201 31.648896234939148
731 118.74461228122898 32.24299413670346
732 119.06431988116319 31.70225521351434
733 118.86469540606285 32.33177107668223
734 118.81953479940393 32.10612115463859
735 119.14942416034398 31.844704363871656
736 118.51427669291171 32.293491602759524
737 118.79211507150464 31.736408090449185
738 118.65731015906503 31.77203638750346
739 118.83478857158751 31.849745107903104
740 118.82593200122398 31.930937193698842
741 118.62916786934318 31.77982909115676
742 118.89570071019875 32.32620309233712
743 118.7751673952966 31.954174277458044
744 119.14962814549303 32.3565393929792
745 119.15823613210101 31.8094177942998
746 118.77014230628268 31.966925651047312
747 119.03640269755718 32.25602747640736
748 118.94070666147476 32.402647052009094
749 118.76640773397285 31.969098417083828
750 118.67675090632281 31.98035391855798
751 119.14782385659822 32.367045544418644
752 118.64345349188474 31.937088661223648
753 119.04742368219001 31.948166298541768
754 119.03500098144892 32.36960101067077
755 118.6442055825645 32.00309563161601
756 118.75300867083774 31.696775592086365
757 118.79622201888334 32.3676473708311
758 118.84836401555684 32.00216885571854
759 118.91745452108815 31.88499585369022
760 118.74691776627185 32.32825790901542
761 118.92079785692557 31.61766232504053
762 118.7929575189852 32.363922855418096
763 119.17431350821985 31.67010565867978
764 118.97266629359748 31.66330463540048
765 118.87568220814124 32.341698564354054
766 118.90581110921214 31.97030356280965
767 118.58725473879302 31.740960925323996
768 118.68904990677524 32.39403154273488
769 118.99706785805562 31.855795740719007
770 119.20331376360542 32.34610758622361
771 118.71968145824096 31.968436126011596
772 119.20276153422769 31.89718228224861
773 118.74759504082196 32.05587094865739
774 118.81554590501244 32.32836619586463
775 119.18400398820957 32.384546488994815
776 119.0702734714913 32.14884230732809
777 118.87238428571047 31.893914414349403
778 119.18828835149849 32.27269775633675
779 119.18543596986935 32.33638916265224
780 118.61142995265959 32.0411809565389
781 119.04817810037963 32.17042417195914
782 118.68407753126387 32.304357470262225
783 118.70887947598492 32.15486721501292
784 118.81089655771868 32.1144470783379
785 118.83441237113752 31.91262585917571
786 118.60542068487565 32.08425958180587
787 119.02705879237399 31.781216807437062
788 118.50570982284377 31.70435760488184
789 119.17772964255832 31.79786524567352
790 118.67521485437562 31.95232402151218
791 118.99106367153989 31.869478451732814
792 118.87149549723385 32.16821054012778
793 119.08233678820554 31.909222946826656
794 118.63897697988641 31.991975719626208
795 118.51917100922442 31.818335238918475
796 118.61838912358526 31.66642541677184
797 118.98087231706603 32.17391033228398
798 119.06760571359274 31.7644809797205
799 118.60256210810395 31.97331172913305
800 118.89951897170808 32.07899194662817
801 118.53329067744582 32.145638063184045
802 119.08746877745733 31.943787406383688
803 118.56898832601186 31.81132348846399
804 118.62284998133165 32.317724574513406
805 118.94765798721326 32.123265295558966
806 118.81893722925967 31.810873118004704
807 118.68930006037037 32.21953926426027
808 119.15873548011952 32.02006702785916
809 118.87975426630686 31.9367488960405
810 118.61195167586509 31.680302222055687
811 118.79319778566625 31.7840441714151
812 118.99979848765125 31.68985298080191
813 118.82504856782681 32.14948293588466
814 118.56975789635077 32.18690407308898
815 118.6159658475 31.959835297406002
816 118.66665620768951 31.648001855208136
817 118.87224910402695 31.73812611097641
818 118.95129221186755 32.34433791140061
819 118.83364680933573 32.30634720028277
820 118.64440102358054 31.915309643974865
821 118.74385036380734 31.703180023468423
822 119.10961365448422 31.958875532384702
823 118.67152457024748 31.9442208907433
824 118.9590547139246 31.61039215357336
825 118.75787020695495 32.17162277393915
826 119.18071834157749 32.120603125066694
827 118.4961139521121 32.057674826643634
828 118.71345689015365 32.244180958161124
829 119.04201248710092 32.25568902950191
830 118.52375030614421 31.759299022723088
831 118.77083233580326 31.66027572789209
832 119.16514508070412 31.910177836158724
833 118.96408392756607 32.29625622069543
834 118.58381577188341 32.2140884307829
835 118.56562311803252 31.794256076231072
836 119.16562261018456 32.212522813148205
837 119.14664786528242 32.06125151947818
838 118.62783202608068 31.818044703528003
839 119.10724656303978 32.16717760846271
840 119.0232581719895 31.840087579524955
841 118.77683413868724 31.870517284739044
842 118.66257808549081 31.767078813587226
843 118.59090053093554 32.05003639460325
844 118.63524141739323 31.971707428654007
845 118.8629221779908 32.095546403189694
846 118.52751656552448 31.616308960765682
847 118.93069277377279 31.924211167003396
848 118.91902479015785 31.635710228285998
849 118.9455014996941 31.85902975756282
850 119.07705941948639 31.670492015719844
851 118.53981690803259 32.027771483836474
852 119.18913698458348 32.332691436489625
853 118.83774272810922 32.28265903462284
854 118.83444475809418 31.99308108335652
855 118.60557353376073 31.884296043245797
856 118.9518915485926 31.618918918980683
857 119.10736004750383 32.12202725044587
858 118.54751339745006 31.83852888658097
859 118.71794828996579 31.918489375585313
860 119.04585584043747 32.09798302001819
861 118.51772471224392 31.74711021820864
862 118.90131090052515 32.0399377136742
863 118.66348986765048 31.969740568733663
864 118.86287895157923 31.908107391844567
865 118.60191172163428 32.269721196770426
866 118.74217051495566 32.190686569755634
867 118.74987155543485 31.71535213079037
868 118.78215489142765 32.31823941327514
869 119.17604504205553 31.60121844805381
870 118.60558460440502 31.79229597823381
871 118.68083689047276 31.71849729627576
872 118.9816066608604 31.870303299110898
873 118.7556288520668 31.70485862571562
874 119.15359737779028 31.819965378980807
875 118.7576879079201 31.909535057372324
876 119.17346401890302 31.97941778535474
877 118.6228689708753 31.81916873885724
878 118.8274531252587 31.654458568560827
879 118.86467015158834 32.018975025263025
880 118.89910685481159 32.09168933681522
881 118.77183257695918 32.12226298345907
882 118.87199446951713 31.612687555159635
883 118.66862163247998 31.689753810269117
884 118.66915925938648 32.126544785533724
885 118.55267903023274 31.695399817662263
886 118.87183768753813 31.67291023890505
887 118.8439158146534 31.949580626534424
888 119.188490873226 31.892425243214745
889 119.05365233320168 32.134085393047826
890 118.99058096795466 31.62455681533784
891 118.70779357475512 31.795226038441765
892 118.66847614772114 31.823141357022422
893 118.97542201866129 31.85771982190872
894 118.64851946353258 31.611660835166266
895 118.54505181124568 32.0394478600222
896 118.72352881519318 31.606670904284996
897 118.87311835607571 31.840283410622863
898 118.6338835621847 32.33351544176303
899 118.58458810232591 31.731994097161774
900 119.11947004235222 32.115427045386625
901 118.83308602136597 31.97428730840221
902 118.51188972792741 32.340800961389334
903 118.66416371139809 31.94417521803712
904 118.53820315920268 31.76252068369177
905 118.67655791909979 32.390689922020684
906 118.79860850933545 32.17715007195814
907 118.59611729199644 31.708469046163895
908 119.14693486553725 32.02930092884569
909 118.8421691003021 31.846198016729918
910 119.09782836285041 32.303154432685595
911 119.0813739327252 31.731831110887367
912 118.58233301459661 32.113033820798826
913 118.55365067878853 32.362648464446906
914 118.90157358448644 32.340907729254866
915 118.50924194320794 32.33055551680634
916 119.05065343060996 32.13135530230637
917 118.71809152525488 31.843605419445343
918 119.00542885917359 31.657530507097103
919 118.6357080543929 31.731506359190128
920 118.72873460746717 32.31878748255101
921 118.94772500620695 32.17091623043317
922 118.64770728704568 31.673004208020032
923 118.64833128198578 32.38026219394092
924 118.75176098961369 32.003845798818
925 118.50348026268321 31.741349639533475
926 118.97944109145456 31.978756153835775
927 118.58299549817201 31.92833404691578
928 118.66111117551137 31.77486009514361
929 118.5475690174538 32.09681295043959
930 118.8177185601663 32.02260494800637
931 118.67957007194556 31.82301385485163
932 118.86317321537607 32.22199353379726
933 118.97075946180198 32.02323783742191
934 118.64970566854257 31.873352169415277
935 118.73667607565376 31.73545808740956
936 118.88788484424371 32.01075885978453
937 118.66981189020436 31.71919762589147
938 119.13938398342226 32.32331946962696
939 118.53058089428296 32.0055039987177
940 118.59867391553583 32.34231415338814
941 118.70691111945088 31.85751746973477
942 118.96367551109347 31.962225820609394
943 118.56535197600198 32.029614329833365
944 119.12160749579184 32.30947654322573
945 119.12816852282995 31.701078456556132
946 118.95929540486229 31.917471877276327
947 118.7629858834437 31.663170775260923
948 118.69143876080322 32.33885566683046
949 118.73197143989408 32.269756304755404
950 119.11569042596581 31.913221069174337
951 118.8633001666249 32.12483821203206
952 119.15182535821553 32.04750641591793
953 118.83708927362385 32.091018979361195
954 118.65261056983984 32.26515553952012
955 118.56327741365108 32.38140111181668
956 118.97494596971414 31.66225382841461
957 118.711869128402 32.04764909992187
958 118.94938929058677 32.3240028934963
959 119.1473023773901 31.91101041710493
960 118.51154930075315 31.803549250674113
961 118.55277713886018 31.694710542820083
962 118.73568759712649 32.10621343483968
963 118.71601576876624 31.76970893038983
964 118.76470931823084 31.901022490915846
965 118.81085968708318 31.91667298016181
966 118.7916937037922 32.085140018724466
967 118.56750568535273 32.359439743534246
968 118.73188638230366 32.393080564525334
969 118.5853094034321 31.837842733876794
970 118.63531641678628 31.813550172006934
971 118.91683442291827 32.18767951184279
972 118.53469287712751 32.16016968802489
973 118.69888516832691 31.823364210663698
974 118.91992812018842 32.358797114534525
975 118.698389096726 32.24836299424991
976 118.85818298185558 31.759001507819146
977 118.79615478215021 31.993624251031225
978 118.92714032860073 31.66303979839786
979 119.09361266332249 32.01623753865066
980 118.69988285314422 32.047772994075956
981 119.13243015700787 31.756881116114013
982 118.96002564537679 31.67615419289847
983 118.7870125206441 31.744670114002883
984 119.07004638349984 32.007673867150146
985 118.7908338212063 31.652250831203276
986 118.97205572621368 31.74500975844723
987 119.12040328849287 31.74209404834589
988 118.71429203101833 31.939991626917646
989 118.83891072115024 32.0236015135494
990 118.77699819123835 31.888410460452803
991 118.57835803018018 32.113385857466184
992 118.57029746850307 32.332711584886724
993 118.57936402429262 31.786649165093728
994 119.10671927020228 32.38936718310271
995 119.13348540336148 31.869188359481985
996 118.7422826582396 32.08505212420211
997 119.12961544923537 31.88757321656749
998 119.16580491864204 32.14937294243022
999 119.03816912057972 32.292873620722446
1000 118.65919581791762 32.2431185603025
