1 118.94536476928673 31.962391317207125
2 118.89908622109205 31.631650719789317
3 118.62790429409057 32.05911211992949
4 119.0633971043345 31.966045185593245
5 119.16388748768574 31.96522676751637
6 118.94295689230303 31.868764470470378
7 118.909110300932 31.75647246657298
8 118.62454224088548 32.06470734435158
9 118.69478558640752 31.83661487406987
10 118.74494113633271 31.834496466882253
11 118.6225524797901 32.10907281621511
12 119.20275459621396 32.03689466795368
13 119.14795426657223 31.719850632008942
14 118.76060652718476 31.99098546033651
15 118.62004911416376 31.73458205170183
16 118.76166444762083 32.23054506815895
17 118.6280463182817 32.310458235714215
18 118.87422410798608 31.991273216406025
19 118.64120157499838 32.28248265350732
20 118.53867568247207 31.691560231013572
21 118.9345987251487 32.00833299815993
22 118.74745483686365 31.625280832524254
23 119.00918493010569 31.92963644452864
24 118.84345303620137 31.70067198236098
25 118.97478435441825 31.692265835810105
26 118.7403455723817 32.094009637305966
27 118.8923841751287 31.794707578382667
28 118.85279331826224 31.671116994494437
29 118.91250371027242 31.779648030147346
30 118.52608221072651 31.87080310916031
31 119.18393439828516 31.994886164845777
32 118.66020496767811 31.750293349018186
33 118.55082589755938 32.12575762483792
34 118.70487569950312 31.999126034699383
35 118.99402455467305 32.03168971773095
36 119.16755257100722 31.91668045558878
37 119.09828096650466 32.21244610788604
38 118.6958298367887 32.07344564052508
39 119.10204828871534 31.712660832315517
40 118.54004301921279 32.171555784889414
41 118.56800157734094 32.36854424199641
42 118.6331808466429 32.02430119121463
43 119.04449963007949 32.303496509970074
44 118.97307569216308 31.87725169807869
45 118.57910077669837 32.0742941800771
46 119.02261985743885 31.935566793088775
47 119.03170107712081 31.920100310117807
48 118.6090073329777 32.23571762972718
49 118.96561159864027 32.02670718162647
50 118.79157785970193 32.35568632186652
51 118.5454610927487 32.03865333668345
52 118.87706361811293 31.679530115169612
53 118.84327767131926 31.880917058751116
54 119.12739037571333 32.28586096296453
55 118.9460912012049 31.966352910029574
56 119.10775300114358 31.60003131952223
57 118.86541171422733 31.80807572779068
58 118.98084891056503 31.657976697571726
59 119.15848104132859 32.38269408452806
60 118.50120726195183 32.384904516905024
61 118.79231184138895 32.24805124965308
62 118.80369424096384 32.077803233038544
63 119.04059519641288 32.233690827927276
64 118.52135583118171 31.75094911968893
65 118.90197668702794 31.842375518815164
66 118.68929318408415 32.00734502023627
67 118.78640064360252 31.878911010369016
68 118.97064089804122 31.6718130161692
69 118.92084912538286 32.3437261954447
70 118.65684799678358 31.975911179354487
71 118.60885280682767 32.01274939308424
72 119.08043539990419 31.88031621806013
73 118.86129562755498 31.814693480143934
74 119.16616965139701 31.89492192296734
75 118.96948841423908 32.27354408328003
76 118.62980495747787 32.22063943810104
77 118.6185545917509 31.868566743806635
78 118.72894041814153 31.633205420438383
79 119.04098393962538 32.22451371994437
80 118.83955568108026 31.80686224192677
81 118.8989899412069 32.07109605878825
82 118.91138557462305 31.610327074713172
83 118.6567151527692 32.12004740155567
84 118.73404706991987 31.929641552148354
85 118.6861168631971 31.98303406144784
86 119.14303619224181 31.94777006597542
87 118.51230900244327 31.88037051467524
88 119.18139058130308 31.99609106475614
89 118.61472017133264 32.38815236698939
90 118.83510461012614 31.717833386198087
91 118.69164278077844 31.864093311606712
92 118.69646640723363 31.610968557734317
93 119.02545418303184 32.19842110938725
94 118.9898989886782 32.13917075185707
95 119.03791774707433 31.77024524550437
96 118.61870110907283 31.910984079072417
97 118.65980743319791 32.12419155342929
98 119.02918290086379 32.14856226975446
99 118.57176944624504 31.709479062632756
100 119.10114679195843 32.33534524292551
101 119.11755260019794 32.24222608199064
102 118.85213265431685 31.67363261206918
103 118.97362454672047 32.28518282693083
104 118.74106071480155 32.22342378320889
105 118.93979592873681 32.260697400699755
106 118.52308325949562 32.02104265047302
107 118.68033512267566 31.792445161999904
108 118.79646762241879 32.36664911537395
109 118.87705529522415 32.09580029949008
110 119.195962522799 31.882311304838673
111 119.19414859117967 31.83367138495938
112 118.5841972821581 32.31311340642447
113 118.71689249221987 31.96267974546309
114 118.56225196595936 32.03433722733575
115 118.72874805172927 32.12375948612899
116 119.13866863284787 32.28842904017327
117 118.91484859538028 32.077739545921105
118 118.52536194711203 31.763256594838364
119 118.89978879003316 32.06410493829025
120 119.17442647598345 32.01002909865008
121 119.19957046885291 32.02874192779817
122 119.1346859911721 32.15229494962747
123 119.02899352293628 31.789689311993282
124 118.6599618734395 31.754097893523447
125 119.12295273079528 31.679799542278
126 118.73389767451647 31.843457474196626
127 119.12934249988747 31.598894109383874
128 118.52153366962686 32.07744792471666
129 118.56482059028308 31.83803654545434
130 119.06033555615996 31.754292199618394
131 118.54810882739534 31.689573772377667
132 118.79645885385334 31.80197060958836
133 118.75626426021519 31.776285983969046
134 118.64827896018348 31.823142227792626
135 118.76728667881903 31.967463183246256
136 118.85213147899073 32.0405133667764
137 119.10742471674116 32.24009316934442
138 118.93491432022614 32.3729271079236
139 119.1368713950244 31.63868766123395
140 119.1098935857833 31.797222252090688
141 118.61472134491783 32.09768751363816
142 118.77510036625631 31.76914135518743
143 118.84730555271278 32.3011499366376
144 118.6877677815459 31.74464570421332
145 118.89106157706406 32.19633519084267
146 119.18977497966392 32.082017270811875
147 118.65921251079767 32.219302138144926
148 119.07040294420817 31.63003817005357
149 119.20745577985925 31.798697385433034
150 118.65108793981474 32.1718339173449
151 119.12373174242119 31.70906055073083
152 118.61716169081093 31.625765740918304
153 119.1507506932612 31.894473101163978
154 118.70158164558856 32.09252792947257
155 118.67308273844279 31.61875024981351
156 119.13934500697866 31.67947364802697
157 118.69952307333813 31.604677970317603
158 118.65891880837967 31.907601624519074
159 118.71766269175662 32.15108705439999
160 118.99999870786172 31.762143330006488
161 118.52253411740553 32.276211529257374
162 118.63224030382459 31.947870096256032
163 118.58296148276881 32.09519726734321
164 118.84641129798825 31.82774923963438
165 118.5204508745638 32.12257874121933
166 119.15551695845537 32.39735973333796
167 118.83173454967803 31.9600829786083
168 118.92186110070925 31.76048289014731
169 118.64320561582178 31.95953074899532
170 119.00557493575748 31.949711551510873
171 118.51048275241521 32.01671770805583
172 118.55433885265828 32.01679763087284
173 119.16305928406501 31.626181305412743
174 118.63038271248168 31.70569595010743
175 118.83829897627213 31.97726144630865
176 118.89253481132424 32.16959321621256
177 118.62014312035782 32.258193041188925
178 118.91811291699152 32.17727755777427
179 118.7151723125931 32.01689753971898
180 118.97713927878945 32.37490638999669
181 118.70793614098045 31.862468842731626
182 118.79017322886632 31.98300267554795
183 118.84415621314427 32.22869996621317
184 118.49935196146755 32.24940608913305
185 118.59236732621383 31.921545927567383
186 118.55241822964213 32.277534595395466
187 118.80663434469787 31.941925777680996
188 118.88108461839587 32.18228216365088
189 119.16168954379881 31.57222485778918
190 118.71762809398942 31.600544631309646
191 118.61142746560256 32.33691193561581
192 119.15789774334498 31.695356089589254
193 118.88142845497376 32.16246186887362
194 119.16020085866187 31.84031890251226
195 118.72363850221078 31.74263161052212
196 118.54287370766875 31.90170387024846
197 118.85382244365556 32.34308684564462
198 119.2237464751699 32.0683564747919
199 118.54424928126326 32.33216344193915
200 118.85576298990699 32.1551917138899
201 119.0859215993206 31.96882168804362
202 118.6810881383176 31.99288411939467
203 119.06495260516839 31.766324591355737
204 118.54414770017588 31.624616274054382
205 118.71301303229549 31.915165788682426
206 118.62585222731556 32.035346126343065
207 119.15823142378738 32.320152285595185
208 118.95753038907473 32.12872941727899
209 118.71957445393716 32.26299861400482
210 119.14312281538615 32.300873641798105
211 118.87941762940747 32.32270881860919
212 118.73483554699682 32.25427818597082
213 119.00188767816363 31.71425455864583
214 118.94383367746123 31.860796766453234
215 119.18301580595885 31.74672528326595
216 118.5230949784296 32.30344590259632
217 119.08512987888754 32.20895889723938
218 118.97661346433793 31.90243163265997
219 118.59580103390095 32.04982125857827
220 118.75250603876628 32.27037625899947
221 118.52325752224444 32.2903851469181
222 119.08559487688267 31.75041523464406
223 118.57733864806437 32.21500295268783
224 118.64827982544061 32.26533428739228
225 118.96327033518989 31.67943950106334
226 119.0572413014149 31.67806126982989
227 118.6997030655916 31.94526633238853
228 118.63341298027495 31.768491048489913
229 118.53554100446708 32.295135884054915
230 118.55494666349816 32.1921406100161
231 119.12965563045321 32.168803130686136
232 118.67101200793542 32.19256272923259
233 118.76267943392479 31.825002070222766
234 119.04040652037475 31.776610079198598
235 119.16711617060268 32.09821949323161
236 119.11778481766319 31.91266407638948
237 119.09630226227036 32.34468151021346
238 119.07930100826424 32.14545178998585
239 118.75678208758876 31.8966098459879
240 118.95009586191492 32.26791340678286
241 119.00423129974922 31.92330457994997
242 118.80279312239544 31.724683367551833
243 118.95943602705809 32.21204309914492
244 119.17742926464007 31.99378318446781
245 118.7075005389431 31.796469249588053
246 119.16175401379193 32.131341420205075
247 119.17168158146447 32.3902230154678
248 118.90945486720003 31.79295001318009
249 119.16653346339037 32.2394696551109
250 119.00194554161533 32.20045538540909
251 118.98644771414541 31.690588061969027
252 118.57939188902697 32.28613852422683
253 119.0424048207548 31.968263356492457
254 118.5984390439976 31.67023893338719
255 119.04915850962314 32.026556263286714
256 118.52630541058299 31.879904963951297
257 119.13125004349655 31.717316450174884
258 118.6260338095876 31.641318129336344
259 119.08235895997713 31.778301002361125
260 119.13038051383938 31.950062424783056
261 118.53744388491951 32.11793711076485
262 118.57752066580005 31.670369872139297
263 119.15636314133957 32.157077110555036
264 119.18521233178731 31.695559651905864
265 118.55258867920679 31.729225138126306
266 118.94772392246986 32.19354921248773
267 118.75888834894465 32.280230063494976
268 118.53013927468989 32.3445231358942
269 119.10132251359317 32.106843039932905
270 118.95569414702788 31.97074540029858
271 118.58254483085165 31.686384030027504
272 118.80770663790108 32.079777306816766
273 118.79185865503257 31.724283123365037
274 119.18078985897345 32.00361888234163
275 119.1956464113582 32.086004790835965
276 118.6553082300645 32.27744064350409
277 119.02850890361948 31.86065689958435
278 118.94359269363852 32.398906633353334
279 118.82517554709122 32.3723543415124
280 118.88004966807911 32.30208173279908
281 118.80312868850183 32.18716919511603
282 118.51710170780763 32.14938880765412
283 119.03012998746422 32.313272102279754
284 119.04390304218238 32.35802784131062
285 119.12871378443558 32.25486235100471
286 118.83678568326967 32.135925504251844
287 118.56116438442939 31.709966889304198
288 119.16280976838536 32.084151224064385
289 118.69873736655015 31.863442662504248
290 118.5737902496336 31.715792669347316
291 118.59485756287256 32.302675843514415
292 118.93385649473504 32.260536831608476
293 118.7655294395214 32.015737628895025
294 118.98176743303043 31.97987273634655
295 118.52105802647672 32.01097860329005
296 118.51421092569285 31.817849135069533
297 119.18492906152981 31.9163471737078
298 118.53277293707437 31.950276519871824
299 118.77273047161039 31.62790472901984
300 118.53461228052906 32.29895520842649
301 119.15228332964331 31.640457830868286
302 119.10245031779179 31.927873834656534
303 118.903215185578 31.70326946869726
304 118.57983579221053 31.78353886976133
305 119.08018736436895 32.362791589561716
306 118.559600720788 31.899908912814546
307 118.79171359331428 32.171311277902014
308 118.73161306579091 31.6856211209658
309 119.21752342842649 31.774846907336205
310 119.19063931052857 32.29400704965465
311 119.0820488876963 32.318203026238564
312 118.81724600533278 31.796409656953912
313 118.85128720817436 32.375464053518904
314 118.88581642532729 32.1469139707139
315 118.88313671886286 32.01799996681523
316 118.63445536794778 31.884358014120473
317 118.68689385538312 31.85611365180881
318 118.99473112595274 32.38911204173476
319 119.0975008519159 32.17310107589598
320 119.16501101501011 32.00559411555771
321 119.03786161791548 31.626620196643312
322 118.91931083722424 31.802928373334307
323 118.53765825428563 32.35254364648179
324 118.55704779517934 32.023549017723674
325 118.63059065567694 31.86876433845189
326 118.97572997445116 31.630045539639575
327 118.69754039036228 31.82481697531191
328 118.79608818895427 31.792307896563923
329 118.59459226572386 31.734837668656258
330 118.65433593778614 31.883598047412505
331 118.7515103757179 31.74768081587074
332 118.92817434749445 31.64836909455822
333 119.20018520584514 31.70220809951954
334 118.61458269594516 31.982864805893904
335 118.71103553375244 31.642865813594053
336 119.20496322548219 32.35628174800703
337 119.10988473397573 31.764279925799073
338 119.17435088683311 31.99881967197992
339 118.87176311817326 31.932091154508175
340 118.65393658755806 31.851672509908408
341 118.63551715252989 31.86502910223002
342 119.06316574423441 31.80496997765213
343 119.16736823136675 31.83238114556439
344 118.91668315014732 31.702430482607387
345 118.95235299177301 32.13824057456238
346 119.15387838138511 32.096030266548276
347 118.67350808579037 31.835666135340496
348 118.88928808031659 32.320374854904664
349 118.8847574117051 31.915306458820346
350 119.13607946313445 32.11452035650642
351 118.719061957246 32.013752128518206
352 118.59460463712999 31.855957341915467
353 118.60524926281117 32.31470322316979
354 118.68045594245908 32.294873532886434
355 118.56207234372216 32.25974278246424
356 118.69997391437077 32.36264755562627
357 118.88195193919242 31.63311793049773
358 118.81359878807915 31.98992043874322
359 118.94276680936389 32.351999836540166
360 118.87053456873964 31.705737735098097
361 119.03190647791878 31.781231763764268
362 118.81363932611764 32.01646464597997
363 119.05233450508503 32.11199389356208
364 118.81297422257711 31.876557611452093
365 119.02306849446055 31.837779123827715
366 119.00670564275305 32.2260766224462
367 119.09392640123797 31.607442226284366
368 118.62060506917128 32.23933490151047
369 119.00074102850601 31.94840864701668
370 118.48166963230422 32.119993741244805
371 118.77077701073716 32.16923648698355
372 118.9184418625707 31.67140399480898
373 118.48561691029131 32.34297375987285
374 118.5241271560778 32.25603329980419
375 118.65063769979392 31.87769046970115
376 118.79061572580434 31.756339581622026
377 118.96903976840007 31.6594338034401
378 118.65126482940192 31.878148619507293
379 118.78141809563118 32.17846531642184
380 119.15786254208813 32.281242725741215
381 118.72033194209654 31.85449244275714
382 119.02131592712225 31.784844129716756
383 118.92975007311459 31.8602236324722
384 118.54976737610937 32.3885710716441
385 119.18011129261205 31.662217609872396
386 118.59875201657171 31.731452675833747
387 118.76564814361338 32.160850140533405
388 119.18141716292305 31.692453835301038
389 118.68321974348949 31.772385525108763
390 119.14357340594108 32.272328083809484
391 118.95074773073141 31.851780902117824
392 118.60841475674992 32.083728055458266
393 118.59674510412133 32.03970436857495
394 119.17908626387161 31.833626888622028
395 118.8048561552711 31.79643110348624
396 119.05642044031451 31.802704502444957
397 118.58839597965081 32.31945177764922
398 118.86631530502802 31.610427889017355
399 118.57952804992367 31.69502473844636
400 118.84294785314306 31.900258464710284
401 118.51498243469351 31.759991223545953
402 118.50166096097999 32.029945854319514
403 119.13063258602318 32.02027861960852
404 119.12493464989413 32.0142857799995
405 119.0209855305744 31.842358902988522
406 118.83834492307317 32.01598860939905
407 118.62700007908151 32.21812928484409
408 118.99239866688708 32.23567009654432
409 118.6443774354842 32.043150769181246
410 118.52936461317475 32.26381675161428
411 118.71874583334937 31.66891526210426
412 118.90480774718388 31.7156752671043
413 118.90572223744768 32.2002449799824
414 119.07846315394492 31.897633784790514
415 118.75580350730318 31.884637386569707
416 118.57585591240307 32.06679797679275
417 118.53263187447222 31.92257691817228
418 118.6485948385845 32.329353262946164
419 119.18050478234883 31.900486896848275
420 118.49699282791548 32.263544556246664
421 118.9434234188004 32.111252908269876
422 118.81640480017107 32.33623630287663
423 118.65146606748405 31.985998904548925
424 118.99881114057763 32.358063925529684
425 118.9037344244971 32.042940683105016
426 118.55524413377219 31.62302841436428
427 118.98435564847713 32.18940654030234
428 118.5214480814506 32.275827527003266
429 118.66612801424834 31.657116476641605
430 118.88597323077018 32.364505234308794
431 119.01468271050804 32.050579155122136
432 118.8762791284836 32.18538779664097
433 119.10125513464949 31.78828847246967
434 118.99137703561894 32.35510534192293
435 119.17563291131664 32.120723095630126
436 118.69327741351532 32.0643714706115
437 119.18320253838 32.348697857054084
438 118.65732710236598 32.05217067515053
439 118.64634469210618 32.02211507980107
440 118.61765362029578 31.611293001101906
441 118.58443064841445 32.02282543128423
442 118.95065988267807 32.180778452332504
443 118.51346600764737 31.89666969725164
444 119.07360968050895 32.166515639665086
445 118.96165801661671 32.04203801551318
446 118.74145863595545 31.779869132331605
447 119.12768291102935 32.03305914729968
448 119.10830377248143 32.01070716162196
449 118.9379475994418 31.8749946963932
450 118.52941072929467 32.13727805450465
451 119.19039605452522 31.663206916514593
452 118.91993168950708 31.89385982082491
453 119.15543682630687 31.94512669451651
454 118.60348960533815 32.39317985592985
455 118.5089115064101 32.166190050625715
456 118.72273105144552 32.11647080803453
457 119.03439479855265 31.743183338711294
458 119.06842091970238 31.96273592882257
459 119.09189555454637 31.897815951334145
460 118.72987873953186 32.34780497081479
461 119.03510982998036 31.95693855616538
462 118.59735378570826 32.284205722772235
463 118.8911536441313 32.145575464228244
464 118.52346070595816 32.27118190309438
465 118.99012830188553 31.573903373922686
466 118.76020755398149 32.335509674329046
467 118.56196892377149 32.35650840861408
468 118.99197860627848 31.726433442442612
469 118.79599932758342 31.631809642897657
470 118.72026347661317 31.86662478531368
471 118.75064038429612 32.02932463532816
472 119.04750105187826 32.039491377829066
473 118.79762941811032 31.9793984835501
474 119.11321471069355 32.32036769508675
475 118.61438806127246 32.01471274598276
476 118.79104584159565 32.339125784255835
477 119.1436613362088 32.064961250532484
478 118.90844257882344 31.76104015484502
479 118.99817406788578 32.39147775545422
480 119.09916494918768 32.38502502823238
481 118.86954912722265 31.95523629493489
482 118.60330215344085 32.21924820840597
483 118.73083022311815 32.13100191907501
484 118.68000374565149 31.753264342784192
485 118.62499257310202 32.06629957446928
486 118.89764712030959 32.11136007194108
487 118.63670294422542 32.088717997911395
488 119.08016934262776 32.048560328383815
489 118.82822517736895 32.06581759903353
490 119.073402156114 32.169630355422086
491 119.09606884273755 32.1925196784836
492 118.96619602265561 31.66357855034165
493 119.04533842090258 32.34594345113463
494 119.06721061690013 32.00052429542603
495 118.92713166595681 32.16649110689073
496 118.68609050212669 31.908560554703875
497 118.78840292713058 31.66422455856083
498 118.7196186931955 32.12300032358105
499 118.8201066488305 31.913840148727292
500 118.75206464772964 32.02040823401995
501 118.75794714931877 31.79765564329097
502 118.57433630954456 31.774159563602474
503 118.78787999721249 31.834225913787073
504 118.59306744686933 32.314284635548866
505 118.75649419057565 32.357893130322594
506 118.56672993297443 32.355582534457774
507 118.77379577781309 31.952699394615408
508 118.89010988382 32.21660697253151
509 118.5419737494178 31.729211649275474
510 118.67275993997964 32.188160487660554
511 118.78156203598716 31.948989425158075
512 118.71888969419773 32.25112748909502
513 118.88359345316252 31.766148635057696
514 119.05946629515984 32.24337600658457
515 119.02755546529492 31.678841366160974
516 118.68289474026167 32.297027984335365
517 118.6376111636084 31.944906299769116
518 118.91931163925724 31.747841118986486
519 118.79617291638681 31.828576253242666
520 118.56346922263457 32.16729361808733
521 118.64120216679899 31.95904405164463
522 119.16785312807664 31.781411459243937
523 119.13584275438944 31.812472923252013
524 118.7344537501861 32.14702238318721
525 118.51549079188794 32.1143275873647
526 119.02856038879129 31.65409679320433
527 118.67950287630991 32.2711832923658
528 118.5280695129608 31.692876812564172
529 118.6813840472379 31.78179962424798
530 118.58244581454075 31.616347822147162
531 119.13294739042018 32.031246126127435
532 118.64452518505563 32.31760434223067
533 119.00462757159784 32.32973750048744
534 118.60330216800413 31.965895913306603
535 118.57356383488973 31.691825838197023
536 118.78915612357731 31.998365427799477
537 118.94132201326072 31.820356169440664
538 118.89504647481029 31.84729860071928
539 119.03902022261559 31.7587402805552
540 118.7729753307303 32.35431989296547
541 118.96706523523835 31.924817739099485
542 118.54382704679713 31.60072025059076
543 119.02962717140403 31.977684232924226
544 118.9686991699543 32.112387529997775
545 119.06569534289089 32.24208787542355
546 118.55137900104643 32.18614950167032
547 118.82916468238449 32.148938781153866
548 118.96580013728577 31.78553616420859
549 118.46594029668556 31.859189197368714
550 119.11854068037742 31.928546357928585
551 119.06333841001518 31.74199588373227
552 118.85885480960529 31.973121221329414
553 118.74244393833652 31.683705949453923
554 119.02061117418279 31.685359879640203
555 119.12851934828846 32.25414514839518
556 118.8816377093433 31.71721502379759
557 119.13879051715445 31.95434830350054
558 118.5783729570369 32.07243809200415
559 118.72258091076795 32.35768335988978
560 118.99884611632609 31.866148884785417
561 118.77360840229184 31.712852748451105
562 118.86245515839565 32.300427920254634
563 118.95839874920155 31.833250271523966
564 118.90118827688211 31.826425235750534
565 118.8128624447159 31.736177223438407
566 118.63056130132118 31.95029739249012
567 118.77647101976906 31.74489439562423
568 118.62703760676247 31.922660071172835
569 119.0250483262172 31.859056238352572
570 119.05829915053367 32.12589423181058
571 118.63282574126785 31.957216999685734
572 118.91877037599141 32.102591965587365
573 118.98499089291339 31.83934688076876
574 118.78327637290008 31.90033018033534
575 118.55695113344207 32.38875508700351
576 118.95585566933873 31.796753439862535
577 118.55502594764731 32.19725537976363
578 118.97832007474145 32.165927922446215
579 118.57133940008389 32.09466771871299
580 118.95853947582103 31.68340563530075
581 118.68108085737892 31.609170719576102
582 118.7528180279243 32.201253884000614
583 119.16387452870534 31.638455581540516
584 119.18514737058597 31.800697121708602
585 118.87408442177228 32.36291742244724
586 118.95530355214203 32.39703830830552
587 119.06241814957164 32.35502763840561
588 119.01448935533791 32.04432597372206
589 118.5827027410124 31.984916253146277
590 118.80694275347787 31.978145564746487
591 119.08464823102585 31.886643206664495
592 119.03006083887516 32.38967470644769
593 118.61769298407545 32.23109628520567
594 119.0796097234548 32.419682911668716
595 118.93823446943895 31.8306763269501
596 118.69773289192575 32.08519767337396
597 118.52461062293771 32.12175280561679
598 119.01221582627817 31.91920274709097
599 118.82655845947123 32.06555317265714
600 119.1887338553806 31.73077036326717
601 118.66621394929781 31.831785892513267
602 118.56473402155189 31.724440204140752
603 118.65785179333866 32.07144741283381
604 118.80218393092986 31.875291301252094
605 118.53598289204305 31.948986779796567
606 118.73204556043821 31.884854985217245
607 118.65932552662629 31.625440174105822
608 119.1731151473134 32.32280494440324
609 118.63529351299239 32.164187578936655
610 119.1198041602751 31.848796271490773
611 118.56560782547882 32.32811028897838
612 118.89583646969386 32.1429781440732
613 118.92437582496957 32.416145697852755
614 118.89612180637917 31.98385643360328
615 119.15415814619399 31.681452768970065
616 118.79048053753593 31.68583789002851
617 118.93205194736333 32.18021836843975
618 119.11568099887934 32.05425135060372
619 118.65964267446884 31.768515053927366
620 118.8537210243282 32.006507044065614
621 119.183584796271 32.03361077405946
622 119.03049494538476 32.29200382959653
623 119.00088029102544 31.61128045233435
624 118.80078667096635 31.694519849767314
625 119.10218038319584 31.914683908507037
626 119.07543932905027 31.6848738806735
627 118.78708323675811 32.37164727776036
628 118.89048455441335 31.762222576429153
629 118.98512835663492 32.08410293493143
630 119.01618601307086 31.95003834789026
631 118.84630995328767 32.22910353633273
632 118.7505072745585 31.63479753703587
633 118.613859706433 31.866226637882612
634 119.04041943352354 31.974304249838536
635 119.0212695500878 31.677665401828055
636 118.63209507352985 32.087803076628
637 119.10533455686688 32.014085698508296
638 118.61282422381636 32.275069203255015
639 119.08492320007943 31.95416648230331
640 118.60299640927295 31.8646301945062
641 118.94965996119213 31.86388369744118
642 118.86632318571759 31.823436232159636
643 118.61211580022054 32.342863984553794
644 119.03989210309777 32.23191380507249
645 119.00623454283755 31.870699720504714
646 119.10429029364082 31.947893484088183
647 118.82576366728367 31.68676834042969
648 118.87674423372205 32.06779130586522
649 118.97412894264397 32.18620131747886
650 119.1109318650477 31.805150429035734
651 118.77431295333398 31.960713521100484
652 118.98223863290848 32.14230438040585
653 118.92515018718444 31.98130446051447
654 118.64523171285092 32.03952955610687
655 118.97833221676058 31.771718538804013
656 119.07217019628234 32.21904701007069
657 118.81830992542403 31.686078537271563
658 119.17498837864764 31.968895558138286
659 118.86260156058314 31.84027080452248
660 119.12718369754377 31.6953271675679
661 119.01813221553844 32.292356537309786
662 118.79095471465949 31.77122719175612
663 118.71753192270447 31.991928127771086
664 118.78388677525066 32.09455532320284
665 118.73711925318119 31.835271077275156
666 118.5077294272878 31.995984108958453
667 118.53784575431534 32.01501850777805
668 118.78262150694691 31.934462704660667
669 118.60642197406946 31.88105921607672
670 119.07535757718247 31.79995603317136
671 119.16996446464903 32.33546064369773
672 118.72606965601389 31.979723978688277
673 119.017645180174 32.13926564357763
674 118.7467909784117 32.01830786665125
675 119.10677320535144 31.85725571216758
676 118.81390164141791 32.01673746956312
677 119.1317799355887 32.24234541856042
678 118.99671679448477 32.287563048214864
679 118.58342838968203 32.35804737442978
680 118.60847395127203 31.808556149598367
681 118.82424654227948 31.887140285678
682 118.89948744835598 31.682614429099274
683 118.85155985816863 32.41352482555196
684 119.14125604135536 32.1185805732005
685 118.50502669935605 32.15760346998928
686 118.59027044532735 31.962881564785356
687 118.69591878332149 31.808510675616052
688 119.14372911301672 31.9182008412399
689 118.49521794082483 31.83628189425294
690 118.87739625433909 32.01942675065854
691 118.49839054152939 32.262245680263355
692 118.87985461887021 32.25640619907196
693 118.83319210188026 31.850204148852388
694 118.58107134139104 31.7330116908966
695 118.9442612596341 32.18667537769217
696 118.92457593497126 31.93421009982717
697 118.82734987255722 31.72630544226469
698 119.05129740119891 32.10776014896358
699 118.54356296822678 31.682846357362532
700 118.72245372876223 31.66857276989567
701 118.82743079524754 31.591596101127173
702 118.70967891009366 31.74998265418451
703 118.58263575762582 31.97331207634947
704 118.58055032568726 31.75483690872434
705 119.04433629863225 31.638050275643295
706 118.69529099006876 31.993934410968205
707 118.9692795732075 32.32539439266059
708 119.10039282729207 31.618050863885863
709 118.71450260124124 31.79648375901839
710 118.63795904750681 32.34817410945873
711 118.89824414566172 32.11873813547346
712 119.09126802160114 32.243349106434465
713 118.77467668515482 32.30775261779135
714 119.07337542224501 31.767035595732978
715 119.20357213670994 32.203889090896396
716 118.97306226744591 31.827354000995182
717 119.12654106580409 32.31807058345271
718 118.54879048216692 32.35010949127841
719 118.76857041588828 31.721949440876624
720 119.102736023506 32.296147980412755
721 119.02780610281029 31.63494654518309
722 118.58566435271572 32.07209405364956
723 118.66389042858167 31.971375094086653
724 118.72258477296376 32.092848015048425
725 118.94429830013148 32.19312334142071
726 119.0156446170776 32.29394351075121
727 118.85632191290827 31.997178636641465
728 118.52202471809204 31.63880673970097
729 119.14348650971489 32.353963330530966
730 119.17160887371475 31.65047805263414
731 118.72987099327307 32.242985508296954
732 119.07323766610085 31.712289333610844
733 118.87718532759767 32.30385884002038
734 118.82879760466312 32.091969940500306
735 119.14463429787817 31.852550499662463
736 118.49226657890402 32.26252581979536
737 118.7694981366251 31.737388563049304
738 118.65572671060772 31.77970140271541
739 118.82594310623867 31.828577796391386
740 118.81912695441886 31.91808163935779
741 118.63798241694363 31.792917594589298
742 118.90675413192224 32.31800514464817
743 118.75162330332078 31.957052003963106
744 119.1164730212697 32.381616464959315
745 119.15757147079213 31.835190036921187
746 118.75127736082268 31.97201343662452
747 119.01897395720391 32.27512502609105
748 118.9465686225966 32.39375123181385
749 118.77186937134326 31.965301592462435
750 118.72898040093918 31.97286240059114
751 119.16515256731392 32.350715477716285
752 118.66098043934166 31.93299794170086
753 119.07075146480356 31.958124122360918
754 119.03674184991895 32.38941173932498
755 118.63155728110715 32.00668471837444
756 118.77172603430729 31.675494679730956
757 118.82161800946255 32.36497251037154
758 118.85424017946008 31.953245386281345
759 118.93291671356258 31.885141515065648
760 118.76897458547467 32.2984483969871
761 118.94255709599568 31.6164109463382
762 118.79834737453542 32.37604106509737
763 119.17163109648807 31.66383711853071
764 118.96616264942882 31.63441106674016
765 118.8186913825015 32.319153329242866
766 118.8865284802639 31.96280656618572
767 118.58457803730334 31.731837495439365
768 118.68885722048475 32.39204094804381
769 118.99819476323941 31.844660596293508
770 119.2244251054077 32.34358891827338
771 118.75360705434599 31.984257580864583
772 119.20773890807621 31.918373334548853
773 118.75825635065081 32.05207759521313
774 118.80118627907314 32.33612118010149
775 119.18141812646031 32.39129896223201
776 119.05071887925554 32.136722366562715
777 118.89936957258273 31.895665519605924
778 119.18154398727802 32.26527317897279
779 119.2057317098189 32.35136887777252
780 118.61534549102925 31.9971116024248
781 119.06915306319692 32.19116436412491
782 118.68608396089927 32.34311466979107
783 118.7119235711628 32.15828945830921
784 118.79226036392228 32.115043130291106
785 118.85024998379764 31.877671210405452
786 118.58489237216835 32.09906589220811
787 119.02764583798411 31.776194832859428
788 118.49574915574442 31.714015144764893
789 119.19313114215211 31.794053780174128
790 118.71158005979522 31.937791354851228
791 119.01624761150381 31.87055047458202
792 118.84986976046466 32.16070320529202
793 119.08493866613681 31.910611391907786
794 118.59917581536943 31.96570102209345
795 118.52383171670544 31.82017327938669
796 118.61792924551783 31.705637757942178
797 118.97271524978134 32.16793281768689
798 119.06377866868785 31.788950502591614
799 118.60411440851955 31.961143670976384
800 118.91336602673309 32.08726727554793
801 118.51705886130034 32.13417537977915
802 119.05607137035297 31.94595408727134
803 118.55669542436807 31.808823471262883
804 118.63448903439219 32.314092933615385
805 118.95488295229096 32.138578886686055
806 118.82752195193844 31.776562586163745
807 118.69375740797932 32.23743451438502
808 119.18563317120115 32.0498936908003
809 118.87808448186185 31.965066197348477
810 118.60780678307674 31.71032447775413
811 118.80423857443245 31.784456851549454
812 119.00614681775996 31.68860787359981
813 118.80989849919706 32.13205449289042
814 118.59054139563939 32.190696671263304
815 118.6077013072504 31.975478940058856
816 118.6768711158379 31.651508351300517
817 118.89238319787485 31.713264457114754
818 118.93884043980577 32.33701457802207
819 118.83257028661556 32.32088871501198
820 118.62560578431538 31.91639591881336
821 118.72776223233447 31.69643900511521
822 119.13421919895475 31.977787021971785
823 118.67965173825391 31.927230014092952
824 118.98624737423803 31.608203086810114
825 118.74716506640955 32.193520381421266
826 119.19769630801873 32.097134470485855
827 118.51366890643041 32.03218856375947
828 118.70750236230246 32.24065555129609
829 119.04175709661754 32.2861981953232
830 118.52496279622454 31.78365819506037
831 118.76009862634666 31.657041656473268
832 119.1722312005712 31.90764359067845
833 118.97980255655374 32.27920276202745
834 118.59506081079441 32.20591687589132
835 118.54754760437163 31.80771807211896
836 119.1659947352925 32.21599799475845
837 119.15262902300235 32.06770608791141
838 118.61557184922917 31.786552096075127
839 119.12404316441382 32.139174875893886
840 119.01123961352664 31.833817301715598
841 118.79882762756566 31.878779406634095
842 118.64421842694118 31.753657930751796
843 118.59605758511755 32.06297111947997
844 118.65204503427054 31.978093139924713
845 118.80595072691527 32.09391294263383
846 118.51088149810967 31.59870087335547
847 118.93333742235883 31.930372552597262
848 118.94214807236665 31.6539571290971
849 118.89546725947388 31.851005000309797
850 119.08806712035641 31.67913300506539
851 118.5541727174399 32.0571627192613
852 119.18801050344851 32.34661767727741
853 118.8194993706537 32.259572157074075
854 118.83621859662588 32.001216249440795
855 118.62367508495502 31.875360705544963
856 118.96615284298828 31.60286791002416
857 119.12712798965426 32.13320401355419
858 118.54414260820535 31.843918374909297
859 118.70531705931145 31.93591842056389
860 119.05168816998776 32.079059471685284
861 118.51879823932218 31.73550289524758
862 118.8966986151229 32.042530032581496
863 118.65008067316963 31.958896214088362
864 118.87335216246727 31.899512157818467
865 118.61117252852735 32.28119078787354
866 118.7554244550315 32.2052364576412
867 118.73230069231107 31.688810273020522
868 118.77260827649195 32.32090718925547
869 119.17257163133226 31.5597098655982
870 118.593659478252 31.772058777507098
871 118.67814216222524 31.70512068001437
872 118.97642090631884 31.86322814450151
873 118.77328061674237 31.707943717931403
874 119.15221841433414 31.81277917651254
875 118.72876309983404 31.92427145844682
876 119.16447607642175 31.959551839720454
877 118.6064713473786 31.824801548237808
878 118.83293046413854 31.64901940348387
879 118.86832086984779 32.0250163435378
880 118.93644964882692 32.069074590288054
881 118.76913411281984 32.125578308002005
882 118.87587520670188 31.594065588263305
883 118.63386605532574 31.67717873446739
884 118.65721795454195 32.13747877749619
885 118.57235040677405 31.733853243101894
886 118.88083706323837 31.694406831452387
887 118.82775980510715 31.940216685629686
888 119.18981704656856 31.90458558306635
889 119.05745978123399 32.12188151667624
890 118.9978547845467 31.63246787964054
891 118.70951931649692 31.791089564174456
892 118.66625490784885 31.800411106679608
893 118.97286079976212 31.851890851576638
894 118.66792085578679 31.575534390833564
895 118.50384368739573 32.026091275097556
896 118.72717391761368 31.586271172410804
897 118.86556902247531 31.828845138033458
898 118.62676888279479 32.309577301623165
899 118.57012798501184 31.703451295961138
900 119.13988957581412 32.13799269687335
901 118.82196017624 31.964243365293623
902 118.50089341378198 32.32049813894359
903 118.6729941579226 31.963095707103605
904 118.54744712672073 31.76413003874399
905 118.70322258555609 32.40997856889963
906 118.77582890632608 32.162516096403806
907 118.59764712960536 31.720405219815103
908 119.13117018189206 32.03679252842403
909 118.83033076291782 31.85819530745178
910 119.09275013008656 32.30731040071329
911 119.05640140252898 31.729543362028355
912 118.58650707246967 32.09022325606651
913 118.53357689487929 32.34914959144644
914 118.91219969813382 32.331522541421556
915 118.53141018739281 32.31526348212088
916 119.06963834453049 32.09052791994948
917 118.72116402455617 31.85574628693242
918 119.03775480261764 31.65067264984874
919 118.6233268306347 31.746590612748825
920 118.72199265414709 32.30178848228727
921 118.94282746690386 32.16390666051659
922 118.64925180130457 31.661260246097473
923 118.67051733313943 32.3717058170775
924 118.76064733154165 32.00104666577735
925 118.54171016500834 31.7515618651894
926 118.99037329255184 31.964793226952594
927 118.58554938997959 31.95370929826865
928 118.68224432067942 31.779774001025835
929 118.5208793075207 32.10923936306897
930 118.81279473739161 32.04300653072857
931 118.71839604505355 31.823784412251985
932 118.86142573144802 32.20207497711409
933 118.96744751810618 32.02648797332984
934 118.65529144682591 31.878076854607386
935 118.74491045923385 31.7067456548185
936 118.86903769690652 31.98290230322266
937 118.66672456833288 31.72755135383701
938 119.14030658195773 32.32428547427769
939 118.5406996824282 32.01776299781828
940 118.61159836819921 32.34214174667048
941 118.71571833339218 31.86039673820892
942 118.93819467969143 31.952099748591422
943 118.54649049171185 32.02777448865179
944 119.13812529888406 32.315725577725125
945 119.1312634352236 31.714876126971948
946 118.96309973892178 31.9103522654614
947 118.76583219574582 31.67872839092494
948 118.68185648592248 32.33763243046617
949 118.7078129194912 32.252532639635035
950 119.10929803165352 31.936600103919634
951 118.89380315131088 32.112095166256346
952 119.16187970050962 32.06516131244362
953 118.85991680926777 32.079450057866495
954 118.64660104830895 32.24600047454459
955 118.58212173747067 32.363223750539255
956 118.96750112463432 31.655779638987617
957 118.73174827478906 32.04146815858822
958 118.9569897153575 32.33033740642086
959 119.17080803912431 31.91166828592316
960 118.51631334010196 31.795126505725847
961 118.57328689850799 31.667637359372584
962 118.69817419042226 32.12406314606093
963 118.7128681153171 31.73859640333484
964 118.78408851708498 31.89364114197595
965 118.80756456261372 31.903230605411967
966 118.77141130196833 32.10915868793097
967 118.54357152528759 32.38199809909874
968 118.73720184070564 32.386958570740155
969 118.60649725832504 31.858258466176917
970 118.62207220576654 31.80494648712529
971 118.9184022886979 32.17353684252153
972 118.52130675184405 32.15974222150436
973 118.69302835794468 31.841498888566736
974 118.93932353049897 32.363114878701865
975 118.6899499277495 32.24983391895495
976 118.85060523512574 31.75431275406647
977 118.81886536271276 31.97561764543025
978 118.92818271688733 31.66332898364782
979 119.08407989083489 32.03859228205572
980 118.69871512503316 32.03544495776192
981 119.14700591883508 31.783115298443587
982 118.97010534674138 31.676568460145678
983 118.77861856224082 31.69126518421855
984 119.10134388312615 32.025619358342844
985 118.78232173229856 31.62761633242031
986 118.99894429540645 31.756054787064055
987 119.11838364694928 31.73126096157413
988 118.69481715521077 31.92281983195137
989 118.83316251551872 32.01160777236463
990 118.7631022426929 31.880722753310863
991 118.56240348867478 32.10641285023338
992 118.57362163791174 32.33389572732882
993 118.56452759031306 31.79608043595323
994 119.12357539621198 32.38353452955096
995 119.11705418674869 31.88622305688297
996 118.75091891497574 32.08831260465645
997 119.08895720642673 31.893650703466225
998 119.16829889131293 32.1464029035739
999 119.01714050666116 32.29768131853809
1000 118.65982600821812 32.24898990017381
