1 118.94317394206597 31.942586095459067
2 118.90147171997319 31.614350646385322
3 118.61192190555333 32.052617005256394
4 119.05734827753618 31.97020790477122
5 119.17032648386558 31.94088972555925
6 118.95906751294876 31.87127527051594
7 118.90342714744064 31.742219666991215
8 118.61337029802051 32.07515338669413
9 118.69599769513553 31.827857331547907
10 118.74964540041915 31.820732920784383
11 118.62421415846983 32.094010492661845
12 119.19864255179483 32.02962153554023
13 119.14955184000003 31.71204414692343
14 118.77017270650158 31.98441505411376
15 118.61091644808006 31.73910634097511
16 118.77160661832002 32.239122847480296
17 118.6319610686629 32.30397856825468
18 118.86745312659423 32.002517305917095
19 118.66343061558179 32.283321671397985
20 118.53225044920745 31.67066494718274
21 118.93758662942281 31.995585417124097
22 118.74656158765696 31.643809412023693
23 118.9854244522169 31.93543911009203
24 118.85191784649162 31.687383844093805
25 118.97063698742672 31.689911311721378
26 118.73329380078577 32.0929390862314
27 118.89647899110733 31.776473028187947
28 118.8409629086743 31.67443914186581
29 118.9236356445205 31.787273189485152
30 118.53005671311604 31.866911567275185
31 119.18298911478524 31.98162020535654
32 118.66998022381192 31.75793049259226
33 118.55077525170887 32.10281374931778
34 118.70201501896561 32.001880647508735
35 118.9914311285141 32.03327735978642
36 119.1468798739829 31.913053146194496
37 119.09527081058538 32.21257268130752
38 118.69373021227403 32.05690809991299
39 119.09785923527248 31.71411387041295
40 118.55686564380026 32.142462949703315
41 118.56015070651547 32.37144579725166
42 118.6378286405656 32.01471655685408
43 119.03524056403344 32.30570103823063
44 118.99417218479407 31.865529228803144
45 118.57893548263644 32.07044608474294
46 119.01860097737682 31.93412555889935
47 119.02226209846752 31.92361924548209
48 118.6013525416787 32.23929246083943
49 118.96057181114656 32.02670651465729
50 118.7891530730397 32.35299233077868
51 118.54400381553354 32.025706662380756
52 118.87465529492286 31.683572706659376
53 118.8369998137458 31.89883642987414
54 119.10564004435427 32.28773665049101
55 118.94214581569443 31.965372036273816
56 119.09892872243528 31.62554497010582
57 118.84726675714204 31.818891941762452
58 118.99675766307233 31.64409417059152
59 119.17119172029213 32.38811342339708
60 118.51399430758035 32.37963821165259
61 118.78780516602488 32.24498322422938
62 118.80566877510186 32.07694297979358
63 119.03935046210115 32.221824064655365
64 118.53410560160987 31.745217325087065
65 118.90311541931169 31.829055212402512
66 118.6882394471869 32.01099548866073
67 118.79415741431754 31.883161323350553
68 118.96929973449821 31.65468738931795
69 118.93069240756022 32.36550124227648
70 118.6709607005128 31.975196126332722
71 118.62939813804633 31.995124168658403
72 119.07327565722123 31.87809835652046
73 118.85458984353674 31.821168669985806
74 119.16475816563147 31.897042937538057
75 118.95588046450979 32.266926437361796
76 118.64628525264027 32.22676172839265
77 118.618467967959 31.872839922525685
78 118.7290975195628 31.62507554023337
79 119.03963074584847 32.225671072884055
80 118.82699428635568 31.80694919442069
81 118.89533184350489 32.07437072443265
82 118.92536380965805 31.61753812176056
83 118.65499452259077 32.118000052905515
84 118.72433556709659 31.93337506821918
85 118.70672720865109 31.969488350506477
86 119.14004759818478 31.924757304429964
87 118.51444328634001 31.888827090012075
88 119.16984972779157 32.01884405921133
89 118.61671752350041 32.38098030511941
90 118.85527958449977 31.701325038496623
91 118.69156974238817 31.865200501971604
92 118.70187343122367 31.614471882762317
93 119.02725893599313 32.20795408630243
94 119.0017766561051 32.13630489301435
95 119.03184423397092 31.76777453654947
96 118.61254325674551 31.911142276684615
97 118.64995492070776 32.13214536743451
98 119.038126095122 32.1438498492728
99 118.5690248087416 31.729304576956938
100 119.09233390685228 32.327730268365926
101 119.110505838688 32.242787402486194
102 118.8578550832551 31.678832380729343
103 118.98536523030197 32.28957787867067
104 118.72085224088009 32.21466748364518
105 118.9451283321272 32.25123461833322
106 118.52841398487867 32.02055645686904
107 118.68339747752296 31.788363696351404
108 118.79629390992682 32.35785047841631
109 118.87284540689167 32.082471579690555
110 119.19929774306671 31.873735061912885
111 119.21854016889799 31.834485541831228
112 118.5859588573131 32.32418999567556
113 118.70772249906695 31.953209205774396
114 118.54790417957884 32.05138788268966
115 118.72812369956907 32.11159383967623
116 119.14996477004586 32.27141283929491
117 118.91083134939342 32.088111636019015
118 118.52561905102347 31.74402185340145
119 118.89043200114725 32.05817226172281
120 119.166289772829 32.00081168439791
121 119.19503243478776 32.03736648974552
122 119.13176481256836 32.15963715430625
123 119.02904987697949 31.78974996338483
124 118.6592125783884 31.747679034298415
125 119.13784691639492 31.688029549723385
126 118.72625251285841 31.836997952920296
127 119.1163986568869 31.60222823331867
128 118.52168580148589 32.09608554409513
129 118.54928633365559 31.837438889894887
130 119.05210833761852 31.755580082115788
131 118.54908249142154 31.67725235255976
132 118.80633023244808 31.80708057813182
133 118.75256519155177 31.776830074216136
134 118.65501313550055 31.831169843182863
135 118.75226463482258 31.966037657126538
136 118.84089161057686 32.02732292879852
137 119.11296142350396 32.245967538457
138 118.94069012188824 32.367981626752986
139 119.13795545520692 31.644764834337074
140 119.10201069365806 31.801453427005455
141 118.59899611908196 32.090035672033586
142 118.77334670264668 31.767804113333987
143 118.85116434281018 32.29480477821062
144 118.68291620652107 31.746492337085296
145 118.87984767277379 32.17091281496258
146 119.19903107390675 32.097228281622186
147 118.66164254881255 32.221284850413916
148 119.05275881792367 31.631277524416163
149 119.20074224258431 31.794165229784458
150 118.66411209181585 32.17893256468712
151 119.11590132336124 31.70716720310757
152 118.62788031940312 31.641689514857617
153 119.14202433782864 31.88909934956442
154 118.69057162937708 32.08662992408764
155 118.68619114068333 31.60553507872428
156 119.12716484454025 31.677840675542352
157 118.69929528603026 31.623101034566226
158 118.65057285684833 31.92223206020204
159 118.71976242857829 32.14286977922344
160 118.9962962667007 31.766342830192794
161 118.51249067950404 32.27733091879539
162 118.62181942807769 31.957583563143412
163 118.57625007186193 32.102458928708195
164 118.84622969955551 31.829180725647436
165 118.52260329902556 32.108850257575156
166 119.14541909408221 32.38639954795867
167 118.82707576474299 31.962148322031002
168 118.92369283273261 31.762809279783845
169 118.6473355965741 31.956232516332662
170 119.00096303984458 31.93690548547776
171 118.50562429813455 32.002535102907814
172 118.55286769165579 32.01173004165887
173 119.1467543605526 31.64571528333883
174 118.61609557223342 31.727838357849514
175 118.84272138467328 31.969624707738614
176 118.88401013519376 32.16067249016925
177 118.61269131288363 32.24421129405906
178 118.92204506838318 32.20269505801372
179 118.6795954318119 32.02239929079915
180 118.96023213501098 32.35540791940525
181 118.69479531406641 31.85950976591322
182 118.7743027109307 31.976142970573026
183 118.84664985806235 32.23361979350334
184 118.49890044859102 32.25203504269139
185 118.58109941888436 31.910540915692014
186 118.54750761660705 32.283441747272065
187 118.79908838589635 31.956292875708172
188 118.88443752142433 32.177504246702874
189 119.1830632033902 31.588970274221047
190 118.73506856412813 31.61249248960044
191 118.60304393273871 32.33548832771136
192 119.1588315779224 31.690205969523007
193 118.88353920369154 32.16521104390167
194 119.16407860506153 31.837807943216
195 118.73772179896149 31.752589478990416
196 118.54799236996163 31.883199429276083
197 118.84647395546172 32.348899307525315
198 119.22339079772182 32.06301313544733
199 118.54130463631783 32.32336915048924
200 118.8732032383732 32.16983398722575
201 119.08349233040103 31.98028491744243
202 118.66192907789743 31.998192795306757
203 119.05763809824538 31.780231173820333
204 118.54561004203634 31.61725758142756
205 118.71085883736083 31.908911658230984
206 118.61018723367054 32.03824828623388
207 119.17060898484299 32.3159200774194
208 118.93752417976089 32.128105750403876
209 118.70245552591788 32.26252145578939
210 119.14223670746642 32.31335103664206
211 118.89358275954673 32.328390793765976
212 118.75493539891235 32.24352320815574
213 118.98609566072447 31.70610024664333
214 118.9588286289788 31.874619427662065
215 119.19022204137087 31.751227942063586
216 118.51916588660936 32.29356871305149
217 119.09057868500402 32.21472877287456
218 118.97371671520493 31.87935191099282
219 118.61307320705257 32.048604993184654
220 118.75494619285789 32.265117220248605
221 118.5175384558683 32.273859227700605
222 119.08955643523724 31.747973715277862
223 118.55545736581081 32.20251942135803
224 118.64124820162144 32.26585134403202
225 118.97658331865082 31.66567019766987
226 119.03551014505555 31.676084039760216
227 118.68064250017059 31.943925501162287
228 118.62240814235372 31.785930345836125
229 118.52456492268293 32.30530827188746
230 118.55051400338493 32.19838277501531
231 119.12381562897573 32.17201278518777
232 118.65902986434912 32.19755459920166
233 118.77037578353676 31.840160996898643
234 119.04423516911875 31.781572911139435
235 119.16322840269764 32.08661631011455
236 119.12607004345297 31.904957171712518
237 119.10752463553703 32.337961214720465
238 119.0767019508088 32.13094259582289
239 118.7461273598732 31.902664564421592
240 118.9552919950417 32.26082518163843
241 119.00137360406163 31.91808498420488
242 118.79891766650871 31.72327673630504
243 118.93188395486497 32.217200824017006
244 119.18154300104716 32.007730366446516
245 118.72379602243267 31.799723800105774
246 119.16308561817375 32.14216688998927
247 119.18219750944645 32.38683501870353
248 118.89917567257024 31.800289946988897
249 119.16623019148581 32.22972528768201
250 119.00191033916322 32.19303296915326
251 118.99173101687904 31.694672183799547
252 118.5786478009715 32.28117039763278
253 119.03329054261216 31.971707100504243
254 118.61889804327517 31.683912438911875
255 119.04709256660249 32.02210984061255
256 118.52817088350535 31.859641480369124
257 119.12469688711441 31.724118217468284
258 118.62678017435839 31.661492512011336
259 119.0832500499671 31.77638293963295
260 119.10882182781161 31.95481586228056
261 118.55327535157222 32.108913759386006
262 118.5603887362849 31.66390566080747
263 119.16388180224916 32.16273884494781
264 119.17873705194113 31.688178609720655
265 118.54415734526224 31.74252792456853
266 118.9370369224704 32.1807414882165
267 118.76452722332658 32.28693424511793
268 118.53312004718748 32.35081057121469
269 119.09890533931285 32.11369793918633
270 118.96498131594934 31.96393554160084
271 118.5678580899165 31.685411694348836
272 118.8103680104699 32.0609500430327
273 118.7936056238144 31.719637005117054
274 119.17546803545365 32.007601102423315
275 119.1920937311204 32.084280275209125
276 118.66053160434565 32.274581541643485
277 119.0328522712783 31.84816530868719
278 118.95271415921903 32.3823058084308
279 118.81812933917226 32.36384264652929
280 118.89125176573468 32.27590996048909
281 118.77981271340819 32.17279953357129
282 118.51415220666608 32.166371529535446
283 119.03405873566271 32.31452353851802
284 119.0423747086886 32.35809083191652
285 119.14146581888012 32.25922942205574
286 118.83736255200601 32.12590710357328
287 118.55322601033552 31.69908818407078
288 119.15688245690468 32.10389009722059
289 118.69494919003718 31.876877023865273
290 118.59049379235434 31.710903114625204
291 118.59950192878053 32.3163613559619
292 118.92473372085188 32.25349148347694
293 118.76222198684562 32.01348032795944
294 118.96960827003635 31.968314898107376
295 118.53316385656079 32.002241853447536
296 118.51527978829523 31.826965075923702
297 119.18562093062945 31.903158287971078
298 118.54882093713707 31.96136884964752
299 118.74855064045322 31.62818464808219
300 118.53132251276156 32.306147699525084
301 119.13523920309196 31.633363918272078
302 119.11015108639275 31.915390429266026
303 118.89611175990706 31.689347724121077
304 118.5865465417299 31.7853272693254
305 119.0949366460501 32.351775951962814
306 118.54623342745819 31.89747397071478
307 118.80389461393719 32.17312431638603
308 118.71896075400552 31.683148607814747
309 119.20566038719835 31.781341223784683
310 119.16861150026753 32.298623974142274
311 119.06882078894 32.31663796073619
312 118.81005718281476 31.796526440298486
313 118.85817155541758 32.37824456962065
314 118.90809798020747 32.14377321618133
315 118.8856177913372 32.009772341795404
316 118.63100524974806 31.88010970177077
317 118.67160777221545 31.87690532133409
318 118.99920128476788 32.38669309716874
319 119.08593138893087 32.16212589853937
320 119.16858424812052 32.00814457544083
321 119.0472161975153 31.632886198973043
322 118.92408348407832 31.794935074461666
323 118.54518719828616 32.338718149935836
324 118.56644586852919 32.03699497099331
325 118.63586963239888 31.867929548220918
326 118.98701352211548 31.637398672353157
327 118.69874670739442 31.812852395771415
328 118.78400167939641 31.78757057554781
329 118.60182394085801 31.72507646571742
330 118.67023312615513 31.883496833123417
331 118.74918188773661 31.73615827628022
332 118.93469383044655 31.671057972123194
333 119.2000960019586 31.71588102962771
334 118.60198123771777 31.985055723885427
335 118.723332356979 31.647290241285983
336 119.20110646711197 32.34603184944193
337 119.10280155439219 31.77198217246357
338 119.17931636657293 31.993539167531562
339 118.86430061016642 31.916893279356863
340 118.66807357859095 31.842338659140268
341 118.63073469288588 31.863899879394687
342 119.06358884470222 31.7932881677141
343 119.16657288554023 31.83393466548806
344 118.92574646655414 31.70552376044472
345 118.96427471070727 32.14070138405186
346 119.14339904071532 32.09076578698464
347 118.68082836613151 31.846242563526776
348 118.90022868083187 32.317909029735816
349 118.88786536497982 31.918299030006022
350 119.13730612153445 32.09597126148411
351 118.73987837339175 31.994363810624822
352 118.58407286075821 31.868256470974067
353 118.59594048726359 32.30844642843029
354 118.68571602608867 32.279546199748594
355 118.55280099784841 32.2719968916823
356 118.7245099992987 32.39168022936981
357 118.87930518847556 31.630177666549958
358 118.80525749656542 31.98351580107917
359 118.94526434090555 32.364373797686106
360 118.87056074228953 31.698842232607394
361 119.01775012855431 31.79489001440775
362 118.82607500286353 32.00673220640276
363 119.05639651787008 32.10830740071123
364 118.79643530214793 31.878245017873322
365 119.03278187004938 31.846090141499644
366 119.01050865610263 32.239074739147235
367 119.09810244565553 31.62231588098962
368 118.60887025029199 32.239473345061604
369 118.99339587740371 31.95034469383439
370 118.49495796919658 32.124466436472595
371 118.77039269974468 32.16755200282697
372 118.92051584146962 31.6814771913412
373 118.50067162948474 32.33494890712744
374 118.5407422991783 32.25318185053853
375 118.65851557555006 31.87392033039575
376 118.79146669719773 31.75861479346962
377 118.97978940730164 31.66490665212346
378 118.65092675378861 31.841822278940807
379 118.77333662278484 32.1754225060386
380 119.1392129728415 32.287240050520985
381 118.72778290541244 31.844639578641576
382 119.03321008569603 31.791793338646087
383 118.92114981869364 31.852441629894837
384 118.55876753850758 32.380541827410674
385 119.18242917176495 31.663761515917734
386 118.58900803222605 31.734006185695122
387 118.75651245179398 32.15231576612345
388 119.19457280309855 31.70110581759933
389 118.67884445399525 31.7779412195576
390 119.15231608255108 32.2646800095661
391 118.9641553716926 31.84369586653628
392 118.61297620201275 32.088630102180204
393 118.58718146857419 32.02692594986958
394 119.1760444596943 31.834751700589347
395 118.80918603598236 31.799425430202152
396 119.04094176671198 31.786932091488286
397 118.60663650316165 32.30569258725257
398 118.86569387350984 31.608984587520023
399 118.57135270411548 31.696825598207674
400 118.83326197584714 31.870404473230955
401 118.50893418971083 31.76734776996852
402 118.49899960472611 32.04022637249886
403 119.13799394397427 32.03164045882778
404 119.13415374430016 32.0062629776186
405 119.01395823024318 31.84134845017504
406 118.85468409688195 32.01848563895258
407 118.63466746303605 32.21628579727792
408 118.99602197599474 32.24770618491802
409 118.64162773767087 32.03783606849289
410 118.54876320958385 32.23849603738885
411 118.71234045735754 31.66993255817842
412 118.90374645719393 31.733273332130175
413 118.91466326820675 32.20537019153668
414 119.06857775039192 31.917640476443747
415 118.75634671039738 31.8711427990552
416 118.58745550526854 32.05850819625568
417 118.53756672390891 31.912661062536177
418 118.64810346960705 32.33399430820389
419 119.15551403187854 31.903931862577963
420 118.51238406231664 32.25692832506096
421 118.94235660486689 32.092368899640896
422 118.80718286307636 32.341323486361766
423 118.63357085562942 31.990462390414233
424 118.99483993687433 32.3678192304834
425 118.89938401296644 32.04601056565299
426 118.57476284601488 31.62397230671224
427 118.963249807536 32.18999618761856
428 118.53146445136557 32.300365869974314
429 118.66075627352215 31.664686511575262
430 118.89324824244704 32.372551444810775
431 119.01494333938267 32.05631003656536
432 118.86822205161559 32.19618305828291
433 119.09874927070916 31.776920736499214
434 118.97983234489932 32.35422552552852
435 119.1784925029489 32.11773122262036
436 118.68605113466415 32.06022409229251
437 119.18742925364616 32.36612797577913
438 118.65763086108306 32.046955494191934
439 118.63799390924365 32.022948932611804
440 118.6125096286935 31.61961037536782
441 118.59006981359789 32.04033861509424
442 118.92862145698388 32.19305967821075
443 118.50431372736556 31.896126961909467
444 119.07523685108428 32.155719638325685
445 118.94532053125391 32.04001449809335
446 118.72577022728849 31.766070461815435
447 119.12458027577489 32.02696774766561
448 119.09191667582701 31.987908744756595
449 118.93376859587637 31.86738453763255
450 118.52007251397819 32.12691975250243
451 119.18515222166094 31.653812728798492
452 118.92251540140443 31.894154474936332
453 119.1545551156172 31.945020046025245
454 118.59003561607841 32.379773318731985
455 118.50696149929406 32.16614817138485
456 118.71622442920257 32.11569286329256
457 119.04424307839145 31.72827705236064
458 119.06908092527142 31.969344462249058
459 119.09981464947239 31.901147383971203
460 118.7252904490369 32.353709856081856
461 119.0594088686431 31.961460840425286
462 118.59993518423244 32.269619095123915
463 118.89912106441929 32.149974576412895
464 118.52232944507685 32.28075330498385
465 119.0027203366272 31.580972390380744
466 118.75624169118261 32.34901148060734
467 118.57004318786629 32.364367112924036
468 118.97595980791951 31.72279030005233
469 118.79050253866818 31.635472205885016
470 118.69908674951088 31.86461559457954
471 118.74525200827091 32.028667319143075
472 119.0440322569113 32.02360356619166
473 118.78914463280854 31.96099324797033
474 119.12265044750826 32.32330283890763
475 118.60315889696223 32.048108858978644
476 118.79085519395062 32.34351041478023
477 119.1300634548069 32.0581281170736
478 118.90875351903881 31.75535190314708
479 118.99321566804336 32.40376832877336
480 119.09636883685519 32.39299448548914
481 118.87162461501848 31.952065480234264
482 118.61280194055298 32.20035926519694
483 118.72245548545068 32.118859804988794
484 118.66423431434606 31.75581758075624
485 118.62385934395063 32.066094671523786
486 118.90986289996958 32.12392200618929
487 118.64021965423419 32.07947358166165
488 119.06791702673688 32.03407434896325
489 118.81560964279242 32.07416526957112
490 119.08756445508483 32.17471607317537
491 119.09514781597767 32.20132956856775
492 118.97389010964643 31.68372208010833
493 119.05211335144506 32.33457921792855
494 119.06591760655493 32.000119190068816
495 118.92013883741436 32.15482952495319
496 118.7166935942666 31.90778723046012
497 118.79602364982584 31.662285551065718
498 118.70515911356846 32.12037139715417
499 118.82699666334346 31.907888480742823
500 118.7465458139828 32.023960950731265
501 118.74997801201769 31.806864400663848
502 118.556343644007 31.76821520376062
503 118.78391926060476 31.834456780440597
504 118.58801727100577 32.30128403196226
505 118.7566431503708 32.349305493920134
506 118.5818587555691 32.35906022538824
507 118.7613713686867 31.944005475539306
508 118.88303868846108 32.22572571247412
509 118.53495149277101 31.74576791582958
510 118.66039645416973 32.18455725787614
511 118.77607233553684 31.924600827642813
512 118.69655703452514 32.25602936303284
513 118.8879344514177 31.777365158632875
514 119.08283761119694 32.24377211099265
515 119.0508187296333 31.676782097017263
516 118.68513209106492 32.30795626536123
517 118.64297243941564 31.952964087041885
518 118.92334611174276 31.747402739439913
519 118.76983836104692 31.835437751314384
520 118.55477061065783 32.17893931776472
521 118.64439135602574 31.970396619653204
522 119.17130199091602 31.783343670802502
523 119.14380392740645 31.815599669568385
524 118.74501099879403 32.143997635628054
525 118.52456783642737 32.11658850297046
526 119.0370427714914 31.64383231660445
527 118.69025728140276 32.27025500151719
528 118.51625554039632 31.700610588563492
529 118.68470378841485 31.782609552557062
530 118.58377230900896 31.610856045319114
531 119.1229368832412 32.02862553032022
532 118.63616293116318 32.29746779817514
533 119.0131363205866 32.332231879584945
534 118.6261685599295 31.972188541351624
535 118.55981613802444 31.68990962209311
536 118.77330962428351 31.997028688468834
537 118.93821052039279 31.827185745297548
538 118.8823322260659 31.837515008545367
539 119.05283654480286 31.767845628476177
540 118.77987690032407 32.34854322915623
541 118.933832757406 31.905785825826644
542 118.53758278137875 31.593207500595945
543 119.01551280725324 31.98188839543055
544 118.97094107964753 32.13742678078309
545 119.06954027755563 32.24536558444163
546 118.55648851920391 32.19031817136717
547 118.82529174634456 32.144444580903404
548 118.97141241348234 31.798031134966426
549 118.48421318269932 31.86895185615318
550 119.12318253548469 31.930595444167754
551 119.06689314634005 31.725828866228376
552 118.8666461697529 31.9602566921214
553 118.7495394527267 31.683424702130644
554 118.99921807264472 31.672065614756985
555 119.12060356083228 32.25897174584645
556 118.8645508726839 31.727047087707565
557 119.12483278883346 31.962592045487224
558 118.57296016740877 32.07576488984589
559 118.7214729237538 32.35526508368089
560 118.9832556437609 31.860827822651977
561 118.76660719562733 31.72991638078897
562 118.85863006861922 32.292842633929446
563 118.95306338469751 31.835321696042897
564 118.90639827767318 31.82989368439573
565 118.81035841531266 31.73118874980765
566 118.62369771463531 31.947320563206453
567 118.78285612449487 31.75555792824803
568 118.64777121945825 31.900938894885957
569 119.02998329960835 31.858026498392377
570 119.06068993759334 32.125681910264476
571 118.64623691506486 31.95654877709628
572 118.91609172990222 32.11312758222888
573 118.99535280818418 31.844224114812853
574 118.8147688123421 31.896448176371003
575 118.55583642053874 32.37984572798906
576 118.97238710167541 31.80379347289169
577 118.55760085643256 32.202951722311674
578 118.96804903016256 32.15093516618626
579 118.58305173940089 32.09728830765963
580 118.94593300687113 31.69240296956641
581 118.68710911776049 31.60504639277901
582 118.75289410466547 32.205562500130476
583 119.18130164120036 31.651531557227816
584 119.1570555695989 31.797377765978027
585 118.88449161775308 32.36780760587971
586 118.95173516149227 32.380117369699335
587 119.05277687708008 32.347531594832574
588 119.01068971563829 32.04598295009628
589 118.57846448573449 31.974577303225047
590 118.78908840261482 31.972263725596036
591 119.08058568891207 31.873487075717218
592 119.0254721412986 32.3809769363304
593 118.61961604806957 32.257424364697776
594 119.08946221561203 32.4216959681332
595 118.94161063358088 31.840806133732457
596 118.70644483647813 32.07027797158814
597 118.52513889496534 32.11826902451257
598 119.01043062664645 31.917530098626347
599 118.8250996141709 32.06143380993795
600 119.18443844894007 31.726052007572587
601 118.67185366989872 31.851847014967113
602 118.56021735772777 31.713120763581223
603 118.671833888011 32.06855645285868
604 118.80063375114531 31.875282299568198
605 118.534250187664 31.940875285978798
606 118.74130147308506 31.903966869219662
607 118.6592824034932 31.639813816617604
608 119.16788729180635 32.32546809482464
609 118.63824632556825 32.15625526401132
610 119.11427788052902 31.848988037239423
611 118.56790452352267 32.32400822968639
612 118.90219987814537 32.15885496248177
613 118.92945956554689 32.3987196325044
614 118.89190699754076 31.984880936753235
615 119.15839282246182 31.685786059905535
616 118.80385201090229 31.687201370731014
617 118.9400860764539 32.175902916444926
618 119.1223822406579 32.051241294356856
619 118.65937473728076 31.774990572659874
620 118.86712261735153 32.00729256703538
621 119.18796536826532 32.02176792155865
622 119.04839062237909 32.29694026669243
623 119.00731480047229 31.605337080035074
624 118.79943351682793 31.703182412397204
625 119.115464235821 31.91889005372238
626 119.07323040322449 31.687328098479096
627 118.80449096554968 32.37128433561719
628 118.88558777867338 31.768644883233435
629 118.960393356192 32.09821525323575
630 119.03573556277246 31.957263790495137
631 118.83520910337064 32.21853082937779
632 118.74560908754006 31.62393493493982
633 118.61001174629442 31.860139965264683
634 119.02611788610936 31.97844088346269
635 119.02766295935879 31.68568980518236
636 118.61782820783884 32.07219421792209
637 119.11149032691405 31.99988259922455
638 118.60293356999995 32.26964457686343
639 119.08271085527474 31.970618061952372
640 118.6074449373759 31.851065197800438
641 118.95260421820127 31.844500143323156
642 118.86220416615382 31.81501859225003
643 118.60451441162323 32.34065369726196
644 119.02057178447512 32.234188228353815
645 119.00572849376078 31.86162729208544
646 119.11097452721577 31.952818575347052
647 118.82881578494636 31.675258610326775
648 118.87433264240836 32.07034077147905
649 118.96589448535501 32.19344612277879
650 119.1040732728702 31.810510584828826
651 118.77339914575269 31.97940500615794
652 118.97346949454418 32.135175060218394
653 118.9143813455402 31.981277296237884
654 118.64372671341326 32.03019445601335
655 118.98937351007335 31.759715798305834
656 119.07454298877207 32.21182779621568
657 118.82967679476107 31.691982522801588
658 119.1785536060215 31.97706195566598
659 118.87355841641104 31.837700218928294
660 119.13619856917065 31.69266355922215
661 119.01834160811282 32.29839038943035
662 118.77852954653673 31.74874557570161
663 118.72605942211239 31.982852855864618
664 118.7670248739502 32.09569466534822
665 118.74685443533649 31.839993475524935
666 118.52307160384001 32.00023130401628
667 118.51694439710293 32.013429623812314
668 118.79636315776278 31.951223093672706
669 118.62150299572096 31.880138204028576
670 119.08179157449871 31.7845617485732
671 119.16577182302537 32.32141316765389
672 118.70480021506873 31.98554541673913
673 119.02557805954345 32.1490605055377
674 118.74503060708548 32.01239149333026
675 119.10316874651308 31.84900465718023
676 118.8257384834757 31.999308286470903
677 119.15192326759843 32.23911100822571
678 119.00145521642195 32.28431772094009
679 118.57806301863386 32.36363169848569
680 118.59988195163997 31.792034318685317
681 118.81899059857892 31.87063614609549
682 118.90238390935835 31.686944345837965
683 118.8512018535598 32.401241380313074
684 119.13272999578987 32.117755365914164
685 118.5136456113029 32.13926916616079
686 118.57990800057199 31.965129685415967
687 118.68313803466978 31.813327148311252
688 119.13374798455142 31.925822667190737
689 118.4936880934704 31.85180216948773
690 118.88188618567465 32.03639990613348
691 118.49356919664989 32.253633391356914
692 118.88541831040965 32.276960943790044
693 118.84287108771474 31.843409256599525
694 118.59494459984148 31.725024033652815
695 118.92016421341819 32.1923487153116
696 118.93101709062188 31.931766474731774
697 118.81984868038859 31.740793709718165
698 119.03437133526953 32.11180660437288
699 118.54327665293759 31.678635409134657
700 118.72143463486816 31.687541429514223
701 118.8360052213735 31.58122380314102
702 118.71296152202302 31.75423853625246
703 118.58702796151573 31.97348826202187
704 118.58118323262563 31.74867332194753
705 119.04508050183011 31.641806921377007
706 118.69602831149622 31.993493190473163
707 118.96136040119094 32.31711978262703
708 119.09292816136299 31.61368069944135
709 118.71161338334288 31.801612226708443
710 118.6210498171166 32.33436870304556
711 118.8971680634037 32.11923724490366
712 119.08608508988704 32.245181915032745
713 118.76618945305619 32.3095140038483
714 119.08509231113894 31.777770416402877
715 119.18477767794174 32.213320101112735
716 118.9702186399838 31.817013032600816
717 119.13112067372381 32.32469716595448
718 118.54566623546012 32.35690631710345
719 118.77319079977478 31.729108053992963
720 119.10287766007215 32.28635256145154
721 119.02405623334323 31.64650155646934
722 118.56982970502754 32.081698297737184
723 118.65914130837214 31.98245395655936
724 118.72284223526408 32.08492151727794
725 118.94392954033634 32.197850290982544
726 119.02420614692078 32.3075962432774
727 118.85009317462399 31.994896745401572
728 118.52221012926181 31.642634540806327
729 119.13349155182007 32.35419359831964
730 119.17236093009551 31.64192403061499
731 118.74050464123647 32.24545019734053
732 119.069457172633 31.720182809532357
733 118.87033057016437 32.323793272784
734 118.81985246273678 32.09840781990631
735 119.16546250344567 31.848948703217204
736 118.48667699244623 32.276687419583574
737 118.77646057540684 31.72676435338011
738 118.64309002029233 31.787930835744863
739 118.81970070331393 31.83418117701542
740 118.80167569624007 31.911514828955248
741 118.6287096677881 31.795633037329843
742 118.90523380447941 32.31808608569719
743 118.7606318917184 31.94733513366432
744 119.1279106216885 32.36118578902062
745 119.15515633938251 31.8406041476929
746 118.75044795926676 31.96974402888334
747 119.03311211700237 32.27220600099174
748 118.94692296325209 32.38943236472503
749 118.76218093875397 31.979000499007988
750 118.70395423601383 31.971607825302723
751 119.16115086487684 32.35580844389484
752 118.66037325477438 31.937045221658032
753 119.05095608276537 31.959898788858766
754 119.03855099146433 32.38088375031317
755 118.62720695707387 31.99278650189453
756 118.76104528915039 31.673771255132433
757 118.80796824338915 32.36440104710525
758 118.8607243455498 31.950427482866793
759 118.92647096585185 31.885226606359875
760 118.76255392102783 32.318668316954124
761 118.92833597735829 31.604452335337562
762 118.79995970945468 32.36690829494094
763 119.16189355761537 31.655347433559996
764 118.96313885512382 31.65484115290567
765 118.84450592048698 32.32598558471221
766 118.89200982820417 31.96510808184511
767 118.57710231902202 31.730843643310834
768 118.680276971826 32.372752046716194
769 118.99519025725877 31.84422181186879
770 119.21164774409839 32.346379199770695
771 118.73891258460615 31.979848901610858
772 119.20837203898282 31.918391505634364
773 118.74563868756704 32.04900702631821
774 118.8159729956285 32.320340906847555
775 119.17045394777323 32.390577539273494
776 119.06571603934731 32.13868243475008
777 118.8800312046719 31.904761445800027
778 119.18844001437951 32.26628371209385
779 119.2088790408174 32.334013795973746
780 118.62063469963861 32.02157749891357
781 119.06695376311748 32.19004060160089
782 118.67994864806302 32.32423786694294
783 118.71385091676036 32.1642466391217
784 118.80233540008797 32.108479423800425
785 118.83290057826392 31.88709020353255
786 118.5949286576022 32.08015217659636
787 119.02611546313946 31.777174977627023
788 118.51062963484954 31.71168987812804
789 119.19560753304918 31.80746889471613
790 118.68088852193117 31.940439758375884
791 118.99801100933793 31.876779502545215
792 118.8576204998812 32.16383429120475
793 119.09151551061123 31.914317728023935
794 118.61504274775137 31.97122892329511
795 118.51929428577292 31.81351468179349
796 118.6212670195561 31.677298540330142
797 118.96430595638803 32.17304565723367
798 119.07872584920119 31.781682173239037
799 118.61523019974078 31.97645782805107
800 118.92530246606839 32.08905797358455
801 118.51460235942004 32.13279333825323
802 119.06780196589081 31.939286255309554
803 118.58726614827002 31.79315383169283
804 118.62728474509245 32.316067944845
805 118.95010744546433 32.15012417821899
806 118.80172669301291 31.790597491621448
807 118.70252139696672 32.24534075004942
808 119.16983822778984 32.05126120253015
809 118.87376697715602 31.962926687376523
810 118.61343377763914 31.701877557380936
811 118.81527954394352 31.786436457008826
812 118.99737347303021 31.69047330343603
813 118.81582449467436 32.137672554260895
814 118.59245425073496 32.170565862853906
815 118.61232573793993 31.979643005881485
816 118.65647501192235 31.6493973085906
817 118.87549943722158 31.71276571167587
818 118.93717141988918 32.3388587288188
819 118.82924926273681 32.313782590859965
820 118.63185753991326 31.921175108249752
821 118.73515177609607 31.719861567399555
822 119.11466586692505 31.963899145663106
823 118.67788163616096 31.936051591026416
824 118.98437199226143 31.610467366446226
825 118.75268329229559 32.17593545540303
826 119.19181616978508 32.09293094542183
827 118.49094950264002 32.03579904050272
828 118.70780954299546 32.24334668197579
829 119.04394853501458 32.28218192518459
830 118.53045025107141 31.766423506894345
831 118.76545480068788 31.656485758884166
832 119.1613540103653 31.907731573100307
833 118.97616240578668 32.27726797771114
834 118.58979264170489 32.212267134960726
835 118.5541972896657 31.804308764232836
836 119.17682193661189 32.217859317047655
837 119.14833162132237 32.06994912127758
838 118.61325749136095 31.79494171932901
839 119.12058029012553 32.1477839250755
840 119.01268794219777 31.838269191993366
841 118.79129176332754 31.86985026720472
842 118.66092041434082 31.77252859145892
843 118.59551875278831 32.048807419103255
844 118.66034601715471 31.993810266509126
845 118.82955912692891 32.09961498545743
846 118.52851063638768 31.59316098435156
847 118.93674717056032 31.936507468488823
848 118.9317544825515 31.635963803859674
849 118.90750462908669 31.855584717128405
850 119.08550788692847 31.666093383423238
851 118.56198992371012 32.06382823085003
852 119.1930605535325 32.34549288790469
853 118.83068033703032 32.27163234146721
854 118.84154175141755 31.988024546707877
855 118.60551940366202 31.8822687952324
856 118.95274597654398 31.603873907828365
857 119.14037615146222 32.131587254374175
858 118.55643998260881 31.835009666446258
859 118.70898810278499 31.942383159827415
860 119.05505681800761 32.09158084150019
861 118.50632487481363 31.758189822123423
862 118.90851623870752 32.04146867387569
863 118.65743213358132 31.959877548187613
864 118.86755114590747 31.912902838535306
865 118.60979111770634 32.2710688930562
866 118.74232109449613 32.1959361584533
867 118.7373160267641 31.688322075248603
868 118.78427736534316 32.313879120981035
869 119.17091397534729 31.58234293307748
870 118.58163121339983 31.780248723959936
871 118.69121186851146 31.6992236250282
872 118.98337406352586 31.85929397661796
873 118.75861868904141 31.697565208842764
874 119.14080569777505 31.815399065450137
875 118.73569681277448 31.93154984891517
876 119.1496356047458 31.98149852679324
877 118.5852777185364 31.828538610828343
878 118.81861758774443 31.654087202501675
879 118.86674603134406 32.005181629626414
880 118.92313109341848 32.07323955472204
881 118.78314261929245 32.108781093983715
882 118.86626671615804 31.60119661249772
883 118.64761700779141 31.688102202578985
884 118.66945829914171 32.12463103342876
885 118.57066722948652 31.723957732627113
886 118.87402208897454 31.69926720868207
887 118.82997305765828 31.942892603852435
888 119.19713438602246 31.902967728758917
889 119.05463329732439 32.12784381907401
890 118.99690850163488 31.627507348233827
891 118.72707009345429 31.79420093721242
892 118.66857980304069 31.79908134564858
893 118.98016998427808 31.837160408395377
894 118.6658515223221 31.60291598952761
895 118.53167489560599 32.043508216841886
896 118.72036075908638 31.596570065872566
897 118.86356043455498 31.82129943844558
898 118.62823042493993 32.324108766402354
899 118.57155549259515 31.72202379150142
900 119.1221011942049 32.14610284469233
901 118.81938794804249 31.988128220711236
902 118.52787141098888 32.32921405643901
903 118.66863253144233 31.956644398019943
904 118.53586060017926 31.77258037313458
905 118.68478197760307 32.40232831035368
906 118.78866669894849 32.16682209202483
907 118.5835848315051 31.70993923610295
908 119.13922345706024 32.032450350615186
909 118.8345312691818 31.86968457162193
910 119.09289982861378 32.30394951533192
911 119.0635863198547 31.72832090075148
912 118.59464234030723 32.09931555001533
913 118.53798444808258 32.36001193687895
914 118.9062449805654 32.35507005048015
915 118.52151476918058 32.310970652539645
916 119.07688317497208 32.12009924788371
917 118.70591637372736 31.84626894067515
918 119.03001658514499 31.639535777504534
919 118.6302106854203 31.741279931503307
920 118.72408917688965 32.31068669583166
921 118.94876404640465 32.15066231687884
922 118.65786165458566 31.664229635341563
923 118.66445672860013 32.37670533369523
924 118.75796105716648 31.994973509519728
925 118.54724003088454 31.75332685870663
926 118.98293342577091 31.976103253262618
927 118.57976365333002 31.938886460244422
928 118.66879592060666 31.774388635009764
929 118.54599986854629 32.106020230064615
930 118.81663861094471 32.03121113131436
931 118.71395791237643 31.818022780263814
932 118.85385822631831 32.21898053308763
933 118.95111263370286 32.025222578317255
934 118.63990837610251 31.882661181785572
935 118.74984915084165 31.72389324671708
936 118.87517278145923 31.9935455565124
937 118.67678132747929 31.7285870430007
938 119.131615084945 32.33255045835572
939 118.54814941272596 32.02049145066856
940 118.60969715938715 32.33730111438127
941 118.70314348979153 31.863215333963332
942 118.94255640443447 31.9484425856198
943 118.53708022966916 32.021238504952684
944 119.13400453941155 32.30890422666917
945 119.11579019438747 31.70628068366581
946 118.95321821107557 31.91096821990598
947 118.75073780948713 31.680507920148813
948 118.68916887969874 32.36368876502755
949 118.71761212768116 32.24601317475544
950 119.12800474729211 31.92782064637618
951 118.87346755388378 32.11678654007685
952 119.17339379125598 32.05637897779639
953 118.85306465000922 32.07604262737
954 118.64754951558386 32.260651444657526
955 118.57589978594856 32.372876307738125
956 118.96302426569693 31.668125949655085
957 118.7265709918845 32.04521539160276
958 118.95462915166722 32.33141744577373
959 119.17464889003037 31.925483269043834
960 118.51564601111717 31.7831263389637
961 118.58052288323252 31.686987553246194
962 118.72793320351386 32.122219145916844
963 118.71039354126329 31.74826582015114
964 118.76702844090069 31.892106804136574
965 118.79848436171261 31.898047974219715
966 118.78350448795604 32.094792669560135
967 118.56362133291178 32.3851289171163
968 118.7330184584418 32.39775645065659
969 118.60875330181085 31.847813343640603
970 118.62486849590555 31.81174283741795
971 118.91708719709672 32.17675339979585
972 118.53372220633462 32.15297783136594
973 118.68694698584142 31.82937702367217
974 118.94269134289034 32.37408093389042
975 118.69662100693873 32.24746947569505
976 118.85907656682062 31.746768228395617
977 118.82672375396065 31.98981240814572
978 118.93088212732577 31.656092957240638
979 119.07599663647083 32.03778599472753
980 118.68356959661803 32.04383203457247
981 119.13035728392725 31.761932813527853
982 118.96931882004554 31.65572565269132
983 118.7807027068543 31.72274027388618
984 119.08768929880387 32.023382384946
985 118.78045412852099 31.638247723665327
986 118.98713706519857 31.760408495178424
987 119.1128258272937 31.740082880359722
988 118.68252204925327 31.920514398053406
989 118.84018092771828 32.01926217445465
990 118.78377638941285 31.877189689125128
991 118.56230344798762 32.10373630654312
992 118.57136630424557 32.336826232762576
993 118.56658480666705 31.797177213314118
994 119.13007116333434 32.3854584601945
995 119.12300306184386 31.86705647585833
996 118.74785273496656 32.08649023541012
997 119.09376150475067 31.886970247308128
998 119.1638360732693 32.155794139094965
999 119.02389201954506 32.291010306860976
1000 118.67185555632233 32.22940192783359
