1 118.94632648792332 31.94953542436356
2 118.90773426000119 31.615371100340287
3 118.61333177887629 32.06056847093156
4 119.06013687353366 31.97321126675901
5 119.16656942905539 31.946300636068084
6 118.96154153632641 31.866473230482956
7 118.90819679463223 31.747233581333177
8 118.61222759601883 32.07196452928021
9 118.69486962729566 31.82757612433468
10 118.74695013088282 31.82502758899925
11 118.62661921380072 32.09249546562425
12 119.20529515341784 32.0312524796214
13 119.1468610504686 31.717230180352704
14 118.76861416440204 31.98312942153828
15 118.61316639058057 31.74523343817884
16 118.76488372476942 32.24296900660796
17 118.62773035790785 32.30528007292179
18 118.86671018501833 31.99636527419386
19 118.65164427742515 32.28535866375663
20 118.53493206966525 31.669120114439863
21 118.93877755202648 32.00585773205892
22 118.74080677321518 31.64586701539782
23 118.99121400936792 31.934451556898253
24 118.8529041370826 31.6796510198401
25 118.96937123122642 31.688595434712127
26 118.73400165894317 32.09237549974818
27 118.90066199290914 31.786495039861727
28 118.84289421703794 31.676652938251966
29 118.92309229616724 31.785738741252104
30 118.53200614868493 31.86843558034501
31 119.1836944753233 31.986580436381804
32 118.6755821952285 31.760294159117755
33 118.55640274180654 32.106517647187076
34 118.69596928435304 31.99977581905989
35 118.99946887019898 32.03001161386659
36 119.15404059683799 31.91338665717511
37 119.10563625580026 32.21483779429204
38 118.69251217004687 32.05364651501661
39 119.09996313210269 31.710705744592204
40 118.55865285159709 32.15177259004578
41 118.55931330714303 32.37357426425489
42 118.63796892483636 32.01343504799307
43 119.04113697180053 32.304989638888564
44 118.98485952830015 31.863076803193643
45 118.5834225293055 32.06486587716847
46 119.02162313914864 31.932624902228945
47 119.018824729656 31.92171467998296
48 118.60542699599857 32.233159252070784
49 118.95974539970324 32.023323821595405
50 118.7931933515369 32.35430216615789
51 118.54683075760374 32.03178686407737
52 118.86621013916846 31.673732427671293
53 118.83962935991828 31.897031956340268
54 119.11189796748016 32.28963882000795
55 118.93663058847888 31.965974294178736
56 119.10464056896328 31.61425614606015
57 118.85228027706773 31.823274609796897
58 118.99150469694453 31.65251501623023
59 119.16989473304116 32.388598674790195
60 118.51640011689199 32.3809603096906
61 118.78710306127479 32.2393837823581
62 118.8098357331049 32.07335791620751
63 119.04490726368742 32.212457001098834
64 118.53100188194213 31.746250880758076
65 118.90122910132415 31.83412016657391
66 118.68592808410007 32.00996394673189
67 118.79240268738712 31.882758734494026
68 118.97195475088634 31.657760913789655
69 118.9274984967481 32.35548611163953
70 118.67093605848783 31.98104988103482
71 118.63001876114993 32.00336670574183
72 119.07228266829125 31.88076063619761
73 118.85835394235137 31.822315156460974
74 119.16890426947757 31.891994447419975
75 118.95521891570311 32.26346660554831
76 118.63683361691761 32.21983721012068
77 118.6261061759216 31.87183223064394
78 118.72896151134238 31.622415666957426
79 119.03974856783037 32.21929646122778
80 118.82950982222184 31.806818064520638
81 118.89871501792696 32.082063036922136
82 118.91935147485182 31.608883333914772
83 118.65880340773623 32.11449323773525
84 118.72695127653463 31.93003309387284
85 118.69728303332028 31.973365675586408
86 119.13963066865936 31.924171375503764
87 118.51332287687019 31.890223822415685
88 119.17878413362283 32.01600295633241
89 118.62174910966584 32.38166094531248
90 118.8473884938057 31.705318876721606
91 118.6850606220673 31.866243441107468
92 118.69965851291927 31.62004855193269
93 119.03201857056153 32.20156200138049
94 118.99679674385418 32.143270129788135
95 119.03311672308422 31.75875451892264
96 118.61515374597712 31.907976656977553
97 118.65600975936994 32.12484556698428
98 119.0322789232657 32.13495202204642
99 118.56482345465024 31.718677318510963
100 119.09152454322852 32.32778878662389
101 119.11364091246216 32.247514831848974
102 118.85311614706836 31.6730083561741
103 118.99124815415902 32.28809147392631
104 118.72560092730063 32.21075561181876
105 118.946299852043 32.260378232499036
106 118.52333569790449 32.02551327929741
107 118.68093928897571 31.796807777688127
108 118.79686260423685 32.36345129657913
109 118.87410739393398 32.088507593589114
110 119.2034717495998 31.87864034437953
111 119.20917477740245 31.83462766025145
112 118.58148461948144 32.32151626693684
113 118.70441243312891 31.955707073131084
114 118.54991254495248 32.05288681041427
115 118.72388340818958 32.11362417886648
116 119.1540342436513 32.27558345394577
117 118.91218710928091 32.08705042178911
118 118.51945286708542 31.752402032768103
119 118.88707015555396 32.05580618094476
120 119.17350721042966 32.00277132016275
121 119.18994760206333 32.034168023137106
122 119.12891998526804 32.152227355195
123 119.02481627755617 31.795224982257242
124 118.65679827003767 31.741436185102355
125 119.13239812109262 31.689054898517416
126 118.72557655939436 31.837955952216923
127 119.11264499009518 31.604763435003484
128 118.51859916984027 32.09797982367822
129 118.55228631241788 31.842961096863924
130 119.05674577112117 31.759344635878705
131 118.54541665960413 31.67981426980079
132 118.79846332323092 31.80850336261813
133 118.75240620452706 31.78209799904715
134 118.65500574355892 31.832178842968137
135 118.75934907694183 31.970010305663646
136 118.83454551872151 32.03478693095169
137 119.11257425490452 32.249095854679446
138 118.9405005951335 32.37260274147602
139 119.13114219536031 31.645051803580674
140 119.09993868680807 31.801485217624887
141 118.60945655391721 32.09991946089884
142 118.77813818256817 31.764723671363345
143 118.84289112390296 32.297322262199096
144 118.67756164500065 31.748007199103146
145 118.88175482323803 32.18504821555213
146 119.20059070983189 32.10195505215903
147 118.6658437261165 32.22486360315145
148 119.06099380788281 31.621717486355603
149 119.20461494812672 31.791971241157505
150 118.6578974872965 32.178447747570665
151 119.11455073503272 31.71162874817774
152 118.61838790617536 31.638037536827017
153 119.14058591458048 31.888651892056995
154 118.68845263920984 32.092309399695075
155 118.69162128223334 31.60227173289488
156 119.13145595674676 31.675222056431817
157 118.69641351618606 31.61471952974251
158 118.65177476934859 31.917421542168324
159 118.71666390966834 32.14641390578325
160 119.00172556858253 31.765415235861017
161 118.51416874827673 32.270370208368774
162 118.6211405205396 31.94575522657132
163 118.58467887054006 32.10183887749688
164 118.85012047329728 31.835070286721244
165 118.52990998876798 32.1085425375467
166 119.14797577831214 32.38946482504253
167 118.83068520487365 31.96498973987868
168 118.92639954631835 31.76224371766956
169 118.64620947182884 31.964743806070704
170 119.0081027063828 31.93402313127807
171 118.50681914101473 32.00264421384619
172 118.5561878348253 32.010558273165884
173 119.1526230867986 31.645317526860914
174 118.6107478175243 31.72577185616991
175 118.83821030914113 31.971572059383615
176 118.88915385824815 32.1614417076609
177 118.61178326126394 32.24301661762226
178 118.92337144986371 32.20123486287691
179 118.69095839127831 32.01855780801383
180 118.96397898536695 32.35171361859956
181 118.69830091424065 31.86148243902165
182 118.7763465287523 31.97035099428693
183 118.84394320948918 32.241106327954455
184 118.49665199754298 32.254476996431706
185 118.58661775582522 31.910253113628308
186 118.54948106526422 32.280805903408364
187 118.79919608871612 31.955916179100683
188 118.881670766992 32.182538949451796
189 119.18063792830633 31.580117650189823
190 118.72874586175641 31.60963753623361
191 118.60327853751434 32.33408982146074
192 119.16221124061401 31.691183334689
193 118.88101509904455 32.16073665493169
194 119.16086307532684 31.848320910403146
195 118.72835568635634 31.75116328326596
196 118.55163945415906 31.89404454883766
197 118.85384875206911 32.34723009483644
198 119.2198775007651 32.06597709661184
199 118.54528818706086 32.33186207821659
200 118.87291401703378 32.16947810248099
201 119.08116154263284 31.976764077241178
202 118.66549818202093 31.99583234177121
203 119.05514071179313 31.77822681133313
204 118.54921140342411 31.622784905766753
205 118.70243480425009 31.90359365932137
206 118.61119599793187 32.046770466813534
207 119.16987252716531 32.319618877084096
208 118.9396818601445 32.13190407184429
209 118.7052226991299 32.263458556930125
210 119.1471765983493 32.30869875260974
211 118.89178755102681 32.31967581014667
212 118.74942160270054 32.24550225913943
213 118.98433425714747 31.70706675536527
214 118.9589120541739 31.867148394602847
215 119.18996735815358 31.746473852848652
216 118.52225561158208 32.295670539688594
217 119.09036963641498 32.21211875691835
218 118.97731342081995 31.88622025799663
219 118.61046928518918 32.04611912982875
220 118.75637594416594 32.26447654419525
221 118.51494647594215 32.27665827625746
222 119.08542768268391 31.75005319335954
223 118.55981066608231 32.202821333575
224 118.6380321534419 32.26262104734778
225 118.96865619241652 31.66948751168085
226 119.0374519071939 31.684806705763883
227 118.68906974128272 31.949471287323547
228 118.62667134600632 31.78696649825865
229 118.52028269829673 32.295340373309664
230 118.55014649164656 32.194306218678946
231 119.12387558565266 32.17251263365251
232 118.66729655518323 32.19650433772266
233 118.7675750808955 31.835697719395238
234 119.04062796557594 31.782695636148674
235 119.1585349185872 32.08641601918243
236 119.12923477091921 31.913946627120268
237 119.10169639004636 32.341480627251784
238 119.08054018971495 32.14028707222392
239 118.75070241644909 31.90239482119384
240 118.95784383357494 32.262332484231756
241 118.99885484593541 31.92008509683006
242 118.80171453063956 31.72370414898488
243 118.93875212894865 32.21937085245527
244 119.18327941080189 32.002955776201155
245 118.70911082574135 31.79764600133142
246 119.16741584900139 32.145428762269134
247 119.17733617570609 32.38259779761051
248 118.90139427667839 31.793216743493524
249 119.16565252614868 32.23011497776921
250 118.99948829350112 32.188756012689694
251 118.98725706110415 31.69234700862404
252 118.58100363057015 32.28818742517503
253 119.03952203157976 31.970548393572358
254 118.61390045212993 31.67456718824219
255 119.05107981590636 32.02464058648016
256 118.5257184828092 31.858826816345218
257 119.12784499730155 31.726547975996166
258 118.62802370069558 31.666452449296724
259 119.08119591765184 31.769703829799973
260 119.11907932643354 31.955231981009078
261 118.54779940010684 32.10854532891495
262 118.56502096861898 31.657516533085936
263 119.16988893421853 32.16210259438406
264 119.17634221039516 31.693094553270832
265 118.54413769952956 31.737742660530586
266 118.93597540054061 32.18811628741008
267 118.76353193466954 32.28818253847205
268 118.52695422448225 32.35224653032176
269 119.10479805822982 32.11091028646776
270 118.96206190235779 31.972414409657677
271 118.57058346911751 31.687077599053403
272 118.80300519107439 32.06492553806446
273 118.7923063546202 31.72173697951572
274 119.18210190194945 32.00861163871563
275 119.19265016445354 32.08638032476452
276 118.66234590816208 32.27051519275495
277 119.02249387123396 31.851930172787643
278 118.94961161381222 32.38731666052024
279 118.8253715518238 32.36399144799586
280 118.89380917495632 32.2811212586113
281 118.78628856961197 32.17161364885867
282 118.52047520785324 32.15932337011434
283 119.03386778461069 32.322071945883344
284 119.04073410708483 32.356030720833175
285 119.13334795425595 32.251011130070005
286 118.84440340691273 32.127851627128805
287 118.54818607094387 31.70127612028885
288 119.16245644105878 32.10211398938691
289 118.69369245115699 31.870046283201255
290 118.58446584751803 31.708247774586486
291 118.60166208609841 32.309910656157754
292 118.92706178551569 32.25473263512735
293 118.7536872046976 32.02035191431985
294 118.97492120495764 31.969030611614563
295 118.52764638355814 32.00479398777837
296 118.51012004789324 31.826583114204798
297 119.18382716266781 31.909465380016087
298 118.54949451796573 31.95934215883066
299 118.7564453747645 31.629307498890835
300 118.52902082880063 32.306208914941585
301 119.14195436719335 31.63565081005391
302 119.10456234133089 31.919729340504563
303 118.89657176192594 31.69395379580594
304 118.580317404409 31.79189232605444
305 119.09786242954179 32.343629964252344
306 118.55414609267018 31.89818624325075
307 118.80298857468061 32.17372326532188
308 118.72149695563174 31.68583030327608
309 119.21296234167129 31.783564999600554
310 119.16989952313197 32.291932925752896
311 119.0708020319262 32.313265648183695
312 118.81282859686169 31.797498421233545
313 118.85485954159138 32.38539153645606
314 118.9038800891613 32.14890651879462
315 118.88712196435 32.015861882303255
316 118.63108445063287 31.885896546264462
317 118.67043284640494 31.874699508085957
318 119.00183517539224 32.388797678575614
319 119.08850916744656 32.17135150401174
320 119.16461095793694 32.007849268253715
321 119.0382382537913 31.630467113767203
322 118.92277193460227 31.79483415646971
323 118.5437299495271 32.34738970953117
324 118.56413975261414 32.03941064073756
325 118.63154784743931 31.871888822241843
326 118.98274499531932 31.629980740379334
327 118.69824891153253 31.81655627621641
328 118.7843646314303 31.79027522728527
329 118.60125717044737 31.724833194126372
330 118.66138759663687 31.887661687744746
331 118.74567623356816 31.735349302143632
332 118.93666060140471 31.6702685907247
333 119.19546687941916 31.712018428661565
334 118.60711465813637 31.978789352154983
335 118.7197247254847 31.63944741233668
336 119.19831757330768 32.34596794606407
337 119.10421858745255 31.777742736868714
338 119.18528055542592 31.991271485545777
339 118.86452082379871 31.92413121554454
340 118.66040006625977 31.850846251141093
341 118.63840233932503 31.869618246832218
342 119.06415823408224 31.796532339505227
343 119.17033638669142 31.83908980271352
344 118.92357170594184 31.698649346654868
345 118.95888853518736 32.14461729246007
346 119.14738801174518 32.08934626495415
347 118.6807802892226 31.85011396332596
348 118.89643151849789 32.32037010223713
349 118.89656732651699 31.915357895307256
350 119.13454190989903 32.10356171645321
351 118.73448604743085 31.99989310990434
352 118.58590609878411 31.87246345708758
353 118.59754326693049 32.30919694473628
354 118.68673794276049 32.28034388797376
355 118.5530239178189 32.27690975696856
356 118.7141089397331 32.37933053755646
357 118.87597674188595 31.62387351516514
358 118.80626460589352 31.98581632691581
359 118.94889283437448 32.36165110886841
360 118.86663042771256 31.692075020837457
361 119.02046976853353 31.7924642279576
362 118.8239070438478 31.99809197726768
363 119.05510043084217 32.104376925366644
364 118.79853730419696 31.879720969029446
365 119.03264602237563 31.848114236829012
366 119.009449440769 32.22760012324964
367 119.110657742362 31.62632703100445
368 118.59881718668697 32.236666049615074
369 118.99726838622074 31.95641324335487
370 118.49390490123099 32.12387276236562
371 118.76358613371919 32.16450203087929
372 118.92781733069486 31.686512214403333
373 118.49620447535744 32.33457958412241
374 118.5388417812327 32.24665189639202
375 118.65867331410902 31.878228582056202
376 118.79061655861605 31.757309400364033
377 118.97426673621685 31.67038766633572
378 118.64899914000458 31.841854510007384
379 118.7786875690414 32.18361114506967
380 119.1445561970424 32.28980205037397
381 118.7221395819814 31.84572599953576
382 119.02893767416062 31.786826357535794
383 118.92544464805005 31.853257343317164
384 118.55209153504696 32.379809844090424
385 119.17871153155706 31.66116344423509
386 118.59439926300959 31.731240391788884
387 118.75878827296869 32.156126590766675
388 119.1899792263282 31.697958196544555
389 118.67593283799599 31.78430471565932
390 119.14904407973515 32.26510332335427
391 118.96325369958245 31.845604635901434
392 118.6153595719794 32.09080674102047
393 118.5926235831395 32.030862975725285
394 119.18070532845148 31.832157315668614
395 118.81408801006833 31.796137047364397
396 119.04714856919631 31.790406980253895
397 118.6013205311401 32.307840497864746
398 118.86995865727127 31.621785429172608
399 118.57017361293352 31.70295878566362
400 118.82875413604314 31.87241098610535
401 118.51158464240395 31.77031748422941
402 118.50480876526767 32.03760827134867
403 119.14072425135939 32.03203940945461
404 119.12800703432836 32.006677509985785
405 119.00618404911702 31.840081638634704
406 118.8538553723887 32.01661449852979
407 118.63273773917325 32.21872907412166
408 118.99182273252207 32.245541335124614
409 118.64078880770403 32.037363247246596
410 118.54023269629175 32.23575926612819
411 118.71571405146047 31.670566248168114
412 118.90435888023136 31.73298979156934
413 118.90514124374617 32.197424224688575
414 119.06634215011447 31.913996041513258
415 118.76199070452601 31.874038152950853
416 118.58808563909044 32.055441955392546
417 118.53506409231053 31.913550734464877
418 118.65673225419488 32.32937699038152
419 119.15599531226582 31.896298048020718
420 118.51125776765397 32.2512346581851
421 118.94249246584398 32.09698427733927
422 118.80781147128292 32.34404869290002
423 118.63552974788674 31.98574629630737
424 118.99210159597595 32.36668315246566
425 118.89797950443348 32.043946074848314
426 118.57016607304229 31.619965369097972
427 118.96862123012328 32.190954314624776
428 118.53317900548642 32.29329060582416
429 118.66465894922185 31.659762789130173
430 118.89122480452187 32.37556927183094
431 119.01081147629469 32.052470262382556
432 118.86924681002472 32.19310866274473
433 119.10092516957688 31.785095742993544
434 118.97696875229431 32.356821739750686
435 119.17726622232972 32.12393439447366
436 118.68955873729479 32.063327677123034
437 119.18843199408573 32.3618638109153
438 118.65143421507412 32.04722279704391
439 118.63617258462726 32.02177185345758
440 118.60657497709175 31.61262610300721
441 118.58653574319558 32.03353024500567
442 118.94095769878994 32.185781758845884
443 118.50901771977155 31.90024721767119
444 119.07549798320598 32.163847144481885
445 118.94974907121158 32.036457876638174
446 118.73262516016783 31.77413759226827
447 119.1326218084653 32.033361591239235
448 119.09526291827065 31.990315971955958
449 118.93072874524158 31.869314123571115
450 118.52063997623625 32.13342934401157
451 119.18343193711269 31.658730025803965
452 118.91822670919186 31.892662619030176
453 119.14898306230181 31.947510642115798
454 118.5932283310431 32.387734632939015
455 118.50449501689798 32.16019897330413
456 118.71952464033318 32.11363182444628
457 119.04149464699891 31.731907765107657
458 119.07143669456799 31.967121475002568
459 119.09676000626433 31.91188850972349
460 118.72478675569924 32.35156430586184
461 119.05190934240788 31.96766007199989
462 118.59876127700745 32.27297110986381
463 118.8897129041621 32.148028092996725
464 118.5163418555514 32.27418219432993
465 119.00511836940254 31.58548655487163
466 118.7558623168318 32.33238448914276
467 118.56610029331395 32.360788079231504
468 118.98038509561621 31.728023661234396
469 118.78798830612702 31.64267375737583
470 118.70523752831306 31.85778672081738
471 118.73977683165731 32.02685705148664
472 119.04674742710709 32.030334384393775
473 118.79136181373606 31.96735295439442
474 119.12434687696395 32.32107270254607
475 118.60133899568604 32.036047785674334
476 118.79019821414168 32.34546464528283
477 119.13953873522293 32.06180443781976
478 118.90953901672614 31.75230366612284
479 118.98691022953801 32.39452052418249
480 119.09241951744335 32.3928629171874
481 118.87215813184935 31.954203691403173
482 118.60437250560496 32.20446260049204
483 118.7231755086043 32.122486050228346
484 118.66832749721618 31.748291888216205
485 118.62475576261231 32.07135804022817
486 118.90550156051056 32.115817615235535
487 118.64169385718505 32.07782298293876
488 119.07784353382189 32.037228055537334
489 118.82337449795756 32.07878922943838
490 119.08561438831667 32.17806344917171
491 119.09003420107815 32.199403250147675
492 118.96947625595561 31.676244178468565
493 119.05429934725761 32.33606719307668
494 119.0631237293038 31.99725889116331
495 118.92308812644875 32.16322485258588
496 118.71097220763168 31.90540724970729
497 118.79803466517289 31.672921614086917
498 118.70756303850068 32.121221705057934
499 118.82923150570313 31.907741724464362
500 118.73999529679725 32.017146771878096
501 118.75709168225464 31.79686906961998
502 118.56300120124902 31.76774387931377
503 118.78655844249944 31.834655144922515
504 118.59360100668574 32.30738257348657
505 118.75848616846575 32.34308995138933
506 118.57948502030503 32.358434855440514
507 118.75982050550579 31.942423761228472
508 118.88887045679131 32.22931692973278
509 118.5362700338674 31.745658596525132
510 118.66192217590459 32.182057933085105
511 118.77278028268923 31.92523163216121
512 118.70406661212982 32.250337964958014
513 118.88809724570973 31.76431295769038
514 119.07271249557436 32.2407193600011
515 119.04864387556783 31.683454001085508
516 118.6823297650262 32.300969545047344
517 118.64275237106659 31.95307256400727
518 118.918839084192 31.750743131020073
519 118.77662576402301 31.84606398133164
520 118.5537551529623 32.18182201947452
521 118.64595827419993 31.96522605782651
522 119.17298772259176 31.77980245806926
523 119.14559211647452 31.818746326119165
524 118.73919827435117 32.14671514468727
525 118.52254457305256 32.11817603235303
526 119.03264355520861 31.64826525706888
527 118.684787404466 32.27128807627481
528 118.51876491495587 31.699104437635583
529 118.68365222485805 31.77783374102575
530 118.57947113969384 31.6154660030018
531 119.12728287714818 32.02647431418132
532 118.6391048500313 32.30067106248181
533 119.01273985249152 32.329766668015345
534 118.62182601534036 31.971660306731223
535 118.5641439946123 31.682673228365182
536 118.78041308073759 31.992178378003764
537 118.93457382129625 31.824975366326925
538 118.88361507572986 31.833552703374277
539 119.04237615735691 31.76969315715569
540 118.78394067794372 32.34974514654722
541 118.94289294662535 31.908498517153607
542 118.54350142139589 31.5909372922875
543 119.02146865621265 31.983232139169452
544 118.96016588666728 32.12726612771306
545 119.07258806813518 32.24307545851576
546 118.55564685057324 32.18431122453745
547 118.83121966261758 32.14845372990752
548 118.96402446119714 31.803073730045195
549 118.47275717093999 31.86020405891036
550 119.12321958848062 31.94131934109722
551 119.06950942931944 31.73122649190364
552 118.86671408011803 31.966825377124714
553 118.75440423659802 31.681539248731433
554 118.99679404513608 31.66774233166866
555 119.12198708736761 32.25218202215481
556 118.86698216765458 31.73214406962503
557 119.12818074978308 31.959152612984578
558 118.5705219338099 32.0754781926092
559 118.72106482811766 32.35626214561361
560 118.98280152839506 31.859067142870405
561 118.76140815124828 31.7284372164083
562 118.85839414403847 32.29511498759557
563 118.95165110819076 31.83728994620477
564 118.91287362341816 31.825393976925263
565 118.81188871316587 31.72540220706611
566 118.62265892902526 31.944758291713953
567 118.78529308775697 31.760093858529988
568 118.63833843851182 31.909161107795512
569 119.03615929126775 31.854528355576363
570 119.05589030563351 32.13065397823903
571 118.64868000405124 31.952332214851435
572 118.92220591310507 32.11616135102097
573 118.99938116145046 31.843128891526757
574 118.80834317741218 31.896233086613915
575 118.54977839770248 32.37568583032641
576 118.96170935201692 31.80410819503109
577 118.56112613887825 32.20121483260503
578 118.96844051422046 32.14803681965238
579 118.57421134620671 32.095277903153644
580 118.94767255195323 31.692029119819843
581 118.68599014329988 31.60990514238609
582 118.75550813024111 32.20465221383006
583 119.17350175151547 31.647126842598265
584 119.15831909970055 31.796041511535638
585 118.87931574094424 32.37702005148386
586 118.95692498403616 32.382224216508845
587 119.05857300319056 32.34965445433909
588 119.01292087809452 32.05152581474658
589 118.58009029512436 31.974837025391782
590 118.78770693043137 31.96294702681874
591 119.08643417413079 31.8768119152323
592 119.02776020110528 32.38721018844882
593 118.62446932646263 32.253966819630314
594 119.08759777121904 32.42382765879833
595 118.94097323949131 31.845866422705875
596 118.70297134564974 32.06635413802955
597 118.53064030055539 32.12508963452101
598 119.0067783949408 31.919604090952408
599 118.82816384358186 32.063115335959125
600 119.18667494324328 31.72477875078689
601 118.67342950147392 31.847506552926088
602 118.56815272628234 31.716296918165163
603 118.6654737860932 32.075219669236986
604 118.8008747254928 31.86988624270579
605 118.53650165341396 31.937113561887333
606 118.72990346620757 31.902828496211065
607 118.65458409018207 31.633817558198377
608 119.17275561551344 32.32336405261705
609 118.63836555762741 32.155435164420645
610 119.11242073070073 31.84916668969574
611 118.55937998334906 32.33495794417952
612 118.89868909089749 32.15249700476613
613 118.93047054862603 32.4011590031213
614 118.88850566706729 31.98945648824382
615 119.15556373196826 31.67650631413854
616 118.79858737935842 31.68640073173245
617 118.94250011869931 32.18161868601006
618 119.11934488768593 32.0498197814738
619 118.65631695713758 31.77192571357203
620 118.86711520957246 32.009506584554444
621 119.18459879954368 32.02872269429298
622 119.04065832444613 32.29285208115769
623 119.00294578295102 31.610476901151134
624 118.80528214533533 31.70096982691288
625 119.11748824897106 31.91563268223958
626 119.0787896809405 31.685992795523386
627 118.80791956840211 32.37620612077838
628 118.87971559152432 31.772165229529207
629 118.96101163793092 32.09857260659588
630 119.03481779526065 31.95411450596185
631 118.83487955430934 32.218622178523226
632 118.74442918546315 31.630743668465172
633 118.61554740913292 31.869394716068918
634 119.03769861880184 31.973237385457516
635 119.02861261918326 31.689624969851806
636 118.62519609304776 32.07565245291579
637 119.11138161423251 32.00744654792351
638 118.59985934373452 32.27683291589503
639 119.0794794932983 31.965814749361073
640 118.60591410204754 31.852276704388547
641 118.94481450405563 31.847298187188418
642 118.86732762919561 31.81365413350731
643 118.6033003264503 32.34661974816445
644 119.02189094319004 32.24085158197313
645 119.00601240142211 31.8553155115903
646 119.11252740783965 31.94812241013851
647 118.82789216337858 31.676614358011232
648 118.87302014719641 32.066406622460995
649 118.96564599701354 32.19316851884832
650 119.10393266503122 31.808334042148847
651 118.76648254289695 31.978042091766483
652 118.97885535757047 32.13108893609192
653 118.91652118028239 31.98126855005551
654 118.63343538284167 32.02917127916745
655 118.98539788799746 31.758252182529485
656 119.0762027044037 32.21434213888037
657 118.82166842261503 31.691732144605275
658 119.17384021506352 31.973110362639805
659 118.86881067462318 31.83582995108419
660 119.1335240276481 31.689484821023616
661 119.01547784894373 32.300367481346974
662 118.77892391843154 31.75135068958034
663 118.72118092173636 31.995654990363654
664 118.77261948860634 32.09888827662726
665 118.74629829189207 31.84168972850328
666 118.52060105098684 31.99381869625952
667 118.53253734122268 32.00720600833457
668 118.79791378790804 31.94308566086706
669 118.61615021274235 31.879610641016335
670 119.07911123652897 31.78912206206784
671 119.15815036893935 32.318100157580396
672 118.70618694482002 31.98377972322426
673 119.02329031860461 32.146567568202336
674 118.74949074521717 32.0128682674312
675 119.10346584241319 31.848380934006464
676 118.82103032322536 32.002377436184446
677 119.14614559797356 32.242879413507
678 118.99820099177177 32.28050163476407
679 118.5870501877556 32.36194185242461
680 118.60589395702446 31.79224021282739
681 118.82094841494984 31.879853039392692
682 118.90550335131651 31.692375912628986
683 118.85657265416395 32.40649196668998
684 119.1324471462262 32.11522157022015
685 118.51518399694395 32.14100588691488
686 118.58528126373209 31.95951122617534
687 118.68683448595934 31.813761071076595
688 119.12916946281825 31.928747158055696
689 118.49290043750172 31.845574891192207
690 118.88100038508829 32.03314301660325
691 118.48746496633164 32.259387617398
692 118.88509605878461 32.27427978881099
693 118.83742691381998 31.846466756771193
694 118.6010254518154 31.729202196217383
695 118.92875828498954 32.18616820424364
696 118.93168987265555 31.933772292006587
697 118.81807003773983 31.735414346426158
698 119.04033957456507 32.110894241519645
699 118.54560566913868 31.67801005520692
700 118.72130953395232 31.68003868735292
701 118.83381474320589 31.57756622391784
702 118.70923588048885 31.754112486201706
703 118.58920547784551 31.970468877895737
704 118.58596332573872 31.74634559093738
705 119.04647595271068 31.640629959577456
706 118.68808936959996 31.989283066672535
707 118.96137870864547 32.315858524755136
708 119.09505866150015 31.609249817585873
709 118.70967451297156 31.80340171405643
710 118.62542291615026 32.33857103540548
711 118.89508218676202 32.11665612786826
712 119.0869312357195 32.245590008111265
713 118.77086287963992 32.31059653142053
714 119.0822414770778 31.77851470220292
715 119.1905744485949 32.21667449903641
716 118.97439173717075 31.814023871304713
717 119.12972295485507 32.32625802617922
718 118.54841753736521 32.34740852919307
719 118.77699696116942 31.724490695703707
720 119.09968022980465 32.28575817785944
721 119.0294513347917 31.645283750191435
722 118.57138492873875 32.080407313474964
723 118.66028005249464 31.974042531567317
724 118.71923663661629 32.08942571228503
725 118.94790191294297 32.194208330686266
726 119.02212571383187 32.30264958173779
727 118.84715967592591 31.994685361649875
728 118.521097447391 31.65197499732254
729 119.13949236556462 32.361564616411044
730 119.17804331978479 31.642471685353218
731 118.73854093699187 32.241129052605565
732 119.07228260966596 31.713654256089132
733 118.87840939014299 32.321649928436514
734 118.81729244339566 32.099631606387
735 119.1556550523969 31.84870979703833
736 118.49026243049843 32.27035255413218
737 118.77679668995793 31.72690784461799
738 118.64484839828245 31.781605797293235
739 118.82033862902362 31.830195063703847
740 118.80528156919179 31.90547507875667
741 118.63263795958851 31.798074569619956
742 118.90687184861778 32.31468555456552
743 118.75622084531834 31.944226825759046
744 119.11580991594003 32.363322478941136
745 119.160960572396 31.83576286541417
746 118.74601411776315 31.972810352439726
747 119.02946002204094 32.27383927361437
748 118.94827023851322 32.39121798227911
749 118.76113688615735 31.970996851021845
750 118.7103620850934 31.970751225687575
751 119.15230065858204 32.355389230037545
752 118.66160745221005 31.938084109690262
753 119.06125471064406 31.953068107363592
754 119.03878076051039 32.38717944217664
755 118.62997581832498 31.998807589122624
756 118.75704434934025 31.678357815304338
757 118.8046013325794 32.364842249793924
758 118.85326106998396 31.949678771204972
759 118.9276355902116 31.884021702960503
760 118.76838344961682 32.31768862524667
761 118.93699194105943 31.605805920379137
762 118.79556070188939 32.35820965118399
763 119.17417146876028 31.65694706491445
764 118.95878303753196 31.638049169205306
765 118.83619699567184 32.32761256530775
766 118.88380729915728 31.960903254696003
767 118.5780424138178 31.728016052999713
768 118.67863373576509 32.380489203850416
769 118.99533167197521 31.84535493312293
770 119.21417043892048 32.35121312935634
771 118.7445365719893 31.985906480913965
772 119.210219892403 31.917866200464598
773 118.7491895134545 32.05059271436911
774 118.81157335829751 32.32383542782476
775 119.1697213575549 32.39109856381924
776 119.06578306119599 32.1363600562328
777 118.87784596590699 31.902743240381383
778 119.18642104266159 32.27122638652978
779 119.201682649273 32.329814413699374
780 118.61692492856068 32.02101867912692
781 119.06471296580663 32.191838826510256
782 118.68178245526703 32.32944592233975
783 118.70836243596491 32.167890562154874
784 118.7971477182863 32.10780419224978
785 118.839383193976 31.88295663242347
786 118.59401593684751 32.08058130122377
787 119.02851400047378 31.776720881139752
788 118.50563700676481 31.71399764061981
789 119.19652925816573 31.802741097409793
790 118.68303862145062 31.93719901280266
791 118.99861992046507 31.876597018762713
792 118.85070698831214 32.16528144682471
793 119.08439128274907 31.907614844371203
794 118.60999947965409 31.965492987569306
795 118.5202611467797 31.815666207028585
796 118.61825412408146 31.692901568240636
797 118.97403642317397 32.17611172282906
798 119.07633854081372 31.78130529021508
799 118.60988587677971 31.971045211355896
800 118.92125874002232 32.09356344768225
801 118.5191069307401 32.12770010707833
802 119.06822735031926 31.942220325030693
803 118.58914636878477 31.79834858209437
804 118.62814489985034 32.31065719914363
805 118.95010270513815 32.15091961622114
806 118.79642627223883 31.77752962480902
807 118.69878514481455 32.248259152631015
808 119.16366546050779 32.04288200512522
809 118.8813226110356 31.960162587873892
810 118.61096000785783 31.70364829914752
811 118.81042710062435 31.784187888795863
812 118.99529870492862 31.691072039196154
813 118.80831560168099 32.138365452398006
814 118.59422506410635 32.17443155241893
815 118.61342379030617 31.983164922704177
816 118.66485476513704 31.644185416826595
817 118.87690010015885 31.713031257615462
818 118.93862504972991 32.338555147154906
819 118.82429846560575 32.30941840940186
820 118.62197664822907 31.924554229882926
821 118.73139297801804 31.707274327723155
822 119.12170175899948 31.969530138247173
823 118.67877268773195 31.938938259249774
824 118.98732514464865 31.6079139693942
825 118.75390170984093 32.18374209521826
826 119.19537242579817 32.09802058690556
827 118.49681201337492 32.03759718158003
828 118.70325541317048 32.24297284146859
829 119.03929755653478 32.28460460487461
830 118.53021648796363 31.768908519668678
831 118.76567148165897 31.655929551185995
832 119.16279076919932 31.904546557770814
833 118.97632659547574 32.2731666815019
834 118.58678546084569 32.20773793818003
835 118.54872300250264 31.797490610141153
836 119.17374858933455 32.21980512927873
837 119.15022136073082 32.06397088991214
838 118.61284583343661 31.794294725958913
839 119.11507218635839 32.14483224864189
840 119.0052545079339 31.83745118341437
841 118.79110387157571 31.872268585676352
842 118.65921192449969 31.769558482484026
843 118.59779023250528 32.0502158267496
844 118.65030395296174 31.995098215839946
845 118.82286527124118 32.10171882654297
846 118.52796442590467 31.593441818350072
847 118.94040748011777 31.930962786484002
848 118.93592977417609 31.6356021611987
849 118.9082121955256 31.855070245424898
850 119.09123392946698 31.67349125912335
851 118.55968040481953 32.065407050797845
852 119.19086220132331 32.347955095129144
853 118.82432306963905 32.268360100401594
854 118.8364168843344 31.994099387049413
855 118.61386726983118 31.884737349352967
856 118.95487626460596 31.60752217041843
857 119.13713985587367 32.13204512740644
858 118.5490489213343 31.84063311060869
859 118.71869467403071 31.941387939301737
860 119.05045748021267 32.08500816229069
861 118.50940893767657 31.747924845814207
862 118.90400606381853 32.03735837987127
863 118.65519948288274 31.963718456198137
864 118.87247639922307 31.907422659296287
865 118.60517645240073 32.275904792120734
866 118.74714371899934 32.19722137097497
867 118.73185499336984 31.68862580227484
868 118.78347969360583 32.31433128257638
869 119.1649142029601 31.579466790012876
870 118.58716430352717 31.783975445008444
871 118.6857823225061 31.701763493301463
872 118.9867526654874 31.861591882670275
873 118.75503594926211 31.699923502985556
874 119.14071694198111 31.81611225323862
875 118.73294518402594 31.932166860152922
876 119.15305120311251 31.973810154427195
877 118.58892222272543 31.829223477269448
878 118.82096297180375 31.65656866768942
879 118.86573129176773 32.014386039495015
880 118.93429431974371 32.08028025654762
881 118.78286034442854 32.11158095789941
882 118.87017641695313 31.60247563395845
883 118.65288699828575 31.681996565474186
884 118.66841937498363 32.12908955390566
885 118.57316894700848 31.727292182015418
886 118.8739795245737 31.702892107201777
887 118.82650596754272 31.93862645207925
888 119.19843680774343 31.900074155009435
889 119.05668920787296 32.13433487783393
890 118.99543497276149 31.632908880279096
891 118.7220839533631 31.792862320991727
892 118.6689347526385 31.800127510064787
893 118.97346788304843 31.83813951028515
894 118.6641874438101 31.599690657822674
895 118.52553497257519 32.04070194519704
896 118.72254010993981 31.59811239171236
897 118.86822372181763 31.825232104535885
898 118.62530160844949 32.319450693216744
899 118.57684019474426 31.713807471578846
900 119.12534288543392 32.14830654701205
901 118.82006508555364 31.98129520574743
902 118.521993376521 32.325157024480546
903 118.66566813416159 31.967212856478785
904 118.5330415440477 31.773081463572435
905 118.69261404428377 32.40463030706096
906 118.78911142895511 32.17002759906879
907 118.58240216193241 31.710298976185733
908 119.13402246740672 32.03781769392935
909 118.83071046950718 31.86666627849845
910 119.09658699634218 32.305993348940326
911 119.06190631020938 31.726641923463735
912 118.59059771616 32.0993556628904
913 118.54220193490575 32.35500521320236
914 118.91861270823301 32.35081590058835
915 118.5259122138 32.31023714707712
916 119.07204966718767 32.105442791808194
917 118.71134847059837 31.8529575345763
918 119.03543979798566 31.644018114891104
919 118.6299203019867 31.74421086522664
920 118.72028049946093 32.309127109309735
921 118.95256016100326 32.15363337308172
922 118.66476785636262 31.669571349225386
923 118.66687281720324 32.37484631092323
924 118.75089213020425 31.99568136869181
925 118.54977976870772 31.741339056358235
926 118.9846229020894 31.969429548781928
927 118.58111683006949 31.933418758018583
928 118.67421174517777 31.777880875671794
929 118.53628605999815 32.11313022281185
930 118.8235942077139 32.03995442433757
931 118.70817807803222 31.8175217314395
932 118.86004407914339 32.21489468254757
933 118.9523825515836 32.03290071769528
934 118.63342799075419 31.884772881364743
935 118.75228617397295 31.716258917789318
936 118.86993610498335 31.994950574883436
937 118.67163145387215 31.72739076042858
938 119.1365945719639 32.32798765997988
939 118.54666131475992 32.020878536990864
940 118.60842007462801 32.337190535372564
941 118.70615802319774 31.8623555382071
942 118.94870727881069 31.94107266335711
943 118.54019164885331 32.022299609019065
944 119.13970740698481 32.305710843629804
945 119.11257279514778 31.709470379843367
946 118.95263872093723 31.908101391010128
947 118.75508647823706 31.678796910877782
948 118.69111714976772 32.35847317616186
949 118.72150387874169 32.25000517094797
950 119.1240579503879 31.921002490579365
951 118.86753823526612 32.11211946411168
952 119.16432524876133 32.054710645839116
953 118.85061437272891 32.075425731583636
954 118.65358874664531 32.25625330573778
955 118.57404894832518 32.365012721224105
956 118.95876376422312 31.659181736397187
957 118.7265055515561 32.03656688299247
958 118.96431605363874 32.32984690906179
959 119.18108075949162 31.918568770037737
960 118.50996618984767 31.782646015659974
961 118.58047741194876 31.67896809988882
962 118.71873555712112 32.123714718339365
963 118.70794469301453 31.7404092169512
964 118.76705007527985 31.891559724478554
965 118.80104995973113 31.89679844096526
966 118.78362423595436 32.09617018727658
967 118.56344539455914 32.39045104552103
968 118.73203952235151 32.397456398728345
969 118.5965313653601 31.84877415371902
970 118.61594391091243 31.81136520576319
971 118.9227802992444 32.180945801176584
972 118.52739726678712 32.1577103466193
973 118.69046050318691 31.830600506162362
974 118.94127181474843 32.36474740904969
975 118.69339811396179 32.24628497947691
976 118.85472301810042 31.75153381312441
977 118.83002877041643 31.99123608652398
978 118.92292120292666 31.653895558625685
979 119.0736681506841 32.03689952696392
980 118.68404701656041 32.04017427531194
981 119.13643734897848 31.766301000891122
982 118.96508529152133 31.66149948968148
983 118.79153197118458 31.720658192457385
984 119.09002711005108 32.027877113184665
985 118.78396824400924 31.646083198816434
986 118.98758256741336 31.76017264558484
987 119.11915025201506 31.73974738403
988 118.68601823557199 31.92367224230477
989 118.8330221602255 32.017305428755215
990 118.77066822674767 31.875459494103893
991 118.56038732829111 32.10905300182029
992 118.57394033794041 32.33438323814816
993 118.57165781991813 31.802766440805268
994 119.12920270651432 32.38455876212358
995 119.11922545117669 31.87282126338064
996 118.74080701321873 32.08377345112635
997 119.08560647382124 31.884042617370156
998 119.17063317275715 32.16158472329753
999 119.03085226333002 32.296045027304096
1000 118.67094805404248 32.238044043339364
