1 118.94803635930103 31.96246876871037
2 118.90163616378948 31.632135620129755
3 118.62260891466927 32.064984753445806
4 119.05658205574449 31.966671168286194
5 119.16155368663296 31.96179075106568
6 118.9432972163381 31.870102573092954
7 118.90577188579292 31.757660774273475
8 118.62663203198069 32.063707566383314
9 118.69588611850546 31.838532219535143
10 118.744943368016 31.831845890184173
11 118.62388615208224 32.09998268662371
12 119.20077244269092 32.03754067946804
13 119.15254869949537 31.719666535104597
14 118.76230798768125 31.989401382990952
15 118.62028662106435 31.736648316581952
16 118.76231791647604 32.23379692070972
17 118.62796555082437 32.30893892529918
18 118.86848881145725 31.990939636482057
19 118.63918070238843 32.28245798571108
20 118.53720695491455 31.685723044168828
21 118.93762844830675 32.01233234853313
22 118.74867867295076 31.624882019618678
23 119.0052322875202 31.929975915592557
24 118.83959302490861 31.70066829536008
25 118.9786377282076 31.69152135467071
26 118.74468569959662 32.089839069577906
27 118.89034065003878 31.79801761297907
28 118.84761538683462 31.674098626852132
29 118.91300135403719 31.782843994975597
30 118.52608807370359 31.873093705536906
31 119.19261715316928 31.990930724940977
32 118.66473201012143 31.75765325433346
33 118.55314525248772 32.12161725500054
34 118.70374834555962 32.0023607448077
35 118.99326370801528 32.029958366350854
36 119.16762424841599 31.916530831513768
37 119.10148532663122 32.21646589434718
38 118.69848302850838 32.07142122434683
39 119.09848710354436 31.71071895262306
40 118.53830628154023 32.165029868747595
41 118.56908111235767 32.371321283634316
42 118.63066680874904 32.025776209293866
43 119.0479672187344 32.30737287409867
44 118.97408600920107 31.880040509085227
45 118.57979189336174 32.07255622461342
46 119.02266720886647 31.9329075481961
47 119.03111872832417 31.921031899142868
48 118.60582581835018 32.230108460325795
49 118.96209543803563 32.031483366689656
50 118.79386978589672 32.356052131666786
51 118.54651043413166 32.03889728159081
52 118.87664710935574 31.677518744042985
53 118.83759863416925 31.885425345952196
54 119.12089196806804 32.2855744096291
55 118.94674406251569 31.961404218505265
56 119.101419035115 31.600095897509085
57 118.86404147161807 31.807920380918212
58 118.98255061570921 31.654812161011197
59 119.15871866563569 32.37901389222932
60 118.50503003669024 32.383242938241054
61 118.79367525091037 32.24929395798665
62 118.80893769672994 32.07194264224245
63 119.03623442181164 32.2328177845251
64 118.51998539267349 31.748546090566197
65 118.90306857111212 31.84225933405736
66 118.68674168648782 32.00693298976986
67 118.78680545979766 31.878863201694596
68 118.9724780857459 31.67251920720664
69 118.92809727231423 32.343732443709314
70 118.66230826186697 31.974565156741694
71 118.60962354461925 32.011240208393176
72 119.08030285035946 31.881443094593905
73 118.85764440825007 31.81629565493013
74 119.16504274018791 31.894483145930643
75 118.96654059891151 32.27208982262994
76 118.62608457654768 32.22091138960817
77 118.61651414151888 31.869636262280785
78 118.73148468568256 31.63139867593534
79 119.03859763338878 32.233593784821124
80 118.83859599337877 31.809198025065502
81 118.89368171999959 32.070585398097705
82 118.91319712355723 31.60768442898267
83 118.65610556416742 32.11554892671222
84 118.73660579161131 31.925873702085994
85 118.69162726003775 31.976908447461735
86 119.14348602003736 31.946703872463488
87 118.51523597248992 31.879027549637634
88 119.1805851661149 31.999566186493272
89 118.61284602720514 32.3907984539052
90 118.83453207031367 31.713029640893232
91 118.68649698221728 31.865335447606864
92 118.69565877217929 31.610193361153733
93 119.0327049304999 32.195530502421036
94 118.99168991446263 32.13729730514002
95 119.0288503980106 31.7704498201155
96 118.61551851226727 31.908396664922087
97 118.65738564674669 32.12297633247999
98 119.02883928932847 32.14917634349739
99 118.56940159777947 31.71469485109621
100 119.1038000886143 32.334260716201655
101 119.11984426597286 32.245404357296735
102 118.85407578729956 31.67380667837844
103 118.97452500964611 32.29166961004021
104 118.74061999436285 32.216211232922795
105 118.9373193588448 32.25953528602307
106 118.5223530935819 32.0161019506931
107 118.68159265536289 31.794333954573645
108 118.79546089487242 32.37125105552
109 118.87377797795511 32.09551265927254
110 119.19840311701554 31.878962876702836
111 119.19495749278762 31.836993566569262
112 118.58635128131525 32.31718106383221
113 118.71687573366638 31.96447956012539
114 118.56390810015277 32.03709638989322
115 118.72972075388058 32.12021636736537
116 119.14475367407847 32.28559899669601
117 118.91987911188328 32.087495593152084
118 118.52669986355114 31.757786511424364
119 118.90281404638574 32.066064300532034
120 119.172794069905 32.00731044346019
121 119.19640505703819 32.02855154683515
122 119.1350848060271 32.15281745038771
123 119.02720572292642 31.782956074536767
124 118.66034189620555 31.748221523009136
125 119.12179591564205 31.680281189988897
126 118.73522590876699 31.84247443679572
127 119.12834546354864 31.598171423182627
128 118.51867959571366 32.08159527478274
129 118.56112776869725 31.83432287972747
130 119.06297789975518 31.755811839010818
131 118.54917787326912 31.687690238584686
132 118.79966111527533 31.804553159934642
133 118.75577593817451 31.777742610081503
134 118.65408901199534 31.82209227147789
135 118.76442776663227 31.965477046441798
136 118.84886410676964 32.04085097303909
137 119.10680511130121 32.246320165987456
138 118.93366639135267 32.37967794918471
139 119.13292719440994 31.642174982975938
140 119.10897910836017 31.79863643194957
141 118.61721950157377 32.09917765703281
142 118.7731769113512 31.76882773134795
143 118.84467202338887 32.297110903899096
144 118.69032685306722 31.746888872192713
145 118.89326799374976 32.19309270802504
146 119.18573608842206 32.080265084531966
147 118.65824797051359 32.21467393287016
148 119.0717517149807 31.628149177872363
149 119.20772498381855 31.795341216083713
150 118.64425471918896 32.173239109347136
151 119.11849047655791 31.70596691841448
152 118.61766500445093 31.627304197656365
153 119.15084100988572 31.8981821131116
154 118.70378154000713 32.09654700912793
155 118.67361500052921 31.615365074317243
156 119.14467124823486 31.68473759766711
157 118.69923627768154 31.60144207418136
158 118.65424442893087 31.907108699855723
159 118.71942986031506 32.1453652146744
160 118.99710291648668 31.76128462331368
161 118.5224545637854 32.27558287707568
162 118.62890740816364 31.951866884684282
163 118.58026101429617 32.096946423644816
164 118.84506597488979 31.83203572325682
165 118.51988503447505 32.125898848196165
166 119.15411405004178 32.39348169463325
167 118.83316507280502 31.965282091216565
168 118.92077413305124 31.75985944540561
169 118.64628043860144 31.9630057634973
170 118.99981680099184 31.953346597183927
171 118.50857374475791 32.013829539767045
172 118.55102021786603 32.016618190196965
173 119.16464386646685 31.633141980341804
174 118.62620908569073 31.707455452440623
175 118.83507080453882 31.972677876348417
176 118.88941554867615 32.168404723336295
177 118.62038747376423 32.255373423507486
178 118.92615339310565 32.17471946281873
179 118.71034987869773 32.018742349732015
180 118.97567239507464 32.375431703122175
181 118.70607121563665 31.866364441456962
182 118.79010979916401 31.97952235170911
183 118.84275616033534 32.2286455659834
184 118.50008289709116 32.251333194567195
185 118.59127151769688 31.918214950767585
186 118.55364851823722 32.27603406205449
187 118.799722035727 31.948894830309712
188 118.87810285487818 32.18943802704479
189 119.16575245975051 31.573176822909165
190 118.72199202461961 31.604755687540194
191 118.61416747174287 32.33834160409864
192 119.15955796273879 31.695689436308015
193 118.87917306652064 32.16405902493015
194 119.16131948200471 31.84055064141699
195 118.71905839401063 31.74383996828138
196 118.54487449150334 31.897090283157063
197 118.84822617086418 32.34512974778754
198 119.22400893235832 32.07268238133499
199 118.54475403719356 32.32922261759346
200 118.85894054858173 32.15690380263179
201 119.08921604591505 31.96918257428619
202 118.67605787517387 31.991566912612743
203 119.06146705445478 31.76538901742717
204 118.53983641409097 31.63155396056754
205 118.71301221921118 31.913327581857164
206 118.62454886099864 32.03634139965885
207 119.15734831334225 32.321711377785746
208 118.95480124830569 32.12347947501772
209 118.72191964885918 32.262158554381784
210 119.145783452532 32.30266630332955
211 118.88151717071403 32.321240914284054
212 118.73759408598892 32.25153678839455
213 118.99820212605805 31.71223186124123
214 118.93936932722137 31.862945706806755
215 119.18075957452349 31.744887876412474
216 118.51945759932556 32.30596497116835
217 119.08578542576784 32.210963049532445
218 118.97491887362946 31.904961447533008
219 118.59492189649156 32.04929150459354
220 118.75092879052127 32.26985034901159
221 118.52529996962109 32.29720587532132
222 119.08420167750091 31.74684823102234
223 118.57560603563546 32.208604970935994
224 118.64675134157505 32.265633272068655
225 118.96530250738664 31.67911065612978
226 119.04938361092364 31.681719755723375
227 118.70144556770356 31.946248936666237
228 118.6323107156787 31.771347187463142
229 118.53368895035487 32.29846420461101
230 118.54909709618995 32.19197874768818
231 119.1259966703724 32.16953069368152
232 118.67392553161231 32.20061486093312
233 118.76165372473002 31.82376993878187
234 119.03915254186006 31.776204237994516
235 119.16527163408445 32.09800213920724
236 119.12319008357096 31.91270924635726
237 119.09950275284439 32.342401328810126
238 119.07920590717482 32.141096754205556
239 118.75812878720468 31.88735785538455
240 118.95015234476392 32.26735029670156
241 119.00633495603076 31.926252965634866
242 118.8053098382535 31.7255492559986
243 118.95803592385633 32.208723857590066
244 119.17906227849066 31.991121203142708
245 118.71146099471757 31.79380872143355
246 119.15606025428195 32.13290361157274
247 119.17792520557273 32.38801639764141
248 118.9134453314822 31.792020744468335
249 119.17055314307736 32.241421176648544
250 119.00255042415999 32.19759812250323
251 118.9816780789495 31.68952856376511
252 118.57387741709523 32.289667386727174
253 119.04443459068348 31.965203408477976
254 118.60287500813267 31.67410148818728
255 119.050059148948 32.02635846384157
256 118.52454595448671 31.875249411884496
257 119.1336275024896 31.72063524665051
258 118.62618085685989 31.64398695892343
259 119.07932344926559 31.77472851876111
260 119.1353347711573 31.946838327593685
261 118.53803630428656 32.11475419211588
262 118.57125187559504 31.67155898500003
263 119.15772548166882 32.1569967124973
264 119.18105698465354 31.691729757956185
265 118.55377345158081 31.730523761541598
266 118.94852105437793 32.19323706320503
267 118.76119267895022 32.278361656891725
268 118.53010236384955 32.34439361589833
269 119.09711261932183 32.10974866867022
270 118.95526930088512 31.978818429176034
271 118.57856254261542 31.68464369235513
272 118.80992811342335 32.08108405722684
273 118.7886337282129 31.723668461981024
274 119.18381663993283 32.004621439574436
275 119.19574349538247 32.08467003825367
276 118.65592351062087 32.277412826743905
277 119.02474407330486 31.85764534083313
278 118.94604902693891 32.3996835804249
279 118.83089961114511 32.37508331202442
280 118.88332263194599 32.29973420242239
281 118.80173933803707 32.18611678928499
282 118.5150171702839 32.14771307105698
283 119.03030091159545 32.31531605172012
284 119.04042502885821 32.355592494246125
285 119.13115107035351 32.25788282777634
286 118.83745286255291 32.136840311520686
287 118.55734604822621 31.706872619615215
288 119.16674037924108 32.09287506594268
289 118.69919521089541 31.858425068541504
290 118.57622904500866 31.712662976843617
291 118.59232772893154 32.305682334583985
292 118.93635404351083 32.255588195682044
293 118.7612380164503 32.016520688194156
294 118.98075728103794 31.97930236056434
295 118.52067630415209 32.01268539147603
296 118.51526582934562 31.817973479432954
297 119.18740470233386 31.919029773701844
298 118.53405930078961 31.951817921609347
299 118.77330447189938 31.628827826847342
300 118.5331545519185 32.29944217495871
301 119.14788353913605 31.642414768830253
302 119.10295612479352 31.928638374310033
303 118.90484027599842 31.69916131683007
304 118.58277519885013 31.777990986866392
305 119.08081536598934 32.3553128840687
306 118.55944315935254 31.895317706159066
307 118.78696621959868 32.17463194144617
308 118.7322103235076 31.68954074350028
309 119.21541803370698 31.776111017467894
310 119.18976579753057 32.29861098541593
311 119.08627607120859 32.32598746206415
312 118.81836182870195 31.7922985661613
313 118.85422274890101 32.37200776359337
314 118.88765686784912 32.1491412021272
315 118.88038539771401 32.017564095810236
316 118.63772316361096 31.890392654981873
317 118.6826059549311 31.858086474399272
318 118.99125139844351 32.38663022370702
319 119.09624180832346 32.172844963081936
320 119.16345121609837 32.009981532974706
321 119.0389957183498 31.626093426764676
322 118.91945334427578 31.802876300117113
323 118.53885734206312 32.35155472551045
324 118.56140205826395 32.030298788100325
325 118.62923857352773 31.865700914380366
326 118.97999245751032 31.627880781202588
327 118.69931861028175 31.82580690996607
328 118.79938293664351 31.790955077616655
329 118.5920583018478 31.734830311503387
330 118.65277322348467 31.878180102058327
331 118.75365314271586 31.749864010009645
332 118.92800195157999 31.652428744701055
333 119.19646949627744 31.710237339056217
334 118.6127276066156 31.977567312077888
335 118.70905265195142 31.642498124593363
336 119.20271013652092 32.352885675427835
337 119.10764649028837 31.764224694003257
338 119.178712890634 31.994226709330007
339 118.87429026806554 31.928293709146793
340 118.65622077005557 31.842444861817725
341 118.64353886985177 31.868375075915218
342 119.06338258564509 31.810722416477642
343 119.16436470570089 31.837384362831926
344 118.92523191952672 31.701503742115612
345 118.95010056858526 32.14235618844548
346 119.1469631524118 32.09570312886842
347 118.67478946301006 31.837448889458056
348 118.88952338249476 32.31493588686815
349 118.88799192985991 31.916327702578933
350 119.1367141274113 32.114121519486915
351 118.72036762872906 32.00837022457973
352 118.59460803947358 31.85810561380471
353 118.60775047754174 32.315619547424696
354 118.68206295229668 32.28867408249909
355 118.56104638849969 32.26615836757656
356 118.69752631026246 32.36597838682243
357 118.87741582439203 31.630174966092813
358 118.80910098941364 31.98847847191063
359 118.94392604090368 32.354779229829035
360 118.87063033500478 31.706011758243022
361 119.03049782721418 31.781357939979326
362 118.81922193418298 32.016439781285904
363 119.05257217098024 32.10898613973362
364 118.81447374128926 31.876363131214596
365 119.02716666051842 31.842837645285243
366 119.00486940536686 32.22303198996178
367 119.09590443872426 31.60621304299022
368 118.62311732999872 32.23958702636512
369 118.99768511744547 31.94983814437994
370 118.4762549319082 32.11880893085307
371 118.77316968089525 32.16456117443818
372 118.92837107070135 31.673604243090576
373 118.48898693321928 32.34040283734317
374 118.5228715102013 32.251079316556385
375 118.65500207802094 31.881480407217296
376 118.78888966533263 31.75802986323972
377 118.96956892036611 31.664054014131604
378 118.65124980548077 31.872625042433747
379 118.77561682702432 32.173960681669364
380 119.15858430668733 32.28390114642726
381 118.72199511200797 31.8517532477152
382 119.02323717175992 31.78750139023681
383 118.9300909808798 31.862456148858996
384 118.54178774235284 32.38237277652136
385 119.1789750531326 31.661310775836625
386 118.60010899043746 31.732414195581725
387 118.76436541399232 32.16686333676571
388 119.18606009746799 31.690851473075135
389 118.68292319973368 31.772427556367376
390 119.14340051282623 32.271696581874025
391 118.95172655576876 31.850603915302408
392 118.61284678307833 32.08855753164553
393 118.59904141566584 32.044669314368164
394 119.17938726160571 31.831357563408286
395 118.80762796055882 31.79749141815532
396 119.05872279875436 31.7994328927704
397 118.59011363709442 32.31813911766563
398 118.86860812438053 31.612859236068754
399 118.57471286262547 31.69668480344615
400 118.84254297222111 31.892108641349346
401 118.51446334184628 31.75934952678353
402 118.49965538750146 32.03424925074799
403 119.12907586538796 32.024452619182576
404 119.12612586194565 32.01196357465307
405 119.02170086961611 31.84717828435148
406 118.83763209596033 32.021047385136946
407 118.62858972268427 32.218124481076856
408 118.99190423910329 32.234339103373735
409 118.64326944910323 32.04510517594666
410 118.53318730505292 32.26248673384732
411 118.71330106446837 31.672548977710647
412 118.90685115445717 31.717414174844787
413 118.90315288619612 32.20503905474043
414 119.07448473240837 31.90004238198867
415 118.75545663211855 31.885698668096126
416 118.58001589486994 32.06574961345811
417 118.53764420359121 31.918368163715087
418 118.65559038945736 32.33170673971718
419 119.17868640764253 31.900263304834212
420 118.49861057302542 32.262124212326874
421 118.9376011530599 32.11270314284147
422 118.81539520160628 32.33981255090831
423 118.64994106536416 31.986256514295548
424 118.998999394042 32.357203407341
425 118.89998223969693 32.0379991970875
426 118.55893079068528 31.61943887834996
427 118.97902562527052 32.18841878789521
428 118.52146205460082 32.273310412093586
429 118.66296776405318 31.660307372370653
430 118.89310953507352 32.36818450583997
431 119.01235099973046 32.05146731248464
432 118.87001900424629 32.19026036679081
433 119.10513018125725 31.78834033685132
434 118.99208904763452 32.35394249469715
435 119.17059236904251 32.11962215655369
436 118.69184789983649 32.062909535977006
437 119.18131684207137 32.35059862378055
438 118.65032665451936 32.05246289229519
439 118.6479969294503 32.024978093613
440 118.61707273610673 31.60920004486464
441 118.59161752784203 32.02668609001528
442 118.94787152127029 32.18636725158149
443 118.51060843669224 31.897047574950662
444 119.07426583821888 32.16646552432816
445 118.96249742946034 32.04331064784842
446 118.73953999176582 31.775326927212934
447 119.12289478830421 32.03408212588341
448 119.10472696621495 32.00874977360666
449 118.93430144282857 31.871410495852597
450 118.52919440186754 32.14032056550638
451 119.18661285284944 31.660421931719835
452 118.9218847691685 31.8926492895385
453 119.15446749499891 31.943140324816373
454 118.5981597534112 32.39473443725702
455 118.51401779433193 32.164112208582516
456 118.7184570488913 32.11825567606324
457 119.02786338120242 31.739833059795064
458 119.06530381281776 31.96110508609028
459 119.0894588406729 31.90191097721154
460 118.72861536792838 32.350238868911966
461 119.03584341250935 31.96084012822761
462 118.59781698195083 32.28338690754298
463 118.89269011506741 32.152386876958325
464 118.52221143277399 32.27174580088705
465 118.99351945884648 31.5768813592107
466 118.76026044545016 32.33066991287162
467 118.56336973077222 32.35998152357323
468 118.98986748136318 31.72742376567999
469 118.79750100347795 31.635191034576188
470 118.72016898050359 31.866690834996376
471 118.74871005374627 32.02944243154525
472 119.04390195562115 32.03866681353897
473 118.79770381107743 31.984299529975743
474 119.10998558975596 32.32054578930744
475 118.61487272851788 32.01909966867956
476 118.78786968823906 32.34305619654286
477 119.14502790461265 32.06634837864621
478 118.91782966757054 31.760794143598396
479 118.99224645438449 32.39334996016905
480 119.1000906923609 32.387454906022946
481 118.87010236789953 31.956120403918828
482 118.5973437961454 32.222132145357264
483 118.73493180688963 32.127428466549595
484 118.6825596414573 31.756267640559876
485 118.62548309668553 32.073006150149574
486 118.8972541371039 32.11233613226163
487 118.64047098820605 32.08835308316744
488 119.08144034469375 32.04921900148145
489 118.8291261781234 32.067125146426925
490 119.07949879913835 32.17058982960699
491 119.09730163097039 32.19273099402236
492 118.97249595211267 31.661539131521234
493 119.04257309613676 32.343817715135465
494 119.05936062214012 32.00052705277864
495 118.92423761289366 32.162256733217426
496 118.6875702679567 31.91118897368086
497 118.78660333481348 31.667575986072087
498 118.7211621585869 32.12546843016011
499 118.81996932330175 31.916887879689238
500 118.75372144002574 32.01742490601382
501 118.76244926465255 31.79773049506293
502 118.57575967987637 31.7711159276569
503 118.78300219604627 31.83086370923901
504 118.5961292426095 32.3157750091124
505 118.7579442081962 32.35129366801118
506 118.56632001768565 32.35664362948489
507 118.77451531968214 31.953575881482575
508 118.89126775497917 32.22011974983318
509 118.53799693646103 31.733229297140603
510 118.67187811276492 32.18924904927284
511 118.77990747516421 31.94676464290952
512 118.71702088548841 32.25345632863928
513 118.88553949305758 31.768290701025613
514 119.06600612115459 32.24686952916517
515 119.03380023890446 31.680728022053426
516 118.68395842883008 32.30345002429573
517 118.63119926945892 31.94691313133836
518 118.92446804558331 31.751166653525974
519 118.79197282242248 31.831793480422004
520 118.56316006537457 32.16877030646031
521 118.64269718205259 31.96109178459201
522 119.16906123626407 31.784773148044053
523 119.13507968574253 31.813153241946747
524 118.729407446283 32.14625821830563
525 118.51820308225052 32.109345554766044
526 119.02685923416183 31.652188050311583
527 118.68158145254867 32.27450628791023
528 118.52587607727064 31.691636957110656
529 118.67872305108888 31.78025980402374
530 118.57761812830088 31.62117841337886
531 119.13886032726855 32.03121982712003
532 118.63986313410372 32.315862611900215
533 119.01046079243795 32.331133808075506
534 118.60512143387007 31.97219653196949
535 118.57372711904189 31.69051291025025
536 118.78819444941526 32.000497005357886
537 118.93828756109137 31.826638557000248
538 118.8869099386765 31.84708904677459
539 119.03701819941166 31.760476646898212
540 118.77010211179356 32.354142025959156
541 118.96356592152821 31.918326747460846
542 118.54136039910348 31.598694547626106
543 119.03024446441019 31.974953148121422
544 118.9680596322085 32.11313006476158
545 119.06804533734864 32.24301499999005
546 118.55045171774998 32.18414268382443
547 118.82859459524877 32.143050859654615
548 118.9632883408554 31.789937973310135
549 118.46972700839767 31.862529947224026
550 119.12209332523241 31.931579817081108
551 119.06195823171613 31.741995850037235
552 118.86364611315896 31.97783728491542
553 118.74171098298113 31.686140543007944
554 119.01820869998934 31.683856747518707
555 119.124740094492 32.25350864404677
556 118.878349473895 31.72007731203648
557 119.13851674664616 31.951498952200627
558 118.57488645330514 32.07440107999145
559 118.72026441948279 32.35471609832059
560 118.99141851956223 31.86287209373654
561 118.77262549885315 31.71512054307357
562 118.85977059935264 32.29983455506579
563 118.95266219684245 31.836387364562786
564 118.90433999465391 31.819853983338703
565 118.813902338286 31.739048035212754
566 118.63229322215253 31.95157488734056
567 118.77642197675621 31.754176128746323
568 118.63089206095131 31.921200993849133
569 119.02600917941024 31.858409065712088
570 119.05863072411803 32.12457273341553
571 118.63828942755545 31.959698197135168
572 118.92153278299538 32.10011089544364
573 118.98598134358345 31.84137505657914
574 118.78325756395428 31.897105336414633
575 118.55045200359864 32.38562262121449
576 118.9580189844779 31.80173988504413
577 118.56342151502845 32.19523538303163
578 118.9797883955782 32.162371655176905
579 118.57790626036409 32.0961837807103
580 118.95423190712687 31.680755855729362
581 118.6784143902537 31.611196273949353
582 118.75437517450301 32.20486888835563
583 119.1652899920094 31.63988622766199
584 119.17925925447278 31.80037930492974
585 118.87760229386295 32.36476037770686
586 118.9561216575455 32.39375307774817
587 119.06507943739334 32.353605431226605
588 119.01226222153707 32.04372053549897
589 118.58438007671278 31.981947569722784
590 118.80135788907097 31.979480774650508
591 119.08875519057477 31.886480403850943
592 119.02121535597146 32.39371225882412
593 118.62075427623446 32.236279062523565
594 119.08156540240886 32.4190345010194
595 118.9364695122877 31.829707030539446
596 118.69604126619619 32.07985331363161
597 118.52646117025793 32.12390116938621
598 119.00797939597577 31.916092850525317
599 118.82501239007124 32.066605613674334
600 119.18253573985578 31.732907475594935
601 118.6645561283568 31.834290619736308
602 118.57017496513328 31.72602988989682
603 118.66231836822597 32.07130963553171
604 118.80429341388165 31.876468098769312
605 118.53316090727914 31.951360352791678
606 118.73593259681377 31.888075168228642
607 118.65972682104334 31.621818739665237
608 119.17031981484769 32.32782167539554
609 118.62659323084947 32.16308232372736
610 119.11413497683283 31.854364564343385
611 118.56592555995377 32.32765955883718
612 118.89215657780208 32.14218673113636
613 118.92330927054081 32.412174576026295
614 118.89849326801124 31.987088704871912
615 119.15400112349396 31.687294426360516
616 118.79876856119667 31.684736210812243
617 118.9330261446805 32.178569117159206
618 119.11213597802914 32.053897587370436
619 118.65887431808325 31.769035541873496
620 118.86112838511433 32.00633778337238
621 119.18203482959997 32.03171645898236
622 119.02921007923995 32.29679239741963
623 118.99703013578404 31.615368127656154
624 118.7980650430187 31.69251881727789
625 119.10778223069812 31.918237786247502
626 119.07040675573394 31.68569377466515
627 118.79002434338125 32.36963981701628
628 118.89181074891951 31.765092591413335
629 118.98076772661263 32.08295190843372
630 119.0253217235793 31.946939737274896
631 118.8453239780258 32.22662840592952
632 118.74860554497532 31.633818986451022
633 118.61417169466546 31.860771891038965
634 119.03266447624804 31.975696677706917
635 119.0239461692857 31.67817393887684
636 118.63114892586808 32.082621202593266
637 119.10835407171501 32.015462393551694
638 118.6105614464566 32.27664155136606
639 119.08538152067983 31.95951927011795
640 118.60911506586214 31.865364977102736
641 118.94771635796775 31.86049350817508
642 118.86263435704103 31.82067544820281
643 118.61070191487772 32.340560495346374
644 119.03939896170557 32.23004439175452
645 119.00396055810198 31.869761194803374
646 119.10435342872769 31.949672103147186
647 118.8238355921405 31.68461140676422
648 118.87336528240851 32.06935355049515
649 118.97840977360336 32.18923235145645
650 119.11015548063136 31.807622809146167
651 118.76968070985384 31.966705310935534
652 118.98619016255012 32.140537847971416
653 118.92801457995549 31.98042857750741
654 118.64377872470534 32.03739489607852
655 118.97835163420184 31.77016008693216
656 119.076126385671 32.22506495193866
657 118.82826875165779 31.68597443898992
658 119.17517255907461 31.965726409858878
659 118.86686714543016 31.83586886656204
660 119.13545970334928 31.693133515085382
661 119.01527093182995 32.29772116525817
662 118.79286411997596 31.7740633784571
663 118.72110709605894 31.995488705985547
664 118.78721742512965 32.098327098999604
665 118.73571927970262 31.835635911144895
666 118.50841021120922 31.993326467291457
667 118.53614946201084 32.01271581086704
668 118.78076432048665 31.936286800787656
669 118.60626839411923 31.87598992914418
670 119.08203829238165 31.80056570362536
671 119.1639440058368 32.33460263411127
672 118.72342917475216 31.97366352715442
673 119.01953802315485 32.14332174975276
674 118.74268267531639 32.02184374326982
675 119.10536347405755 31.857301940778093
676 118.81466171122298 32.00933668077243
677 119.13423438073835 32.24491553003297
678 118.99560627680523 32.28840017788197
679 118.58336998504322 32.36012595965982
680 118.60665029566788 31.802490617403407
681 118.82221857066325 31.884543027109675
682 118.90097810153176 31.681099285435977
683 118.8497374043504 32.40842322522219
684 119.14458207057507 32.120194993487935
685 118.50287986979906 32.160663629344214
686 118.58985972763699 31.96530183243139
687 118.69867220236247 31.806971366166255
688 119.14526804088317 31.921039867694283
689 118.49531061239013 31.834809479086502
690 118.87208169982374 32.02362151314178
691 118.49841851510405 32.258197276902955
692 118.88292989030106 32.25734695581288
693 118.8346241824856 31.85260432846585
694 118.58057985669177 31.730906681130367
695 118.93901802751203 32.18735777331591
696 118.92362440188252 31.930682464459355
697 118.81907089577518 31.730432732875734
698 119.04699412614437 32.102510797199166
699 118.5409317655809 31.678554671539306
700 118.72458441956424 31.66656366683361
701 118.8266702336682 31.5880388009426
702 118.71472957279306 31.747746849257908
703 118.57924428093821 31.976909009402622
704 118.58277649422415 31.757579447258937
705 119.0433490693564 31.63885016829677
706 118.69318155749347 31.99233931754892
707 118.96459177798245 32.32769381960432
708 119.10018185655284 31.622197001182318
709 118.71576291901414 31.799825802986923
710 118.63188074655582 32.34640050757643
711 118.89694178886839 32.11589731091822
712 119.08550443186397 32.245654412330886
713 118.77605675430158 32.305832851071706
714 119.07266135073013 31.769589574149876
715 119.20175019180947 32.205110494062
716 118.97545607229743 31.824252651875668
717 119.12458517792636 32.315402264127066
718 118.54843983641945 32.3424687214702
719 118.77067377173422 31.72388849602938
720 119.09861909846775 32.29066657699595
721 119.03185667765165 31.63231599828167
722 118.5829024949564 32.07223570652812
723 118.67331903594815 31.96986663953936
724 118.72060309313896 32.09839219927313
725 118.94537941426745 32.20088540113703
726 119.0181025450135 32.296340425235734
727 118.85728967834396 31.998658869858712
728 118.52606929591379 31.64342087176912
729 119.14541657933465 32.35557190997825
730 119.1746736261862 31.64919036226117
731 118.72723277225029 32.24032018368899
732 119.06896083793447 31.71034218388616
733 118.87461541667876 32.30488477327831
734 118.8252110262303 32.095257171518554
735 119.1468218085024 31.85577375868518
736 118.49081155347461 32.25783842259013
737 118.77265913260305 31.741490104832586
738 118.65135812572908 31.777403918052475
739 118.82826096420216 31.835204642570027
740 118.81097772427026 31.9149209863321
741 118.63824921872026 31.786645884097492
742 118.9110570074744 32.3163981785261
743 118.75091745785137 31.962474350889718
744 119.11965457735404 32.377513789370525
745 119.16078291352358 31.83259306487224
746 118.75425823903758 31.970104184308337
747 119.01890876075718 32.27265848175199
748 118.94589820423872 32.39021308742402
749 118.77251063232974 31.964338385415655
750 118.72869708529916 31.978501364735227
751 119.16662884689171 32.349959384912445
752 118.66040936631025 31.9357294074209
753 119.06812404168132 31.955766984265473
754 119.03291136521095 32.389629341964536
755 118.62909310665063 32.00866872993315
756 118.76921273360773 31.67711843748901
757 118.82408555918727 32.36609563884331
758 118.84844417084672 31.955351300894662
759 118.92921663307618 31.890516326189775
760 118.76780723245983 32.30292220016279
761 118.94184766900567 31.616338642612938
762 118.8038102713696 32.37963871245076
763 119.16874963610141 31.665299288013816
764 118.96453883688493 31.641467907753896
765 118.8255234908613 32.31885981495816
766 118.88737846319515 31.964857192510575
767 118.58580435348286 31.729527795836557
768 118.68605809907612 32.38556163096715
769 118.99245984179899 31.841974243523346
770 119.21930175141956 32.345973049025446
771 118.75181200182563 31.98765667327292
772 119.20669958538647 31.917394755737366
773 118.76122009189942 32.0540374202331
774 118.80121670127488 32.33403030651771
775 119.17808405678359 32.38685890040224
776 119.05481868149501 32.13763507762807
777 118.89496859414609 31.898576346028573
778 119.18659400274133 32.266432718212286
779 119.20668304762552 32.34659056057857
780 118.61314694596611 31.99606048957049
781 119.06952543445489 32.1902279308
782 118.68559165215149 32.33759005927906
783 118.71239669040142 32.163562604028115
784 118.79618524049356 32.11305951986485
785 118.85093758737112 31.878472101229367
786 118.59051173075902 32.098080269195414
787 119.02532250895086 31.7785891636026
788 118.49830115276653 31.710562020562385
789 119.19047464735117 31.793820062581403
790 118.70848179701143 31.936024770495855
791 119.0122987974259 31.867085236821985
792 118.85164074783248 32.155932545921985
793 119.08812385788963 31.907243790138715
794 118.59764420702803 31.96686996871985
795 118.52278466184659 31.819745025540403
796 118.61838260684489 31.70294267283901
797 118.97516668971436 32.17147853456619
798 119.07129739718728 31.791662637279106
799 118.60675540472612 31.96345300582203
800 118.91225756806087 32.089771282123
801 118.51920388370284 32.13395540948543
802 119.05544911323793 31.947331334116804
803 118.56410980128364 31.80802612910026
804 118.63545251878566 32.31127606440498
805 118.95523095939967 32.142732538561965
806 118.82357373378242 31.78234520798639
807 118.69407562192708 32.23558346878813
808 119.18700680115263 32.04632657862475
809 118.87777315161651 31.958014485539415
810 118.6087045550809 31.705792200071517
811 118.8029778202424 31.78244415958176
812 119.00416247682098 31.689775561661072
813 118.80676904659441 32.13159264627704
814 118.58876609090932 32.19141546152965
815 118.6136553479487 31.974318471038575
816 118.6752244830882 31.654681946267946
817 118.89282079807148 31.708370515079707
818 118.93763266351493 32.33823490451819
819 118.83086448440868 32.32380224697572
820 118.62745349296569 31.913885568278385
821 118.72787846217503 31.69601779054793
822 119.13069856956335 31.977492786461735
823 118.68257322448106 31.923918348220695
824 118.99001898136551 31.60528774010118
825 118.74200557107164 32.19638547085496
826 119.1934306308718 32.1010297698189
827 118.51284872805776 32.034251667814615
828 118.70702644705493 32.242245022112016
829 119.04005615910616 32.288201105806614
830 118.52422264212207 31.77726977266793
831 118.7608692465373 31.65546271107551
832 119.16812349631189 31.908705706607883
833 118.98073764916052 32.27698128433322
834 118.58977880888868 32.20618294551252
835 118.54315277104465 31.807778197556477
836 119.17158992958217 32.2118835701258
837 119.15340675373834 32.068417231853445
838 118.61397789576942 31.790658084863395
839 119.12199733484404 32.138968199071584
840 119.01369534611571 31.83311530895899
841 118.79937762276512 31.87714492584276
842 118.6429772945282 31.75397516291414
843 118.5942235741538 32.057644340644174
844 118.65393607396703 31.977171437580374
845 118.80705831094913 32.09231610242393
846 118.51538806556896 31.596730999423098
847 118.9374295313854 31.92338280508084
848 118.94186966386705 31.649251090443926
849 118.89715562841792 31.851797076657757
850 119.08729290087226 31.67912072452989
851 118.55931685591972 32.05973975963452
852 119.1873517147719 32.346593702698
853 118.82652837436254 32.26572997818626
854 118.83583050987573 32.00050214015827
855 118.61911605672346 31.874727738056727
856 118.97054422992298 31.606335354946136
857 119.12917628158758 32.1302374673443
858 118.54213391033709 31.83849030727875
859 118.71048938708745 31.9376144527571
860 119.05653181674487 32.082824142725336
861 118.51881359494364 31.732581119814974
862 118.89741275828375 32.039605399249794
863 118.6524857498102 31.958280305600226
864 118.87706434323654 31.901562938899215
865 118.61149352077179 32.27671083113391
866 118.75413024684264 32.20504578988886
867 118.73190586672969 31.683141006388357
868 118.77427013234562 32.32195577926063
869 119.17448165623405 31.566326932450732
870 118.59633142352232 31.773310427294874
871 118.6769185108923 31.709768399652464
872 118.97520498307733 31.86642572275656
873 118.76984596835594 31.70747458795615
874 119.15166445333888 31.81680394359513
875 118.72834667071338 31.930369326776976
876 119.16348380835343 31.962580688215816
877 118.60093838710742 31.83330896129231
878 118.83497273646012 31.645213486201634
879 118.86408014651023 32.02330394126121
880 118.9408722654196 32.068101288286186
881 118.77127927504995 32.12357346622761
882 118.87669470174447 31.59473821260112
883 118.64173041457651 31.6805566165161
884 118.66070005823829 32.142079824519065
885 118.56961388841492 31.734989103671925
886 118.87613210976214 31.69795018118136
887 118.82346542893875 31.943732195937983
888 119.18536745868397 31.903344319129886
889 119.0589945915185 32.12385703974662
890 118.99956332030686 31.63535106763488
891 118.71683025137327 31.793139870178763
892 118.66292850492604 31.801580307895033
893 118.97672981802451 31.853002973663475
894 118.6694251276453 31.578353267337583
895 118.50740276311781 32.02981308080834
896 118.72276620459442 31.58777130985858
897 118.87394896443148 31.831558147720774
898 118.6241073462058 32.31068655444782
899 118.57186342579543 31.699690804193803
900 119.13623776652223 32.143158817336605
901 118.82031000721854 31.969128862106906
902 118.49886605158133 32.32153546098005
903 118.67397412544187 31.961807312503204
904 118.5469545697949 31.770862674932943
905 118.70769768379483 32.41169659053539
906 118.77742168648575 32.16236036311867
907 118.59052349920684 31.718285736166553
908 119.13456955668289 32.04036780442367
909 118.83339107010413 31.854841284505227
910 119.09920495040342 32.30547850338529
911 119.05298192969114 31.73256864427461
912 118.58970802825334 32.09440440178536
913 118.53458637624458 32.344970041711136
914 118.90862666996698 32.334711328819765
915 118.53806615295431 32.310190152229424
916 119.0705064017369 32.092357055984905
917 118.72068086075377 31.85465044111432
918 119.04082260709139 31.65386043048551
919 118.622971171536 31.748336964103686
920 118.72087614405173 32.298706327523995
921 118.94427138803498 32.16643462264215
922 118.64990131965496 31.661487628442405
923 118.66664550450197 32.37009112778704
924 118.75956811610152 32.00014737934164
925 118.54433069147181 31.748657165579893
926 118.98570999902228 31.96842356782859
927 118.58812109868914 31.952885102661654
928 118.68338407475473 31.78082072158938
929 118.5270736935402 32.11096838552675
930 118.81968429681964 32.04078809334757
931 118.71654028916646 31.821272046216638
932 118.8681814552547 32.19782295984754
933 118.96258091110465 32.03001284326129
934 118.65120873078932 31.88114522189
935 118.74169773905408 31.705933108650967
936 118.86754386522506 31.98051154883095
937 118.6677248782643 31.72696038413408
938 119.13827531066605 32.323464069703974
939 118.54436521840712 32.0142487950069
940 118.61328922153469 32.33824159165128
941 118.71670349774318 31.85749272259776
942 118.93682113344966 31.949045059758873
943 118.5503132600758 32.02935017919459
944 119.13649319180678 32.315381129352936
945 119.13261509262513 31.716410797492223
946 118.96631445637783 31.90742463396229
947 118.76859002468969 31.67821638341441
948 118.68254581539826 32.337961685328985
949 118.70751050712008 32.254589419526006
950 119.11053209444103 31.932611126378248
951 118.89350690648897 32.11280449663128
952 119.16421272752758 32.06751336931163
953 118.86193599009943 32.07565295812874
954 118.64997829912285 32.24242864215495
955 118.58010805757694 32.36578350311547
956 118.96619259596882 31.652098380987326
957 118.72809014845839 32.038165680883566
958 118.95461679741057 32.32779045935257
959 119.17271388914169 31.914948138586993
960 118.51672841633666 31.794350078263932
961 118.57415528576499 31.66698373959876
962 118.69924305659742 32.12740471688171
963 118.71477520903247 31.74038276251167
964 118.78403927014236 31.89973973576052
965 118.80805021816583 31.902286844016896
966 118.77052387737967 32.10346945152214
967 118.5516567512439 32.38280904648849
968 118.73135853369548 32.385400264122445
969 118.61099955085099 31.853021464625154
970 118.61486770968136 31.807848067868957
971 118.91352064837615 32.175267027708564
972 118.5189599225891 32.15458249278169
973 118.6884397778916 31.836146676092387
974 118.93868657742759 32.36397875950513
975 118.69262443432223 32.25055552993854
976 118.85196773594711 31.755791632346465
977 118.82016367676792 31.981385139639656
978 118.92826481739073 31.666134928857577
979 119.08274456891216 32.03832441939921
980 118.69771398281587 32.03479392648672
981 119.14868134778094 31.77874280875181
982 118.96985979386994 31.67232430175288
983 118.77666389753489 31.696899705127493
984 119.09108119787311 32.024604757204955
985 118.78010867758466 31.63262714459618
986 118.99624273568514 31.753978787837646
987 119.12069606928671 31.73124358641263
988 118.69930824723558 31.92450372887955
989 118.84014104877394 32.01525200610489
990 118.7707128117566 31.881698696721035
991 118.56706107216547 32.10667775180979
992 118.57620212929822 32.33152571245612
993 118.56612340890888 31.79350277952562
994 119.12303966857874 32.38325218775691
995 119.12200503560392 31.886245571867065
996 118.74771479418699 32.08417196881916
997 119.08843876370744 31.890255941965602
998 119.16555786430794 32.15076865600365
999 119.01694247016573 32.29074634862168
1000 118.66440561529052 32.248892295767845
