1 118.94060647140351 31.93951184843275
2 118.894927079108 31.619069089368587
3 118.61715764007643 32.044407875743815
4 119.0675433643098 31.972314348528926
5 119.17433174037545 31.951846862087365
6 118.94986661948809 31.86831897845995
7 118.90052573658579 31.749780815242726
8 118.60503978491117 32.080046077329875
9 118.69068936309837 31.830578046767915
10 118.75628363271731 31.802222174666305
11 118.62733757128287 32.099485696955504
12 119.20032126704427 32.02942333535883
13 119.1398272243768 31.725132785068052
14 118.76244554777998 31.979463475823334
15 118.60873242646389 31.736172053799866
16 118.77691930342044 32.23106893669593
17 118.62424186112862 32.3017861093144
18 118.86916431983003 31.991670815684824
19 118.64618482956293 32.28647494567304
20 118.55081164253677 31.665083270990333
21 118.93605308102083 31.99910529184626
22 118.75565900255877 31.656063950872245
23 118.98643997479103 31.95440166305111
24 118.8616433179619 31.67267440887593
25 118.9548353877143 31.694442982682382
26 118.72195075646577 32.08700013643024
27 118.89846719970976 31.774714522109452
28 118.83390431197661 31.671438172834
29 118.91190036773119 31.777116893689914
30 118.5295469338359 31.87813372309354
31 119.18361285394928 31.967374318284005
32 118.67315944711 31.761123759940983
33 118.55972898865072 32.096495886785554
34 118.70270293525009 32.00677534189456
35 118.9927527146792 32.01015725888989
36 119.14710652305676 31.909660250490234
37 119.09363625348131 32.227075296073814
38 118.7118426260178 32.06972049180203
39 119.09293451730575 31.71928541541296
40 118.54853994979027 32.16033256246261
41 118.55204987564623 32.372423694614284
42 118.63196862610545 32.002645064274255
43 119.05105079228122 32.30448013605944
44 119.00925762659121 31.870526948251868
45 118.58364724377078 32.04928191191495
46 118.99789342030301 31.942466390266304
47 119.0386583324047 31.939357279269448
48 118.60442697943708 32.240846009004414
49 118.95942565946675 32.01766439571376
50 118.79668692158371 32.361161676454
51 118.54283152875044 32.03075172318128
52 118.86146597106706 31.67206123650705
53 118.83558010484032 31.901612501083402
54 119.11266050142564 32.268568757013554
55 118.92725526902824 31.935449225913658
56 119.10855425387925 31.621074923736955
57 118.84171926708233 31.807650800297505
58 119.00808106379725 31.644463717370897
59 119.17050556582544 32.37731551150725
60 118.50860431783487 32.38618065602842
61 118.79497622780801 32.230662697570956
62 118.81336908601506 32.088573008675645
63 119.0505897725645 32.21867231555895
64 118.51186965350459 31.727716460928285
65 118.8910839356324 31.82398623475744
66 118.67877078554791 32.00565143664962
67 118.81933912325219 31.880998908014345
68 118.97799724647712 31.646514728708322
69 118.93603351637161 32.37244679641979
70 118.66448642215369 31.977791423970864
71 118.63964086438094 32.013048210231446
72 119.0847590926823 31.86865187639217
73 118.84965879504264 31.81435749222732
74 119.17593672982325 31.89706553268283
75 118.9501466199847 32.269692422898906
76 118.6602593394449 32.21807755233651
77 118.60872321897209 31.878050514220167
78 118.72244645987202 31.601761015162417
79 119.02996473295548 32.227184005432235
80 118.8293655397558 31.794190941734257
81 118.88604878333751 32.06364046168034
82 118.9192360505657 31.609723848324425
83 118.63909696610803 32.11538484288468
84 118.72406346063562 31.92537750881133
85 118.69936022444928 31.989522157882053
86 119.14236709742175 31.932149916186663
87 118.51785279248809 31.879085955827303
88 119.17597230019088 32.033941124125036
89 118.62263709637813 32.38345053421715
90 118.86523054868728 31.704435860289333
91 118.69452027342157 31.862353670952288
92 118.70436873303521 31.629831803628157
93 119.0350915860419 32.189831539135156
94 118.99733150578074 32.121439211951966
95 119.03789308846444 31.76662819561533
96 118.62254756914074 31.911432152089862
97 118.64799208498752 32.13677111297016
98 119.02365613284276 32.13170456177747
99 118.58778134417585 31.74762649259213
100 119.10090200743888 32.30369970420367
101 119.12270430487483 32.22469645109307
102 118.84954265596485 31.683268235335614
103 118.98025663893515 32.29753524158486
104 118.73246216438854 32.19923866061768
105 118.96733845828903 32.25056258823419
106 118.5270516387334 32.036387807717425
107 118.67626253915407 31.77714544318298
108 118.79730640545012 32.34424246228142
109 118.87092859645483 32.06854268174478
110 119.19209407773333 31.872675574349536
111 119.20927380728627 31.834557692850982
112 118.59302796115433 32.30684717132173
113 118.69141101045585 31.947718594509045
114 118.55249410501139 32.03386034866921
115 118.7289975623189 32.098895292302224
116 119.15461962331166 32.27363220115096
117 118.90714292519762 32.09170489806011
118 118.5337132793943 31.74460626208003
119 118.87013072103748 32.075978820265384
120 119.16421645143765 31.994477155869102
121 119.18494176493819 32.051034568923946
122 119.14435806344228 32.17437047219849
123 119.03589966953209 31.794204421261952
124 118.66229592448067 31.755135620050552
125 119.12902516385557 31.694095556702376
126 118.7257356840776 31.830466857013327
127 119.12157417437925 31.600828775150216
128 118.51709454291492 32.09018332570881
129 118.5426202265743 31.840651834548158
130 119.06537265297996 31.749868549969023
131 118.55284103558145 31.671440718194805
132 118.80550973232182 31.81679901451698
133 118.73391948483373 31.768468210220412
134 118.68521069229621 31.838011714048353
135 118.7548729683202 31.95894768248456
136 118.8429442879754 32.03562621614659
137 119.11494844009397 32.262155573909475
138 118.93921110430776 32.38839479918845
139 119.12943786188248 31.636536819980073
140 119.09948046291241 31.798007285788955
141 118.59761782343215 32.1091512443046
142 118.7741159106275 31.750600597538785
143 118.85925864908427 32.29993702594838
144 118.6786742894838 31.768525385855792
145 118.88688961133995 32.17487356277301
146 119.1902600830186 32.103918709187646
147 118.63479300920389 32.22777236341063
148 119.05663639825889 31.646400972793565
149 119.20569296496744 31.78349345706852
150 118.678879008051 32.16237893527499
151 119.11324522730628 31.686587509997803
152 118.61781172031382 31.627937248873234
153 119.15292607602463 31.886104825340666
154 118.6946321373622 32.08208822456508
155 118.68770805745872 31.618637490583307
156 119.12856094915801 31.6699631364399
157 118.69033554607718 31.634165600161943
158 118.64155266598294 31.923568968934248
159 118.72957606972446 32.144513659923874
160 118.98555997508623 31.771238291740264
161 118.51302072491248 32.291611444968986
162 118.61850770575354 31.955787444969676
163 118.58133132232606 32.091921626712235
164 118.85812664518077 31.826446060822004
165 118.52774019727705 32.10425405457703
166 119.14449832641905 32.38195363280082
167 118.83385017042568 31.969388298069628
168 118.92049494753158 31.77016955425451
169 118.65783291642883 31.938261096652724
170 118.98176343132225 31.950570493215526
171 118.50248191359928 32.01182176435532
172 118.56260680040833 32.00680709196979
173 119.1379989686761 31.63079436928826
174 118.62430661163116 31.718397483209454
175 118.83431546495552 31.94814900814204
176 118.88361234442515 32.16756175037586
177 118.62549940863104 32.23068739605708
178 118.90877118375391 32.20684343765154
179 118.68325396319354 32.01714102963856
180 118.95893431025186 32.371966347257754
181 118.69474993651326 31.841736135903815
182 118.78353350542984 31.974985790624885
183 118.84321075530805 32.226534292351616
184 118.51383756552674 32.26298262558612
185 118.58749777056316 31.910285890751133
186 118.538991229435 32.291331660743566
187 118.80189688722646 31.97324041026663
188 118.88225917197819 32.180296953869636
189 119.19069143411801 31.60700721978018
190 118.75380454236446 31.612483314133623
191 118.62603561329146 32.33043206758698
192 119.17486991431431 31.6965673115539
193 118.8781311540919 32.1506033207925
194 119.15851210319182 31.82733097065376
195 118.73901397143027 31.760112499583173
196 118.55731537162826 31.901433863168805
197 118.83730881562532 32.348973192741916
198 119.20779328592658 32.05808823061572
199 118.54129101472378 32.33333780052221
200 118.84869614239507 32.162647378044426
201 119.08297740274764 31.973413660123747
202 118.64880230853137 31.993109931696907
203 119.05776699992172 31.785354938526986
204 118.53698902994306 31.608251588093122
205 118.71669655107492 31.93043774172933
206 118.6265092998216 32.02710390955177
207 119.16964129700563 32.30268348935449
208 118.9327968794559 32.12996313506799
209 118.7045721035661 32.2642799360509
210 119.14502902475532 32.32671949852225
211 118.89755994846895 32.34428406842034
212 118.76203285337375 32.24534554325002
213 118.98884132551798 31.700778948437822
214 118.95345215558058 31.88113969736108
215 119.18634302128473 31.747216102096807
216 118.52500938828798 32.29706105704996
217 119.10338452401952 32.22955920581296
218 118.96584189094206 31.882341974166792
219 118.60792527393856 32.046924657833436
220 118.7770648551755 32.25386354419764
221 118.52211678765238 32.285517922529294
222 119.10136649026884 31.75754806599938
223 118.57201076325833 32.188294952927016
224 118.64383395905257 32.247975135928336
225 118.99104643163314 31.652139610054324
226 119.03437185081165 31.685344165529017
227 118.6930799004337 31.937161358209007
228 118.6139346294518 31.776287130393047
229 118.51730268833755 32.298792874356515
230 118.54290994663879 32.17150700920405
231 119.11688619353122 32.16976028310262
232 118.6380813991098 32.2270288652752
233 118.78776836193778 31.862531260751844
234 119.04756406675347 31.788093254409393
235 119.18080952003054 32.09214174912572
236 119.11362273316585 31.919548474735596
237 119.1169819758637 32.327975419344874
238 119.07314386822326 32.12642246016968
239 118.73949461467804 31.906221555042716
240 118.95250425033491 32.26440297927387
241 119.00925376107081 31.910304797737137
242 118.80101506771936 31.737725574636194
243 118.93502311026964 32.21899625094459
244 119.17885169246452 31.986535669085384
245 118.72783656545163 31.803204546634717
246 119.14479928250633 32.152869603192244
247 119.20094007100734 32.38476508600426
248 118.90974278317242 31.799447644577413
249 119.14047907529115 32.232033189739276
250 119.00646031745451 32.21125676846443
251 118.99374561225281 31.683405392765337
252 118.58646105204673 32.27128251783086
253 119.02087971477441 31.983810035198044
254 118.61911197958236 31.690598123523603
255 119.02627758111882 32.033454615107125
256 118.5278957619993 31.865243332590996
257 119.11876495347624 31.729612851649154
258 118.63055230087876 31.6656758973374
259 119.09470524178846 31.746803652075418
260 119.1210541261986 31.946051193580153
261 118.57578615538245 32.111063260244435
262 118.56345128861011 31.67523139165419
263 119.15972292376905 32.1633320557954
264 119.18516221702544 31.670958462503037
265 118.54915898593279 31.74020942460596
266 118.92520116563897 32.18233667143596
267 118.768116267391 32.29487563932584
268 118.53927022884265 32.36875538789779
269 119.09794797960238 32.14819886163446
270 118.97685703878601 31.970948044895113
271 118.55175960056714 31.682140412236105
272 118.81707897150704 32.05479936872446
273 118.786291783603 31.719860691891245
274 119.19205316569 32.00789488568872
275 119.19409309536621 32.08842750609361
276 118.66854773808329 32.27788762570429
277 119.02933936316909 31.858666558301035
278 118.95573416286238 32.38105486457792
279 118.81082963039619 32.37366370434851
280 118.89115213752808 32.27051438581711
281 118.77017564738316 32.16606489920656
282 118.54439284484313 32.18284567798075
283 119.03578459122593 32.311962831587586
284 119.05186820830644 32.35309731535512
285 119.1492566683154 32.2739266147406
286 118.84824044994807 32.1124202234957
287 118.54678636758567 31.684170779575528
288 119.16064631874053 32.10854779030748
289 118.68717842969576 31.876192277529604
290 118.58827445870865 31.71556582532867
291 118.58329363028004 32.30695511702443
292 118.92513010016084 32.2688174602803
293 118.76750685115363 31.9943159237401
294 118.96751053691094 31.974583848071326
295 118.54657017631199 31.99436399316854
296 118.51448663615182 31.81004767781233
297 119.1731302376609 31.91033083060246
298 118.55977061941407 31.949446716563497
299 118.73011792680478 31.606455991104518
300 118.51828311206633 32.31670464198655
301 119.12948784710551 31.631382729747276
302 119.10202556507059 31.907820540670443
303 118.89312844303537 31.687459527262522
304 118.59763191556206 31.769404139691066
305 119.0728212493804 32.35783849496512
306 118.54179450758744 31.8972338559009
307 118.825073875353 32.16207759223459
308 118.71907158892688 31.68906556809288
309 119.19829395605946 31.779566781071026
310 119.17359267153066 32.2965824711836
311 119.07145120232491 32.308272399051724
312 118.81839568459948 31.797604793925558
313 118.85143092553504 32.36846415143209
314 118.88957193226024 32.14252147887462
315 118.89452299441027 32.01171884109984
316 118.6198284019518 31.88340052396984
317 118.67579570521346 31.884258228281162
318 119.00446308792688 32.36143538863652
319 119.09412545932547 32.168714074545036
320 119.16620973310152 32.01206464096165
321 119.03430830146246 31.631928880342834
322 118.90133910997223 31.79984783921298
323 118.55519895291492 32.345003047794805
324 118.55399324548326 32.03025301242698
325 118.62898544887202 31.881141505672048
326 118.9918482186269 31.634678809260436
327 118.70096647949643 31.809565139282768
328 118.78777132257134 31.807078511701462
329 118.61069259207041 31.73394169147917
330 118.66434453834415 31.88123653185728
331 118.77365161705008 31.752997754899436
332 118.94584395894984 31.660457335673375
333 119.20087524330266 31.70040709077124
334 118.59930771905552 31.988267894754216
335 118.72388740227922 31.652661187971116
336 119.19012078229346 32.34476148944662
337 119.11829662213691 31.763449130374788
338 119.17814789424023 31.99344172611283
339 118.85960993392384 31.926784646851576
340 118.65463489967081 31.84187510012466
341 118.652868527556 31.86722471413279
342 119.06840966098343 31.79335382317909
343 119.15871011494316 31.815604913611214
344 118.93709108975028 31.70386804827349
345 118.97208213865927 32.16634623192899
346 119.13754367119338 32.08675400771065
347 118.68097673651728 31.839340270536866
348 118.91373770797597 32.320610747719634
349 118.8895894682869 31.90647055955821
350 119.14307192536148 32.09209291093901
351 118.73032811498675 32.000483086802376
352 118.60034146510091 31.861491103674286
353 118.58334331871781 32.31565341327788
354 118.68006678827074 32.28089709118412
355 118.56081142612899 32.27485484223852
356 118.7304061940628 32.38459017827354
357 118.89002755667255 31.623768692118414
358 118.79712461413857 31.98772288103195
359 118.94451698375207 32.36471362967823
360 118.85645547004209 31.70728012100549
361 119.02496415248652 31.814831387366244
362 118.81794549206457 32.00915162224133
363 119.05684201251552 32.114433415862486
364 118.81166205228439 31.87813034555761
365 119.02121151902315 31.839256905490373
366 119.01626223840805 32.225448063819904
367 119.10308149661232 31.613966387381854
368 118.61529191164583 32.24327707136551
369 119.00998414065322 31.92970930363008
370 118.48146222465994 32.10557795016808
371 118.77898058859235 32.15663706775325
372 118.90997129468167 31.683972458201662
373 118.51245465566628 32.33438152187385
374 118.54205970226197 32.24569108484185
375 118.65132843625858 31.879585749904585
376 118.77996876243074 31.743054226562997
377 118.99408858185434 31.652008486625906
378 118.63486559676213 31.845391002156077
379 118.77824550891171 32.1784548738597
380 119.13363897048268 32.284649518454486
381 118.74374097689338 31.840035119842707
382 119.04575085696467 31.78475757865669
383 118.90451330912207 31.857171294400317
384 118.53926753363388 32.374160248955114
385 119.17534820575415 31.67239093123044
386 118.58208234643115 31.748096964246177
387 118.7539168477072 32.14938114862894
388 119.1891252687212 31.711105388810836
389 118.68610261777073 31.789108722337804
390 119.14487421092247 32.259614172559175
391 118.96368142867944 31.849708343718007
392 118.62681802331173 32.07820039416781
393 118.59826717776302 32.03895941106275
394 119.17483031705795 31.826372946474894
395 118.81948946327626 31.803359006084353
396 119.02955296096398 31.80270069098969
397 118.6072944807161 32.30125528567535
398 118.85244290929295 31.605722327128976
399 118.56573555851023 31.688911619735244
400 118.82959701990397 31.874561522325934
401 118.5007712174604 31.764440103547777
402 118.5215521837387 32.04023851281881
403 119.13391641828376 32.02721167061978
404 119.11052743785108 31.99919664824312
405 119.02901467726745 31.84368152724776
406 118.8535076676676 32.01400946715549
407 118.63201127102117 32.22156005618475
408 118.99570837884734 32.2410533705832
409 118.65489404100988 32.03160846159052
410 118.5375245373329 32.237275132638494
411 118.71855825281372 31.66440072447392
412 118.90839643072471 31.735506487947195
413 118.90009844552398 32.20024742570925
414 119.07830766365474 31.91303546023193
415 118.76558142307125 31.850746428852766
416 118.60964855379294 32.05820142127296
417 118.54076165409633 31.912292160138385
418 118.6418159629967 32.328913928957014
419 119.1556106032467 31.90965512607722
420 118.51008953955919 32.26176710159092
421 118.93160606027439 32.083812913085296
422 118.81510344137085 32.32682166956065
423 118.63893062150754 31.98853756277924
424 119.00320503205224 32.37515886991194
425 118.90312887825971 32.05323293416747
426 118.56316039470575 31.629197601370883
427 118.9731065216038 32.18012025424561
428 118.54217853879595 32.299159834055196
429 118.65602226612842 31.663865935080597
430 118.89048650453005 32.36499232863701
431 119.00856384336284 32.057781820487726
432 118.88858448460425 32.199668315117286
433 119.11145830815524 31.77665457516503
434 118.97976829293981 32.34077413968616
435 119.17097922930098 32.11762269461783
436 118.67685181569145 32.036383547062805
437 119.18225393633269 32.374588912836316
438 118.6554368623857 32.052862903083074
439 118.6421095933527 32.0124909938289
440 118.61702437949087 31.635096538886092
441 118.57452731291839 32.04179034728753
442 118.94078337170964 32.20145819307393
443 118.49408381544795 31.89551172840375
444 119.07491511215574 32.14233295202766
445 118.93818088640565 32.03447121202144
446 118.71470350909274 31.767607751802977
447 119.11598163634223 32.03112784372385
448 119.0943978121656 31.988068908354794
449 118.93121268291121 31.86084818315726
450 118.53739628374218 32.12754502629105
451 119.19348100759012 31.661976378981425
452 118.91559689660484 31.888780565725593
453 119.13502389407601 31.955487677149147
454 118.6025565443716 32.39064649145998
455 118.51484074845402 32.16177801330047
456 118.70903006861334 32.09665985846146
457 119.05407636583175 31.731995082929924
458 119.07445341328066 31.9561340329676
459 119.12334952189192 31.896068611231172
460 118.72313964678153 32.353446204107044
461 119.05848270004927 31.956640086227743
462 118.59178053724199 32.27879015256677
463 118.87937572756661 32.13969387212047
464 118.54090203071112 32.281814786244105
465 119.00482539526283 31.592926672209252
466 118.7478663461385 32.352797831072145
467 118.5729445329181 32.36858810685095
468 118.9637955958952 31.714301792468067
469 118.77848415604011 31.646193430902397
470 118.71093176072375 31.868857105889127
471 118.74008001745327 32.0493701929639
472 119.04827598947962 32.01987238260778
473 118.78608513558086 31.95948622739328
474 119.12095941086048 32.32148183061614
475 118.6129680898852 32.041809427143725
476 118.7851215525861 32.34367944469099
477 119.12151990079316 32.04949103282613
478 118.91441035085718 31.7473377886567
479 119.00195206431003 32.39487828979152
480 119.08217433419865 32.391254078819294
481 118.85971055676141 31.95860633988446
482 118.60407419517584 32.1981038614069
483 118.71217209665132 32.13006487904346
484 118.65878990555147 31.737968611479253
485 118.62282871848014 32.070895592890174
486 118.92106623863101 32.11132478732671
487 118.64319676934215 32.067967527170126
488 119.08136798991674 32.03071088935584
489 118.80943870228292 32.06645940197272
490 119.07176351587486 32.17384530499126
491 119.09490476240406 32.22442529522325
492 118.98897843556975 31.677962261855647
493 119.04891267241871 32.32890046322596
494 119.07110481009218 31.98352913423008
495 118.92086629319937 32.14675230069855
496 118.71739459372367 31.904158676154758
497 118.79111755407361 31.65139741390157
498 118.72078596771563 32.124053106742274
499 118.82540932177062 31.894971947349337
500 118.76753938128897 32.03368531544662
501 118.74274744388445 31.80637377041477
502 118.56409971618463 31.766488502363394
503 118.7878088638241 31.815588559642585
504 118.57947914402075 32.29540261590881
505 118.7489722732793 32.34808325294798
506 118.59197042592572 32.37172087819074
507 118.75746673417302 31.940020034494584
508 118.88667550397284 32.234226472559556
509 118.54001491074841 31.741045738116792
510 118.66176113621607 32.19025999371412
511 118.78458880653233 31.938177223252524
512 118.6859068655565 32.271251577983485
513 118.88591158669033 31.767418302573596
514 119.07730609700317 32.2503528031074
515 119.04781991354939 31.661598164086136
516 118.67684800520716 32.29336334079835
517 118.63946676820794 31.93857629033207
518 118.8830774968603 31.72239759470639
519 118.77759408288104 31.834243865570024
520 118.53386850049527 32.173570497471246
521 118.65208532633629 31.95140566771693
522 119.17172940771492 31.786559870802368
523 119.15650151990617 31.811009620956412
524 118.7555058323202 32.14589842299418
525 118.52033509896096 32.119431092538576
526 119.04796350428427 31.648031019034008
527 118.6857446575253 32.263745513165006
528 118.51863726426514 31.70137486326574
529 118.68682269316497 31.78220244921023
530 118.5895781757326 31.62360731057082
531 119.12257965968902 32.02677526172165
532 118.63226577671207 32.285904126482166
533 119.02041672738174 32.34890191393536
534 118.59340621751882 31.96090348881081
535 118.55566244927418 31.691946218290994
536 118.77961484682022 31.997251506667784
537 118.93642817173266 31.829405054254362
538 118.87856871755672 31.845404242260607
539 119.07049181510179 31.77781651259436
540 118.79316973238386 32.35405964394978
541 118.92554079722554 31.920087682144132
542 118.5415529391262 31.594316640383447
543 119.02132093377422 32.00286248031767
544 118.98493632283375 32.14415581627971
545 119.06224894412898 32.25227865949885
546 118.57289972579508 32.19707200693892
547 118.81048361812181 32.15958805889845
548 118.96259784682923 31.770183817621135
549 118.49766372435775 31.862659904885856
550 119.10347276409836 31.954736728465413
551 119.0684266534501 31.72431897148298
552 118.86212242129994 31.948124683163908
553 118.74019126631033 31.678649982655276
554 118.99534890657928 31.667020808749935
555 119.11714271450379 32.26432961539598
556 118.85069865492382 31.721616050261893
557 119.1303612522342 31.964927952123745
558 118.59701863790822 32.08502917956454
559 118.72809014911314 32.359516258380374
560 118.98653168882639 31.847038805729497
561 118.76140227517627 31.755859018877857
562 118.8644672156663 32.29531993238174
563 118.96019489803251 31.83414493629777
564 118.91155519538239 31.82871564076764
565 118.81692120728329 31.72190159774533
566 118.61659416341651 31.959942839365016
567 118.77854010577465 31.768845422700444
568 118.65215010643084 31.90021988740753
569 119.04264230991342 31.865853676853643
570 119.05606803157644 32.10620612537732
571 118.64734577243392 31.953016988235362
572 118.91325059765994 32.129309064178095
573 118.9926261863818 31.841110505990525
574 118.81890667629054 31.888821599709292
575 118.54145621421216 32.38009923375777
576 118.98040209747883 31.787797774648702
577 118.55142513988446 32.2055788728619
578 118.96810307091867 32.15655393744289
579 118.57713469580061 32.101417558638424
580 118.94107024455792 31.694390574677755
581 118.69149817141366 31.581064551095498
582 118.7593761334347 32.193416483649926
583 119.18694297405224 31.65550431287088
584 119.15861125404847 31.802186206770255
585 118.89687752478046 32.38239652418918
586 118.95870962472746 32.37258973500838
587 119.07304874265255 32.34811921092113
588 119.00293094431017 32.0477056520342
589 118.59029675611089 31.961834967073685
590 118.79246325122037 31.96683315212233
591 119.08295611992861 31.866336935334143
592 119.00923099566691 32.387127184588884
593 118.62364542800562 32.24561666503783
594 119.10312710424863 32.4127144888775
595 118.93271193755604 31.844813251195635
596 118.704929097586 32.06862355964114
597 118.52616917726954 32.12911656920594
598 119.02745452019207 31.91187790453477
599 118.81082538010835 32.07121231724676
600 119.1842879522393 31.736101453099593
601 118.67881361002647 31.84322273003563
602 118.55409344905951 31.718257155333372
603 118.6536587338312 32.095767737930196
604 118.79020741549627 31.872402775972358
605 118.51526084110954 31.93610675096372
606 118.74272238428365 31.899410420687474
607 118.66414062593479 31.650790646752686
608 119.17595205285514 32.32772163987058
609 118.63256220955353 32.16501427174255
610 119.11410414315404 31.85297385233337
611 118.59270051072654 32.30776991234682
612 118.90357728655916 32.158459063315014
613 118.9438491845172 32.380490241160146
614 118.8863867137782 31.988524015487254
615 119.16935131344582 31.697202144001324
616 118.80544178160005 31.686566929107677
617 118.94222276791626 32.195622316860174
618 119.11069472350778 32.048776539476194
619 118.66670000616702 31.77459459594998
620 118.86439285188305 32.020275960590936
621 119.18237877078543 32.017198712328
622 119.03677863558569 32.30230600543656
623 119.01034856297967 31.633919762084965
624 118.78055701276453 31.690493836260114
625 119.1043954606804 31.94091366468307
626 119.07159545932076 31.70617298701061
627 118.79814957857737 32.381189480421206
628 118.89480642946161 31.76781370847952
629 118.96450025784746 32.09667164444538
630 119.03968413984481 31.950187939771748
631 118.81901603456022 32.22716530803252
632 118.74567993144731 31.630389331230813
633 118.60316223644188 31.85240563312121
634 119.02090801209314 31.988459809924258
635 119.0343556644545 31.69547600749342
636 118.61776542096317 32.08617525012508
637 119.11077733095418 32.01667264455134
638 118.60626555449832 32.262663131097284
639 119.07797446550279 31.963166112699888
640 118.60625100621165 31.8496323004507
641 118.94040569416451 31.834939085437963
642 118.87015657810946 31.805346536331445
643 118.60106869199221 32.342895304493716
644 119.01375842844666 32.23122858126798
645 119.02646858527375 31.878771999293935
646 119.1220067748234 31.95208888329329
647 118.83384239529144 31.675553622089517
648 118.88276137542658 32.076577732970854
649 118.94968615990732 32.1913644334704
650 119.11460821725093 31.795803926277426
651 118.79088253509087 31.974617623397066
652 118.9714295004528 32.13492057599312
653 118.91869147112914 31.967565709383937
654 118.63833211857062 32.03114600943961
655 118.9771674126554 31.751933558766034
656 119.09343086853464 32.228161447540266
657 118.81797998212876 31.688104502281988
658 119.17563973013196 31.982190031788083
659 118.88238926121106 31.84688743137163
660 119.12678033888099 31.68930956478962
661 119.02379152135792 32.29550497230484
662 118.77507734304521 31.748276160750418
663 118.72354398477295 31.97331946217657
664 118.75785156378862 32.10039068193307
665 118.74571528301949 31.830640942582477
666 118.52561540496754 31.987249624418183
667 118.50496400151164 32.014663297592286
668 118.78708699295827 31.943131542543814
669 118.63666661342249 31.886373241179292
670 119.09756773876472 31.789185126102225
671 119.17592557691468 32.33152504168714
672 118.71097316667536 31.996258109160387
673 119.02853577938612 32.16195403679652
674 118.75508594225907 32.01238552701361
675 119.10941720933978 31.840032774900752
676 118.82323430125943 31.99518623568884
677 119.15357413150997 32.253250200193534
678 118.98205662312623 32.2899762931594
679 118.5820497806034 32.341737894352455
680 118.59377381904113 31.784648512256478
681 118.80370763334702 31.869800520632605
682 118.91455409210897 31.69115981272473
683 118.86631541384443 32.402361728571854
684 119.11626557066558 32.11620712742179
685 118.51704061089315 32.16950008082043
686 118.58096306057192 31.951726296403386
687 118.71124046610657 31.810653891710377
688 119.09890602676865 31.92926295896064
689 118.49950047215658 31.844045535094804
690 118.88406482367303 32.02108016480637
691 118.50693959965514 32.24876753079485
692 118.882931223272 32.26341694043426
693 118.83973440665855 31.84496191144832
694 118.58153557955737 31.740480187409048
695 118.91923547870785 32.19653525421703
696 118.92753570778102 31.929983021567548
697 118.81765782563696 31.745063773441508
698 119.04695855450012 32.10928524041114
699 118.54979327857694 31.680253346727508
700 118.73571122023284 31.681100082376016
701 118.84355373380143 31.603040867607206
702 118.71865735895959 31.750362332417644
703 118.58256427660521 31.97019813348605
704 118.58073793497371 31.74342047769575
705 119.04123953715192 31.637815773614886
706 118.67814480214109 31.998966976031465
707 118.95552397857482 32.31371567962566
708 119.09750267279095 31.594956536261897
709 118.71093447159173 31.789304903853303
710 118.62690615338117 32.33916678298308
711 118.89910013605055 32.11345770282246
712 119.0824048037355 32.25711451316315
713 118.76209221207368 32.3236042108892
714 119.08561093263197 31.78503909796609
715 119.19450878270038 32.205387423469546
716 118.973500150602 31.814618021649803
717 119.12034851748955 32.34061136622991
718 118.5589805426836 32.36110937633635
719 118.78257250022857 31.726267566225452
720 119.11738605516041 32.269696017162
721 119.0140345484059 31.65579984258421
722 118.57352904281184 32.08684136728263
723 118.67276826732129 31.98514550014692
724 118.72290962931508 32.06111844282301
725 118.95787537820213 32.1996907652554
726 119.01706054103315 32.30625960868053
727 118.83788204193299 31.99470826795318
728 118.51780414260188 31.65097413057896
729 119.13605647774764 32.34415072309266
730 119.15742666955502 31.645757254490068
731 118.73072512829734 32.24252945292474
732 119.07026263478417 31.720207923022574
733 118.86226520157776 32.33240731927824
734 118.83435040624845 32.09270996496524
735 119.16288145068083 31.845531066694207
736 118.50765269580528 32.28853129451958
737 118.7948448225036 31.729558092245902
738 118.64314830516601 31.775160455228168
739 118.82558339321047 31.844573752406756
740 118.80664298382581 31.92095765832302
741 118.62552282188766 31.78688899911373
742 118.90518333931982 32.32549082368751
743 118.77195091278611 31.967823004750745
744 119.13566632687032 32.36047069866
745 119.1453328875222 31.826429864974976
746 118.76824959294909 31.97278314723236
747 119.03313018094676 32.26218468163843
748 118.93817880760726 32.38931854992877
749 118.76194055523908 31.968359353987026
750 118.68625919478924 31.982720433508266
751 119.14600002198327 32.36134672174395
752 118.64418162900947 31.945637169332702
753 119.03600132170932 31.947474639666954
754 119.04002094275836 32.381986732094354
755 118.62691627703104 31.997667735033474
756 118.76209255425836 31.69399123614784
757 118.79835062187723 32.35533336465357
758 118.85470595046799 31.985539728960365
759 118.9235518443644 31.88194871367104
760 118.75840574087759 32.323204271839366
761 118.928404435925 31.609101898688408
762 118.80124682970778 32.35225638653578
763 119.16637501850064 31.670875863203797
764 118.96687113409318 31.656201619452382
765 118.87094295532187 32.3301979660395
766 118.90187705744354 31.968876283211383
767 118.58327327605828 31.73811510966996
768 118.6885426528218 32.38480003396504
769 118.99197547957658 31.855785417584013
770 119.20946345448786 32.34612577436961
771 118.72443021426469 31.970584253254042
772 119.20751179227193 31.916390190539293
773 118.74921623623074 32.05951743499268
774 118.81562923632497 32.324704109446806
775 119.18003810317546 32.384316432830595
776 119.07350058473979 32.14337859988679
777 118.8800843689173 31.912370277973316
778 119.18243476429664 32.257479819140805
779 119.1995054896196 32.33664366530256
780 118.60646805663094 32.051093850991194
781 119.04134515939317 32.177172990519544
782 118.68724138346653 32.30391518532107
783 118.71695250039556 32.14999068839487
784 118.80437761095928 32.097350962042256
785 118.82934915748126 31.90128969394197
786 118.59502136308616 32.08300212059554
787 119.02521647079419 31.779929524723652
788 118.50992346490168 31.714079035466817
789 119.19161659859287 31.806101514212603
790 118.67643881575479 31.95797573280741
791 118.9881240447491 31.86819738425269
792 118.86955415638687 32.175829385252705
793 119.09052250530009 31.909221441374672
794 118.63841318137882 31.975728681926306
795 118.52119159656569 31.81727425202221
796 118.62698209866856 31.651716226489675
797 118.97099151510578 32.167796110053565
798 119.05835338727906 31.778579876906974
799 118.60668036727411 31.98259121071827
800 118.91482235481185 32.08028562688215
801 118.51555503002695 32.14234123300806
802 119.07087240538355 31.9415213040608
803 118.57484656418724 31.807895935087554
804 118.61882962082419 32.309808810184336
805 118.9517278719269 32.124273880946326
806 118.82863978807146 31.80537903712625
807 118.70486357539806 32.22450178334584
808 119.1622910043349 32.033521498887204
809 118.87027633102394 31.95164803332712
810 118.61851745045372 31.696845432375042
811 118.78951016671748 31.776759069895267
812 119.00426610927981 31.696516469494355
813 118.83006227451375 32.14486890822141
814 118.58398578701735 32.17579561697141
815 118.61022080814223 31.96919728444485
816 118.67196082190375 31.6360866566781
817 118.87543645188234 31.733493500426587
818 118.9387969901702 32.349308493168195
819 118.83986939842207 32.30932792434359
820 118.64469504719015 31.91366418503436
821 118.74638982359438 31.702616812056675
822 119.12249503962222 31.95403715527722
823 118.67068275612456 31.941870313761612
824 118.97244126665055 31.61357026995182
825 118.75942171794323 32.177679796599215
826 119.19509136603727 32.1320464632779
827 118.49863885420295 32.04100057307818
828 118.70970531879749 32.242767643471744
829 119.04999157027146 32.257865111623076
830 118.53032308488079 31.758035047792216
831 118.77467022486817 31.666054165092167
832 119.17450090641044 31.901053143504296
833 118.97583835699722 32.28741005059054
834 118.58668862074627 32.20997543288185
835 118.56691361985649 31.794930317495012
836 119.16753307892742 32.208023515569884
837 119.13201665219411 32.065103180485416
838 118.63508367052931 31.81987599483095
839 119.1162072091479 32.16920935942012
840 119.01114097221942 31.838011822873607
841 118.78003612905093 31.857542752585417
842 118.66024627363325 31.77365598551178
843 118.59886577556996 32.05957514795532
844 118.65060091990046 31.973205533863513
845 118.84279449746904 32.09333780940914
846 118.53355981949181 31.631317896793202
847 118.92812340163886 31.92277727059986
848 118.917274400669 31.636219259131785
849 118.94230568780682 31.85329166616499
850 119.07546634233084 31.671255576845102
851 118.54840988725918 32.04072194774063
852 119.1819386848778 32.34039818550832
853 118.82450315748895 32.27996846855721
854 118.83674814529253 31.992785925435353
855 118.60498390204427 31.889520956097055
856 118.96156715520182 31.621609217930104
857 119.12498415339181 32.12648459421752
858 118.55146365914177 31.837467872703385
859 118.71087331010881 31.93633180179494
860 119.04937260500787 32.09646528993561
861 118.52170236358549 31.749174826974663
862 118.90040497657954 32.03635183869011
863 118.66573252370836 31.97707543092506
864 118.8671897831489 31.913514279176454
865 118.60765313502539 32.27840647513155
866 118.73962198752388 32.20305966143361
867 118.73957006917844 31.70797919237756
868 118.77347126232226 32.32320350514886
869 119.16742260903888 31.592465049095217
870 118.59506468744125 31.78569858364555
871 118.67626818061613 31.71105194134034
872 118.97445861564154 31.870078651150926
873 118.75193886684279 31.689349931359306
874 119.14852437373283 31.82634605345126
875 118.74721612446689 31.903474062920836
876 119.16610254223687 31.982321392004177
877 118.60720327502767 31.831771535735346
878 118.81662051649218 31.655739109535293
879 118.85954596284344 32.00963882813595
880 118.91521214090014 32.085607614086584
881 118.77349852144826 32.1141168018792
882 118.86145284661144 31.607350243494217
883 118.66259962239275 31.686118394497278
884 118.66097724663321 32.142542863171926
885 118.56794377010291 31.711524331776495
886 118.87240986143519 31.679546898247377
887 118.8406145690243 31.95266923390946
888 119.20346503035512 31.90044622989
889 119.05753741312401 32.12371810374764
890 118.98993383571859 31.622929295048536
891 118.70925721537964 31.79920102772918
892 118.66755643505479 31.811729666178962
893 118.98184276825832 31.870729625109707
894 118.6454488236641 31.611767594957097
895 118.54068529888373 32.0272448397592
896 118.70879136667958 31.598395439705463
897 118.87651071225369 31.841762144501438
898 118.62940378903308 32.32463428497095
899 118.57502256565724 31.726214361240633
900 119.11922922240925 32.12885684826913
901 118.83788825296594 31.989285659919606
902 118.5128655940488 32.33566612143912
903 118.66837397410049 31.94664025665288
904 118.54629151613668 31.744107005903295
905 118.67899570684325 32.40159282780268
906 118.80319618470774 32.17473738618162
907 118.58942948626803 31.698032960016583
908 119.1414162199159 32.02712358725052
909 118.8487475525121 31.859183400733688
910 119.0927615489249 32.30053064209153
911 119.07083938191062 31.73905834016107
912 118.59124279221027 32.11405888930817
913 118.54849451870896 32.36431431299885
914 118.89724297377673 32.34666633695243
915 118.51792413770697 32.331566432524816
916 119.06127657526176 32.123611192120514
917 118.7208456433341 31.859112057326094
918 119.01405892056515 31.657347766586163
919 118.6291495359886 31.739463704036055
920 118.71253499153048 32.31469206359631
921 118.94101375849384 32.17319001052391
922 118.65946661142264 31.668102014748083
923 118.65966155984117 32.37952424082107
924 118.74775098942355 32.00129521113666
925 118.51929207508428 31.752087350821128
926 118.97903987940262 31.979351318371737
927 118.57919715980313 31.934767197962405
928 118.65366046568141 31.78105607268684
929 118.54891990413414 32.09560924984161
930 118.81403499437913 32.01741947175018
931 118.6866219276155 31.808891786098577
932 118.85880082970536 32.220139319592754
933 118.9565306154679 32.0319642389468
934 118.64917642669391 31.878205988175356
935 118.73481842380076 31.72654173304739
936 118.89252525052191 32.00710509050972
937 118.68030312650176 31.716061015436605
938 119.12680413218197 32.31602135762585
939 118.53902044155984 32.01442796317783
940 118.59800954032022 32.33615246461293
941 118.71201771219611 31.857043683685152
942 118.95049067716675 31.95439650874222
943 118.55554786383682 32.03029009492574
944 119.13887738841399 32.30952035776094
945 119.13616202209786 31.70016331333427
946 118.96637950562912 31.914025148258236
947 118.75454025667894 31.675226841746337
948 118.68151628948469 32.34576326284128
949 118.73035835980222 32.26145700244853
950 119.1256361362294 31.92500026736768
951 118.86345308231051 32.130774843540564
952 119.15796555746743 32.04754484674507
953 118.83675832851281 32.078289882730225
954 118.64967744281573 32.25336143621328
955 118.57822484743188 32.37669415816576
956 118.97874684784732 31.663634662333397
957 118.70795822270362 32.062188827360316
958 118.95598050156191 32.32857224882135
959 119.1573269381405 31.931120981949373
960 118.52008940082946 31.794469250112016
961 118.56929403265913 31.694641195393707
962 118.72669820883321 32.107974112440374
963 118.72258691026872 31.7623487275793
964 118.76760557984323 31.89684073314214
965 118.81681827493802 31.908394282132345
966 118.7968717140281 32.09484242328828
967 118.56194553219818 32.36128893849008
968 118.72255138165322 32.39409289764562
969 118.59819368152432 31.83176653274398
970 118.63173410323101 31.813837143366246
971 118.90951217604375 32.190169698249356
972 118.52661618791645 32.1610307072917
973 118.69181336104086 31.82630036640824
974 118.92578584075984 32.350813979400726
975 118.6983631367707 32.24052878723944
976 118.84704386127683 31.752820015603017
977 118.81067384087817 32.00474982350278
978 118.93719821605102 31.66682637945329
979 119.08597088519643 32.03355322689071
980 118.69545704823761 32.048123694153226
981 119.1357730344902 31.758011541679604
982 118.96056945053547 31.6660712907799
983 118.78082054362483 31.732590445741764
984 119.07461984996227 32.00916518934212
985 118.79198064805843 31.64281178289363
986 118.97769996224571 31.753693028156853
987 119.12250543640845 31.739982306819652
988 118.69766684281167 31.92709275223544
989 118.83301354877783 32.02082422587015
990 118.77015392585082 31.87807328313527
991 118.57970501248703 32.09890189485737
992 118.57569792650922 32.327815974088125
993 118.56102152299749 31.786935852893507
994 119.11267920292534 32.3871085844513
995 119.12874053325234 31.854589991204744
996 118.74464250934516 32.099837684712
997 119.11661200050189 31.890786371097423
998 119.16238275010625 32.14474885249622
999 119.03360057961474 32.29045613345614
1000 118.65629290516861 32.240807424969006
