1 118.94408246405035 31.936957611063914
2 118.89252647491001 31.613961244254376
3 118.61639689296229 32.038602164699284
4 119.0760453410916 31.97275337257898
5 119.17735323832808 31.94999579566192
6 118.9489053974525 31.87104214713477
7 118.90223943129102 31.753087680656925
8 118.600740270621 32.07175940903325
9 118.69163935667436 31.830294559450714
10 118.7597739159485 31.801683629745163
11 118.62776071286265 32.0997157581026
12 119.19833505403237 32.02160777117951
13 119.14095284540764 31.716630734872126
14 118.7673426570111 31.994109921569375
15 118.60759803818519 31.7424260065131
16 118.78246235730406 32.22792741422824
17 118.61710639907741 32.297183688191986
18 118.87989652415008 31.98381927261823
19 118.6409634740249 32.28974185920923
20 118.55493220174868 31.66036247730604
21 118.92809179776911 31.99375527189982
22 118.75475999000598 31.659717806001403
23 118.98642328938581 31.94691755786892
24 118.86929891754343 31.673427153860516
25 118.95020910302313 31.697535203761934
26 118.72468817993656 32.085519900626835
27 118.90132762159749 31.77768081758737
28 118.82991940312034 31.678888532317927
29 118.91498906310878 31.771386684897422
30 118.51801868634696 31.87374076213334
31 119.17735843526427 31.966652154828854
32 118.67676134429645 31.757148831187273
33 118.56399658485797 32.094665537456365
34 118.69676224604235 31.993032440995115
35 118.99407415273109 32.01597043510388
36 119.15013007460041 31.906274667821613
37 119.0934996934649 32.22352952956379
38 118.71635531123049 32.067359722220694
39 119.09407664396038 31.714368098082016
40 118.55086090742334 32.15783560221772
41 118.56223159800939 32.37423576423134
42 118.6356241104938 32.00380311221679
43 119.05579926586134 32.30486620642933
44 119.01142280100908 31.867874666983756
45 118.5767642519394 32.043656223946044
46 118.99626127985567 31.95033788782187
47 119.03818249650493 31.94591314655061
48 118.60533195976276 32.23828977739596
49 118.95493095260822 32.017304097200274
50 118.78655575084075 32.355254743032
51 118.54747272457064 32.03735699005054
52 118.85984463893567 31.670752990715826
53 118.8401953721794 31.894217587604558
54 119.11607487508482 32.272905705180186
55 118.92222746402332 31.9307644500099
56 119.10428519884945 31.62602539528969
57 118.82776889198675 31.80983805522337
58 119.006002719622 31.641571865247137
59 119.17474263463711 32.37593029044172
60 118.51001485738357 32.37959684640971
61 118.79165200823331 32.228508824126955
62 118.8055405505768 32.0910225264007
63 119.04973555709303 32.21523590096115
64 118.50946889369213 31.73113408238021
65 118.89087398336667 31.824160590722638
66 118.67706804710868 32.00608355651253
67 118.81412228510031 31.880979731338684
68 118.9802175710139 31.64812165512757
69 118.9369680738039 32.3680545818952
70 118.65898920436383 31.975325317050068
71 118.6422434154062 32.01792051064496
72 119.09111308217281 31.864420037592872
73 118.84993025504569 31.81220324855008
74 119.16912620334156 31.90238860173972
75 118.95365576501823 32.27376410161459
76 118.65585543146783 32.218258412820624
77 118.61128963216407 31.883735743291407
78 118.7202576766885 31.610489519749784
79 119.02282501206538 32.236071545980224
80 118.82834691249731 31.797621078554325
81 118.90150216191591 32.0607214281282
82 118.92262107121769 31.6060042549863
83 118.63604060936272 32.11940513522032
84 118.72664705627069 31.915384374181787
85 118.70941258312554 31.98700379424618
86 119.14712740685312 31.931336948915817
87 118.52464551805582 31.871195535933897
88 119.17613605664721 32.0300513202937
89 118.61802978465256 32.381788122419074
90 118.86649022162658 31.70419204047809
91 118.69608279828797 31.874775259245617
92 118.70421068894156 31.625904689728877
93 119.04025643979747 32.1902670474287
94 118.99351378720873 32.12792531510027
95 119.0422982061965 31.773062578435994
96 118.62438702588811 31.925534346121736
97 118.64156230757173 32.13526648619246
98 119.02418819036599 32.12865978007423
99 118.57804150852887 31.7473778516813
100 119.10582915480745 32.306187340338056
101 119.12521492183375 32.22930502525353
102 118.84148683380064 31.68479614408324
103 118.9860091408011 32.301630953608644
104 118.73454537562188 32.1920718868923
105 118.9593391880846 32.24285329952522
106 118.5277642076237 32.026494617336105
107 118.67115704578445 31.787944043461707
108 118.80055191150919 32.347383458648785
109 118.86863149198172 32.07126796662427
110 119.19986300434891 31.86706207339212
111 119.20347501012142 31.823744352367786
112 118.59442773977864 32.31877014888911
113 118.69763777532428 31.955644447437084
114 118.55287490862304 32.036232263054586
115 118.72925305676098 32.09960995029464
116 119.14677908906867 32.26869500196544
117 118.89872817822233 32.092463285593475
118 118.53656876522297 31.745794839802226
119 118.86426548969455 32.07571881999868
120 119.15445192398522 31.998342814230334
121 119.18774472323489 32.05597501525434
122 119.14028702380796 32.15997129001501
123 119.04108807360484 31.79332221564362
124 118.66436861885532 31.755691576081055
125 119.12344054429342 31.695487921297754
126 118.72187769007135 31.826134969324468
127 119.1212808637969 31.604632610241943
128 118.52903494624292 32.08319005293808
129 118.5413331045691 31.84363533996404
130 119.06122827133827 31.753592981821086
131 118.55517894707397 31.67228487111156
132 118.79882198564461 31.818151934864495
133 118.73513231362678 31.760557054685105
134 118.67951975687699 31.831326113164756
135 118.74683139966177 31.961047615740856
136 118.83740523901865 32.037533928826605
137 119.10776894262902 32.27331514430212
138 118.93978988040477 32.391359871783955
139 119.12718867564847 31.641318279881897
140 119.10088591099036 31.796382825547074
141 118.58933550568435 32.10197556734736
142 118.77376351526293 31.750165537193347
143 118.86347537700412 32.295911329798685
144 118.68280514512192 31.771456256998313
145 118.88909494817594 32.17448956772123
146 119.18853626674334 32.11765213659537
147 118.64226413171939 32.22657586613795
148 119.05725853199561 31.63964169737563
149 119.20246588178105 31.783471198348998
150 118.68153646093116 32.16399608515273
151 119.11010959747364 31.68347513290559
152 118.61518316861903 31.621619676670328
153 119.15400851197678 31.8838083633628
154 118.6972921562416 32.07594459135435
155 118.69189354026469 31.62544388658384
156 119.13513208536149 31.663065951667992
157 118.68865307041447 31.629819199910568
158 118.64082339809453 31.92396063455806
159 118.72566830761426 32.146487292170214
160 118.9837298471086 31.76769021252897
161 118.51405787818426 32.290486551096016
162 118.6184253720845 31.96071328489851
163 118.57955051744769 32.09104057207851
164 118.85543533462855 31.826639283014746
165 118.53450585336212 32.106197218939876
166 119.15240987229033 32.38528828814221
167 118.83232661750124 31.96187140822068
168 118.91819252722298 31.77921534763187
169 118.66287992458903 31.938508791720427
170 118.99064688690672 31.94655258149902
171 118.50457179957905 32.02438143461598
172 118.55764457398016 32.007601042556374
173 119.13510006370278 31.626150024660788
174 118.62703169049837 31.72394016386844
175 118.84007041497026 31.951206917442338
176 118.87955253460318 32.16290226327138
177 118.62481352290676 32.22494990041079
178 118.90832468392733 32.21186442662064
179 118.68451042505443 32.01971335389157
180 118.9604605210436 32.363647243108346
181 118.69618390625143 31.851085343313606
182 118.79692859619894 31.97447078055428
183 118.83736692452656 32.21945949418872
184 118.51647981810764 32.268950403095154
185 118.57867231691733 31.91002334513233
186 118.54272714257517 32.29359522073642
187 118.80125365714648 31.977538764828665
188 118.87499701734636 32.173165449407634
189 119.18313259202361 31.610529154897385
190 118.74883124230371 31.601628248185165
191 118.62548787078534 32.33912249785962
192 119.17230203804866 31.69220598428846
193 118.8735975183373 32.139272254900966
194 119.16474459435852 31.824141946479926
195 118.74194071568684 31.76255342205279
196 118.55795121431935 31.901043003820867
197 118.82440526512212 32.34419042840092
198 119.19795676298341 32.06039481217742
199 118.54074475916427 32.335873555920365
200 118.84071295919269 32.159622260320056
201 119.0841333521637 31.98677125901004
202 118.64243737953423 31.989131461288352
203 119.0551393607067 31.780563864464217
204 118.54163201629211 31.600988804528047
205 118.72976951462294 31.933175325100432
206 118.62578409579199 32.037178859460084
207 119.17442753947299 32.30018873232131
208 118.9290461935427 32.13062588848709
209 118.70658197939035 32.27413867707565
210 119.14346232357312 32.333561988107505
211 118.89869440041123 32.34663928298531
212 118.7607235672546 32.25202748421782
213 118.98699316874632 31.699955443218194
214 118.95619978279153 31.88352485648355
215 119.18524415393838 31.747006759633802
216 118.52621905137237 32.298302404200896
217 119.10655028368166 32.225260982023386
218 118.96899861787917 31.883990758993217
219 118.60929050100657 32.04229119986555
220 118.76538315446174 32.250406293101165
221 118.5207416963358 32.286923279531855
222 119.09930543141326 31.767721964856673
223 118.57607772534044 32.18991811354775
224 118.64884368152157 32.245151587891684
225 118.99270555271578 31.643600381294203
226 119.03378327181954 31.682150860801666
227 118.68456970456272 31.931043193046698
228 118.61567986866051 31.76892637968039
229 118.51948244786955 32.30465610246611
230 118.54331645403143 32.17518480891728
231 119.11665397276084 32.170575722685165
232 118.63666997153194 32.23032606497659
233 118.7789857589806 31.867359111220654
234 119.04727862514981 31.796567308227054
235 119.18257526740521 32.090350454424275
236 119.11717620217617 31.92146710337215
237 119.12530586181718 32.3365564154109
238 119.07287622258985 32.13192297488219
239 118.73703727109152 31.89617549179293
240 118.95336575291664 32.27726687871838
241 119.00481814911532 31.918497718092674
242 118.7941912294407 31.736444150115243
243 118.93004778983214 32.21718965676228
244 119.17056004816625 31.98466876012795
245 118.71734412310258 31.80762911040867
246 119.14551587491546 32.166234410403675
247 119.19090496047964 32.389543420982314
248 118.90507753044925 31.795805110468695
249 119.13526236138586 32.230135069950954
250 119.00965187564127 32.213792298600474
251 118.9937851128416 31.684382066845426
252 118.58178513156051 32.263261177423715
253 119.01645584355921 31.975623551817144
254 118.6121863717705 31.694965353172975
255 119.02741301430927 32.03153917628902
256 118.52737321863721 31.856777276680223
257 119.11788165303004 31.72847184971863
258 118.63397056562555 31.6623399962352
259 119.09496554634428 31.744774357750035
260 119.1204111528565 31.949184336579336
261 118.57759389914047 32.11081124636206
262 118.57054412193126 31.675192586861833
263 119.16266792137155 32.16593471810057
264 119.18243220460015 31.67528661361355
265 118.54892305026009 31.74954694173072
266 118.92578262126838 32.1806741956484
267 118.76056335010779 32.29533775774013
268 118.54152046044368 32.37030345612457
269 119.09710548774095 32.13160027440319
270 118.97410473176039 31.977253888505278
271 118.55361841419226 31.681641677560126
272 118.81981261134298 32.05110937270689
273 118.78207214439057 31.72865146144101
274 119.19792019250573 32.015043004536736
275 119.18933667609437 32.0881211131128
276 118.66760347695472 32.27750788518291
277 119.0257354993629 31.85348009804645
278 118.9528551509213 32.38728266605814
279 118.81417661814942 32.37458347153048
280 118.89103565289064 32.27011248913818
281 118.77572059318635 32.16235135648705
282 118.54591838961356 32.179308879727046
283 119.03821341133491 32.31612775985761
284 119.06023774337814 32.359465315448425
285 119.1542751625461 32.27519103688858
286 118.86047873243793 32.115786152373964
287 118.54412994507656 31.67872235292151
288 119.15949768356612 32.10770585990738
289 118.68239159081654 31.87421653596109
290 118.5887550214607 31.7157299564727
291 118.58649687803609 32.30938849253975
292 118.9218092292545 32.26718553694116
293 118.76470086405617 32.007662202624694
294 118.97600037522224 31.978508476401455
295 118.54618882448112 31.99498924120661
296 118.51641234956597 31.805795397929955
297 119.16876816332943 31.916492465715905
298 118.55642530025327 31.95393889058333
299 118.72838842330808 31.599067549438228
300 118.50988707618995 32.3107182877633
301 119.13427110283443 31.640757310800097
302 119.10015976010725 31.905289648265825
303 118.90325389296869 31.691876857530808
304 118.60040013615634 31.766464464080467
305 119.06258228586137 32.35384953791422
306 118.54314817090206 31.890697625418447
307 118.82216728014873 32.16394713117397
308 118.7257994931493 31.689374433778315
309 119.20048639672893 31.78624202634961
310 119.17981763915515 32.29991095806068
311 119.07894263127284 32.31680055572113
312 118.81066932652578 31.805614193334318
313 118.84605824674296 32.36757543187781
314 118.88831822028939 32.142321285026824
315 118.89493539819512 32.00383493319697
316 118.61585304257233 31.88342701601986
317 118.66749165339972 31.886015467454577
318 119.00400468451912 32.35676233019942
319 119.08981797367838 32.16739892073745
320 119.16965436917542 32.01196804829044
321 119.0284825599372 31.62874026640311
322 118.90147859360137 31.799938333467242
323 118.5585667937623 32.346754813913904
324 118.55865705891972 32.030052540707736
325 118.62338148252715 31.883528224442873
326 118.98906930897463 31.62313886672198
327 118.70452867561438 31.807455810719947
328 118.78774250389691 31.802401937187902
329 118.61242145546748 31.7338794362437
330 118.65735405394433 31.883750812986737
331 118.77774453521668 31.74902329789603
332 118.94874147909005 31.66443355523573
333 119.19726981412842 31.690726189862886
334 118.59251525562429 31.989921999438256
335 118.71826440228524 31.650766569699705
336 119.18430228493138 32.342445706751505
337 119.11328162518012 31.76302546990329
338 119.17058663355864 31.990805602132866
339 118.86026756151755 31.926025937453595
340 118.65118417788148 31.836637172468116
341 118.64783840382101 31.857859101686767
342 119.06991536468537 31.788317910491934
343 119.1649640310632 31.818629441427525
344 118.92955541376037 31.69794539880326
345 118.97267632872992 32.15754639700573
346 119.1324191339572 32.09547842040268
347 118.67947622643887 31.846563975336846
348 118.91539506428742 32.31097706080173
349 118.89361370100997 31.905050168815045
350 119.14476388605955 32.09523910900101
351 118.73586211096715 32.000144668298915
352 118.59856069362523 31.860681855806355
353 118.58390691018803 32.32820690371075
354 118.69172069452169 32.28769077843824
355 118.55620240721181 32.26706175578019
356 118.72600944969504 32.375756291788136
357 118.88900733415679 31.607180925847995
358 118.79613691762313 31.989163035844427
359 118.93816776399369 32.358100197446056
360 118.8621174194075 31.702245313576597
361 119.02145827203056 31.808282093646977
362 118.82044637437929 31.99552553972547
363 119.04599298437104 32.115453580540986
364 118.8131221166828 31.873034145435778
365 119.00689536080512 31.840141167014256
366 119.01976196210398 32.22695442171553
367 119.09818963641294 31.609265428826024
368 118.61209813357989 32.237267559928654
369 119.01329523540429 31.93455507025505
370 118.48785949240923 32.10669048217765
371 118.7770343005802 32.16004950848546
372 118.90301503600584 31.687591558860436
373 118.51663848362782 32.33556660717193
374 118.53489943469256 32.25138422484672
375 118.65814378984625 31.883936728395177
376 118.76765264171786 31.7476448023721
377 118.99428927650867 31.65475824639869
378 118.63365714184489 31.842751507839285
379 118.784451263952 32.18389630697868
380 119.13023344232332 32.278718856879685
381 118.74311887231218 31.854480319756927
382 119.04129983174799 31.783582079775666
383 118.91411370280726 31.859728485953735
384 118.53756265599478 32.37386682124348
385 119.17774871070145 31.6789469072642
386 118.57690709337471 31.743589588189828
387 118.75233313537 32.15489835299471
388 119.179480321887 31.71793605924226
389 118.67561761708265 31.79966757982319
390 119.1473382291086 32.25336383110879
391 118.96880804003911 31.837022316740804
392 118.63625308990879 32.07796173390312
393 118.59856672731983 32.04245712376267
394 119.17717353755441 31.819385527491818
395 118.81893463109618 31.801782480300414
396 119.0276956599623 31.812168924569114
397 118.6024079672292 32.301206702305464
398 118.85315091089029 31.608817250895683
399 118.56814907387025 31.680328972526652
400 118.83564849974117 31.879299616329586
401 118.49848080841294 31.772119767174793
402 118.52037612691186 32.050288780626644
403 119.12706562309575 32.02870804281363
404 119.11150469282406 31.99599311389017
405 119.02807783157733 31.840472639215058
406 118.8529815402124 32.01215003221659
407 118.62720509125455 32.21844684758818
408 119.00307263866969 32.23936444809884
409 118.65646913199646 32.035716976683105
410 118.53047074057113 32.24276050002605
411 118.71791338304516 31.65505570963648
412 118.90281345453467 31.732534046242375
413 118.89681651382674 32.19088010375616
414 119.07871230407409 31.911654237390717
415 118.76717099128611 31.85171617878024
416 118.61042479674691 32.059173441891815
417 118.53289987308793 31.908954369772594
418 118.64161543071138 32.330643487169176
419 119.16031511579757 31.910825293216234
420 118.51513422144248 32.26698931057418
421 118.93557658321481 32.08087563345678
422 118.8169213822337 32.32760370142853
423 118.63663948948756 31.98602876365711
424 119.00098068614074 32.37062798826606
425 118.90394473199645 32.05824775713695
426 118.55153647433342 31.636928075841237
427 118.97404497795769 32.18113636153763
428 118.54949791760671 32.29958044735882
429 118.65367832765679 31.67410040905572
430 118.89290421903935 32.36364797920249
431 119.01344061104452 32.05578734393465
432 118.88816750406663 32.19929418999324
433 119.12824884632249 31.764061125258294
434 118.98310953751083 32.3356830004358
435 119.17932831590875 32.11934154858055
436 118.68866154446597 32.03786649613474
437 119.18578001268168 32.37663329375194
438 118.65551770177443 32.04602036693719
439 118.62387801102767 32.01249590008294
440 118.62525934930264 31.641315240467105
441 118.5795306463345 32.04048307072281
442 118.939298568661 32.1963799744641
443 118.49933451694807 31.891101546154154
444 119.0788452008335 32.14138723527059
445 118.9386570443421 32.041747006367544
446 118.69665747822553 31.771295992619326
447 119.12165465545773 32.03998073048336
448 119.09463159149517 31.98485784784098
449 118.9297724349948 31.863118297194234
450 118.54891066805888 32.13376706583728
451 119.19232764469166 31.663387297480323
452 118.92298136031975 31.885635499662968
453 119.1358449574406 31.950694211231337
454 118.60479422665387 32.39078056876052
455 118.51499288553524 32.16524536512402
456 118.71158185366792 32.100673467347356
457 119.0514923407232 31.728753114950802
458 119.07002140010779 31.95472124211964
459 119.12058337615002 31.892155335254802
460 118.73010445595546 32.35707058534751
461 119.06462315265794 31.95805512834237
462 118.5987749291632 32.275584191783814
463 118.87777025644192 32.13163952515501
464 118.54357722697506 32.28647628601155
465 119.0087358619202 31.599786823601534
466 118.74747555031395 32.35091400458604
467 118.5767816778703 32.36842630110803
468 118.95089305065191 31.71574053499713
469 118.78025453418408 31.647465795600546
470 118.71545501486392 31.864573875382828
471 118.74398113608724 32.0524630971783
472 119.04268527449557 32.019280508923
473 118.78585430830351 31.955400260378152
474 119.11694357661811 32.32495238173703
475 118.60183821546455 32.05016531804676
476 118.78325684115929 32.338022028191745
477 119.11392830937159 32.04999831504449
478 118.91194182582554 31.742627442710805
479 118.99713200124414 32.38702597435611
480 119.08719132306348 32.396289834211316
481 118.86110789715401 31.956738597257477
482 118.59964739624975 32.199586779852226
483 118.71451603894597 32.11690712164364
484 118.66307641639996 31.737799504749347
485 118.62172024210912 32.06095257365204
486 118.91713940149518 32.10645019022167
487 118.64428731887796 32.07118285857945
488 119.08356055294983 32.02536942828633
489 118.82377718634169 32.06736993869028
490 119.06481248299461 32.17011517534277
491 119.08901073229875 32.21702304918278
492 118.98183316534526 31.68443290678424
493 119.06078990767563 32.33160703252209
494 119.06683069165338 31.97195552351767
495 118.9166385569619 32.15822426711737
496 118.71998844725297 31.91082935464128
497 118.797150422296 31.652802875805907
498 118.71740128023035 32.13017434398545
499 118.83147043273604 31.898096020832988
500 118.76594665138472 32.03243221460415
501 118.73263055576845 31.805451787058853
502 118.56628458690597 31.760555733821626
503 118.78460264885453 31.815397147932824
504 118.58616204048658 32.30090237807661
505 118.75044971605982 32.34971069883652
506 118.58087504522507 32.36646067671895
507 118.75509802686194 31.942479997910837
508 118.8833718482978 32.23812165219534
509 118.53981973955092 31.737189090400165
510 118.6641257603328 32.188047523059474
511 118.79056818761372 31.941171597521365
512 118.68472515685144 32.27539091115915
513 118.88745214340882 31.75668847597641
514 119.08095453032333 32.251114035307346
515 119.04749749262591 31.657932123549003
516 118.6716945585976 32.290895552839835
517 118.63967421468108 31.93431162542463
518 118.89321598379101 31.71254939889636
519 118.76980322154436 31.828211950662993
520 118.53156328695549 32.17428112141044
521 118.65545771802384 31.954579801340106
522 119.17429703450317 31.787289384018294
523 119.16165392356896 31.80272171180449
524 118.75602999186172 32.14463390353284
525 118.52511490587926 32.11459264421675
526 119.06143389397013 31.655584077163123
527 118.68641841222144 32.25354689836344
528 118.52081319586736 31.70159667130994
529 118.68175073141876 31.789276720427754
530 118.59221372490701 31.610899276665144
531 119.12334582480051 32.025658531105975
532 118.62995653537494 32.28609631981415
533 119.02907648960665 32.335663237363576
534 118.6021792196626 31.96019502012614
535 118.55623674761921 31.688490044399625
536 118.77126647155373 31.991483687416082
537 118.93043149984325 31.821153617424645
538 118.87505414432766 31.853163164778056
539 119.07219284107552 31.77738361189787
540 118.79238559594194 32.35855590790171
541 118.92761146614349 31.92952443973942
542 118.53457406806602 31.592122278450432
543 119.02432229693854 32.00112743336346
544 118.98626202355622 32.154980368265285
545 119.06206510687737 32.256872320141326
546 118.57610295905292 32.20155536378659
547 118.81661430988038 32.164828412608124
548 118.96631020217808 31.76225678927222
549 118.49632545321384 31.86384030246796
550 119.10371900279662 31.95699713256208
551 119.06594479921817 31.720631770167934
552 118.86574275055065 31.94812393463811
553 118.74118250505713 31.680190626965672
554 119.00115104945344 31.669788040668777
555 119.12415750306776 32.26569147613461
556 118.85400864387492 31.72803407640556
557 119.1194927426446 31.964426887492923
558 118.6042372327489 32.09357419100829
559 118.7247960710638 32.3541046087282
560 118.99440349004016 31.853102042571493
561 118.76262316506799 31.756680979992268
562 118.86272305483345 32.3013864581055
563 118.96166035324545 31.834004782559006
564 118.91149620763083 31.82031783621359
565 118.81784581481234 31.719415336857598
566 118.61037625071907 31.965914534693233
567 118.77777475975493 31.77512448239577
568 118.65350271766238 31.89238506054302
569 119.0460204024322 31.86059400403972
570 119.05979433606704 32.10146477728851
571 118.64899546086136 31.956676864635853
572 118.91082744689935 32.12680472329593
573 118.98319116096087 31.842816407436803
574 118.82002444979244 31.8802238952521
575 118.54865462103197 32.383571031150815
576 118.99388620929487 31.785920197589192
577 118.54903292184147 32.21158853136223
578 118.97178944070406 32.16040955342624
579 118.57822734115825 32.103364533155116
580 118.92745259421065 31.69360958223459
581 118.69271676400496 31.582466712196496
582 118.76494742622388 32.192459015476004
583 119.19066041722947 31.656423738960232
584 119.15815631444893 31.80159813511473
585 118.90210882457384 32.38600449548246
586 118.9593746898545 32.371799596958375
587 119.06575936329004 32.34802373092014
588 119.01204366088697 32.05109236867727
589 118.59159108330266 31.97315014605804
590 118.79575837669393 31.959007988637993
591 119.07807396934751 31.866205182264935
592 119.01566715170028 32.38004552890537
593 118.63315485551995 32.237519060825186
594 119.09950469302574 32.4085811250982
595 118.92543131562904 31.84280112828849
596 118.71023402040913 32.0675512341731
597 118.527398485663 32.135141255902155
598 119.03037738886435 31.908391205919802
599 118.80031074903324 32.063129521859246
600 119.18086713781753 31.734025529380215
601 118.67386222434122 31.85382368815716
602 118.55673803149153 31.71845624214987
603 118.66576495463187 32.10515373922108
604 118.78805984506735 31.873380528129314
605 118.52539055885295 31.931397163272518
606 118.75114941215642 31.89406774935224
607 118.66725782159075 31.653087752407433
608 119.18324177284727 32.3228904854128
609 118.62181860463755 32.17858001967246
610 119.10672989804362 31.858631548811427
611 118.59453439186635 32.30748376968463
612 118.90350930268204 32.15118754597766
613 118.95962696148067 32.38300884446272
614 118.89042018993533 31.994625331036165
615 119.17071703469571 31.690786294484273
616 118.80935435232605 31.680676517181467
617 118.94641893825587 32.19648977967681
618 119.1068311180741 32.056997036129005
619 118.67347516317098 31.768478160812528
620 118.86864898436953 32.02366351036901
621 119.17653464076385 32.024984619656166
622 119.03342777259616 32.30037688737226
623 119.00192003866816 31.63711865602763
624 118.76983833150409 31.68564790585405
625 119.10952677493313 31.950068639019012
626 119.07825773786587 31.70240795031282
627 118.80696007444654 32.38433274992394
628 118.8972391293641 31.764124175502676
629 118.97210862805596 32.09654183102971
630 119.04062437458109 31.946786155486823
631 118.82148105210425 32.229867726370856
632 118.74425488746235 31.63208681773994
633 118.60297526202277 31.85214858594566
634 119.01801680032835 31.97791663342032
635 119.03496188980277 31.69500768997435
636 118.62070557723956 32.10138422819587
637 119.1129659649029 32.020902333946665
638 118.60836679826691 32.26366646531462
639 119.0772766077645 31.958090359296932
640 118.59860979731724 31.853186974477655
641 118.94355923677232 31.83819049337179
642 118.8734340984374 31.80006018674237
643 118.60069542727615 32.34633257140692
644 119.01688367963159 32.24015109687887
645 119.0247004604697 31.87547341505104
646 119.12212000240332 31.947040925814186
647 118.84048047978726 31.67895348102552
648 118.88433909219702 32.0792675888778
649 118.95331526579093 32.18344058907877
650 119.12098828473017 31.794648542738322
651 118.783133434659 31.970676889125553
652 118.96288332175963 32.13189995601567
653 118.91621141814063 31.96619469405447
654 118.62759088234837 32.030060321156974
655 118.98467980680854 31.750302026801858
656 119.0889122981807 32.22699034839172
657 118.821560872759 31.680569084558417
658 119.17766895714907 31.983619216994395
659 118.88822571040699 31.85131807006771
660 119.11041330041371 31.685291452094823
661 119.03051565553636 32.29350751081129
662 118.7796854897198 31.742809112063668
663 118.72415720692157 31.97320437206913
664 118.75957305511837 32.092529474745945
665 118.74492486924599 31.825252395323915
666 118.52819535837594 31.990656094285438
667 118.51255593269788 32.016597463054936
668 118.78930007556352 31.943760091938287
669 118.63417047230571 31.88848567995144
670 119.09332629831634 31.792929352215477
671 119.1760489817471 32.34028854677198
672 118.70968873191065 31.99557956106265
673 119.02590528620922 32.15590967838692
674 118.75412441938202 32.018867183955265
675 119.10230056932068 31.84329152025378
676 118.81934748334496 31.994214648075438
677 119.14810819150986 32.257046103274966
678 118.98031281363629 32.29366148146296
679 118.58415549169523 32.34534456229755
680 118.59923196721026 31.77105498457321
681 118.7980641740128 31.870627694147046
682 118.90844137174389 31.6850148562155
683 118.86384846313828 32.398379676238164
684 119.11300279206756 32.10771728247358
685 118.50947176154693 32.16793670326358
686 118.57953020553657 31.958419264337653
687 118.71179583192205 31.806458212665568
688 119.10035262383735 31.9321043374922
689 118.50468594477778 31.836231558481487
690 118.89116950687654 32.016047825295395
691 118.50199752753142 32.24224592190874
692 118.88753845289403 32.26122577712435
693 118.83605618083106 31.837528630067904
694 118.58283864870094 31.73731720064022
695 118.91121112859008 32.190185187168346
696 118.92925775388638 31.938579735416006
697 118.82092334215272 31.74644697888661
698 119.05189367319913 32.113795208417116
699 118.55104330458926 31.691839834546933
700 118.72690517407399 31.686626018265688
701 118.84833089143734 31.602902121565304
702 118.72569266602684 31.74186543404986
703 118.5878272932404 31.9766036013248
704 118.5756570086937 31.737333683162166
705 119.04220734830808 31.64384881398873
706 118.67345631330721 31.993023787278933
707 118.95410463459802 32.318081149902724
708 119.10688265858305 31.596175734115103
709 118.7073477750914 31.79035369842822
710 118.62852192596176 32.33525675479044
711 118.90227295400447 32.12240751587859
712 119.08160937147977 32.25983787514858
713 118.76137497763692 32.323619311610194
714 119.08269006201768 31.784054890573792
715 119.19413965736366 32.20251348792606
716 118.9734414072684 31.813902059348152
717 119.12538541793514 32.34502323483675
718 118.57153239770463 32.365946374304066
719 118.78429048706457 31.726268715916582
720 119.11628546874016 32.266639420112305
721 119.01513413195846 31.66119438803853
722 118.57000649060681 32.07917698004353
723 118.66827933152462 31.977939125773123
724 118.72261554455214 32.067160831351885
725 118.9549361425314 32.20454954652533
726 119.01544419585665 32.30861947126842
727 118.8418567748122 31.990143339571613
728 118.51837863540095 31.655279649347044
729 119.13201583632744 32.334992822483535
730 119.15393152310476 31.6432558975042
731 118.73654926186444 32.2369907857109
732 119.05649788277017 31.71149971787427
733 118.8694551546436 32.3291294368761
734 118.83189254926324 32.090216287553616
735 119.15630138612924 31.851216728258873
736 118.50417395512932 32.28889772040486
737 118.79588523476392 31.732214412211363
738 118.65766509213496 31.7781976650768
739 118.83167848819828 31.85161226834316
740 118.81884620187554 31.933953118396055
741 118.62023449704286 31.78244846102939
742 118.90290420370664 32.32871041511196
743 118.77059474516581 31.960918617820077
744 119.13832000228938 32.35722003805616
745 119.14378957520798 31.811865018127385
746 118.77400746940766 31.970296930642125
747 119.03598275382032 32.257375247647246
748 118.94097279701168 32.3919213293376
749 118.7628347511639 31.972287352144807
750 118.68170796772142 31.990244582246063
751 119.14615791107228 32.36533462996973
752 118.64869156142551 31.941511236564892
753 119.04403843619791 31.947401533527643
754 119.03835907574833 32.37662237638738
755 118.64376343570346 31.99490819836673
756 118.7629964221921 31.695484562024976
757 118.79500109685833 32.35749978352414
758 118.84939521210609 32.00094953409864
759 118.92102352117756 31.883281254429587
760 118.75158280794224 32.33076452644176
761 118.92188147409576 31.605362425032382
762 118.80622801278405 32.35412958541315
763 119.16939888412193 31.672426175781663
764 118.96624056132391 31.65447567543662
765 118.87328163037886 32.337704294971864
766 118.90796234491611 31.968718877108994
767 118.58407432301678 31.73429146888926
768 118.68469644420347 32.3861107440713
769 118.98701444823695 31.856326655948926
770 119.20612450326581 32.33889992656073
771 118.7221823710843 31.972534520044363
772 119.20373120923307 31.902497719228823
773 118.75056335419727 32.05216548307194
774 118.80822326703769 32.324166872320134
775 119.18014661899312 32.38729873483576
776 119.07339733048308 32.14331988830266
777 118.87730915827547 31.90045005421106
778 119.18172229014864 32.265329838833146
779 119.19489462034693 32.333275983629754
780 118.61224624100959 32.04869589326399
781 119.04018201169545 32.17413552325151
782 118.6857325055589 32.30154871877801
783 118.71580888389101 32.149929416756784
784 118.80870136551098 32.1058185383373
785 118.83273660193026 31.9035511135145
786 118.59910964362945 32.076478398013954
787 119.02450271324768 31.776693849800967
788 118.51106591954388 31.71226688751802
789 119.18234928172839 31.80323165862071
790 118.67813378626545 31.95625223257771
791 118.98443572958325 31.865481381558734
792 118.86999856604562 32.16823857005449
793 119.0890785548984 31.90725883667395
794 118.63978772006271 31.979292499484885
795 118.52036088594393 31.814029125950718
796 118.62431544670402 31.657159584487626
797 118.97577396451126 32.17380066786949
798 119.06014475311667 31.774465252890604
799 118.60410104274864 31.978798044519174
800 118.90685093588687 32.082678467366875
801 118.52575974404982 32.14325527433998
802 119.07534551625588 31.950974629696994
803 118.56948128922564 31.81495554696764
804 118.62669908107226 32.31594540882272
805 118.9480776581705 32.12329430890836
806 118.82611424877695 31.80440399614795
807 118.70274144064939 32.22547973574959
808 119.15943811150973 32.02936918770497
809 118.86637920446665 31.94608614080306
810 118.61365728135655 31.686059319624032
811 118.79194045317212 31.779991821240262
812 119.00279009254874 31.698026115952096
813 118.82773286658143 32.143578765946465
814 118.57323800749585 32.17447603900341
815 118.61227460994067 31.969495897087523
816 118.67859437097022 31.647200737848287
817 118.86894437807001 31.736364203711606
818 118.94837247214363 32.34656410754729
819 118.83721751671152 32.30567958348931
820 118.64183758081919 31.913377965070314
821 118.74647594559943 31.704673799186338
822 119.1204214819829 31.95739750586455
823 118.67513026498972 31.938494912872766
824 118.96700982258064 31.615613093175185
825 118.76134421339239 32.17243566266455
826 119.19173440652519 32.12202421840282
827 118.4946804709132 32.040136558503015
828 118.7042544937411 32.237587355397494
829 119.04295844985381 32.262083951406204
830 118.52594435072261 31.766991709027515
831 118.7715394294078 31.66964319801164
832 119.17250763765927 31.90114929375168
833 118.97301512145846 32.29223619981965
834 118.58549868370504 32.21539749501266
835 118.56584381140523 31.795717989248974
836 119.16461725936367 32.21183152443994
837 119.13785560855494 32.058944274051385
838 118.63363181024538 31.81869940044907
839 119.11846622423454 32.16774216312286
840 119.02145929466403 31.843861526713397
841 118.78283826294937 31.863684939221734
842 118.66547071664522 31.772412067964417
843 118.59963865682235 32.06090086457184
844 118.64469321494273 31.970129264846285
845 118.85119027751007 32.091615376703174
846 118.5322577800146 31.62297996286462
847 118.93519270481806 31.92658754347277
848 118.9106332297225 31.63324652734326
849 118.94724217843913 31.858495500662197
850 119.07972231995196 31.674017464498192
851 118.54801243554667 32.02701818103894
852 119.18215727315413 32.33431753251652
853 118.83039723204713 32.283871634181004
854 118.84301870538252 31.9992742103118
855 118.60811096119717 31.883994586764363
856 118.95890976800841 31.618834827754277
857 119.11560629291462 32.120577206287
858 118.55657642760838 31.8330568913771
859 118.71582214383437 31.931995500954756
860 119.04605620505171 32.096307816193445
861 118.52139487306367 31.74536490896661
862 118.91205776916051 32.03225899795926
863 118.66220139118107 31.9780243647506
864 118.86172690071469 31.9113836366187
865 118.60969974734728 32.27479922589717
866 118.74614679765217 32.193727684904594
867 118.7546025233372 31.707805987727845
868 118.77653683179848 32.31278120431693
869 119.17022174521647 31.602090837900295
870 118.59132188055305 31.792533292208162
871 118.67369428851885 31.708274279314416
872 118.97450903771099 31.872831337944728
873 118.74922850527206 31.697379488361577
874 119.1438353186175 31.824378849529037
875 118.7508567043235 31.912616291047826
876 119.16058385596124 31.97846971299377
877 118.61505223113589 31.819454916831962
878 118.81448286993786 31.65761877176742
879 118.8687156173317 32.00679678648034
880 118.90685913671527 32.08236830361417
881 118.7747055283163 32.12068935635196
882 118.85984645334662 31.61076626074693
883 118.66808403892728 31.690390451986616
884 118.67124757013221 32.129871583572886
885 118.56132409673756 31.706434549535263
886 118.86998235098734 31.676654318434547
887 118.84340126605659 31.955363447837943
888 119.19978032917896 31.89506764172567
889 119.05556831861749 32.12879423853158
890 118.9878502189464 31.616449684158802
891 118.70911556395725 31.799731529800777
892 118.67959780477801 31.824131120189335
893 118.98056418581069 31.867099611451188
894 118.6453731788835 31.59631042961517
895 118.54223757545233 32.041459914052304
896 118.71545206266964 31.603437871788326
897 118.87826223275903 31.851291910017867
898 118.63062640225304 32.32967769563789
899 118.58231485509593 31.733859884973743
900 119.12301110403679 32.122348752189474
901 118.84101935789904 31.981117498340346
902 118.508095735109 32.33570670682274
903 118.669091549733 31.953963577794617
904 118.54655054068263 31.751511240113636
905 118.67790593262086 32.39686138028139
906 118.79597482317912 32.173022047816836
907 118.59531741900636 31.701407603241357
908 119.13684700958068 32.0193029471063
909 118.84555223814714 31.860159700538894
910 119.09374734604435 32.297226511617964
911 119.08357053202545 31.737659077542467
912 118.58508310247498 32.11465057414378
913 118.54487750327164 32.359382777325855
914 118.89984330269644 32.34144990771208
915 118.51106054437658 32.325655228565786
916 119.05988948039268 32.13133241510208
917 118.71759232647531 31.847759118624673
918 119.006328541335 31.660655134793775
919 118.63205460405854 31.734942621279647
920 118.71908397408986 32.31329257806395
921 118.94200645072878 32.16406540600377
922 118.64942071185622 31.674255805757443
923 118.65152846752056 32.38592389210824
924 118.74661764969271 32.00226251722023
925 118.50953685431314 31.741827616465628
926 118.98231063847437 31.982660369061644
927 118.57936992200008 31.92320786353502
928 118.66225221944079 31.77981014682137
929 118.55223237369303 32.09715787374972
930 118.81455731236288 32.023266704374315
931 118.68156373218774 31.812354314177593
932 118.86051668729142 32.22179366337444
933 118.95805784151736 32.02726958584645
934 118.64955487931846 31.872026007219482
935 118.73364040524115 31.727705948688065
936 118.88953278500449 32.00845078410739
937 118.67418069270836 31.717382757087456
938 119.13032037105069 32.31779385485562
939 118.5320252581381 32.00964573023333
940 118.59764023442091 32.34498371181541
941 118.7154930908689 31.85854921252303
942 118.95032802066545 31.948983098146606
943 118.55827937899298 32.02403301992969
944 119.12953775465918 32.31505061954295
945 119.1330094203506 31.69589480792915
946 118.95950687974936 31.913477942335657
947 118.7649205814325 31.66731934020457
948 118.69387783473411 32.346062998430504
949 118.73062732622176 32.259923320785894
950 119.123050475157 31.913547248713964
951 118.86674555909494 32.12855173907705
952 119.14804871394173 32.04816046473915
953 118.82969579937601 32.080033610800214
954 118.6448750777753 32.25501933481149
955 118.57223416171865 32.370285453279486
956 118.97589534509599 31.661167684654046
957 118.7046163216971 32.05976027791333
958 118.95111296436154 32.33171195373291
959 119.15603858585922 31.923460383015925
960 118.51644811108929 31.79625551782622
961 118.5643854957227 31.69738614987916
962 118.72733488771365 32.10086336041476
963 118.71653716014512 31.7704467974186
964 118.77363833474043 31.896443176121604
965 118.81423368645073 31.90394925309364
966 118.79469750642177 32.08895909215708
967 118.56665470075079 32.35810809485361
968 118.72553709964969 32.40160948331545
969 118.59092617754354 31.838452733491522
970 118.62949641423164 31.816851840579158
971 118.90970987536453 32.19057498775955
972 118.5300272442532 32.16615828317712
973 118.69502018424306 31.827954070064408
974 118.91587512881678 32.356787469671715
975 118.69335504103007 32.23635181359963
976 118.85495735314356 31.76690185828971
977 118.80730264361814 32.001194295457466
978 118.93090466309147 31.662535076619815
979 119.09051721414647 32.02883622264876
980 118.69845383772856 32.04481929640841
981 119.13737421415098 31.760696438224347
982 118.95923114814975 31.675120954783615
983 118.78245016183429 31.73749343046431
984 119.06838669797135 32.00921914254902
985 118.79029825227396 31.649131310466462
986 118.97008905551395 31.752607646257818
987 119.11882806540893 31.738162890871084
988 118.70226752821169 31.93357856915262
989 118.83323755996469 32.01718009443683
990 118.76677671657446 31.878867644892782
991 118.57891399353818 32.11250920187096
992 118.57032836054526 32.3343947686051
993 118.56797562265291 31.788983763686314
994 119.10725095425249 32.39223189884268
995 119.12924952114298 31.861853404681355
996 118.7340033285707 32.09150538409683
997 119.13226466751534 31.892595881036087
998 119.16842595236129 32.15109551809636
999 119.0405595814404 32.29116730564016
1000 118.6533144487251 32.24300434070053
