1 118.94916998709138 31.95861328677225
2 118.90277742655341 31.630415183098027
3 118.61648014458015 32.06262911695921
4 119.05913823292133 31.96464441211624
5 119.164791016536 31.957871325857212
6 118.94275261260567 31.86894488379012
7 118.90588448412237 31.754644240054926
8 118.62571084467002 32.06109656359633
9 118.69643667786931 31.835700454275614
10 118.7477534895998 31.8242932701222
11 118.62190421158016 32.101438247147144
12 119.19806513725041 32.03409269986286
13 119.15324536264863 31.71339179459855
14 118.76075620100532 31.983312939564417
15 118.619424593999 31.74058651187993
16 118.76333981099744 32.23361918085728
17 118.62548791016742 32.31112632123911
18 118.86790467942606 31.993567285286783
19 118.63842261613296 32.28341504706685
20 118.5367491988501 31.688726630371605
21 118.937411946583 32.015136608166756
22 118.7500112142935 31.629934822183127
23 119.00677343891233 31.932824497890998
24 118.84636538394433 31.69849628175055
25 118.98005476855535 31.690262951335775
26 118.74495534078144 32.0869687456607
27 118.89293885376526 31.80083742797808
28 118.84383640691682 31.67055461901957
29 118.91349218431539 31.784597494378936
30 118.53224665840081 31.872393461008816
31 119.19026283081222 31.989082618739758
32 118.66450997101293 31.756364558336795
33 118.55584645876013 32.1139211473684
34 118.69763489011619 32.00367081570812
35 118.9917586587049 32.02820970413097
36 119.16534401637031 31.914154650592447
37 119.09722986550116 32.21538013083121
38 118.70140012759157 32.06928460532192
39 119.10156646969975 31.713085064157944
40 118.54557789504422 32.16103145826935
41 118.57206867697464 32.37455027345671
42 118.63542650422151 32.02392401164965
43 119.04548828773919 32.30191786343488
44 118.97003652404182 31.87148908903136
45 118.57972566003082 32.07116558763109
46 119.02112176809369 31.93679373801485
47 119.02984189139066 31.919861813503932
48 118.60786263964073 32.237203967333194
49 118.95924537164153 32.03177221543869
50 118.78964901312796 32.359850600860774
51 118.54840107070362 32.0380158259857
52 118.87391170057941 31.68192842505557
53 118.83845177407757 31.885083694224292
54 119.11519080033958 32.28648955974901
55 118.94803479054518 31.960957250273623
56 119.10089878057357 31.602779546953414
57 118.86227346524913 31.81216222678499
58 118.98772601225498 31.65750225871236
59 119.1585379222442 32.380184148444236
60 118.51112669331067 32.37922748829583
61 118.79158331150664 32.24847948787134
62 118.80942821360668 32.070200705426664
63 119.03818568243155 32.229431163263364
64 118.51981971468278 31.746085578270304
65 118.89824390578487 31.842711699305276
66 118.68859164723342 32.00795707266971
67 118.78158267961632 31.880439178909906
68 118.97184395203811 31.668418562730917
69 118.92820570517668 32.34342988650128
70 118.6621223793142 31.977911195200335
71 118.61111216437968 32.01071158994304
72 119.07711658984894 31.87871115206676
73 118.85294108457153 31.816591537827954
74 119.16688554218494 31.8885681079046
75 118.9653481111085 32.26814533473324
76 118.62939358883187 32.21863116491734
77 118.61440754297558 31.87101386192131
78 118.72760291429918 31.631353407472442
79 119.03835557426379 32.23114931186248
80 118.83112164361941 31.811551185428055
81 118.89560544467163 32.071583828406304
82 118.90790427013626 31.607566882650755
83 118.65458689739549 32.117673591002465
84 118.73419553697346 31.924656338433696
85 118.6971696421336 31.97804947742425
86 119.14296880410636 31.9441423473895
87 118.51349970477953 31.879943834273615
88 119.18020006602411 32.007286968684305
89 118.61325159729766 32.387804350064606
90 118.83133554198449 31.71633310996038
91 118.6843607085907 31.862771577562995
92 118.69470655983665 31.612555139334262
93 119.03091391886949 32.20084328887766
94 118.99097605091526 32.13402228223872
95 119.02985340339958 31.767161545100503
96 118.61228895538345 31.91019945979677
97 118.65260676323278 32.121553781309835
98 119.02919495291162 32.14799814435094
99 118.56725248018715 31.721921376931693
100 119.10101049075566 32.33217228329199
101 119.12194041332458 32.247147344699066
102 118.85394064021267 31.677212235860136
103 118.98068986662985 32.29008843910113
104 118.7378538747223 32.21308804332963
105 118.94186551915466 32.259890296432324
106 118.5221502071686 32.01440258059256
107 118.67648397908027 31.793231471339826
108 118.79845113521313 32.366392120751364
109 118.87148153370903 32.09502866318732
110 119.19993377534387 31.88328822812975
111 119.19240467489197 31.84013287894893
112 118.58809421831249 32.31907120139333
113 118.71440769948956 31.960199935126408
114 118.56352756114235 32.04250733817879
115 118.72837042010588 32.11851483624386
116 119.14772702116954 32.28781383385924
117 118.91663691128845 32.08570783393238
118 118.52599094595833 31.756676286150608
119 118.90410434460765 32.066281132751634
120 119.16648486276604 32.01085264044772
121 119.19537839112492 32.02607757805098
122 119.12860123333613 32.15422296904364
123 119.02792029400554 31.780424450066594
124 118.65630487635583 31.750114289752197
125 119.12240377382548 31.683847940762824
126 118.73695163887375 31.842003441901607
127 119.12276784597915 31.603520390606224
128 118.51902325121145 32.08162706356093
129 118.55847905939346 31.833406591154905
130 119.06385287082587 31.751332674272337
131 118.55246212669122 31.686183068606837
132 118.79699435926308 31.807960302456188
133 118.76211293835726 31.77860844560454
134 118.64997197241615 31.821219843589276
135 118.7639180942087 31.964496369645207
136 118.84658041531081 32.04648295174022
137 119.11168147500972 32.24311895403769
138 118.93387988960482 32.379553787894366
139 119.13635748781749 31.641433212460075
140 119.10875312221914 31.798446690492025
141 118.613604633007 32.09488722339636
142 118.77611862982883 31.7670344582907
143 118.85094237373991 32.295033162467426
144 118.69061263939314 31.74673136497552
145 118.89138512739461 32.19464218443082
146 119.18869416557875 32.0851722675133
147 118.66196872027633 32.216543794965645
148 119.07438337588954 31.629337784535917
149 119.20796224563227 31.794952163793532
150 118.64800069728568 32.17718360431674
151 119.11584776071379 31.70222459006026
152 118.6191512908372 31.632028802650307
153 119.15506512892938 31.898420444153103
154 118.70141706433736 32.0940928299395
155 118.67345972767944 31.614593980159384
156 119.13666815919204 31.6854539052103
157 118.69693595484233 31.60201008170483
158 118.65160720030286 31.905818677052718
159 118.71756507539504 32.1491190513946
160 119.00197215112323 31.759611677566824
161 118.52152704555193 32.277959961378755
162 118.62911195406052 31.947163890408216
163 118.58226153350826 32.10071388352246
164 118.84200140412236 31.835007521523448
165 118.5210937867733 32.12098002411362
166 119.15289689719752 32.39517323264681
167 118.83130291831134 31.964104253683466
168 118.92379414093513 31.76146978320552
169 118.65200950592238 31.96629098928885
170 118.9955970686429 31.949209846369815
171 118.51143145223939 32.00863135993757
172 118.54869126187148 32.01842001609957
173 119.15750243059571 31.6350926676325
174 118.6225970386638 31.705987287957363
175 118.83798970387988 31.974859317698744
176 118.89377731007477 32.16602511500883
177 118.61736185719187 32.2546211821313
178 118.92219432871708 32.18038559684
179 118.7097323318224 32.020284260012005
180 118.97662553664925 32.376510867188436
181 118.7037341711433 31.868322243617186
182 118.79285288559215 31.97488025557936
183 118.8429865275611 32.22884524532677
184 118.49992853320026 32.25283589018448
185 118.59456034532495 31.924209060122905
186 118.55186165825342 32.27685011744784
187 118.79558649866557 31.95167285324224
188 118.88062063069556 32.18936841682131
189 119.17355167315034 31.577728851756223
190 118.72044422028796 31.606405320606665
191 118.61541120728579 32.34250160779185
192 119.15974831022305 31.69129713529735
193 118.87713802554009 32.163602230167065
194 119.15828122268032 31.837154289063108
195 118.71966580272448 31.744805163236297
196 118.54536345087145 31.89384905110482
197 118.84847023742594 32.34427655608261
198 119.22386878522715 32.07389047476863
199 118.54694971787313 32.323260251824635
200 118.85927206983568 32.16026828003149
201 119.08687358123026 31.972924148088918
202 118.67391265612707 31.996034420080175
203 119.06047077583855 31.765082948251756
204 118.54528940021328 31.631011020889883
205 118.7057293455231 31.910891840044233
206 118.62236876635214 32.03979445948666
207 119.16262810103831 32.320184419246836
208 118.95378320785487 32.123493125546254
209 118.72339319506695 32.26082078134929
210 119.1473763731892 32.30288994379054
211 118.88638930151957 32.32434641704884
212 118.74400775978829 32.24774298950632
213 118.9997890102187 31.716052437773065
214 118.94154787193588 31.86157719023119
215 119.18409733262455 31.744780315365198
216 118.52095594726602 32.3058843246674
217 119.08571869500462 32.21286532234618
218 118.97600523609445 31.8965323994924
219 118.59173329098265 32.04574941534874
220 118.75294153781516 32.272694012740274
221 118.52069654040127 32.2938002212912
222 119.07985162949177 31.745733361948094
223 118.5733901882275 32.20605842045682
224 118.64790501669943 32.265274891928165
225 118.97090315075148 31.676647645327442
226 119.04199314156479 31.682798899577858
227 118.69984879938994 31.95231493829621
228 118.63444155985547 31.768631431019863
229 118.52803238782073 32.299178110452935
230 118.54608197711067 32.19238735326522
231 119.12954542490095 32.17209694797711
232 118.67363575185647 32.19533446868882
233 118.75897336311859 31.828124568180915
234 119.03753778738694 31.771886713097473
235 119.16400088426207 32.09044583069486
236 119.12332323173658 31.91172619803686
237 119.09996062588132 32.33861576277054
238 119.08083587071417 32.14045238819399
239 118.75662609014799 31.89002290884178
240 118.95102242146429 32.26537851641681
241 119.00137024618735 31.92618939522674
242 118.80450353768444 31.72365178654295
243 118.958439510919 32.21236664269916
244 119.18007588435681 31.99267623515554
245 118.71074134281716 31.799030702282256
246 119.1574642554877 32.13097405049619
247 119.17682201235154 32.38521749340224
248 118.9145062608338 31.795420516488996
249 119.1671747767837 32.23511510376847
250 119.0061233667793 32.19260696370614
251 118.98186297028819 31.69503388378369
252 118.57282746427325 32.29266872363622
253 119.04360217898041 31.96086052415785
254 118.60674570074079 31.67215108264721
255 119.05342509343991 32.02666594891742
256 118.52863901914459 31.876082518506443
257 119.13901914272634 31.725434694512916
258 118.62195719972158 31.64294708420923
259 119.07895936786528 31.774187043701417
260 119.13034782330885 31.952147935671736
261 118.53886749658545 32.11473630442628
262 118.5764155473888 31.669338151467105
263 119.16231846024071 32.15407557218398
264 119.18159008072827 31.69496015198488
265 118.55139902867089 31.727029950901706
266 118.94305477019643 32.19611329140095
267 118.76344309116661 32.28430848881439
268 118.52912787471453 32.34443540721076
269 119.09690579670684 32.11775376074808
270 118.95286509122906 31.975758016754458
271 118.57954305894427 31.682971489292676
272 118.8126061884065 32.08342487137957
273 118.78340206387838 31.72123794043627
274 119.18626925141714 32.00653305339895
275 119.19381118463735 32.08162405373636
276 118.65342267394892 32.275674711901296
277 119.02336448263863 31.85884373742037
278 118.94550069309203 32.3984551327391
279 118.83201280003226 32.373545800436965
280 118.8832251182719 32.29783343226115
281 118.79792850970178 32.184183852212314
282 118.51347688737405 32.14945908308456
283 119.02913768754348 32.314355921878324
284 119.04335272102549 32.35768704130906
285 119.13094748599505 32.258608497157255
286 118.83882059169117 32.13869062790786
287 118.55358908443286 31.706093825535596
288 119.16714581838407 32.09439389125326
289 118.70157895089706 31.861183453842504
290 118.5810665184578 31.715547128508664
291 118.59599156852101 32.3031293455975
292 118.93678732990234 32.25396395992088
293 118.76456768540268 32.01122540098937
294 118.98006483661764 31.978854819256426
295 118.52263713807177 32.00727759380891
296 118.51793811272182 31.822188442292695
297 119.18201179407349 31.918453957353506
298 118.53532972780465 31.94755325897721
299 118.77245885225265 31.625551266448387
300 118.53186611358407 32.2970979084264
301 119.14299359191523 31.640884766513516
302 119.1036681743768 31.928029624101374
303 118.90248663352911 31.700657909717044
304 118.58531241870416 31.77449493597053
305 119.0815991698782 32.349073953988054
306 118.56105905391631 31.893612577380154
307 118.78607689788068 32.178589572808356
308 118.73198604805843 31.693788317332928
309 119.21423060465771 31.777128806870273
310 119.19284426810614 32.296784944178306
311 119.08359995352144 32.3244986110684
312 118.82072922186732 31.798736476694064
313 118.84761258928816 32.371383589510465
314 118.88444611696028 32.151656940465266
315 118.8815906723643 32.01498283133911
316 118.64167150492437 31.88620994953694
317 118.67594454068045 31.855920322601165
318 118.99196736509897 32.38457837143788
319 119.09692034048209 32.169910752430745
320 119.16618447611496 32.011370461402194
321 119.04103356155669 31.62815048017282
322 118.92032779596812 31.799990077561862
323 118.5420585878759 32.35249187679937
324 118.5632114641572 32.03548128215477
325 118.62941747032973 31.867674824786288
326 118.97803632833859 31.634697121530934
327 118.69329732225121 31.82620737042445
328 118.79813493682002 31.785194561801248
329 118.59672284720106 31.73211553971525
330 118.65661215164056 31.876887438171256
331 118.75262437561173 31.750893644677927
332 118.93234140617798 31.655961362689567
333 119.19965240889218 31.70930607859881
334 118.61408881108821 31.976125904312827
335 118.71127084703004 31.643949185227545
336 119.20561901792928 32.36062716353014
337 119.10486527839215 31.77149430012374
338 119.17510674672901 31.993526425018214
339 118.87092676516158 31.92371387588614
340 118.65851870699362 31.8456792443107
341 118.6394926341459 31.86868212339895
342 119.06149193068434 31.80978089626768
343 119.16469134243476 31.83293360390613
344 118.92506162197273 31.69694193152245
345 118.95660037750547 32.13724030225163
346 119.15288051325714 32.09286532675499
347 118.67379746920209 31.840577168225874
348 118.89057801552946 32.31619221631782
349 118.88632670761685 31.918161022164885
350 119.12907323639634 32.1149077536483
351 118.72186657504659 32.005094971213964
352 118.5920610154414 31.85334263031227
353 118.60292905750053 32.31875660081718
354 118.67999219537171 32.28204092613043
355 118.5596345596181 32.26705159531463
356 118.69860828127071 32.36896896147677
357 118.87618943896561 31.6323549503902
358 118.80705369995951 31.98731701795206
359 118.94282948184768 32.35117439858667
360 118.87140400488511 31.701335501236024
361 119.02898632012534 31.78219064089779
362 118.8210189468609 32.01534428358267
363 119.05246498226526 32.108138681464744
364 118.8127656367861 31.873956835651228
365 119.02629192387485 31.842172035228877
366 119.00668324858775 32.22328944874185
367 119.0975276888869 31.60965633874678
368 118.61746892342538 32.244195346354736
369 118.99943819053352 31.949606267332232
370 118.48245075452094 32.1210966114365
371 118.77339995631705 32.166111321903635
372 118.92888497257998 31.67283996617543
373 118.48744822213075 32.34437172034898
374 118.52854063195468 32.25362017668614
375 118.65365423959464 31.876539021904353
376 118.78677755145587 31.759918872147455
377 118.97676606242733 31.668605009362505
378 118.65279003690883 31.86786371314693
379 118.77948553040525 32.17286734083263
380 119.16119026368061 32.28813424112038
381 118.72157297484121 31.85095637101394
382 119.0234846264193 31.790961829965873
383 118.9303801256878 31.86274650963103
384 118.54850279163412 32.37903730176586
385 119.18252780617803 31.66070334586352
386 118.59706473501556 31.73476123930782
387 118.76736650206857 32.162887890887724
388 119.19193832405227 31.692103752218923
389 118.67922394154232 31.7753435036568
390 119.13996853486978 32.27443649977339
391 118.9549282724724 31.85305657294857
392 118.6095602906587 32.09077056690838
393 118.60289379748612 32.038246845666926
394 119.17662074936325 31.829268379969367
395 118.80954770405297 31.792593867220855
396 119.05306918185084 31.801240364374067
397 118.5857298676034 32.317334135140776
398 118.87123836539341 31.614205023500016
399 118.57471626072946 31.70031914005536
400 118.83954335024787 31.88714956494195
401 118.51622558398293 31.756235111558137
402 118.4989439785919 32.02752104501943
403 119.13536612440727 32.02568477494845
404 119.12147868190561 32.017311993086814
405 119.020604907483 31.846100891320617
406 118.84002197564081 32.01961378162568
407 118.63172977377137 32.21712428893099
408 118.99303026065513 32.233859822189046
409 118.64264485338445 32.04174883796543
410 118.53768386559935 32.263712363816374
411 118.71446082320325 31.67266009960455
412 118.90199935905542 31.723940109875205
413 118.90045972130214 32.20453423097878
414 119.07344330769482 31.902570965825024
415 118.75983869145419 31.884545050425466
416 118.58311903131805 32.0634465153106
417 118.53643730638235 31.92035741926591
418 118.65130650535032 32.334578864799866
419 119.17797570660892 31.902955465767423
420 118.49389760338721 32.260548870396406
421 118.93976299565794 32.11523886618358
422 118.81588703703198 32.341036924790416
423 118.64430792160572 31.99015962983892
424 119.00760623445478 32.35995330276636
425 118.8938596484054 32.031765774979874
426 118.55993770179869 31.618704917550087
427 118.98091516121332 32.1890066096111
428 118.5210562736674 32.274591041085664
429 118.6629286516267 31.661837580108433
430 118.89563167402027 32.37194154665906
431 119.01580483699543 32.05156682500806
432 118.87247016087441 32.185828665860825
433 119.10317631613177 31.78938898428964
434 118.98584716145986 32.34882423866609
435 119.1689741519389 32.11955179873189
436 118.6923171599269 32.06519984851201
437 119.18143823061752 32.353325433543965
438 118.64939844890777 32.050861102585365
439 118.64107533745673 32.023262038171886
440 118.61210107602027 31.61021328542642
441 118.59035188694683 32.027942908262624
442 118.94169168780962 32.18716500908992
443 118.51024480651645 31.89885726081809
444 119.07227036153886 32.16420113896706
445 118.96319918481984 32.039304910625816
446 118.73638389801413 31.776500078897175
447 119.13012114068633 32.034070626714076
448 119.10811478305965 32.00710990536889
449 118.93131185650192 31.874579723564846
450 118.52509422714441 32.13610327326614
451 119.184505801203 31.664427731755335
452 118.91997373942012 31.894937022772773
453 119.14654417107964 31.946096581721104
454 118.59599445840473 32.395776276064296
455 118.51496927726589 32.16771765796477
456 118.71718454757494 32.114717113325355
457 119.02853224221832 31.741308569853178
458 119.06405747531387 31.95960813412936
459 119.09185784099193 31.905139657131812
460 118.72825627316082 32.35018795628439
461 119.04135831294646 31.959728256161362
462 118.5934303332867 32.282582556777044
463 118.89102453338798 32.14952741959127
464 118.5232762265663 32.27379495726757
465 118.99526933310759 31.577601920686444
466 118.75985087183192 32.32559088210569
467 118.56288395313375 32.35679910790415
468 118.99152352160343 31.725707818749555
469 118.79889336334334 31.639299688398438
470 118.71904058576766 31.85947510123783
471 118.74507099143251 32.03265174334415
472 119.04436363644609 32.03633063210991
473 118.79721793838355 31.978625113254733
474 119.11203717085971 32.323279086701795
475 118.61052811596178 32.023641514780486
476 118.78295788070535 32.342843006856754
477 119.14245623987387 32.07243626409048
478 118.91620314955017 31.760601251051114
479 118.9911888159152 32.39483919960979
480 119.10469493879168 32.38908146113952
481 118.86900399018555 31.95169177982714
482 118.60056431195692 32.221645250732706
483 118.7360223843376 32.13207069738276
484 118.68077429473774 31.755359123794975
485 118.61755366535189 32.07408005171127
486 118.89919874154093 32.11780089937531
487 118.642869917441 32.0835839753656
488 119.0839756205161 32.04879256921497
489 118.82778465059504 32.06568738847143
490 119.07735560820208 32.16701221953681
491 119.09557898780888 32.1918059638395
492 118.97070568804838 31.6619383704148
493 119.0492541663302 32.34130582056323
494 119.06335707411121 32.002299216765394
495 118.9167478659921 32.16170002516505
496 118.6887059290671 31.909713743477877
497 118.79095398473662 31.669701932361292
498 118.72287600505804 32.12964830674685
499 118.82605366817636 31.917835635660758
500 118.75163682351952 32.015557342222834
501 118.76379877937121 31.801534837815435
502 118.57674218918474 31.76843416516267
503 118.78291405339901 31.83083024014643
504 118.59602503274242 32.31042118641213
505 118.75973105933039 32.35367969574626
506 118.56631026270087 32.35446025000318
507 118.773320964475 31.954903121787652
508 118.88753032915962 32.218695076430414
509 118.53631824957981 31.738034063514018
510 118.67062744462672 32.18802661737298
511 118.77840235139374 31.950485036476152
512 118.71529967062094 32.25207719465219
513 118.89323303606429 31.77081834679667
514 119.06667288735369 32.24850981364872
515 119.03207428998924 31.678858097339212
516 118.68541585892063 32.30558240026419
517 118.6311970145658 31.948241025623865
518 118.91845514475989 31.753170248635623
519 118.79308682523313 31.834436254426585
520 118.56558064835576 32.176396757904364
521 118.64968860740504 31.962956517343045
522 119.16826608579552 31.786325701163605
523 119.1344364373293 31.811974720581073
524 118.73067728213599 32.149503153887565
525 118.51730718790166 32.11008200317144
526 119.02930817028458 31.65531444171689
527 118.68148699318391 32.2745378014182
528 118.52954620208989 31.68993825411452
529 118.67395551422179 31.78335775606111
530 118.57733425733083 31.622738945405104
531 119.1360244401206 32.03686325869081
532 118.63828837331498 32.31540534968934
533 119.01464357984787 32.33331360294637
534 118.60707846428282 31.97140507430796
535 118.57289724153469 31.689135771961062
536 118.78646109431118 31.995326048335034
537 118.93713170227134 31.82954562022932
538 118.88947685044303 31.841572252858274
539 119.03843008952876 31.761261774394516
540 118.76984373298212 32.36022336975717
541 118.96242393828437 31.917955587788637
542 118.54427725068454 31.60234163606606
543 119.02503692777998 31.982149230489554
544 118.96657596121837 32.11487751014203
545 119.06956365709794 32.24508695231849
546 118.55142993393616 32.18057645307137
547 118.82722069192499 32.14497726333315
548 118.96597854271062 31.79524779287741
549 118.4720502075414 31.86538689770807
550 119.12664849792951 31.930450384317705
551 119.05967544206277 31.739045607632598
552 118.8599811402282 31.97523650201643
553 118.74044903534626 31.68941454653371
554 119.01692798970105 31.679311841764324
555 119.12560252720132 32.25157480060978
556 118.87170898782385 31.7206583310851
557 119.13059272704373 31.953821819896937
558 118.57319490554889 32.07281297675585
559 118.72203843949222 32.350713888607174
560 118.9905717476141 31.863813179417104
561 118.77335351761907 31.71501068997431
562 118.86176443883262 32.293771010596274
563 118.9477332540895 31.839360480917744
564 118.90216185191325 31.81591723383552
565 118.81219086154732 31.736111052551323
566 118.62926707849655 31.950363878227208
567 118.77567334952398 31.76232358537765
568 118.63212580638631 31.91759798359507
569 119.0294503237428 31.861088070239205
570 119.06298437041607 32.12325406411172
571 118.64185273135733 31.95594612351003
572 118.92091495706758 32.10292560269612
573 118.98305728712778 31.848891838959823
574 118.78666020674797 31.89538512063871
575 118.55106308629075 32.38397116141713
576 118.95956404139774 31.803629677576676
577 118.57011625029014 32.1954796175202
578 118.97667810354669 32.16104136411875
579 118.57248406994967 32.09810360246941
580 118.95464841008807 31.686192589272206
581 118.67822384879008 31.608868931806498
582 118.75201494134664 32.20843545037829
583 119.16416148266785 31.644088568236327
584 119.17541239692072 31.804376864020906
585 118.87717437515268 32.36844801384978
586 118.95673604622901 32.39354206595908
587 119.06626994591818 32.35539314931487
588 119.01668936545781 32.04635406729401
589 118.58607410178938 31.98105143861458
590 118.79875960158458 31.97998517331333
591 119.088895249246 31.88528216054944
592 119.02520386030314 32.39334264259781
593 118.62072286411431 32.24067196767271
594 119.08042760644818 32.41668494478221
595 118.93380184603527 31.832351118885402
596 118.69750934653312 32.08095721740293
597 118.5311110661991 32.12049884397226
598 119.01191178051917 31.916232017314734
599 118.82765406865829 32.06132513792359
600 119.18285146154965 31.73409686193676
601 118.66410059679063 31.838424727494665
602 118.57103829876436 31.721737450810426
603 118.66626913119113 32.07080229309024
604 118.80059561637307 31.878182271767912
605 118.53041740159273 31.94947025290768
606 118.73428769046912 31.89330282648306
607 118.66172151146118 31.624809867352603
608 119.1712114995348 32.328110913995815
609 118.62779181753828 32.15885420651936
610 119.11071487560814 31.854254242759158
611 118.56193502424273 32.32849591515495
612 118.88881441810437 32.14095415286432
613 118.92297706446334 32.41183403941234
614 118.89785790173562 31.98490045467162
615 119.15350292186601 31.68920344454645
616 118.80091166772223 31.687979973043255
617 118.93646241486755 32.171275009626974
618 119.1115509577138 32.05466862384698
619 118.66263202161586 31.769441821041813
620 118.86142061937416 32.00503774897754
621 119.18357059611425 32.0288381164313
622 119.03111674852562 32.29822721536759
623 119.000779174879 31.61449279589709
624 118.79886864495775 31.69204931439942
625 119.10825492684864 31.914530344988634
626 119.06995124085834 31.68711857102642
627 118.79025709590755 32.37413998152133
628 118.89087641717975 31.763258943871776
629 118.97730832792796 32.08519715763887
630 119.02950156896853 31.949487773379335
631 118.83691504708266 32.22903922629692
632 118.74841049036323 31.633760853903865
633 118.61308968171254 31.867468759537
634 119.03796152287458 31.977270747072552
635 119.0267208305468 31.68126295001435
636 118.62740219533107 32.08175563298128
637 119.11083152138877 32.014801477481264
638 118.61275173860926 32.28150217853111
639 119.085564548906 31.965940005510422
640 118.61380459634744 31.864782681094436
641 118.95037556091795 31.860587729457816
642 118.8655108539899 31.81851126213679
643 118.60752842798061 32.33641784517711
644 119.03671882093899 32.23092864604692
645 119.00196633209727 31.86795390917708
646 119.10237967754033 31.944881731286607
647 118.82232101482786 31.683772348810766
648 118.87376142054616 32.066844467554915
649 118.97791592429705 32.19044140858619
650 119.10654822429878 31.80410258076223
651 118.77044669233062 31.966983949836482
652 118.98874862200388 32.13660322834988
653 118.92510258291655 31.985817016162574
654 118.64166208065744 32.0380564543574
655 118.98256610376322 31.768838697290594
656 119.07553406620492 32.222900808429195
657 118.82890539641848 31.687942113813882
658 119.17617566485856 31.964938818338965
659 118.86562354989653 31.832468004938146
660 119.13535362120027 31.694014924615466
661 119.01061125824074 32.301886448266636
662 118.79245850994556 31.766462534440922
663 118.72017791504825 31.992018529432805
664 118.78630901569505 32.10001689663755
665 118.73888210497869 31.834110300422388
666 118.51150894618985 31.998307759501365
667 118.53647153841776 32.00915954716724
668 118.7801968585274 31.936451269005083
669 118.60801407146792 31.87181709433199
670 119.07629444400025 31.8061149182639
671 119.16270408700075 32.331705931888386
672 118.72188422587844 31.97319988121213
673 119.02135483194061 32.1450767585524
674 118.74106892952621 32.02092096432295
675 119.10588432297304 31.859954150554955
676 118.8189090865336 32.00913283544232
677 119.13789882733678 32.24265127168826
678 118.99532183865796 32.286212121905
679 118.57872716230959 32.36259114062068
680 118.60722469915699 31.802695252751118
681 118.8235077685455 31.88137661192226
682 118.90598413206469 31.683946580528215
683 118.84832217568366 32.41097964516589
684 119.14464078493819 32.116125420286906
685 118.50479806542401 32.15831565283227
686 118.58728487659482 31.958207471983346
687 118.7012037438833 31.805155373865702
688 119.14135872726452 31.919941766699996
689 118.49559810079066 31.83796598587267
690 118.87551859142125 32.021124497914705
691 118.49567437663654 32.257500687536385
692 118.8874172185609 32.259148009859146
693 118.83290057994908 31.851129851540712
694 118.57961094385928 31.725530062310487
695 118.94116584746212 32.184422547907
696 118.92263734289446 31.92820360725487
697 118.82364857526602 31.729146541635515
698 119.04588539344212 32.10442613262913
699 118.54228092183986 31.67904871683983
700 118.724841593608 31.670595058142816
701 118.82671364511914 31.58360225337657
702 118.71426505465467 31.74734921519081
703 118.58074257765664 31.98082656884037
704 118.58390354559229 31.752839950765942
705 119.04272928778812 31.637807988162997
706 118.69593591270886 31.993657113557433
707 118.96378281381608 32.321444565374584
708 119.09625313434323 31.621386641198132
709 118.71944118227022 31.800654903701343
710 118.63017385220768 32.34342653383802
711 118.90080766470588 32.1129910303839
712 119.08750994939521 32.24669984230219
713 118.77744973938286 32.30579087836152
714 119.0769509709284 31.769488905315225
715 119.19939922209805 32.21140796173103
716 118.97452048552597 31.82691684663698
717 119.12899084342587 32.31668958997069
718 118.55113610841691 32.343146214537164
719 118.7727362723312 31.725900843180057
720 119.09760553391311 32.287883466129
721 119.0338655407743 31.63700504626054
722 118.58860759008144 32.0708033301597
723 118.67042408075586 31.968383838194605
724 118.72261234634081 32.09593991569914
725 118.94687474138544 32.19782891895992
726 119.02253446656012 32.29694676003673
727 118.85400048287539 31.998443176055904
728 118.53206272755737 31.64663396673742
729 119.14098333501528 32.358317591956585
730 119.17591780233481 31.644158640658382
731 118.72581332635218 32.234747502675894
732 119.07236975349548 31.708714773011362
733 118.86983976196507 32.31023566144739
734 118.824598820171 32.097796542934574
735 119.14591130100682 31.85265282730273
736 118.49094247955006 32.25689612197602
737 118.77082545717248 31.744757977371005
738 118.64856962487659 31.78023657679453
739 118.82398647355494 31.835447344822384
740 118.8123340757121 31.913999408559
741 118.6394481152471 31.789178424271615
742 118.91047599328432 32.317750070829774
743 118.7527019663843 31.962494418827035
744 119.11908073400662 32.38017231357141
745 119.16050105476188 31.835595866453755
746 118.74872479642934 31.96951332147718
747 119.01388318955729 32.27559282128251
748 118.94332466775292 32.3959096296021
749 118.77293291962472 31.96541860673485
750 118.7265702951245 31.984676785702828
751 119.15997840497288 32.35668335428653
752 118.65913860392934 31.933831874519562
753 119.06716614374372 31.95416975140261
754 119.03230695044725 32.391940725867364
755 118.63022180554837 32.00610329108967
756 118.7675922310976 31.683425820381927
757 118.82783831697247 32.36857645463696
758 118.84630155647831 31.94993102132589
759 118.9241951797076 31.890260518828832
760 118.76537395436485 32.30691086985357
761 118.94333397187953 31.614140163876087
762 118.80550397804687 32.37584230445042
763 119.16657602338078 31.66518360306951
764 118.95854769173197 31.642284480424763
765 118.82282041259116 32.322502430027455
766 118.89144905674362 31.968050340651033
767 118.5834129665483 31.727690156871166
768 118.68648041423081 32.38605263650392
769 118.99733149351165 31.84151861285485
770 119.221337332986 32.347974118522444
771 118.75315300179383 31.990520069479775
772 119.20816708425032 31.919155899340133
773 118.76291646775825 32.05081603705244
774 118.80366551030988 32.33358316596565
775 119.1833018898253 32.39016813378173
776 119.05786381128954 32.13532084886686
777 118.89326294619363 31.90391513602965
778 119.19212495677965 32.26728945207454
779 119.20551519456518 32.34754856778348
780 118.61801709589743 31.99428340896656
781 119.07103943181897 32.18728207761629
782 118.68548666802516 32.33860643453204
783 118.71084018878022 32.166055447702966
784 118.79150128707246 32.11825237684783
785 118.84672952090511 31.878076042319538
786 118.59215475192005 32.095248881515154
787 119.02701118425435 31.775343920210297
788 118.50126175970861 31.710242738396563
789 119.19722342668793 31.79362058310407
790 118.70644808033225 31.937059246549193
791 119.00901957585303 31.86328272819287
792 118.85246196650746 32.15375626882028
793 119.0908407967848 31.90492157726117
794 118.60192446387599 31.966262258842182
795 118.51556964580551 31.81857134315569
796 118.62667100071404 31.70031898145737
797 118.97585104943512 32.171779582949505
798 119.07060750359241 31.786126261247816
799 118.60642374375065 31.966404461718835
800 118.91612545748059 32.091980254338566
801 118.52211360996907 32.136015257315634
802 119.05546441093573 31.94965350284791
803 118.56757872423549 31.804217006309692
804 118.63569872438444 32.311201502027515
805 118.95604885171754 32.14655297321106
806 118.82182526939904 31.783335506462016
807 118.6977180509228 32.236621670044315
808 119.18471935428292 32.0437914000634
809 118.87711205297863 31.95815870552615
810 118.61134853000901 31.702997709505016
811 118.80126683188739 31.78288041869771
812 119.00377137413216 31.692090356138774
813 118.80760496624696 32.12765045642003
814 118.58265900416748 32.189652876859164
815 118.61348255191314 31.974706791775482
816 118.67796471438858 31.647644111351102
817 118.89382049072752 31.709611540053935
818 118.93494718464169 32.34113947890463
819 118.83159861068438 32.320829142319944
820 118.62910804312953 31.915284944758977
821 118.72970469003221 31.69639563053887
822 119.13031310396933 31.974369397104223
823 118.6778184168424 31.922118357090586
824 118.98793649997141 31.609299882092298
825 118.74546036303225 32.19291275091497
826 119.19280662824865 32.10226954439793
827 118.5119130147701 32.037459541985974
828 118.70600884209094 32.24197912275229
829 119.03948626611606 32.291337664735515
830 118.52944097457517 31.776811267900705
831 118.76138683661883 31.65807925247591
832 119.16191798059202 31.910661200052772
833 118.98632873688447 32.276787647674574
834 118.59162816914471 32.204178170732106
835 118.54769938280097 31.804109301514703
836 119.1709326680135 32.20916909276259
837 119.15344132629694 32.07128137586532
838 118.61119353403505 31.790643621362364
839 119.12057384910338 32.14241762826623
840 119.00774358369624 31.831960173797288
841 118.79595201699115 31.87353254794013
842 118.64551778825118 31.756286456174784
843 118.59968009276099 32.05557099259074
844 118.65198339372046 31.980369774559865
845 118.8087536648655 32.09993375138826
846 118.51874836617492 31.59448577162465
847 118.93679860410967 31.92487547404864
848 118.9409461014701 31.650483332997847
849 118.8977606334396 31.85155506631711
850 119.08648105724421 31.680720706802777
851 118.56292278845244 32.06235610952368
852 119.18882083348666 32.340954546795196
853 118.82910163679924 32.272589561987644
854 118.83580736843989 32.002774033622195
855 118.62180173598333 31.87328241810054
856 118.97237028186385 31.60323227141231
857 119.13201384148671 32.1352052542159
858 118.54652837751345 31.837508204463546
859 118.70891604658092 31.937260895608453
860 119.05506642897438 32.08683567833817
861 118.51827907358913 31.737985477494238
862 118.89679237942337 32.03777137626924
863 118.65260855994813 31.96141308079754
864 118.8789177588379 31.9027254140117
865 118.60971336894197 32.27587130058769
866 118.75278318004062 32.20626437961011
867 118.73586826496448 31.68523425312391
868 118.77194055732218 32.32089481084548
869 119.1747500077953 31.56728532480132
870 118.5958435420329 31.776701909738517
871 118.67637434590937 31.709465761089874
872 118.97714130365829 31.863514546814905
873 118.76895011265466 31.701645323283785
874 119.14879878433514 31.814861409112343
875 118.72727140151575 31.931346988111795
876 119.16209177220917 31.965770926650347
877 118.60160800801764 31.840277193533932
878 118.83632770597266 31.646768063355356
879 118.86407168323767 32.025337876007065
880 118.93727156734641 32.07516670576113
881 118.77609980090229 32.117970166124046
882 118.877560559535 31.598460450131867
883 118.64389945606462 31.682877100995526
884 118.66161174776325 32.139804285619135
885 118.57252225691296 31.733784045237236
886 118.8760064091052 31.698627679340547
887 118.82147526013846 31.944702965568904
888 119.19031238203571 31.90665257637054
889 119.05537592097625 32.12266417948834
890 118.999989374031 31.63297628018198
891 118.71970875295032 31.792265508707807
892 118.66913717376308 31.80563055319973
893 118.97446546919275 31.855211766908692
894 118.66742481799653 31.57950431940768
895 118.51280801412926 32.03310424222765
896 118.72176375554648 31.58534100710106
897 118.87380840330053 31.829433035869382
898 118.62223421292018 32.310991468291775
899 118.5728251123259 31.70565025495683
900 119.13995157509655 32.14883940197712
901 118.81864266700747 31.967552805806534
902 118.50329539129143 32.32098040553499
903 118.66862582559065 31.958399209346062
904 118.54580800936915 31.77603526906637
905 118.70563783095291 32.41306770904636
906 118.7820557926009 32.166945638482005
907 118.58928677453542 31.716130267264127
908 119.13375800239582 32.042208976658145
909 118.83152605400986 31.857841229386146
910 119.10142207969733 32.311065692915484
911 119.05696673061726 31.731637867250303
912 118.59027257634939 32.09763736359324
913 118.54111428728228 32.345825657618974
914 118.9095907960601 32.340723608276605
915 118.53975229896943 32.30966698828022
916 119.06520271931291 32.092769328645986
917 118.71549507502458 31.85452589168252
918 119.04184928790245 31.648251710956
919 118.62883541508232 31.751354963673478
920 118.71529531130433 32.30054871059008
921 118.94185218370365 32.16655164278861
922 118.6537304625606 31.665568243928366
923 118.67154405870622 32.36713325218095
924 118.75577998265685 32.000746703955215
925 118.54207278511561 31.75477267251956
926 118.98234154833233 31.967466350967598
927 118.58636626460435 31.95038831828996
928 118.68368806139657 31.775942863406637
929 118.53064707680514 32.11237027176953
930 118.81776290489972 32.03788413229004
931 118.71255567262715 31.816441874034314
932 118.86181068244078 32.200364870880776
933 118.96107806331155 32.031932202879126
934 118.64318172588611 31.880194257499355
935 118.73817312323808 31.706671609352203
936 118.86721697747181 31.97951606706368
937 118.66831705938615 31.724950374352158
938 119.13841920955629 32.326339917093236
939 118.5492360357801 32.01366073575637
940 118.60656963951234 32.3332269574505
941 118.71118614542533 31.858237189638
942 118.9394701865032 31.943586159800898
943 118.5479951357508 32.03171757323838
944 119.14106155164063 32.31368705699036
945 119.12714722324117 31.714538124839954
946 118.96797119660864 31.90431115389265
947 118.76308961006869 31.68184027920249
948 118.68650693847646 32.334437704845584
949 118.7068711528955 32.25065576111161
950 119.11641196055876 31.929264788532436
951 118.88232090246197 32.11540803962805
952 119.15916102198058 32.06174798926713
953 118.86113700282199 32.07301226060372
954 118.64352917555263 32.24155649528743
955 118.57861697638289 32.36493880762212
956 118.96562744329125 31.650384949534466
957 118.72146493847752 32.03762990231552
958 118.95768689076145 32.32929301915815
959 119.16803728191766 31.912602096097892
960 118.51612908740277 31.789454398883112
961 118.57349336499423 31.66945702066227
962 118.70037475458236 32.12726244183238
963 118.71102282605904 31.737338138912214
964 118.78279076494695 31.898435844636605
965 118.81068021927801 31.905230237652688
966 118.7733628224548 32.10298122165671
967 118.54987909095784 32.38346666443977
968 118.73163759751272 32.3824741794519
969 118.6111757564097 31.850000021688896
970 118.61845321008123 31.811328263787548
971 118.91782744334307 32.181463893732534
972 118.52058321748336 32.155230172709985
973 118.68723911610375 31.835380297226102
974 118.93543932631665 32.36446370617674
975 118.69251839970356 32.25070944739156
976 118.85758984642209 31.750496612649727
977 118.82529151678997 31.984022597940417
978 118.92672406569562 31.664359623130277
979 119.08189729980633 32.03871394871518
980 118.69351612414394 32.03448415240922
981 119.14970663265905 31.77662621372883
982 118.97313127373002 31.667498689565182
983 118.77566640736339 31.702955110401057
984 119.08278445477427 32.02592738772503
985 118.78590044443521 31.633167123439893
986 118.9986747117063 31.748728167485073
987 119.12264073627787 31.731254513572708
988 118.69767784988731 31.929476105446465
989 118.8453680400846 32.0135465723125
990 118.7756371347336 31.880595548150595
991 118.56114642185716 32.10401608925491
992 118.57834231585818 32.33496484079033
993 118.56604914700972 31.79787989113643
994 119.12450849524288 32.38269992155118
995 119.12186026334356 31.879123154581155
996 118.74897138380399 32.08604483240568
997 119.08998748042103 31.892242529009664
998 119.16652094519837 32.154089280612155
999 119.01937434760333 32.29274692459585
1000 118.66647981543468 32.24599406527252
