1 118.94256760850779 31.94090190473203
2 118.89550616418688 31.61101936817299
3 118.61306472039028 32.039212469802806
4 119.07302953434389 31.9683792583042
5 119.17421825628837 31.948184015406422
6 118.95576673956184 31.87037945042603
7 118.90506619566912 31.750414206791763
8 118.60144030883237 32.07583386993031
9 118.69493162986417 31.832677473614662
10 118.75962013448414 31.800898626815233
11 118.630809544192 32.09290274759916
12 119.19699800073234 32.02219134836421
13 119.14068550725274 31.711983462704215
14 118.754250010666 32.002789001836994
15 118.60302683035924 31.744270062038986
16 118.77741555209616 32.232169122956044
17 118.62061004199586 32.29969402781483
18 118.88126858829332 31.984870529234847
19 118.64444608672424 32.28818642929138
20 118.55077156878059 31.659060805543934
21 118.9298728300078 32.00289306869697
22 118.75466476933275 31.653147084197226
23 118.98067189745535 31.94583988804321
24 118.87001563614376 31.673836377602825
25 118.94544500014078 31.700778370948033
26 118.72242332401602 32.07528666736118
27 118.89621035575206 31.780609621002036
28 118.83640643031774 31.67953721219592
29 118.91573898637884 31.777876213693332
30 118.50986941446595 31.871082213326435
31 119.17417757729999 31.965967869139604
32 118.6734976419861 31.753966068755613
33 118.56036649336089 32.099856033999764
34 118.69814848214982 31.987603852297383
35 118.98868168928867 32.012136993726386
36 119.15117094636211 31.90238798164629
37 119.09464484139663 32.22616480501095
38 118.71133011912617 32.06544570846979
39 119.09258456804993 31.713005609862805
40 118.5475336468635 32.159549490899806
41 118.56011036729284 32.37285235757314
42 118.62900221528334 32.00218244914025
43 119.05149129929706 32.30691947478556
44 119.01476423782363 31.868911926074063
45 118.57625692920291 32.049066398073236
46 118.99372756686267 31.940953709722155
47 119.03593016110372 31.95158993066746
48 118.60335000001292 32.23092729114528
49 118.95163107702282 32.01936714857051
50 118.78021110624267 32.35604574462504
51 118.54270410559629 32.03714414642989
52 118.8625908924118 31.673050276316733
53 118.84247763200372 31.889362526283552
54 119.11435760882014 32.27344603804118
55 118.91964831151432 31.926825367235324
56 119.10164918702807 31.62348223992095
57 118.83107758056187 31.80987376419204
58 119.00643571769145 31.644069951951728
59 119.17355596039177 32.37698431964441
60 118.51185299967132 32.37640374582668
61 118.79383263857832 32.233450353681214
62 118.79989183714395 32.0940603359453
63 119.04466936125814 32.21472679303005
64 118.50726824840355 31.73159854986308
65 118.8886401065372 31.819868130641314
66 118.6807387900285 32.003296685203544
67 118.81821437076586 31.882646159312262
68 118.98739307424663 31.642438130917146
69 118.93338396896712 32.371511271133436
70 118.6625220940863 31.970820304201332
71 118.64482872238908 32.01848038721508
72 119.09179391565499 31.865978533045954
73 118.8506048071908 31.813429281303254
74 119.178072702995 31.89723184623092
75 118.95497286485973 32.268483802439725
76 118.65905326107975 32.20856602976838
77 118.61030673310763 31.890428244329463
78 118.72729021881433 31.609620351207603
79 119.02741382372139 32.23898057667074
80 118.82830669276031 31.80423246786148
81 118.91089432975998 32.059196274383574
82 118.91502760944034 31.60620343194351
83 118.64082888763407 32.12014171841997
84 118.72942147555226 31.91710544038616
85 118.70569222115626 31.986720634069872
86 119.15005751131356 31.926601374000544
87 118.52145667066623 31.874713286300814
88 119.17314993920562 32.03895299472858
89 118.61257725868005 32.38039502071357
90 118.86761771211323 31.70225475268286
91 118.69514308866738 31.871325632249587
92 118.71149215098987 31.622134006614797
93 119.03988098015466 32.1932084626096
94 118.99474365241994 32.129246947970316
95 119.04655593256885 31.779572599291185
96 118.62904033375798 31.922567496650306
97 118.64037683959843 32.13835690867715
98 119.0302029625709 32.132837886014705
99 118.58421972795398 31.747334055476017
100 119.10979157970169 32.30329590164767
101 119.13133936966477 32.23259095194869
102 118.8433866981738 31.690482903355925
103 118.98411405121371 32.30152171521447
104 118.72986050892942 32.193243858424545
105 118.96496221879971 32.23527909141396
106 118.53201666703974 32.02630583510924
107 118.670562736869 31.784035954099142
108 118.79964488642 32.342008747574646
109 118.86588336044625 32.07510358578933
110 119.19534619275043 31.87073011916146
111 119.20238877209418 31.82239844254102
112 118.5913327635494 32.31545949551262
113 118.69521986024127 31.956602080335337
114 118.55494221890807 32.035442819676746
115 118.72733634855963 32.09748485069092
116 119.14522984773993 32.267501608815365
117 118.903362490301 32.09259221776703
118 118.5371404153869 31.74001268271471
119 118.86487687565858 32.07855108344543
120 119.15491022238939 31.99972575990651
121 119.18684040800615 32.0539870795572
122 119.14157074429032 32.16149603331719
123 119.04313109051857 31.7922273981707
124 118.66644201317548 31.75391471283836
125 119.11689124692188 31.68936513950545
126 118.71794744934748 31.8266395170666
127 119.12384440489296 31.608257231932964
128 118.52138407299744 32.08958414528196
129 118.53893553511367 31.841882852443206
130 119.06212046679158 31.759556857566924
131 118.5553058009452 31.671415090927514
132 118.7977150501402 31.82497206610353
133 118.73954520380306 31.764464858518462
134 118.6797478004103 31.83215815028535
135 118.75169421351158 31.959893827581407
136 118.83792351302232 32.0417292874545
137 119.09859728982858 32.278059962318125
138 118.939126811128 32.39398519287587
139 119.12814169553265 31.633082431472907
140 119.0961037312415 31.791950276769896
141 118.59041192481168 32.10555047130667
142 118.77281810729673 31.747339823424
143 118.86911112144047 32.29925504760536
144 118.68575319354763 31.768639947328587
145 118.89572598116038 32.179978312792
146 119.18379361715293 32.11921596835297
147 118.63828598814392 32.22142173377144
148 119.05073374493136 31.629753709009343
149 119.20425953327296 31.783175683023767
150 118.6791538174428 32.165767588742625
151 119.11010814569265 31.678990099019295
152 118.61794102153404 31.621854440213564
153 119.1513786034 31.882147934035945
154 118.6974526707639 32.08076962816297
155 118.69224817172184 31.622587217520902
156 119.137681740083 31.661806472831667
157 118.69216517646672 31.632353497268763
158 118.64085363677313 31.923142162006055
159 118.71840582450223 32.14813761107982
160 118.98215272995783 31.767529554729833
161 118.50798506194111 32.289043100708305
162 118.61424580889366 31.961017382223236
163 118.58126032528234 32.09627915106323
164 118.85804878857348 31.826682229652558
165 118.53073040360131 32.09709360329374
166 119.15587233400848 32.38197710219178
167 118.83156830200507 31.954369072491943
168 118.92699335024146 31.786632744339045
169 118.66463861015428 31.93965379961595
170 118.98280749367439 31.9458515669512
171 118.5087089987553 32.02120626910048
172 118.56494744899027 32.01341578920709
173 119.13165815446581 31.633392590331383
174 118.62763521837108 31.72476606843533
175 118.83479074343332 31.954051429505824
176 118.87964239804113 32.162395240580324
177 118.62630438165117 32.228617898854516
178 118.90343249857727 32.21271619970031
179 118.68303516877494 32.01979658032003
180 118.96673786074223 32.36149703094334
181 118.69387126151565 31.85529614651204
182 118.80040030968487 31.97438952170642
183 118.83889993011275 32.215356905448836
184 118.5149343411647 32.2727962832573
185 118.57512455708685 31.91951219939199
186 118.54178066718826 32.293439277211036
187 118.80094425508037 31.97489514466824
188 118.87310877125647 32.17730619910415
189 119.18082535466704 31.612923480759687
190 118.74972485986771 31.60512435004442
191 118.62771535659377 32.335381817474406
192 119.1695005551686 31.683914267144225
193 118.87683267130187 32.13753945337204
194 119.16867468986659 31.83002275759978
195 118.74049278240706 31.760221705176864
196 118.55144862064871 31.903250582894064
197 118.82060144928222 32.34667624730419
198 119.19868805447815 32.06005646571112
199 118.54443875499055 32.33382517289395
200 118.8344949168908 32.164314820404456
201 119.08814584050538 31.98920999556601
202 118.64520474087325 31.99311605967961
203 119.05791363322072 31.77601742193696
204 118.54809350612392 31.60278330841399
205 118.72618826107136 31.93695270228824
206 118.6269122564904 32.03475643390421
207 119.17688748532728 32.297492045430154
208 118.92904372815299 32.12663017092941
209 118.69912350890169 32.266286509283894
210 119.14974593086917 32.3348138040285
211 118.89836665847706 32.34458252737145
212 118.76806377369921 32.260761104676654
213 118.98666468037909 31.70960344947986
214 118.9603202391317 31.881834964827625
215 119.18976297857584 31.7491925448019
216 118.5287510805125 32.29538289245117
217 119.11330222857804 32.224193006916686
218 118.97196730290507 31.88128013624316
219 118.60547636435163 32.047322375369994
220 118.76302774924996 32.252607488114364
221 118.52052217090856 32.28269523541367
222 119.0957194852617 31.76800366091855
223 118.58446752862298 32.18393138981326
224 118.65514003050141 32.241567626043896
225 118.99417081123156 31.63774516913435
226 119.03167811781817 31.676801511293736
227 118.68160564738798 31.930593742249126
228 118.61600208081167 31.76876963081923
229 118.52156155692167 32.30903218397283
230 118.53968206210799 32.17593201151968
231 119.1207476445892 32.17053645002095
232 118.63777214718802 32.23118236152284
233 118.77770728682705 31.864238309644175
234 119.04987373021343 31.787590030115215
235 119.18025419003119 32.08542374704823
236 119.1218972632272 31.924379970353563
237 119.13328057017732 32.339850888185936
238 119.07686118641644 32.12781059066928
239 118.73809916080398 31.89825875959781
240 118.95598821263675 32.27712244337479
241 119.00308257435383 31.923150472462627
242 118.79581559386581 31.738106210667052
243 118.93105146342629 32.22230468294644
244 119.16939988905497 31.980268664972005
245 118.71697722061211 31.809965142226606
246 119.14682823900102 32.160440015151124
247 119.18986468954655 32.38993202055915
248 118.90919811821848 31.795939134320562
249 119.13577071327978 32.23258145922899
250 119.00964190137611 32.21265638674081
251 118.99022016258438 31.68431901968756
252 118.5775870379249 32.26194378273797
253 119.01470514397421 31.967385378273732
254 118.61541925636868 31.69250598772383
255 119.03175041082595 32.035123004043776
256 118.52658818814369 31.854482247226404
257 119.11093860405022 31.72563102542189
258 118.63149676791775 31.662640180949577
259 119.09537464117719 31.75188826140279
260 119.12111441776553 31.951204825629922
261 118.5785425460888 32.11017550357418
262 118.57270275141461 31.676726375610954
263 119.16791890578905 32.16625875395569
264 119.1897035218049 31.676164319310377
265 118.54963989492391 31.748949271201074
266 118.9263599004003 32.17669015073158
267 118.75298069545217 32.285931864041544
268 118.54114235135204 32.36764452867173
269 119.0937622164506 32.129932455743955
270 118.97432352023154 31.97647590970224
271 118.54998237139544 31.68570832895691
272 118.81659002117168 32.046537136702746
273 118.78573106637377 31.732754982614086
274 119.19181506313176 32.01304530899533
275 119.19235514919242 32.0846557863773
276 118.66965662981686 32.276124512686465
277 119.03170761426968 31.851407247792974
278 118.95029979234066 32.388465706331225
279 118.81148663959281 32.372446637811
280 118.89114722843019 32.27247502282791
281 118.7782447810103 32.1644603636662
282 118.5418521771903 32.182850639703624
283 119.03623664055927 32.314832585826636
284 119.06602323079849 32.358150350676446
285 119.15994579910345 32.273748171825446
286 118.86628027496408 32.110398553297216
287 118.5429574904495 31.672285817870193
288 119.16022655776186 32.10397677383748
289 118.68546789126734 31.875637949779296
290 118.58928705363265 31.70991908603365
291 118.58774937278272 32.31256656043454
292 118.92055588684427 32.26753887010585
293 118.76139367879297 32.01670450879048
294 118.9772701893812 31.97592570645909
295 118.54303327762305 31.995121942564953
296 118.52040680835817 31.800858134798183
297 119.17245250759403 31.92344059534697
298 118.55484732033666 31.94499364956441
299 118.7356981663287 31.60084564260941
300 118.5122639833542 32.31125148111938
301 119.1342628276752 31.634988699994203
302 119.09725467931553 31.90772876512091
303 118.904267952931 31.694980584640543
304 118.60716445137585 31.76296077076555
305 119.05950702734862 32.35729750220061
306 118.54011516967371 31.89093201402969
307 118.81609093469176 32.16775070636089
308 118.72397163615713 31.695842645193203
309 119.20090692966423 31.78667681420829
310 119.17935977243653 32.300890192719535
311 119.0811588827766 32.316926041576345
312 118.8150526785942 31.807560354449645
313 118.84886458786012 32.37240298567232
314 118.8839935491223 32.135759636829825
315 118.88790852090418 32.0051947541066
316 118.61529878492696 31.88033176754274
317 118.6586596932536 31.886968767544293
318 119.00233530673496 32.36236772128617
319 119.08856742891273 32.16300906092491
320 119.16694779001928 32.01449934303663
321 119.0242359662008 31.62210591932346
322 118.90024282961699 31.797104120426887
323 118.56421613825918 32.34727899426165
324 118.5585778457622 32.02765733070445
325 118.61991725111093 31.88606614872547
326 118.98812084554581 31.62603948890008
327 118.69809800191332 31.816098777249657
328 118.79101082526792 31.799766492872198
329 118.61104205510593 31.73779717938082
330 118.65321423036646 31.88375738645116
331 118.77467463571473 31.754818464627878
332 118.94899951313785 31.662918677403383
333 119.19849535436086 31.684262593447592
334 118.58957290552786 31.995627334691452
335 118.71761223362299 31.646620108712828
336 119.18522166232775 32.340189765833145
337 119.10481213695458 31.75981267492741
338 119.16932641484634 31.991836843742856
339 118.85890350744596 31.927862570882738
340 118.65859643947145 31.84312742603152
341 118.64828511754303 31.853451804738853
342 119.07255217506341 31.78334354641928
343 119.16448887568536 31.821055880859873
344 118.92907154726878 31.691140430255373
345 118.97295715153838 32.153606356689714
346 119.12784585873817 32.09801094353872
347 118.68268695851656 31.84847489325677
348 118.91893759113881 32.314846779883545
349 118.89137571364732 31.904341803584426
350 119.14524459041098 32.093141162930955
351 118.73782712706506 31.997554788163082
352 118.59496968976991 31.8652096750608
353 118.57092975075969 32.329944049671084
354 118.69726471185024 32.28088336122659
355 118.55048132505907 32.272645827614745
356 118.72408311574146 32.36786822322006
357 118.89640799781054 31.605800707749214
358 118.79830935846482 31.99019772528707
359 118.94532521022803 32.3492968715569
360 118.86265962858177 31.70110275406248
361 119.0272417234941 31.802205048362065
362 118.82203475074681 31.990589514689745
363 119.04316418852396 32.119456215333834
364 118.81590868189431 31.866452247856635
365 119.00733558830152 31.835851615763683
366 119.03020412926185 32.22724310114016
367 119.09281266062408 31.61015404083449
368 118.61262073875913 32.23039907060657
369 119.00736881352692 31.936243927895365
370 118.4973391849538 32.10497730532037
371 118.77840306352839 32.16110129261227
372 118.89920324601268 31.686070912357536
373 118.52032119320621 32.32837818110413
374 118.52960439057838 32.255550021005284
375 118.65515222876645 31.89216436960618
376 118.76484153253102 31.74168031593232
377 118.98964205952322 31.652057568796916
378 118.63410067006906 31.842304131829888
379 118.78199946002272 32.182972539813726
380 119.13024232486653 32.27982969683798
381 118.73951306661131 31.8594305454855
382 119.03330685432208 31.781310191714862
383 118.91772180916433 31.858230546938604
384 118.53994595772144 32.37495598453419
385 119.17462647671135 31.680170036133106
386 118.57478825191174 31.73748492939187
387 118.74749747775212 32.152226012561286
388 119.18696002883938 31.715471364736278
389 118.67570361715356 31.801412513775066
390 119.15306613444197 32.248720165237444
391 118.97032161103901 31.843054092483182
392 118.62774285773285 32.078513994687974
393 118.59943447993545 32.03991696491418
394 119.17308000319653 31.821349667245237
395 118.81683067415217 31.805349740741253
396 119.02975758894414 31.81382495359115
397 118.60222051389341 32.300857284585746
398 118.85127854304675 31.605934046252248
399 118.56407547544711 31.687886495509954
400 118.83833606702873 31.878094552135323
401 118.49342542274378 31.774293869864167
402 118.52032911592627 32.05080117288697
403 119.1277397448082 32.02558921721576
404 119.10924845781084 31.996475773535156
405 119.03055438718322 31.842723142052083
406 118.85209192843483 32.01868792422219
407 118.62891149314756 32.219715446889325
408 118.99639840378109 32.240197376138774
409 118.65958346951881 32.03554613336716
410 118.52668232088376 32.244024130237975
411 118.71745802201556 31.653476756412083
412 118.9028232858137 31.731956253119687
413 118.90223131101399 32.19370873480555
414 119.08519136377306 31.909444033785796
415 118.77357609436245 31.85444314964107
416 118.60856277296472 32.06566190142134
417 118.53078717122186 31.90348512579248
418 118.64105127746393 32.329352671625486
419 119.15461900195336 31.912436532123188
420 118.51452688296091 32.262812909360505
421 118.93490144333681 32.07896198153448
422 118.81182869434383 32.326444556589365
423 118.63906188625869 31.989150283105506
424 119.00070574430265 32.37188352611544
425 118.90395357499527 32.05661229253729
426 118.54711278997958 31.635693330140874
427 118.97439251025018 32.189363796875995
428 118.54384096585554 32.30190234827277
429 118.64294551233452 31.677021848771204
430 118.8954312400411 32.361531149053384
431 119.01891077173589 32.05764995939834
432 118.88602025616463 32.19626956878024
433 119.12629045196778 31.766424022099308
434 118.98597608983232 32.337692468909154
435 119.17754627144363 32.115435088727516
436 118.69225529275838 32.034433161237175
437 119.18678647938975 32.373535913065574
438 118.65276518175534 32.04894309861562
439 118.61960404880442 32.01537844590306
440 118.62464776989997 31.644868928834544
441 118.58403133741102 32.0424612433067
442 118.94131701841344 32.193808819188845
443 118.50284346596302 31.88975527259307
444 119.08165977871698 32.14310383485503
445 118.94139123727518 32.04433782895383
446 118.70307890777374 31.768979586432685
447 119.11880187458186 32.03607472966774
448 119.09206534527559 31.988504899758365
449 118.94037711364692 31.869685844829476
450 118.55188132548177 32.13105691423091
451 119.18292414768773 31.66636484442069
452 118.9229352365382 31.880566307544516
453 119.131080618929 31.94370678193168
454 118.60333762543041 32.39073808641215
455 118.52017301403043 32.16291611794027
456 118.71684131347351 32.10182092665361
457 119.05152763356146 31.724070821195127
458 119.06549967842142 31.957711920702135
459 119.11906212367815 31.897748341507565
460 118.73494390295286 32.35320445045639
461 119.06197360934641 31.959705979641253
462 118.6014352006298 32.28131848930624
463 118.87768688720008 32.12115290850641
464 118.5372640141327 32.28858478475755
465 119.00194337054246 31.596297757621976
466 118.74541101285604 32.35196415892556
467 118.57644239579074 32.366425036532505
468 118.95125790612586 31.720237793918493
469 118.779750053157 31.644874963158678
470 118.71535844149791 31.866323866557842
471 118.74398246237149 32.05630994103987
472 119.03903445915259 32.02006629333919
473 118.78523186117036 31.95403302403722
474 119.11866346024479 32.326166315154104
475 118.60271887308433 32.05210203664941
476 118.78070892971078 32.337360325204806
477 119.11440845647245 32.04535742608888
478 118.91466598700505 31.74372474302586
479 119.0039520466206 32.38370623439283
480 119.08766899551655 32.3938688035705
481 118.85910727691304 31.954704995998252
482 118.60381812932523 32.199667883305665
483 118.7134100980171 32.11447416059476
484 118.65430034052046 31.738782643302667
485 118.62045878449143 32.06041001624843
486 118.91603770823913 32.11396039916395
487 118.64351362050007 32.07612786687736
488 119.08270948728986 32.02242266421664
489 118.82228820855363 32.063976740056226
490 119.06562117558782 32.16832518437158
491 119.0816657883721 32.21399227577089
492 118.98422313797077 31.682319469908542
493 119.06769645291963 32.33023435711045
494 119.06780293517704 31.968081238696712
495 118.91050190077674 32.155959970022145
496 118.72914319885784 31.911118270700324
497 118.79677606382981 31.64778668888299
498 118.71282950468071 32.12350281025507
499 118.8293387871319 31.900399519110117
500 118.77115361060632 32.036336849969636
501 118.73460388475473 31.808062524655746
502 118.57476170913566 31.760321185336284
503 118.78160509624288 31.81604119435208
504 118.58575960659955 32.29563658179874
505 118.75402852483103 32.34592209995857
506 118.57576461752218 32.36442108398077
507 118.75518886281918 31.94267317684459
508 118.87941892157325 32.23535114019455
509 118.54255765882093 31.740429576039695
510 118.66037108501648 32.186400889331715
511 118.79514041604371 31.940783512349736
512 118.68041857651929 32.27254156121987
513 118.89702207074787 31.75629227189419
514 119.08020129475385 32.24980720315031
515 119.05127200156967 31.653567379700387
516 118.67417962596119 32.29690523730017
517 118.64211990371935 31.940123437295217
518 118.8907576645791 31.710454537593044
519 118.76581823250505 31.825243911688602
520 118.52706478420822 32.17882553877106
521 118.65896107150067 31.952695970571288
522 119.17757975234565 31.790265880482863
523 119.15950718106694 31.798289312793813
524 118.75178408887325 32.13739696246737
525 118.53145934060076 32.11501717834199
526 119.06862250182067 31.652378362816933
527 118.68615494561922 32.25371267998763
528 118.5321254655801 31.70562167021307
529 118.68007491968774 31.795674790220193
530 118.59816189058677 31.609456193214616
531 119.12314906523189 32.02586308528493
532 118.62810564886757 32.27654015432871
533 119.03292870141078 32.335700240522755
534 118.60370969860116 31.961627880971474
535 118.55622109017615 31.69279833702834
536 118.76739299394166 31.995488041763608
537 118.93342284272346 31.821765648538392
538 118.87824424044544 31.853525820432026
539 119.07052061900018 31.775187140158387
540 118.78929778712013 32.35391816703295
541 118.92871823967872 31.92440518678065
542 118.53140249707235 31.594210365403228
543 119.02784796445519 32.00381785412154
544 118.98256431814347 32.155715489118386
545 119.06542695661413 32.25430443673409
546 118.57266350539275 32.20166555069885
547 118.8203282893246 32.16649801871679
548 118.96493796063055 31.75990168047083
549 118.4998499035179 31.863920518831705
550 119.10061615004516 31.960047504043533
551 119.06293667280492 31.72425786041664
552 118.86299233179574 31.942045929124824
553 118.74049659366834 31.68139706158978
554 119.00520527838047 31.673144091120896
555 119.12487375467234 32.26069278348158
556 118.84595171043148 31.729546832333835
557 119.1146790321954 31.968518184374958
558 118.6124969007233 32.09542385662902
559 118.72131546975757 32.355991259913075
560 118.99671140209225 31.851415088030485
561 118.761214077898 31.75591663755116
562 118.85956069402083 32.30493460835869
563 118.95558895233496 31.842092430330283
564 118.91254926137962 31.817267899594224
565 118.81378095798732 31.71792580326878
566 118.6005055078462 31.960964468864457
567 118.7823548438019 31.777476795939645
568 118.65912438278758 31.889281071165417
569 119.05240123153652 31.86204572209318
570 119.05971583569435 32.094514989003976
571 118.64944917467113 31.956044391890877
572 118.90898324809159 32.12995474314797
573 118.97748299038146 31.841564502004463
574 118.81831690660651 31.875265686126593
575 118.55048584854819 32.388673229514126
576 119.00149717602415 31.78862091629655
577 118.54287335615611 32.210054335522194
578 118.96936995253839 32.16200221271655
579 118.57375064665226 32.11039610150049
580 118.92755954507179 31.691382762369823
581 118.69161821287227 31.585353968361552
582 118.7676962829183 32.19319168962038
583 119.19023991727713 31.66375476862613
584 119.15886540327416 31.792130235938025
585 118.89968122805841 32.38769118249573
586 118.96490728754604 32.37298638339117
587 119.06103495059952 32.34463950384501
588 119.0116355361537 32.05418378079508
589 118.59017956599025 31.97709951915114
590 118.79661116084668 31.961429127228012
591 119.07825793597492 31.8690962945103
592 119.01295229234596 32.37421681652298
593 118.63495116299336 32.24718777115215
594 119.09920028853793 32.41012512358441
595 118.92031088268472 31.84163491570586
596 118.70191684716005 32.06298103897703
597 118.52641776282321 32.13503079085062
598 119.02878335032304 31.90577508766426
599 118.80364665793661 32.064419625223294
600 119.17613716666432 31.736908740808634
601 118.67106067607166 31.85748164593391
602 118.55838718086224 31.71862736894504
603 118.6675936791112 32.10625069815213
604 118.7897752030506 31.878860045171553
605 118.52467048006157 31.93143323316835
606 118.75856890487242 31.892284268075993
607 118.66856216938031 31.651520166237443
608 119.184616454763 32.3215306516454
609 118.62654663286631 32.17944994627655
610 119.10387880200618 31.858264501677738
611 118.60148325324906 32.30867936307207
612 118.89879948957422 32.14776372328034
613 118.96465574267641 32.39255318005647
614 118.88623232687435 31.9878303903161
615 119.16730378944374 31.689359986340268
616 118.79842925802548 31.68540305532665
617 118.94581421122986 32.19333561760681
618 119.10879215599545 32.05110446134312
619 118.67558445267441 31.769817655830373
620 118.86165582640257 32.03022135795352
621 119.17452685598931 32.02848012713565
622 119.03349152028719 32.29801080392293
623 119.00105872514102 31.63461733941783
624 118.76800026565732 31.68095864608062
625 119.10319989922188 31.95114684507345
626 119.07678330543388 31.7019226928837
627 118.8100579052696 32.39056263645791
628 118.89799584598006 31.764848903058322
629 118.96584317510793 32.09768318868437
630 119.03882201939726 31.949912405935866
631 118.82062611455255 32.235728230129325
632 118.74210338415502 31.632759209077257
633 118.60269177741725 31.850354279622522
634 119.01567639722045 31.988740143709155
635 119.03367183015217 31.692908265323748
636 118.62414872185563 32.10235148585493
637 119.10968568615982 32.026093634819084
638 118.60659470549022 32.262009754645334
639 119.07533028921009 31.961332310253194
640 118.59941187524666 31.84464595291302
641 118.94985879940975 31.837579134567502
642 118.87900564126033 31.79495337436857
643 118.59729418975309 32.348486183066655
644 119.01395574803774 32.24153886502276
645 119.02821623689098 31.878983186557107
646 119.1236297323244 31.952368696471456
647 118.84827589848263 31.68736293650712
648 118.88271353173639 32.07072801691606
649 118.95037483474346 32.182370290485196
650 119.12739622694379 31.792871714811927
651 118.77425608364643 31.9675079115014
652 118.96575724712702 32.128973449441084
653 118.91560781759014 31.9687980288681
654 118.63124047307903 32.032929948807215
655 118.9828376334639 31.752390508184277
656 119.09178371218988 32.227460399583116
657 118.82580769349775 31.677733723674617
658 119.17903379717744 31.979752031414858
659 118.88463790625514 31.841074829519396
660 119.109306128026 31.68035772979087
661 119.03063726676118 32.288764020091755
662 118.78334163129931 31.74093806602148
663 118.73044505043485 31.975371144882185
664 118.76733157009883 32.09576530039006
665 118.74663948 31.82781925058872
666 118.52733399848032 31.98832623813153
667 118.51151637141189 32.020528665809806
668 118.7855154301122 31.944484675947205
669 118.63397516078253 31.888595999659703
670 119.09555405547898 31.793369477542853
671 119.17274079613263 32.34415112571606
672 118.7082328663035 31.99668736794815
673 119.01825355528433 32.16131276973765
674 118.75600518862139 32.01730897538264
675 119.10240108503042 31.843549746798264
676 118.8165618100343 31.987464190673343
677 119.15102789758099 32.25935045937848
678 118.97417681999268 32.291620919477566
679 118.58528500522333 32.34455802212356
680 118.6005163378764 31.774265936949536
681 118.79032844730655 31.880588392888814
682 118.90700041250545 31.686784914602477
683 118.8666623923132 32.396224962717795
684 119.11888664578736 32.111090580667394
685 118.51045597197901 32.16542111437275
686 118.58168791757278 31.95822978316225
687 118.71438271782449 31.804691351496547
688 119.10278788696361 31.928098003169545
689 118.50257557850041 31.836950314185554
690 118.88979327016611 32.01707324453911
691 118.49941830964 32.24815497218167
692 118.88522113843104 32.26423964820601
693 118.83493042418746 31.839703850522167
694 118.58540901579552 31.738429827621434
695 118.91707838137738 32.19587094763341
696 118.93154756850288 31.94149825675737
697 118.8168042141107 31.74918824288095
698 119.05010731252688 32.10538674616872
699 118.55328078421317 31.69371604432867
700 118.72577850217017 31.68324934494036
701 118.84688336054603 31.605488928111818
702 118.72882618860423 31.73924998545849
703 118.58489450806653 31.980499507415544
704 118.57622247090039 31.73562791107143
705 119.04604490671117 31.644432512526265
706 118.67768852827972 31.989542428739036
707 118.95798405179622 32.316375324272535
708 119.10354298126961 31.602016617627356
709 118.70827731200677 31.785930304978844
710 118.6290064622131 32.33151761610685
711 118.90087377118259 32.11822907959196
712 119.07670223272574 32.26031897217569
713 118.75833251168089 32.32426904017719
714 119.08710079703422 31.788510716137527
715 119.19909850654602 32.19958952589757
716 118.96806536806108 31.80664855167813
717 119.12995618621095 32.35157391886097
718 118.5733430171679 32.368580396911156
719 118.77763640667702 31.729277041335784
720 119.10998707080576 32.26140328602103
721 119.01090378062027 31.651679991972518
722 118.57124585250304 32.08359987869656
723 118.66382636042843 31.98256243383447
724 118.73021516793528 32.06567928209139
725 118.9550423414531 32.20046632466183
726 119.01665685892748 32.30429934553147
727 118.84198248945772 31.99404773777067
728 118.52333337806856 31.650874728712555
729 119.12696627580083 32.32992699982772
730 119.1524024068028 31.644849565369107
731 118.74000165715574 32.23859761299119
732 119.06009164022419 31.711328684192384
733 118.863593273793 32.33205201339654
734 118.82503793385983 32.09543048574398
735 119.15548410698018 31.84865816388395
736 118.50677667263754 32.29083499190761
737 118.79098842592111 31.732743741034614
738 118.65686707864081 31.77834774729256
739 118.83348913944795 31.849347316580314
740 118.82035824982526 31.927220417780756
741 118.62319020673615 31.78123234792509
742 118.89731651614707 32.32838054991076
743 118.77713124332338 31.95734619429913
744 119.14751315791277 32.362204406966775
745 119.14685844180272 31.810664957275957
746 118.76578886570056 31.966333790404967
747 119.03906161558697 32.25715705747404
748 118.94167819084002 32.395982867488755
749 118.76713187629197 31.972408509676264
750 118.68326800130436 31.98755530949857
751 119.14377264556698 32.36781357007546
752 118.64660258977538 31.938131815292124
753 119.04443430092188 31.946988141638872
754 119.03733247263096 32.37594154201572
755 118.64071160017072 31.99281197016153
756 118.76042640284855 31.699343435901948
757 118.79767486460868 32.35947573101278
758 118.84688242008431 31.999364833288773
759 118.91164746458176 31.877751560451724
760 118.75225792932461 32.32973731586229
761 118.92456836730787 31.609570718889927
762 118.79863277739354 32.35719885172489
763 119.16666780897592 31.675822174561524
764 118.96576704774583 31.658410402166066
765 118.87787505125915 32.341373997307265
766 118.9019813070864 31.971726892216406
767 118.58638733501417 31.73432410457117
768 118.68764182876785 32.387710780396226
769 118.99445819758705 31.850482365314
770 119.20595797953911 32.34421142308841
771 118.71734103115033 31.971203579795873
772 119.20452418032365 31.901663247466523
773 118.75071529466862 32.05089906765065
774 118.81487962725461 32.325501850239014
775 119.18362177833467 32.386755749165836
776 119.07167722217555 32.14619087127866
777 118.87300781739174 31.900909851203252
778 119.18554575085273 32.265828692994695
779 119.19477538011425 32.33551034159274
780 118.60398797164999 32.0447936440248
781 119.04576682726648 32.17424813562566
782 118.68815452356984 32.30513640747276
783 118.71593698384197 32.151101924573915
784 118.81232155488588 32.111687823440604
785 118.83385176271453 31.90832733772567
786 118.59983779435166 32.071090867974426
787 119.02164804698293 31.778691510353582
788 118.50823721301528 31.711073674084037
789 119.18445118126272 31.795346955314987
790 118.67313412140122 31.951482349917303
791 118.98543135799665 31.866111262931526
792 118.87239342324322 32.16943118715898
793 119.0848777905954 31.906513275792175
794 118.64034394270806 31.98605375001844
795 118.52066009776541 31.817587021487657
796 118.61645367190462 31.658749012372308
797 118.98259500941836 32.171481218497775
798 119.06608002602059 31.770679259838726
799 118.6015820198939 31.978680451647524
800 118.90130990353698 32.07763828894113
801 118.52417106599255 32.1437813903762
802 119.07552801001265 31.947714948645196
803 118.57218716637446 31.808377615034665
804 118.62522566768929 32.316080843810354
805 118.94791868981109 32.122366357515354
806 118.82048089864065 31.80436972834937
807 118.69945687234816 32.22640905492866
808 119.15710386953793 32.0217046875082
809 118.8730574640537 31.943497926509902
810 118.61739891335077 31.68555235851405
811 118.79068869960133 31.785798125138893
812 119.00529486777849 31.690892828671636
813 118.82550944219959 32.143822325140086
814 118.57226291897888 32.174045147690606
815 118.61280173596116 31.96362481107572
816 118.67554570336974 31.641933471973598
817 118.87092434378015 31.736479411910974
818 118.95090200067578 32.34602866579025
819 118.83153997531879 32.307546604193504
820 118.64081618675142 31.91496179890076
821 118.746880820367 31.69718776269305
822 119.11398423700726 31.963204761899476
823 118.6738242616417 31.94344426932132
824 118.96708573343446 31.61898513195254
825 118.76039528893041 32.172989803933966
826 119.18768489570667 32.11934398202119
827 118.4936642629734 32.04455866902165
828 118.702008161518 32.24286339214864
829 119.04147087034532 32.25681995357766
830 118.5285931039291 31.761353026543972
831 118.77450043933538 31.66657358697588
832 119.17052800696717 31.902057796260657
833 118.97029404903422 32.29539867304439
834 118.58734209389571 32.212600611823426
835 118.56133812437433 31.78867944731961
836 119.15719406509591 32.21027449887919
837 119.14261627328278 32.056184948267244
838 118.63344919246606 31.820735272258684
839 119.11317708973435 32.16970087074295
840 119.01919764375354 31.840379093723026
841 118.77891821460769 31.865264035297653
842 118.66346506848478 31.767878599264243
843 118.5941114487064 32.060088551259696
844 118.64288692269994 31.96959275454412
845 118.85939883176792 32.094599483693756
846 118.52448943672428 31.619141653635193
847 118.93223642604057 31.927405020978682
848 118.91256105512741 31.638806956948283
849 118.95096363793199 31.858574231799246
850 119.08373462572406 31.67039989280268
851 118.5419824634363 32.030798966323445
852 119.18644262205929 32.33108214420001
853 118.83374780792285 32.282934211793055
854 118.839644238953 31.993499496994
855 118.61148993803404 31.884225878928945
856 118.9602778084258 31.621779678300374
857 119.10822837054778 32.11823188153159
858 118.54799324295703 31.841100150202166
859 118.71380106297752 31.927436225997756
860 119.04337701426424 32.09916785823539
861 118.51786721035883 31.7481358105684
862 118.91015395934822 32.038522826534226
863 118.67044297380258 31.97513749548828
864 118.86176508955074 31.9114313301837
865 118.60151986245711 32.27351719568884
866 118.74536795067701 32.19670123572866
867 118.7539242557114 31.709435973526965
868 118.77913413522892 32.31038534642262
869 119.16738841305686 31.60862914237
870 118.59425924615346 31.788509699884727
871 118.68150839384813 31.712182736732355
872 118.97487839253712 31.86760641041827
873 118.75741143568062 31.700007973771136
874 119.14196121947543 31.824348276001004
875 118.75633051040985 31.91265236728005
876 119.1691007823244 31.979750182165155
877 118.61622876103284 31.817610113740262
878 118.82133155288838 31.65925448434465
879 118.86343123297323 32.01154141714327
880 118.90329388992095 32.08379866952276
881 118.777766440349 32.1243128786579
882 118.86660899119212 31.612929633399393
883 118.66633381386843 31.68822780137911
884 118.67460012830064 32.12862805141366
885 118.56005824913575 31.702091827254424
886 118.87572933094317 31.67371589079714
887 118.84460865987589 31.94932859364929
888 119.19780160105053 31.89305740469811
889 119.05880757888868 32.12744193376335
890 118.9923647642653 31.61824375721952
891 118.70492984492276 31.795521419754508
892 118.68138435410367 31.828891477118997
893 118.97743325226017 31.86371465812502
894 118.64769545047282 31.605179113276485
895 118.54394980886377 32.039551014948366
896 118.71950220382094 31.601931942391012
897 118.87730618312007 31.843858512961727
898 118.62709347462588 32.33089369702303
899 118.58379996857377 31.72475875512084
900 119.1190503123552 32.12561650705192
901 118.841158804495 31.98463435352009
902 118.50823596746388 32.33405068774478
903 118.66798486405467 31.94743315787637
904 118.54700473033992 31.754997238251306
905 118.6796745273912 32.39456460385217
906 118.79788887706555 32.17161719852948
907 118.59633296822524 31.701964811573905
908 119.1408834838921 32.021782976555606
909 118.83459015940204 31.856008614046015
910 119.09381834176227 32.3016042490793
911 119.08579677414224 31.738570594703013
912 118.58433984724982 32.11693144881131
913 118.55093846072488 32.35948170116613
914 118.9030124006669 32.33926570775071
915 118.50999990927885 32.32903103389655
916 119.0562807041664 32.12818821000563
917 118.7195512461463 31.845320187711376
918 119.0035749717627 31.657372131652583
919 118.63654025667365 31.734425100901145
920 118.7243290159701 32.316079669598
921 118.94519328300859 32.16555918291345
922 118.64770284360114 31.666159515150458
923 118.64850596253014 32.38593324190647
924 118.74897548224668 32.00276633782035
925 118.50404536183066 31.743076433547397
926 118.98077503884886 31.981121869911373
927 118.58315826860607 31.922314467882135
928 118.6643719657762 31.775900749841338
929 118.55524410862033 32.095412608472806
930 118.81443327486187 32.01960993716269
931 118.67899852418603 31.81697646399931
932 118.86721605348835 32.223115024471184
933 118.96618370570118 32.02579827287566
934 118.65497207066197 31.87582541059789
935 118.73771853972094 31.72881563439082
936 118.89073652905664 32.00768507528505
937 118.67505615810362 31.716920875045066
938 119.12952224709453 32.31793541105636
939 118.53543575834144 32.00739464806897
940 118.6008090420996 32.34591009825942
941 118.71136255277122 31.858072004960373
942 118.95677476591722 31.95527483057161
943 118.5576813594846 32.03162602036161
944 119.12685188769795 32.31115492721871
945 119.130116167474 31.695881749150722
946 118.95893292137382 31.911120217737043
947 118.76191726745056 31.668931724187978
948 118.69490559440877 32.347606956727155
949 118.73594321597001 32.26950383104108
950 119.12229500414658 31.910317059489767
951 118.86663245088539 32.13223409592057
952 119.14861200037065 32.04919376517164
953 118.83054880877913 32.084259891693385
954 118.6459720682567 32.256339296660975
955 118.56281863682084 32.37614386503478
956 118.97192426412725 31.658362196395398
957 118.70637619861569 32.05714786390991
958 118.95108405950536 32.32654221969013
959 119.14937408563547 31.918163604634152
960 118.51399201842742 31.801190976093608
961 118.5596478463979 31.6912096860403
962 118.72707511480206 32.1017584129798
963 118.7178238986064 31.7718583402534
964 118.77151980180606 31.905634411806368
965 118.81632105115311 31.90562086335213
966 118.78861403964666 32.086974854202026
967 118.56870498162247 32.3630887449413
968 118.72839652322118 32.40083845282754
969 118.59157862643507 31.836137706793835
970 118.62968487767763 31.81002093372139
971 118.90811257293217 32.192132408512656
972 118.52755075818888 32.15987507717387
973 118.69647493781893 31.82456752005996
974 118.92097493629403 32.363001919598936
975 118.69203238303535 32.2441306771818
976 118.85900197363128 31.76954524721512
977 118.80206693226553 32.00095786340023
978 118.93214114532964 31.664738671005257
979 119.09191858377093 32.02531484207872
980 118.69918524372609 32.043953516861855
981 119.13829852108422 31.76150961787719
982 118.96164444042358 31.674288358326137
983 118.78455737733569 31.740056878056322
984 119.06477053320775 32.00717682314328
985 118.78707535189794 31.647579064749873
986 118.97341571708952 31.74995085466049
987 119.11750611755724 31.73902043913527
988 118.71073633927644 31.93501684406622
989 118.83685462809426 32.02459323397772
990 118.77010917026446 31.88097852393667
991 118.57780655618902 32.113177479770684
992 118.56850843930974 32.33391013171533
993 118.574443902008 31.791385054510197
994 119.10360583579671 32.39513932229154
995 119.13224147588163 31.864727044459528
996 118.74128160749291 32.097502848386206
997 119.13522458538438 31.88837746010514
998 119.16411622447312 32.15024987323791
999 119.03800390474302 32.29405846803922
1000 118.65747608189767 32.23940490343335
