1 118.94284175672158 31.958399647693454
2 118.89573934546608 31.634607045762664
3 118.63000752025583 32.0544026733936
4 119.05902127858775 31.964016646644012
5 119.16376032907873 31.96694840030718
6 118.94730541661873 31.869907451917395
7 118.90963832633227 31.75609022118946
8 118.61970141071211 32.062247308416076
9 118.69427126454457 31.836708066781902
10 118.74904317083787 31.835279981558212
11 118.61995805799565 32.10796850230927
12 119.20571804287599 32.03367704500028
13 119.14608407325322 31.721361173880684
14 118.76080298788531 31.99058173262007
15 118.6185760721101 31.737044516780482
16 118.76365990891512 32.233409401674706
17 118.62731004525065 32.311642108774066
18 118.87295476489147 31.987101978745084
19 118.64066728364935 32.27936549206605
20 118.53808429455982 31.69156252577261
21 118.9307674873576 32.00763373743838
22 118.75011654545358 31.62349893270285
23 119.01007847157256 31.927219033130523
24 118.83992850668376 31.702012111537297
25 118.97842990470625 31.693627600895123
26 118.74059190841989 32.0929398931598
27 118.89067792207896 31.796965055209924
28 118.85561181773335 31.670434603389882
29 118.91288880111826 31.780797703517713
30 118.52585078568754 31.870970762022584
31 119.18502548045839 31.99447940896057
32 118.66121897183707 31.749048148126043
33 118.54806007473663 32.12544884974083
34 118.70519277608685 31.99992015693964
35 118.99354471160393 32.03136150095808
36 119.16870461909883 31.917923876341032
37 119.0983828517946 32.2079261403678
38 118.69932919267771 32.072039207705764
39 119.1014847702613 31.713641944481832
40 118.54095000498509 32.17080500939808
41 118.56785814063136 32.373367652644326
42 118.63148382188629 32.02599680020992
43 119.04582558700523 32.3065041593306
44 118.97140056570397 31.87913167685277
45 118.58192143783569 32.074378932856916
46 119.0198886589466 31.933637369559644
47 119.03128401261695 31.922309754342876
48 118.60796312703584 32.23699059320301
49 118.96707296376523 32.02365173297969
50 118.79148497192932 32.35264855114431
51 118.54421214280613 32.04240252405671
52 118.87584745819542 31.67573643130618
53 118.8429768396664 31.88050475562944
54 119.13129334314881 32.28404926449994
55 118.94009027248177 31.969199750745865
56 119.10689628789024 31.60017229039264
57 118.8663843170898 31.808325859012065
58 118.98032872593008 31.65684623438173
59 119.15693857497071 32.37975967622224
60 118.49899930420776 32.38239407642774
61 118.79109632737632 32.24599508398293
62 118.8019353571897 32.079140932682456
63 119.03911341173831 32.2320695978346
64 118.5242906529538 31.74934195292903
65 118.90023691526639 31.84691361789216
66 118.68593371697871 32.00612829783369
67 118.78495064664091 31.878283806518855
68 118.97102800136612 31.670875261105813
69 118.92394468322452 32.34340132998983
70 118.65890330671387 31.977159875825887
71 118.60557870298284 32.01231387015572
72 119.08049383958236 31.877653760307286
73 118.86051320823688 31.816189420641706
74 119.16683484856708 31.897216364106423
75 118.97131165914328 32.27295797423144
76 118.63265411749524 32.22122318169573
77 118.61868470854154 31.868543323897207
78 118.73004357039922 31.63328447275858
79 119.0430524520943 32.22517515975275
80 118.84013771385563 31.80545960750751
81 118.89965891394742 32.071433717782746
82 118.91458581599424 31.612767424779353
83 118.6606041077501 32.11893773439265
84 118.73386763157795 31.933252514626787
85 118.68898155142872 31.980727948831014
86 119.14550331325141 31.943836932667352
87 118.51355559286557 31.87942718803531
88 119.18278022021883 32.000658752795296
89 118.61436297661028 32.390500033445825
90 118.8330144910344 31.72073595608812
91 118.69332786228635 31.863804929987317
92 118.69613083925076 31.609998437848446
93 119.02365351285918 32.20045131759502
94 118.98589015450334 32.14085199099736
95 119.03866926901371 31.77150240986773
96 118.61785989180461 31.913677197628818
97 118.6591750324425 32.12143386164428
98 119.02553023723469 32.14904314993784
99 118.57113632192984 31.709876717936623
100 119.10190998396801 32.33436478020872
101 119.12049131546169 32.24288416127047
102 118.84963878593987 31.676913283082964
103 118.9741212249912 32.28556119646512
104 118.73979885881973 32.223639180770604
105 118.94001128627163 32.25780473770021
106 118.52248454343669 32.026020926712064
107 118.67944954435278 31.790092167832032
108 118.7964625324666 32.368804011232065
109 118.87723689950035 32.095553528233076
110 119.20056451376486 31.880183148112366
111 119.19674476612374 31.835356319545795
112 118.58238517455177 32.31119561112468
113 118.7132827892241 31.963418767121606
114 118.56057403660526 32.0332839214855
115 118.73055837860993 32.122527482418676
116 119.13618836755732 32.288147538801674
117 118.9157348355247 32.07792240383639
118 118.52629348047257 31.7615591381473
119 118.90445429208681 32.06179269645942
120 119.1752319590879 32.009658801871254
121 119.20316392851308 32.02851347996237
122 119.13593184327353 32.15067702264985
123 119.02810668817594 31.787523545423262
124 118.6585354857516 31.75399812937439
125 119.12266405323376 31.677174686889003
126 118.73326335628126 31.843454196067125
127 119.1267688792997 31.597882746122004
128 118.52085169454188 32.07725550417564
129 118.56534625126939 31.834919402128076
130 119.06001945068573 31.754066950266765
131 118.54690682546702 31.690791420992387
132 118.79487420088385 31.805445872060417
133 118.75514493195963 31.777505567544875
134 118.6427956047902 31.82100754468625
135 118.76841990729021 31.96749553716631
136 118.85078656576304 32.042121103477655
137 119.10707036942033 32.24328118621187
138 118.93638614822416 32.37683964808003
139 119.13779435722003 31.63822604029632
140 119.10758646184661 31.7976879571908
141 118.6156369192608 32.09709000850316
142 118.77583963839857 31.768714950030244
143 118.8495531324361 32.30299722485958
144 118.68950783657765 31.747263983597627
145 118.89157420618783 32.193655789387755
146 119.19091671522739 32.08065483634455
147 118.65734555124021 32.2177404946219
148 119.07431719501888 31.631501816570236
149 119.208841849944 31.798264256833367
150 118.65144871088602 32.171897600057726
151 119.12372936645373 31.707494692049792
152 118.6161656287514 31.627848212178954
153 119.15042883707132 31.89645299493618
154 118.70015473480471 32.092294908034674
155 118.6727520066345 31.613627421990095
156 119.14039649411994 31.677869127812418
157 118.69855371484614 31.603245211704593
158 118.6585399312901 31.907886256635702
159 118.71603487384492 32.14912415398856
160 118.9993449397356 31.764079644854476
161 118.52237969867437 32.27637221823297
162 118.63034555115108 31.945973968220112
163 118.58096004873127 32.09255348758536
164 118.84826184020599 31.826144252738512
165 118.51759188402552 32.122853248863095
166 119.15758930859657 32.39726693277922
167 118.83265772945393 31.959822949722163
168 118.91947894940165 31.762599708693745
169 118.64466376640061 31.962735599192282
170 119.00767969040983 31.949604151257393
171 118.51009614844594 32.01832580832632
172 118.5528936383312 32.01665470287109
173 119.15938491981673 31.62700539924905
174 118.63119172009951 31.703136743129214
175 118.83919476303689 31.97751260991641
176 118.8945779920638 32.17154571901005
177 118.6211166693541 32.25637310082553
178 118.92013526667095 32.176281777737614
179 118.71795707462512 32.01779753998054
180 118.97627089918791 32.3756184071017
181 118.70935562165718 31.862086039329657
182 118.79223719223153 31.986293915144007
183 118.84588680956253 32.228749114177795
184 118.49964216969491 32.250622914520164
185 118.59161527605906 31.921450943314753
186 118.55276310777384 32.278993835027585
187 118.805677181293 31.939537025983036
188 118.87898231827815 32.185346766860604
189 119.1619852374428 31.57246253446019
190 118.71247483417118 31.601515263512486
191 118.61302093916278 32.335994415576
192 119.15664039388705 31.694165479066672
193 118.8831350511502 32.165266501379364
194 119.15833146128578 31.840489628223242
195 118.72482903121312 31.747642638774515
196 118.54452828480358 31.90296523136168
197 118.85499805471225 32.344552634912795
198 119.2230047862748 32.067381058317665
199 118.54122656314766 32.33151747327817
200 118.85748930809129 32.154693661385316
201 119.08374885752693 31.974708325413964
202 118.68235025564495 31.99650176503197
203 119.06285229701915 31.762894109720463
204 118.5421848378309 31.623995569076374
205 118.7150028640387 31.91367768913354
206 118.62708427428996 32.03680597534098
207 119.1573299853871 32.323836361306974
208 118.9560423706431 32.13119610167532
209 118.71755682775346 32.265414870096556
210 119.13907332323426 32.299186248180135
211 118.87522819780236 32.32016710176483
212 118.73684928803077 32.2527793698501
213 119.00233973547404 31.71484113935468
214 118.94464781344183 31.864110849574615
215 119.18305397993542 31.74645385873577
216 118.52379401152567 32.305051211523455
217 119.08398970181572 32.21214628039243
218 118.97681882662549 31.90400109953206
219 118.59803097532675 32.0477375109375
220 118.75038058112973 32.26990198784938
221 118.5247727827958 32.29140437444109
222 119.08447466100257 31.748665823035346
223 118.580499930442 32.21508125526622
224 118.6510525711106 32.263603734487134
225 118.96391173755693 31.68210933221232
226 119.05954937158131 31.675454355765268
227 118.6992996444705 31.94420459684631
228 118.63416767376094 31.76499181535659
229 118.5358063811416 32.29419276827805
230 118.55504514558085 32.19080226346198
231 119.13047270845915 32.16700260612182
232 118.67051462118398 32.190366084675496
233 118.76287310966894 31.82472831024908
234 119.03907976377813 31.77442721926561
235 119.16619258981261 32.097320618354615
236 119.11687213300574 31.910547313206408
237 119.09730392156419 32.34751332180807
238 119.08053940213762 32.149114023903216
239 118.7579870187793 31.89857792296643
240 118.95276985248753 32.269606949784
241 119.00519369079097 31.92326556434821
242 118.80208347766755 31.721107750839646
243 118.95704560387597 32.21240299493047
244 119.1815319584003 31.994006529125766
245 118.70968071574814 31.794669866985622
246 119.16141133095739 32.131683059311214
247 119.17398585756014 32.39086985511147
248 118.9115900868421 31.79180785043817
249 119.16621351859739 32.2401235665616
250 119.00202653833311 32.19952863898119
251 118.98708659615397 31.690350023272384
252 118.57516168710909 32.28541462017121
253 119.04144018080146 31.96938082141092
254 118.59725150321233 31.67076419789322
255 119.04898850928127 32.02692567127313
256 118.52237527282968 31.88223893583387
257 119.12933535861185 31.717673764468707
258 118.62389029265292 31.64158516982843
259 119.08254951538396 31.778828885475455
260 119.13566229589557 31.950316027865266
261 118.53808094642692 32.120500014402175
262 118.57819176056753 31.67645246927726
263 119.15326186338119 32.15515408599236
264 119.18669409585678 31.69162558800546
265 118.55697066898401 31.730154404420716
266 118.94911839254841 32.188916905404774
267 118.76159323500379 32.27683634469698
268 118.5248062530428 32.344342735068345
269 119.10087541301297 32.10478025163508
270 118.95718226202155 31.970922112214723
271 118.58792067411697 31.686544057100168
272 118.81119244222083 32.0763355426801
273 118.79240835643961 31.72341897384656
274 119.1774649366549 32.003213144429566
275 119.19369973780444 32.08716896126215
276 118.65574124918408 32.275511252937065
277 119.02931437690964 31.860691616940027
278 118.94104629564758 32.39884743856716
279 118.82642999628888 32.37543926492881
280 118.8795237412496 32.30185423885243
281 118.8031134181163 32.18615092849065
282 118.51637640293023 32.152382733970775
283 119.02822574359257 32.315226901258896
284 119.0454775601169 32.35699850389924
285 119.13063848378937 32.25186208757911
286 118.8355084617758 32.1362568444617
287 118.56041929536597 31.710344599590268
288 119.15975722336337 32.08101081571901
289 118.69963296998341 31.861998435526253
290 118.57400632801023 31.717554889805875
291 118.59883713852686 32.30343517854458
292 118.93522434382382 32.258134021346805
293 118.76402569971557 32.016516558529645
294 118.98142704184286 31.978636433784185
295 118.52204567506396 32.013587824488404
296 118.51086828498693 31.814587030248486
297 119.18919091608636 31.915151213085537
298 118.53411232719549 31.95190314032272
299 118.77495949439599 31.62760710054221
300 118.53454390266496 32.30219185908739
301 119.15245821086984 31.637869290341257
302 119.10278183430077 31.928928160331207
303 118.90486191716106 31.70531664115097
304 118.57920056793179 31.78264659876311
305 119.07939525958948 32.36269494646985
306 118.55983277099372 31.902710505239046
307 118.79268749504129 32.17282972394463
308 118.73299670642969 31.685225948259234
309 119.21397234007657 31.776076806139432
310 119.19128587916524 32.29316929685482
311 119.07906475671875 32.31879406881291
312 118.81815343980806 31.796442583597138
313 118.85104315406795 32.37890897750934
314 118.88644045820965 32.14877762706664
315 118.88301478786188 32.01929106199158
316 118.6352736496362 31.890256063475853
317 118.6841989662613 31.855026371205586
318 118.99546685314439 32.39064077975442
319 119.09856412672467 32.16918598868788
320 119.16790248382492 32.004055183063656
321 119.03743711534418 31.626232016005627
322 118.91949970205336 31.803842979052583
323 118.53501581319709 32.35421229347764
324 118.55726626954096 32.027023973963466
325 118.63000996862966 31.86870583296158
326 118.97521596619573 31.628552895750722
327 118.69882330869706 31.826918844604922
328 118.79467865801892 31.791542451871855
329 118.59344083366824 31.735265064203574
330 118.65323637782818 31.88499258186352
331 118.75116280015448 31.749337429867946
332 118.92936041076523 31.64813380452488
333 119.20456874307602 31.70042326991698
334 118.61489555901278 31.981730652282675
335 118.71156689209839 31.64143679644375
336 119.20542968365561 32.35087116880533
337 119.11115489603512 31.761218665453338
338 119.17359326174835 31.997320690871057
339 118.8725870669929 31.931523861074904
340 118.65083213780478 31.850834208885217
341 118.6366315117525 31.86288664445444
342 119.06355577949746 31.805691847669504
343 119.16604110165666 31.836483194515488
344 118.91323995291413 31.70159635787451
345 118.95373773805748 32.13839026204153
346 119.15270027550454 32.09813071262433
347 118.671510527265 31.838060862530096
348 118.88856393090968 32.32006521298614
349 118.88354431015927 31.91609477502089
350 119.13573552141636 32.109257319055125
351 118.71915796622181 32.01191959038888
352 118.59468114315739 31.858501586293468
353 118.60304929752131 32.31118618629963
354 118.67836672484088 32.2971094371467
355 118.56393730770175 32.262064940191586
356 118.70188789066131 32.36040929197381
357 118.88100151438081 31.632390499935752
358 118.81155474416386 31.988583994832098
359 118.94346513504193 32.35226729244534
360 118.86985251204325 31.706269638655705
361 119.03189576988147 31.782189135070197
362 118.81010001746584 32.01476681616098
363 119.05173979948886 32.114461591599174
364 118.81624536282995 31.878129012683374
365 119.02180192741324 31.839554794994314
366 119.00904645450186 32.22619334515974
367 119.09706202769756 31.610605820171997
368 118.62528371292254 32.24070348030516
369 118.99986733958765 31.951575757696986
370 118.48259932541735 32.120316150118995
371 118.76890215573702 32.16952317140879
372 118.91410614925447 31.673808919118002
373 118.48316020108933 32.34325428749899
374 118.52230587036757 32.25313577785436
375 118.64729258129746 31.879983529011888
376 118.78971540583913 31.757748706493548
377 118.97069697787033 31.659699055058528
378 118.64933421596923 31.878145727964533
379 118.78015298215685 32.1786124740562
380 119.15721773940338 32.28195891102688
381 118.72023521598082 31.858735685926604
382 119.02475226688563 31.78485678223415
383 118.93106627576793 31.8553500080015
384 118.54889763864357 32.39041343789426
385 119.18178893950714 31.658865442507256
386 118.6014239066825 31.73098207254674
387 118.7677125591675 32.16150854161445
388 119.18356318049477 31.691098379963314
389 118.67899282687242 31.775614502243844
390 119.14188679605597 32.27547952103071
391 118.95053081299385 31.85466609668582
392 118.60693146145482 32.08418149118193
393 118.59739440585956 32.03808482794756
394 119.18058004117808 31.830175803187625
395 118.80603250726577 31.79849936379133
396 119.06062918560063 31.80417280995943
397 118.58988888475504 32.32032574188025
398 118.86678969002006 31.608900715718363
399 118.57830781391223 31.6955167488621
400 118.8425242185549 31.900583212498365
401 118.51550096725988 31.759114238578633
402 118.50255295346219 32.02911671989796
403 119.13133855169441 32.02501621339753
404 119.12769650226241 32.01436522820392
405 119.02362778802805 31.843079500953575
406 118.8378038602405 32.01588988492678
407 118.63048847403752 32.21722029934497
408 118.99288604168478 32.235942780771616
409 118.64807834452256 32.04143838011965
410 118.52852801159524 32.26640807091508
411 118.72168449079739 31.66910767154932
412 118.90008506200317 31.714386529482685
413 118.9051182401732 32.198240586233894
414 119.07584885430822 31.897454624462235
415 118.75888881966581 31.887490543103123
416 118.57455819007663 32.06800906686008
417 118.53598272998629 31.922157781434144
418 118.64433606810212 32.33092825343704
419 119.18134358633819 31.9036931240534
420 118.49634924051094 32.265540821804095
421 118.94411353069266 32.109718004601156
422 118.81350131462669 32.334754186889604
423 118.65140292371571 31.98848928448277
424 118.99951047423765 32.36115977858227
425 118.90493972627192 32.04225201813248
426 118.56008951745325 31.621528123274544
427 118.98311977505499 32.19075541703851
428 118.52090891416502 32.27441625053459
429 118.66679714886405 31.657899000079038
430 118.8855918598207 32.36600334902732
431 119.00877794399513 32.049058611975326
432 118.8797649928255 32.18466636182087
433 119.09910515319136 31.787780864067084
434 118.98936600462179 32.35598554804548
435 119.17571830982746 32.12174984770128
436 118.69413252959563 32.061561243598604
437 119.18527257544493 32.34989619727851
438 118.65773219094838 32.04617714931904
439 118.64633110618985 32.02214381851386
440 118.62193586792004 31.612222387561552
441 118.58452392744717 32.02185267160979
442 118.95371223315583 32.182461860770395
443 118.51350632787408 31.89495461364551
444 119.07165980897403 32.16402301460024
445 118.96341823109559 32.042317079953484
446 118.73870986064598 31.775066936969672
447 119.12723837897298 32.03715760862437
448 119.11000738845982 32.01178052523791
449 118.93658403659208 31.874683059495613
450 118.52819776767616 32.14007621700749
451 119.19279021158441 31.663507087727577
452 118.91948686921074 31.89372079280654
453 119.15212040533756 31.94344444386916
454 118.60364301633169 32.392874852075956
455 118.5084777634244 32.16383693665357
456 118.72594933309625 32.11279881172994
457 119.03575139900319 31.742793612939593
458 119.06557180439415 31.962988741265256
459 119.09246019627238 31.896912831861854
460 118.7311168167809 32.34650256847109
461 119.0366533110092 31.956021113918382
462 118.59565165563716 32.284256891452266
463 118.89186298555715 32.1421720047371
464 118.5195259094988 32.269283064350375
465 118.99133216690578 31.576301199906137
466 118.7564515980321 32.337458953170874
467 118.55988021308265 32.357345749863995
468 118.99228361048651 31.726195769413177
469 118.79611179255599 31.63095512761518
470 118.71928898673903 31.86719727707272
471 118.74973964952578 32.032420151078604
472 119.05008682456833 32.04095224675312
473 118.79815104762548 31.97961249648674
474 119.1176688373653 32.318512207911965
475 118.61185113164103 32.01566464014428
476 118.79319172290201 32.340233635518416
477 119.14331512797266 32.06368312895102
478 118.9078350357724 31.761608688933475
479 118.99768588323444 32.3925919987211
480 119.09875480394992 32.38374599585443
481 118.87016587185263 31.95906492039971
482 118.60709797660506 32.22322014410369
483 118.7286163514249 32.130263656073964
484 118.67993674808146 31.753854924685648
485 118.62494920824204 32.06341111516267
486 118.89636442126336 32.112052130519395
487 118.63795605220588 32.08835944669444
488 119.08131465557108 32.047839702218525
489 118.82734979165207 32.06562913327497
490 119.07351316245322 32.16861269799778
491 119.09471601874584 32.19104703253217
492 118.96340078926671 31.662325256379468
493 119.04591235787113 32.34783331718092
494 119.06693022085172 32.00092671674295
495 118.9245531479704 32.165414607798304
496 118.68343914411018 31.90748885569236
497 118.78787930825563 31.665586328048814
498 118.71828557053664 32.12483506868043
499 118.81975940287194 31.91413127762938
500 118.75088111787339 32.018654828808174
501 118.75861144663598 31.796040785620846
502 118.57538164328808 31.77374223262501
503 118.78751270389775 31.83495662710333
504 118.59321304572259 32.315828393582265
505 118.7599343916608 32.35880642822111
506 118.56724427285715 32.35374722676378
507 118.77515155766324 31.95030478865506
508 118.88930345495577 32.21310752062564
509 118.54148765777056 31.729683097045644
510 118.67031948820757 32.18902419533527
511 118.78094737866925 31.94575721306639
512 118.72292587937224 32.2523781981473
513 118.88420882318819 31.76704693635118
514 119.05533745632329 32.24434379594839
515 119.02818954841804 31.682487682203416
516 118.68196760926972 32.29697729801987
517 118.63779512617664 31.94880793613685
518 118.91940205946509 31.748998762723513
519 118.79714835650107 31.828700954973264
520 118.56501159575477 32.16179399765502
521 118.64113271629162 31.96013378877202
522 119.16490627627746 31.783169304858536
523 119.13907934740496 31.812198972283472
524 118.73464687023123 32.148307405442566
525 118.51425445267706 32.11662399446891
526 119.03078782958497 31.653132985819113
527 118.67828470509859 32.27235961675774
528 118.52627654531855 31.694641764423395
529 118.67980490660426 31.785215317100434
530 118.57930486063759 31.618338612579958
531 119.13131622666722 32.03041339022966
532 118.64699020147694 32.316678723224555
533 119.00481433123679 32.33138373393834
534 118.6089093447896 31.965708800702526
535 118.57424433343098 31.693657386692408
536 118.78977316247972 31.996264773254683
537 118.94394848399764 31.821568776988887
538 118.89359870710369 31.845574786953105
539 119.0361290276437 31.758674125266147
540 118.77484192000176 32.35500910678468
541 118.9659496826993 31.923829048318535
542 118.5437291386657 31.60050342540243
543 119.03269400935004 31.980341043272944
544 118.97124056872188 32.11411829275966
545 119.06432853090689 32.24301624470368
546 118.54812443356883 32.18348835765001
547 118.83134197190154 32.152245064579894
548 118.96316583114482 31.788465544991485
549 118.46215578388576 31.85679042581236
550 119.11489599734217 31.93186703937221
551 119.0653379198872 31.743022765879832
552 118.85812847808835 31.975640293987407
553 118.74292038797834 31.68304541142556
554 119.02126425817372 31.685338314171887
555 119.1262852518112 32.25413513017525
556 118.881699276247 31.71597372060714
557 119.13536823864827 31.954014106362305
558 118.57978137901362 32.068550849149595
559 118.72000066779633 32.358632507656786
560 118.99618504460206 31.863650383660595
561 118.77300929873589 31.717319394999194
562 118.86092260914157 32.3026263799266
563 118.95756196094446 31.83271940052867
564 118.9019286761964 31.82649976806097
565 118.81193847794607 31.738933691149175
566 118.6322499946469 31.951260863407846
567 118.7765612078604 31.744581374760823
568 118.62699025764704 31.924366391514592
569 119.02437502673112 31.861198025973
570 119.05715863328064 32.12306878711391
571 118.63213356988847 31.958416505756716
572 118.92090656682996 32.10137461145718
573 118.98474681545376 31.839604710271473
574 118.77922106247149 31.901918785832343
575 118.55435339351658 32.38806810583765
576 118.95375264723367 31.797000188585454
577 118.55693914357452 32.20109103362668
578 118.97911033938529 32.16859423798413
579 118.56727678903688 32.095898854726876
580 118.95481588144395 31.68689557078213
581 118.68267777596911 31.608639136178137
582 118.7513378108813 32.199378484240434
583 119.16266085839982 31.638851349044746
584 119.18803606655432 31.805838304267773
585 118.87373540268449 32.36398182919123
586 118.95853450146517 32.3962692969114
587 119.06153509965621 32.357003047432336
588 119.01478431502639 32.046562029463416
589 118.58198403176017 31.983297241953384
590 118.80581842774802 31.97811130599368
591 119.08497601887092 31.8851266823677
592 119.03128995173275 32.38705258926943
593 118.61711727163178 32.231897351565344
594 119.08000561068076 32.419054658295146
595 118.93628509317911 31.829289118012344
596 118.69903063330939 32.08436365796554
597 118.52312197506924 32.119352161325786
598 119.01274448339767 31.921661024729563
599 118.82527990494367 32.06679986160659
600 119.19230219185627 31.73206232920469
601 118.66701859717337 31.834597548130766
602 118.56277106935251 31.72299387187072
603 118.65984138829542 32.068114264981084
604 118.80107195850276 31.87152998305854
605 118.53603591992314 31.951929835647064
606 118.72966209332695 31.883236690223246
607 118.66040262511866 31.623232327241077
608 119.16903694424514 32.32488389662955
609 118.63553946449419 32.16168786673564
610 119.11964291540636 31.851442590433116
611 118.56310333305143 32.3279105236859
612 118.89530346833898 32.139084201867405
613 118.92252922710045 32.41586337376026
614 118.89706959692738 31.985869834775894
615 119.15413029403277 31.68127058659167
616 118.79099998081315 31.683061447908567
617 118.9324863121613 32.180094774274494
618 119.11740869132164 32.05588981574669
619 118.65852662015804 31.76711935966992
620 118.85541572438534 32.007100230632204
621 119.1838978544487 32.02965331029326
622 119.02984910909727 32.29242456671281
623 119.00146872319901 31.612827632470598
624 118.80205257083901 31.69823757756691
625 119.1033576574577 31.912572652956644
626 119.0752947299569 31.682983825756583
627 118.79204771970711 32.36997630947611
628 118.88792450618519 31.761983480559284
629 118.98324692842178 32.0819337287956
630 119.0159828157621 31.946260605346463
631 118.8435571864882 32.2269043658178
632 118.74805671535685 31.633848425097998
633 118.6152576940312 31.865871322143246
634 119.04103189382862 31.97345301557683
635 119.0220441963154 31.682346101041734
636 118.62603570175992 32.087754525448446
637 119.10732545779507 32.011481051723266
638 118.61262634871927 32.277793660792334
639 119.08651903794282 31.954479113656383
640 118.60191595650268 31.869466774811972
641 118.9502382272551 31.863667231977804
642 118.86609962084474 31.823485986951525
643 118.6111555951557 32.344193540529034
644 119.0397945438979 32.22906688931215
645 119.00574627769923 31.874850539058972
646 119.104186464718 31.947502256690502
647 118.8281239460224 31.68959910032159
648 118.87483811356586 32.07021314985168
649 118.96970420729804 32.18876887902629
650 119.11121752435767 31.801138194631708
651 118.7698910764958 31.9600625902766
652 118.98274761773752 32.14422246067398
653 118.92373218725878 31.983207642287102
654 118.64644373314525 32.03868032496289
655 118.9783907746524 31.76847869370219
656 119.07341849967372 32.22416628628426
657 118.81974731056644 31.685015555846263
658 119.17736427807364 31.96949341537044
659 118.86224430467222 31.840410275092147
660 119.12791905981554 31.692874788576784
661 119.02190723630775 32.29185003761514
662 118.79255459495863 31.771521851110954
663 118.71418965067029 31.99237764766015
664 118.78376952295415 32.09429511192343
665 118.7328472921048 31.83526406161828
666 118.5107434609255 31.997074745817528
667 118.53712497295317 32.01734076087074
668 118.78653900433805 31.935649056071227
669 118.60766782930035 31.88469091148724
670 119.07871714835949 31.803470226662846
671 119.1699345678041 32.33624745394983
672 118.72805724674858 31.980207475931913
673 119.01638395922569 32.13902751324597
674 118.74369975397265 32.01717822599039
675 119.10782120281334 31.854755641431943
676 118.81270139543815 32.0180688336287
677 119.13502275901304 32.2417636188064
678 118.99668204731266 32.287474753414735
679 118.58022195376572 32.3546355646399
680 118.608073526856 31.80806118832154
681 118.82088618404056 31.88626122788468
682 118.89777741970326 31.68021899320102
683 118.8531987813893 32.417799792699284
684 119.14427672035511 32.115058792958266
685 118.501658423988 32.15589082051896
686 118.59051004458465 31.963597783594196
687 118.69519219298869 31.809683698127163
688 119.14507656860759 31.92014657992409
689 118.49659323281887 31.834118555982265
690 118.87765381917747 32.01809022934548
691 118.49990252591697 32.263877063901546
692 118.87664718355435 32.25512769156677
693 118.83209547568532 31.853935206925993
694 118.58052900816753 31.729508939566852
695 118.94837716188894 32.18648592404858
696 118.9265872502378 31.93465810931945
697 118.83023602410506 31.7264484816891
698 119.0477584867569 32.105029050162486
699 118.54469163202768 31.683365909876027
700 118.7216857452321 31.671333410866527
701 118.82482197502831 31.591614394401006
702 118.70873369492021 31.75370355223252
703 118.5816012354583 31.973299089950043
704 118.5822688661021 31.753872342324673
705 119.04408987081088 31.638816802719592
706 118.69175208355571 31.99521669195906
707 118.97032498328201 32.323474553856165
708 119.1025555313166 31.616063217596654
709 118.71822810591166 31.794914001188086
710 118.63901943383584 32.348407573255685
711 118.89840013462452 32.1172241868748
712 119.09017218736072 32.23876888703179
713 118.7717024297749 32.30457821327682
714 119.07052002113694 31.767533776107015
715 119.20506436102048 32.201797208490646
716 118.97958489173206 31.8271119264315
717 119.12938789190584 32.31768010609668
718 118.54754151943794 32.34657396705917
719 118.76959826195478 31.72481178084166
720 119.10118276835537 32.29736508137748
721 119.0260353081902 31.629455350442925
722 118.58507064072228 32.07310594180474
723 118.66459452630029 31.975184226923147
724 118.72073117035092 32.09226885047261
725 118.94318615302137 32.19150692881339
726 119.0169513842804 32.2919374760358
727 118.85742736212534 31.99793259690639
728 118.52204645170333 31.63734115766173
729 119.14247598146014 32.354036926481946
730 119.17591301036288 31.647782579147023
731 118.72915058960128 32.24106911775413
732 119.07460602534451 31.715544855885845
733 118.8767421023039 32.30333156426236
734 118.82908196559329 32.090239149229035
735 119.14846942071901 31.85008665000459
736 118.49064545075562 32.26168556293287
737 118.76961717290331 31.738297928556953
738 118.65321881491003 31.778699276948455
739 118.82799589860889 31.828046782350913
740 118.81928725602212 31.915260284678126
741 118.63948792232945 31.79183170947717
742 118.90451345620485 32.31904840952962
743 118.75195526248027 31.960878775779793
744 119.11964077531681 32.381268197688925
745 119.1593585247384 31.836183748034177
746 118.74845807293919 31.971658889121855
747 119.0199468631978 32.277803308727115
748 118.94692557791738 32.39481731217751
749 118.76882444750879 31.964056063227662
750 118.72760812176543 31.97194650605561
751 119.16588421987953 32.351018760009794
752 118.65986267633865 31.938423593666258
753 119.07188725461482 31.957345289983564
754 119.03628969397838 32.3899432855231
755 118.62969515807826 32.006353699981425
756 118.77544698781544 31.678108973927724
757 118.82014952203194 32.36661904481945
758 118.85592279624738 31.95421114711183
759 118.93634428878946 31.886377254807698
760 118.7672273164987 32.29929713331096
761 118.94449084674585 31.614967829748913
762 118.79763457124675 32.379315275865544
763 119.17334446593324 31.664281280229815
764 118.96744425380233 31.63280602290682
765 118.817444332971 32.31808892768856
766 118.89052722265478 31.96418478813585
767 118.5824441063074 31.72930176157142
768 118.68981061319333 32.3904809163523
769 118.99826100705887 31.842662668488206
770 119.22473150672516 32.34528539852
771 118.7547908218273 31.983247949526884
772 119.20958745859633 31.918287814140033
773 118.75896800041834 32.054102221840346
774 118.80193383174901 32.334943376579204
775 119.18522441269376 32.39124261049988
776 119.05333940645315 32.13537850800224
777 118.9006133246285 31.89466016647864
778 119.18360438314012 32.265108038398424
779 119.20619878844218 32.35061494713198
780 118.61427973528676 31.99574569836389
781 119.06360566432613 32.18841403699978
782 118.68999170393174 32.34302487931481
783 118.71075267032474 32.156219504727424
784 118.78958475407288 32.11837284146142
785 118.84960809042632 31.876935538043753
786 118.5842763625943 32.10108744644587
787 119.02585281618342 31.77677628375169
788 118.4961276773913 31.714077246038137
789 119.19434636563619 31.791717544762957
790 118.71274099569281 31.93944254448405
791 119.01676087539055 31.872341585757955
792 118.85174629285915 32.16170670196882
793 119.08389233463329 31.91158172580465
794 118.59997030434992 31.962912575829712
795 118.5220840740749 31.81970280710166
796 118.61885932104474 31.70426707527104
797 118.97170836963346 32.17279245290252
798 119.06291825201124 31.792354119431433
799 118.60660965195896 31.962347255039724
800 118.91471797375837 32.085918082677196
801 118.51755960343375 32.1355693590864
802 119.05916115438697 31.946565950321094
803 118.55945847679462 31.80911704772349
804 118.63653045650423 32.31045633019493
805 118.95589806042118 32.14291044222909
806 118.8283583497241 31.77522809838562
807 118.69233808509263 32.23491804180783
808 119.18383249405608 32.05031461510666
809 118.8749403261512 31.96625376070996
810 118.60591406682794 31.711551218320945
811 118.80714835257622 31.78298334924071
812 119.0042568161539 31.691303298793102
813 118.8111749054378 32.1321548797724
814 118.58815934086367 32.19091281133766
815 118.61055655743841 31.975911200286138
816 118.67588964712347 31.653703538424512
817 118.89245119135202 31.712608580505183
818 118.93684489309557 32.334025328410846
819 118.83216531039685 32.320190478008946
820 118.62734117801983 31.917332670938663
821 118.72941002576047 31.69814590822394
822 119.13436878388794 31.97422621693886
823 118.6792929434364 31.92673825895423
824 118.98827725394621 31.605692315569605
825 118.74433521837896 32.193045456877734
826 119.19767639682524 32.09568885375985
827 118.51003192916005 32.032683748673215
828 118.70889356995562 32.24189315737809
829 119.0405171435529 32.285208668339365
830 118.52386076557917 31.784582787302718
831 118.76338577251123 31.65448720306311
832 119.17324502014353 31.90983430955018
833 118.97850696264183 32.279420855156346
834 118.59418214735456 32.20548119292858
835 118.54939852766599 31.806846824017548
836 119.16634137199856 32.21540742616131
837 119.1505933613456 32.069327603771015
838 118.6147073483504 31.790323246282764
839 119.1240410899943 32.13705065181304
840 119.01223610304768 31.834022343041184
841 118.79611186158814 31.876898827112484
842 118.6425875985146 31.754850675507708
843 118.60263390365297 32.058672201415014
844 118.65050014689861 31.980444127735897
845 118.80650816475597 32.09416785776557
846 118.51159289142645 31.597401887021867
847 118.9312993970566 31.930223353852917
848 118.9439434209588 31.657931344136937
849 118.89536648814955 31.85323601019151
850 119.08914797079733 31.674627949075717
851 118.55244252659995 32.0557260201947
852 119.18545243685698 32.34399033251894
853 118.82387210557675 32.260991751813464
854 118.83634127430615 32.002134160778176
855 118.62133816067912 31.8754208851883
856 118.96621976722004 31.60324675467763
857 119.12627012751291 32.13344837704184
858 118.54297649162304 31.84364834204227
859 118.70254381881277 31.931854929721133
860 119.05235870877074 32.08239044787132
861 118.518091769643 31.732273418623656
862 118.89777218885511 32.04214392005644
863 118.65008115629738 31.955797621230865
864 118.87345249889943 31.89585635822524
865 118.61095450391093 32.2804341109891
866 118.75801439381077 32.20566362990762
867 118.73088539414447 31.688728529930874
868 118.77231678738816 32.32327332084668
869 119.16986983160203 31.561390992586144
870 118.5969096984557 31.77216910210873
871 118.67928127421786 31.70649869766425
872 118.97569037558024 31.86391202560682
873 118.77293704471023 31.707498315267728
874 119.15396831630203 31.814751245682523
875 118.72649807915738 31.921911026399705
876 119.1686099949672 31.959294784549744
877 118.60811949642608 31.82526098097345
878 118.83519688749236 31.64995047805391
879 118.8670771285906 32.02528128646831
880 118.93251518970499 32.06773180940107
881 118.77149046846525 32.12964195196641
882 118.87560144795411 31.59199008692032
883 118.63304523413115 31.676141315276805
884 118.65737037272285 32.13827191446457
885 118.57344542337638 31.73645201348308
886 118.88222457055817 31.693560497118206
887 118.8281028279416 31.941843116400584
888 119.18541255750706 31.90601402046584
889 119.05902545356835 32.12264568434437
890 118.99688088963244 31.63272146188349
891 118.71072360189231 31.790958162415002
892 118.6656955403757 31.8027823594419
893 118.97172880833581 31.85403463616359
894 118.6677454461008 31.573813957026665
895 118.5038439243704 32.025480072229854
896 118.72650668030678 31.582964827280637
897 118.86622309318585 31.82894265507343
898 118.62988587432729 32.310366216784615
899 118.57091029967368 31.70101949998312
900 119.13757618255225 32.136718442867526
901 118.81956179772394 31.9619412488758
902 118.50192827080411 32.3193997118753
903 118.67342740164901 31.96327774120532
904 118.5481432159768 31.764896068528657
905 118.70365998947032 32.4077367106784
906 118.7787051303067 32.16372378465282
907 118.59992569992363 31.717158389184238
908 119.13219665232425 32.037297856541215
909 118.83213618514917 31.8552689953102
910 119.08995234895468 32.308395256856265
911 119.05465783041983 31.731585674694028
912 118.58562958591173 32.08845674012035
913 118.53235454910502 32.35135637333867
914 118.91459674846246 32.331282354425895
915 118.53050568031185 32.31485251140954
916 119.06936429111718 32.091098151034856
917 118.7225482109743 31.855619682252375
918 119.03943198274627 31.65034358271221
919 118.62585707240277 31.748702447102026
920 118.72290099814815 32.29962145026645
921 118.94124622862407 32.16206896715027
922 118.64870498335236 31.656505372479035
923 118.6702760576342 32.37409386749956
924 118.76023954146761 31.99538250781736
925 118.54120714962811 31.75078550196698
926 118.99118727289128 31.96467091492505
927 118.58503264817259 31.952661712006307
928 118.68391883511237 31.77856130047094
929 118.52218813736951 32.10703481038246
930 118.81537049416531 32.04637741507614
931 118.71771888963254 31.825452716404325
932 118.86332390107643 32.20232342044383
933 118.96598949669801 32.02934772251086
934 118.65650921788719 31.88067524177556
935 118.7421575804593 31.71026505361871
936 118.86963617438435 31.984055684674463
937 118.66519624408981 31.725523241785965
938 119.13886105248483 32.32474210841987
939 118.54049536418025 32.01905852713113
940 118.60966133435414 32.34495464668918
941 118.71848626498056 31.863416746636887
942 118.93574793968338 31.951742954489752
943 118.54822911753115 32.03030542354578
944 119.14035643518373 32.31391174764141
945 119.1306828740272 31.71497948750916
946 118.96361160002142 31.907185028371526
947 118.7650186227716 31.67758882252779
948 118.68190769148228 32.33519926561756
949 118.70628547886709 32.250526842352215
950 119.108145620223 31.93777853602098
951 118.89620920528002 32.11455130299498
952 119.16593208204186 32.06323093169701
953 118.86226026369846 32.08083990152431
954 118.64937434705305 32.24588633912974
955 118.58067136533938 32.362428644653725
956 118.964081282394 31.65727412041612
957 118.7320167242394 32.043891448393225
958 118.95667607388442 32.33361304670204
959 119.17273615023005 31.913882888423604
960 118.51828787123596 31.795962085019486
961 118.57245877976356 31.6666790820226
962 118.69777137792555 32.12061627038001
963 118.71545320770245 31.736670921619694
964 118.77964677424939 31.893099355515826
965 118.80924750814232 31.90321432905852
966 118.77005212214566 32.107506545796184
967 118.54417750260085 32.38116694301949
968 118.73475957920918 32.38779382887254
969 118.60761590144968 31.858181979126826
970 118.62215756953992 31.802479852781612
971 118.91756251062591 32.17526006733575
972 118.52642035994904 32.16414751206686
973 118.69371075012617 31.84039220271223
974 118.94103096145017 32.363057381944316
975 118.6893837103076 32.250163459502815
976 118.85171870951045 31.75209314315739
977 118.81867142896279 31.976652911890433
978 118.9274890117509 31.666389746305608
979 119.08430085904985 32.03730912588226
980 118.70170001339567 32.036460673595116
981 119.14749707846762 31.78592906097733
982 118.97032945959315 31.677023648010163
983 118.77705896984814 31.688913481368694
984 119.09890530243571 32.02343367389531
985 118.7832543024399 31.625824326765485
986 118.99962038884507 31.754412598088827
987 119.12153057487161 31.731363121082822
988 118.69899605940073 31.92330132839315
989 118.83171761635111 32.01102533945003
990 118.75942274643839 31.883049342086032
991 118.56576424319256 32.10598663486891
992 118.57684899592888 32.330618270102285
993 118.56291169287827 31.793251283561855
994 119.12311487819973 32.38252001730156
995 119.11855501257293 31.884773541807547
996 118.74989188909659 32.087518289453484
997 119.08629924259291 31.89210003838673
998 119.16590248787304 32.151343502408814
999 119.01561525486967 32.29605669450105
1000 118.65897011577245 32.2474425898294
