1 118.94067184878887 31.948655790433932
2 118.89344550925176 31.605052138864007
3 118.61739313705105 32.04596475834479
4 119.06066192098446 31.975518356669525
5 119.17421427051407 31.95064498274874
6 118.95159643990009 31.86870595165227
7 118.90001554755857 31.75647682988685
8 118.60742171241638 32.076969281175856
9 118.69759576152428 31.842018116808045
10 118.75229978340596 31.80506447014228
11 118.62345440741112 32.09410717776141
12 119.19689326523569 32.025610031290924
13 119.14113749147712 31.729691443691397
14 118.7601867596913 31.977103671589823
15 118.60088440337847 31.7300787188459
16 118.77285396704205 32.22908492772217
17 118.631721805428 32.30396147595705
18 118.86605559845297 31.995865110131135
19 118.65685679790381 32.280133041309895
20 118.54688118080018 31.666369312349907
21 118.94159031993652 31.99795019842374
22 118.7575415741142 31.654147000229983
23 118.9857455158744 31.940858073575697
24 118.86285074096988 31.675543979778894
25 118.956028746783 31.69147063627424
26 118.7166629677122 32.08483101768115
27 118.90008985012817 31.771652752111216
28 118.83054185079224 31.660292968794312
29 118.91129872930253 31.776908483796966
30 118.51805284324654 31.87857895915988
31 119.18902817941856 31.969351545694025
32 118.67434995411175 31.759902237448188
33 118.56361523553221 32.10625401342022
34 118.70495228558403 32.006304297468816
35 118.9921196269442 32.019710274709134
36 119.14595658703483 31.916159715571467
37 119.10263688280088 32.22282345578706
38 118.70468194262008 32.06938931150262
39 119.09109129552887 31.7163593257612
40 118.55346326229912 32.15787879999086
41 118.55542566091573 32.37029563833952
42 118.62614145758938 32.01367854466247
43 119.04682249343868 32.301838002173305
44 118.99690613163484 31.86909022966935
45 118.58650297871611 32.05273903721591
46 119.00097676262038 31.940125997011126
47 119.0416195484582 31.934175336580054
48 118.6004137608029 32.24172931926627
49 118.96050146353585 32.022416534840175
50 118.7899426099 32.35890423604368
51 118.5409559067244 32.03255876763567
52 118.86761515340204 31.66773643350201
53 118.83551626671236 31.910648311204483
54 119.11163067788715 32.26313993340417
55 118.93014585972298 31.937853324836418
56 119.10570624391845 31.624218071585243
57 118.85272608175538 31.811448555982423
58 119.0014997575062 31.63973160689844
59 119.17715608563424 32.37817949209081
60 118.51754323302343 32.38186234466908
61 118.79519734551103 32.23677407633247
62 118.8077445687994 32.09191349147412
63 119.04341943554775 32.21745889190333
64 118.51959919890702 31.729650033623244
65 118.89387768214895 31.82997325278273
66 118.68137157926716 32.006720670564135
67 118.8159017908971 31.880795096279
68 118.98056473253077 31.634476857812096
69 118.93183109720496 32.364958945862774
70 118.66332022144432 31.97116869083385
71 118.63584820653261 32.009195411751755
72 119.08543831337435 31.873982959626893
73 118.8535307246093 31.815207433366847
74 119.17453516478226 31.886801072685376
75 118.96041280952252 32.27142432518911
76 118.65411866045014 32.21864204997702
77 118.61522132214067 31.881491088176627
78 118.72686383331967 31.608730809934535
79 119.03804447448462 32.22429178569553
80 118.83561334551712 31.795478249015282
81 118.8924751267757 32.070590959927124
82 118.92239049384811 31.60854634372296
83 118.64482678915708 32.112326936140434
84 118.73182839275165 31.92421421783723
85 118.7055819319529 31.983027975851964
86 119.13584357586296 31.938742569919736
87 118.51387702802212 31.881501752679
88 119.17369127449928 32.030281742275115
89 118.62279597406975 32.388069352878375
90 118.84982676177556 31.706724563800577
91 118.70225878515299 31.869702078958397
92 118.70784584501773 31.633274172928274
93 119.04025889141715 32.19217521851466
94 119.00922636178015 32.124981927688765
95 119.03606149851962 31.76600174840293
96 118.60740267230791 31.90534319141374
97 118.64359640332638 32.14291806328708
98 119.02586430515684 32.13541167225716
99 118.57463173433281 31.734342183326252
100 119.09776683242859 32.31089705632559
101 119.11746305084867 32.226412276381325
102 118.85637803564444 31.679920073082457
103 118.97791742220535 32.299139428708
104 118.72343755359077 32.20523881199839
105 118.96451052290759 32.253401612842815
106 118.52244601078921 32.03121208955608
107 118.6754132499839 31.773588229439618
108 118.78798064289767 32.36000965121906
109 118.87168925776362 32.07247906042395
110 119.19741098998585 31.86550555005722
111 119.21818246520624 31.836410912784952
112 118.59440507477294 32.304929091864494
113 118.69611659229693 31.95727332352008
114 118.54861109464511 32.03418744834894
115 118.7283521378235 32.09826412298951
116 119.1526326700082 32.27248000687719
117 118.90791038328074 32.095749836587316
118 118.53159112396355 31.744529060801597
119 118.87583543934767 32.0752669621344
120 119.17074862364483 31.999105189120563
121 119.18453514640007 32.040965445531
122 119.14357413319077 32.16612752462913
123 119.03011104099394 31.791204411388605
124 118.66553530195966 31.748000712388368
125 119.13094173388501 31.683029886640693
126 118.72267861429474 31.827062973327887
127 119.1173901476089 31.60864081614449
128 118.5189349521483 32.08648611111089
129 118.54601987738329 31.838813931872032
130 119.06056206387241 31.75056501900493
131 118.54873102787528 31.67704584509838
132 118.80710996758124 31.81175181695782
133 118.73375476622057 31.784183107041546
134 118.67742499403768 31.827704108590453
135 118.7502326209343 31.95036921275858
136 118.83676246116173 32.0251443373411
137 119.11208998284657 32.262130270839116
138 118.94096896687199 32.38992118756951
139 119.12789321668555 31.646380619818242
140 119.10390102159054 31.79392023115299
141 118.59680269236753 32.11136680043305
142 118.77230957034892 31.74913063847521
143 118.86503121844929 32.30761175479882
144 118.67749038388024 31.75936910973632
145 118.88119484021303 32.17148903911744
146 119.19345758856845 32.0927357255218
147 118.64070652340243 32.22552410614776
148 119.05334203238223 31.643435084283148
149 119.20569728068978 31.78073006216942
150 118.6663914605804 32.16942964947416
151 119.11173752594128 31.690577933511673
152 118.62594247782737 31.629309637509458
153 119.14950270462624 31.88643787950166
154 118.69678720161419 32.07404224946793
155 118.68666169883649 31.611455496482197
156 119.13045592607975 31.66981487516514
157 118.69629529696134 31.630487384331044
158 118.64219409170434 31.924328851639235
159 118.72323859106261 32.14741652101409
160 118.98461632068545 31.7583486422794
161 118.51677032169447 32.28513254424235
162 118.6177098802176 31.951283075800674
163 118.57265848410039 32.09127313000868
164 118.84745426898388 31.828062080426413
165 118.52527137716027 32.09473164774743
166 119.14838554614478 32.38607847012382
167 118.82713488445785 31.968466632907592
168 118.93111311303883 31.76877580305611
169 118.6532109618204 31.94814032508069
170 118.989721800598 31.94232666302416
171 118.49548687726919 32.01031514104284
172 118.55191785771787 32.00858697087082
173 119.15182860203811 31.64417819765852
174 118.62189652024705 31.72355509200522
175 118.83338061929008 31.961342485403694
176 118.89383189277176 32.15742787919124
177 118.62880567605559 32.236411207985306
178 118.91546409290976 32.20821415475074
179 118.68111665401041 32.02047186578
180 118.96345159409105 32.37767016990537
181 118.69970462889032 31.849343369273523
182 118.78465381676688 31.972037343021444
183 118.83933509600782 32.22608584302316
184 118.51492732170256 32.25670082797529
185 118.5848415002997 31.919063433707468
186 118.54357121132637 32.28704350257943
187 118.79843643607074 31.97165579823212
188 118.87999263777435 32.17879996081137
189 119.19003717216538 31.607178810650957
190 118.74409641400801 31.60152480771974
191 118.62553264134357 32.331991021026774
192 119.17993317537375 31.693602768503478
193 118.8849476651661 32.149469616100816
194 119.15424155211973 31.835315274524483
195 118.73891765730495 31.761214819238166
196 118.54794812507656 31.900425164862586
197 118.8473447944739 32.34686828332233
198 119.2095161078489 32.05908789132028
199 118.54403429521746 32.331520342780216
200 118.85936524387562 32.172330098243656
201 119.09876264300598 31.985510726306664
202 118.65543139075909 31.997320811873877
203 119.06232638379365 31.783749665886802
204 118.54157938051895 31.61286563644317
205 118.71833306908738 31.921545471101094
206 118.62182161160855 32.03886114047287
207 119.16855602831835 32.299523573174106
208 118.9340730368222 32.1290808487943
209 118.70020118646164 32.263139435607386
210 119.14648697593326 32.317141936344065
211 118.89563475191056 32.336746634574354
212 118.7670633951799 32.24600099460017
213 118.98924660430362 31.700913190430317
214 118.95201889707303 31.87394444510181
215 119.18309240219516 31.747676750618258
216 118.52622250159573 32.29110043247719
217 119.09726035374706 32.222832477619534
218 118.97330665627874 31.889210435433377
219 118.60786098604758 32.045313327062786
220 118.77024335434216 32.25133919915232
221 118.51779918293093 32.27646308559281
222 119.0980992921171 31.757782023240495
223 118.56391527095707 32.201136223230165
224 118.64192970485533 32.245627894155156
225 118.98837683415533 31.654724775751813
226 119.03624749104019 31.67417842058103
227 118.685764712961 31.940405986821812
228 118.61907330629525 31.770698828164065
229 118.52415920653605 32.299581851880525
230 118.54223886829837 32.184634814688685
231 119.11988579990808 32.173041222406496
232 118.64044999101714 32.22319368732019
233 118.7908379162686 31.853566073523982
234 119.05151795752737 31.793232883462693
235 119.17588862410598 32.089532093007485
236 119.12436315728071 31.922613666377742
237 119.10362351011767 32.33274890000011
238 119.07201480430108 32.13113851339287
239 118.7401988385251 31.901383893539048
240 118.94734928258438 32.25910532461257
241 119.00229306102955 31.90358990075225
242 118.80360078391777 31.729608064290474
243 118.93680840614402 32.213322555757195
244 119.1858184855325 31.98537513131808
245 118.72677706472523 31.79703452663918
246 119.15014182666056 32.14776464094885
247 119.19205617866308 32.387401858555855
248 118.89838404289775 31.798686643602906
249 119.14538009677536 32.230815322822075
250 119.0131184726562 32.20790455301407
251 118.98914412366095 31.693023334212725
252 118.58144703272181 32.27599152414478
253 119.02425002702061 31.979288430950014
254 118.61665401523803 31.682341161413678
255 119.0247889592038 32.03011643247957
256 118.53066315440272 31.861285223365915
257 119.12610298762777 31.726651120296832
258 118.62242037016073 31.654855044349983
259 119.10115873057076 31.75256729477484
260 119.12168730653003 31.94722256112377
261 118.56887896940222 32.12379992971405
262 118.56867537469452 31.672774523385463
263 119.16482752518517 32.15964311691106
264 119.18622323336731 31.67084701560367
265 118.55131883982749 31.743681611321797
266 118.92672023746496 32.18120930313279
267 118.7803500209526 32.29464418298288
268 118.53871705431311 32.36342397080871
269 119.09517448634045 32.132847079838434
270 118.96894320057793 31.973718210768073
271 118.5537350381301 31.68602656050555
272 118.82129881582667 32.05389075089885
273 118.78809649742708 31.727551916880167
274 119.18467293792877 32.010046728981706
275 119.19555547916794 32.089850177120624
276 118.66267860480707 32.27876418131621
277 119.02747609536127 31.86163594120947
278 118.95766943443003 32.37594013712038
279 118.81727037757489 32.37210485508424
280 118.8929633919687 32.271002215336935
281 118.77382620556375 32.17632507133146
282 118.52893038118447 32.17379162032813
283 119.02968356452641 32.29815793010244
284 119.05541286203555 32.35675323671247
285 119.13933155727423 32.2700771597244
286 118.8429318716689 32.11337046411921
287 118.54446056764874 31.69042250248709
288 119.16972259302496 32.10445538911735
289 118.68687571021884 31.872204352279805
290 118.59216450628551 31.70611045790284
291 118.5925795911789 32.30547402874705
292 118.9249854167877 32.263868009894146
293 118.76280047870983 31.999903031651357
294 118.96386825462501 31.972258843828712
295 118.53878980670173 31.99793816828136
296 118.51362454138997 31.812193913203444
297 119.17780395046003 31.90349403042191
298 118.55223003975117 31.950147121202576
299 118.73428616957757 31.616393447099107
300 118.51287816078272 32.31434819745346
301 119.12562146291697 31.6348704973145
302 119.100466811151 31.912611476202006
303 118.89544629908173 31.69021552944192
304 118.59760877170453 31.773948588412726
305 119.07464756323715 32.35645157932396
306 118.55245921473218 31.896938226952212
307 118.83345364408002 32.15461594426788
308 118.72114477561928 31.68622410156478
309 119.20610867923577 31.775338761537895
310 119.1723628243006 32.298823017783285
311 119.06438809473799 32.30255148624721
312 118.8181399438147 31.793241024070937
313 118.85136514817579 32.37533854186259
314 118.89319389961304 32.14356861959027
315 118.88673863332271 32.01178696575048
316 118.6246188008999 31.882233630813015
317 118.67902995562322 31.879940283077502
318 119.0045281581308 32.36598768384922
319 119.09400705732848 32.16449202162184
320 119.16848976602931 32.01134239827671
321 119.03636645543149 31.636646515465316
322 118.91007963689202 31.79370181189756
323 118.5413803970665 32.34910258529392
324 118.55006984499637 32.030768477360475
325 118.62263462087097 31.874038186120853
326 118.9880426013238 31.631064311497763
327 118.69810165393335 31.816136149995444
328 118.77561633526992 31.79629523480965
329 118.60741653111661 31.727741184988055
330 118.65928118461362 31.877538957953636
331 118.77041737787084 31.748839297090605
332 118.94529895720653 31.663351542111055
333 119.19938625737504 31.699646881979685
334 118.59895863418731 31.9809895043954
335 118.72671419703343 31.653260654134787
336 119.19289226536404 32.343079281128816
337 119.11225224368727 31.75671182102592
338 119.17906112460896 31.997432345131653
339 118.86162952801452 31.920800341381426
340 118.66002132360158 31.836543080206496
341 118.64798070496819 31.870120078049208
342 119.06848326396742 31.788831188661835
343 119.16117033786833 31.81099380027005
344 118.9416777635186 31.710826293795716
345 118.97816208925407 32.15493235917502
346 119.13515156783981 32.08521136250672
347 118.67850537511967 31.841894084561154
348 118.91861325620161 32.319225638812554
349 118.8907938316241 31.908475757536902
350 119.141972168804 32.09271506245575
351 118.73025970829046 32.00149974493056
352 118.59657537157453 31.862359840988333
353 118.58634400345964 32.309984494534426
354 118.68714095760032 32.28993777960428
355 118.54968517280663 32.276357817556146
356 118.72736774776436 32.39179082031162
357 118.88855593765398 31.625184459655618
358 118.80157716328686 31.98505562886756
359 118.94469551819016 32.35883405987969
360 118.86039027557207 31.700175271607897
361 119.01835495878731 31.808253444669642
362 118.82422627682928 32.013283799350916
363 119.04982330326817 32.11609129400082
364 118.81608019420324 31.884206973922765
365 119.0203913360935 31.85095911089085
366 119.01362208546858 32.22722517939063
367 119.09955933942064 31.618921223943286
368 118.61521081409293 32.24147663600192
369 119.01197358988178 31.93036054003717
370 118.49564482970882 32.10233545035577
371 118.78251273899775 32.16129669301244
372 118.91056494014296 31.685075435467617
373 118.50389049529751 32.33928547586528
374 118.54416560944499 32.25046064729961
375 118.65863404259441 31.885893509550154
376 118.78159088074472 31.746036752887257
377 118.99574872642253 31.658499078358687
378 118.64268190885704 31.837153829121632
379 118.77524696074266 32.17988060119399
380 119.13256860499365 32.28792189432288
381 118.74218857738902 31.834256725693173
382 119.04407423320541 31.78605056567818
383 118.91315943529708 31.864088073765483
384 118.54223503240412 32.375286092831615
385 119.17797373608853 31.675852068549407
386 118.58113177529708 31.743489433939846
387 118.74686615747592 32.1538671926282
388 119.18639170904261 31.710046737242134
389 118.69057346573668 31.7869215475206
390 119.15104663091847 32.26254475080657
391 118.96553184513202 31.854469226552226
392 118.63217420695015 32.078653195544454
393 118.60107097720976 32.04273556879875
394 119.1691332436996 31.831611099157396
395 118.82184295055848 31.80111475574951
396 119.02535982004122 31.805746586496007
397 118.60049509203041 32.30096206790633
398 118.85313442457253 31.608201725252286
399 118.57383465422451 31.690066379204623
400 118.82293316084899 31.878026178690043
401 118.5006426172777 31.770514367533252
402 118.51292015979584 32.04362173532146
403 119.1374244762696 32.02226219673707
404 119.12519779185925 31.995514548452054
405 119.0336383799282 31.84256096063916
406 118.8528736319739 32.011783168864234
407 118.63815804226839 32.22799407471625
408 118.99935217249286 32.24388314447327
409 118.64279402548696 32.035553964546274
410 118.5410981195127 32.23967855205598
411 118.71216770201147 31.660381732032416
412 118.90758089293331 31.73826346976618
413 118.89868704155866 32.1973981661466
414 119.07142742464903 31.912185015325345
415 118.75979223082902 31.849422765004352
416 118.60871105419452 32.06141863455464
417 118.54314320511479 31.91272123115109
418 118.6509256136769 32.33348395108471
419 119.15306436461832 31.90538211305432
420 118.51239838269255 32.259336983609366
421 118.93307205639665 32.08253226366053
422 118.81964175853486 32.32227345420333
423 118.6363588281909 31.99381408305592
424 118.99745772394856 32.375495654146526
425 118.90202473104289 32.04603424881875
426 118.5655121813535 31.627304452821637
427 118.9702942515323 32.1794029951213
428 118.53694035987793 32.30407950993469
429 118.66022868347834 31.66253958041481
430 118.89281436529751 32.37396194398328
431 119.01001203134425 32.05757634782495
432 118.87775528202852 32.197403725931906
433 119.11065543635817 31.769645206216698
434 118.98400072720483 32.346733651016805
435 119.18092949909928 32.120753278608866
436 118.68265341729635 32.034266240208524
437 119.18811504014302 32.37811821199247
438 118.6583018573059 32.04918937068281
439 118.64440239534679 32.00486650944035
440 118.61044503896224 31.632284393192364
441 118.57954654835956 32.047328942230536
442 118.93709974841876 32.20058856211376
443 118.49537641218357 31.89248655023229
444 119.06630276264819 32.139381379009954
445 118.93695945308995 32.036525459024965
446 118.72333661252938 31.761994824408983
447 119.11375794008974 32.03696924204788
448 119.08997066717521 31.98239819994199
449 118.93109105882128 31.855338648965468
450 118.54150691787999 32.12648496503745
451 119.1942707784449 31.659450567720295
452 118.91414411098322 31.888584858564702
453 119.13666296521109 31.960835800395547
454 118.59954999641256 32.38689110249972
455 118.5145281297515 32.171594584774176
456 118.71205657729813 32.09158969692172
457 119.04954714536812 31.730616461839944
458 119.07504183687824 31.948777487955287
459 119.11166017033115 31.9024415972451
460 118.72390096978108 32.352300068725974
461 119.06126087200752 31.95548404802711
462 118.59369408567453 32.282398932288295
463 118.87941573738256 32.13731820649203
464 118.52884533706715 32.282967747257224
465 119.00532928904647 31.596275292088027
466 118.75199365018688 32.35474902072704
467 118.57274432382208 32.3682410697382
468 118.96491622251601 31.712840922437486
469 118.78146657940582 31.641791883789583
470 118.70708326946813 31.866830193626996
471 118.74236721077648 32.04055196731513
472 119.0491809599977 32.007320104293555
473 118.7835344181326 31.962823533525494
474 119.12300727940804 32.313004365630995
475 118.607928448571 32.04712285348372
476 118.78036342706031 32.340782093995735
477 119.12325344752823 32.051991592912515
478 118.91709396783763 31.743365131013952
479 118.99661595780516 32.402219397537316
480 119.0849065094889 32.39313250037934
481 118.86362884114709 31.95599796605527
482 118.60226625484555 32.19949382675525
483 118.72032996619139 32.11850568252183
484 118.65196861995994 31.736193686303523
485 118.63175194403408 32.06205305177359
486 118.91822259950358 32.1261371611247
487 118.64689397730693 32.07124083299423
488 119.08118497282942 32.024886431618114
489 118.8145463452829 32.069118807808366
490 119.07402759569595 32.17057357576446
491 119.09605402592271 32.21637628958939
492 118.97677032817796 31.677443090290772
493 119.04295470438771 32.33796835833353
494 119.05606409478413 31.98654295150799
495 118.91502166267999 32.1484309184688
496 118.71531382548366 31.913757681830166
497 118.79730036311692 31.657062917695015
498 118.71546876712364 32.11799953250957
499 118.82987353246943 31.9007933134583
500 118.76395830075066 32.032518971899705
501 118.74883047597308 31.80304415440003
502 118.55642107871499 31.7630537758271
503 118.78553338541009 31.82051596641523
504 118.5834733804756 32.2981821884298
505 118.74962402719541 32.351108282203576
506 118.58919210720754 32.363659502043845
507 118.76200989870772 31.9334214827392
508 118.88060182955658 32.23230772745317
509 118.54869335874832 31.74908366658335
510 118.66643269957147 32.18720903264816
511 118.79258115290969 31.93881014138798
512 118.6922078204894 32.26917445692873
513 118.88148607364973 31.770077333713893
514 119.08590734347626 32.250921098128764
515 119.05025108855932 31.668073421979262
516 118.68212736543904 32.29672188168613
517 118.64202511838289 31.93950571188517
518 118.89150048000818 31.723631241413955
519 118.77916723717013 31.838478344783205
520 118.54741759513514 32.17725951918367
521 118.65442071744313 31.951403062579907
522 119.1739468100126 31.777454430627014
523 119.1534978524577 31.817481491757015
524 118.74468827889768 32.14409882754988
525 118.52274834765058 32.12170585058416
526 119.04775297384579 31.651768178238836
527 118.68106082955441 32.25994180151258
528 118.52173962836255 31.69085120847339
529 118.69348689242993 31.775688909426865
530 118.59248874348187 31.622484205278393
531 119.1245879661814 32.03077723065283
532 118.63303571196057 32.288020722865404
533 119.0092829569828 32.34100658753249
534 118.60536348910261 31.96950104736814
535 118.55866431654931 31.69179718955432
536 118.77682568011011 31.998171418488713
537 118.93591497236774 31.82511622047571
538 118.88199868753613 31.84415845178851
539 119.06319916422859 31.77383830457856
540 118.79453091934543 32.346167981687636
541 118.9197412011388 31.91421225092686
542 118.54834723053355 31.589562278962624
543 119.01440679997191 32.00057332997167
544 118.98110553098452 32.136182976667875
545 119.05896062051885 32.24371893060037
546 118.56779685147437 32.20616682518805
547 118.81443971554351 32.15508578723938
548 118.96604452556387 31.77515897502107
549 118.49424056100152 31.86464350057609
550 119.11099852164944 31.94851081817946
551 119.07256249513509 31.727033354197193
552 118.86485364421944 31.95482180443341
553 118.73726591605589 31.680531231373706
554 118.99718076233019 31.668128887978032
555 119.11577872643764 32.262171151331344
556 118.85291081003837 31.723819554584374
557 119.13322281756975 31.968353810516476
558 118.58472844945557 32.085434712673404
559 118.73016291945383 32.357461520804016
560 118.97529586922273 31.854970411159538
561 118.7637169608515 31.741957061362857
562 118.87221743585557 32.30179704683143
563 118.95263877895637 31.83701923467579
564 118.91375255726162 31.82798925962793
565 118.81397948102952 31.7279705922829
566 118.61419991541383 31.9576948768366
567 118.77162269944802 31.75665615193415
568 118.65386324060266 31.903709723381017
569 119.03536372143326 31.863431707057703
570 119.05481430042238 32.11421705845397
571 118.64025872412208 31.95475489359652
572 118.9121199919297 32.11909336740872
573 118.99192192787449 31.840599552052094
574 118.82010257490771 31.897241884629796
575 118.54735557230559 32.3749539327215
576 118.98502019589537 31.79304077844305
577 118.55197185011313 32.199931898431075
578 118.96385413816564 32.15365111887628
579 118.57311389690635 32.104927180562626
580 118.9516189762327 31.701181274795328
581 118.68387069180827 31.581337091247423
582 118.760667910324 32.192200045600416
583 119.17854852758924 31.656955264222866
584 119.15817006361485 31.804613380435374
585 118.89637702059622 32.37671434268064
586 118.95129693858826 32.37106949650726
587 119.06513672162063 32.341390964227976
588 119.00140058095916 32.05227747458916
589 118.58636634894432 31.95524052735905
590 118.79596597314163 31.970471149363036
591 119.08623820934169 31.864322535891613
592 119.00762855720528 32.386908353754805
593 118.62086321262242 32.24871223093115
594 119.09171198466117 32.420907460740274
595 118.92594850889022 31.84819821332427
596 118.7113793113699 32.06987077485599
597 118.52527303628985 32.12141204769999
598 119.02600311717946 31.913824623106738
599 118.81478670823604 32.06784360262513
600 119.18100821226164 31.732652933731952
601 118.67910231882554 31.846467125890413
602 118.55143580814817 31.713294197637442
603 118.66016275605588 32.096054561486724
604 118.78930470158085 31.869341124217975
605 118.51763554078045 31.931457535025377
606 118.7417568896925 31.899010721125084
607 118.65623423081483 31.65000745612782
608 119.18000661146553 32.32060271897948
609 118.63111196290602 32.16478484928952
610 119.11363151635955 31.853115899113476
611 118.58033109326668 32.30503818762906
612 118.89907737167586 32.165873978126186
613 118.94692905025103 32.38071644863403
614 118.88524385913257 31.988026772073606
615 119.16597316357145 31.694746037222956
616 118.81039229771717 31.69275844971226
617 118.94230710197206 32.18633753569983
618 119.11405759299308 32.04701207367074
619 118.65966487767628 31.774793402882345
620 118.85928909232068 32.01830455382181
621 119.18377809758636 32.02203263430672
622 119.04384111226408 32.29877250136729
623 119.01096710051662 31.62146102279886
624 118.79198450692584 31.692415216289447
625 119.11070334137798 31.936827782931243
626 119.07244153199278 31.702763414247784
627 118.80549785576613 32.37416010234908
628 118.88464662810375 31.770848112100623
629 118.96176609855509 32.09928845876509
630 119.02670213889101 31.9555370235846
631 118.82391094951166 32.2259676055075
632 118.74397151046527 31.634157000715934
633 118.60655050312995 31.85433869253285
634 119.01852053557165 31.986290099103297
635 119.03219971181653 31.686545357459558
636 118.62039715777135 32.07628522190565
637 119.10941681369303 32.01510910178804
638 118.61083602890554 32.26840737933955
639 119.07439510468703 31.96835373676699
640 118.60553420485267 31.844850179760755
641 118.94619409096096 31.836068624410846
642 118.8671573814098 31.814862757327777
643 118.59817465693234 32.346031829892844
644 119.01171281529332 32.232026576680234
645 119.02507366227792 31.87444288443846
646 119.1217701624797 31.948994619719866
647 118.82870474254548 31.686667106017552
648 118.88602234622972 32.081533444863126
649 118.94975741067336 32.193081641340044
650 119.10910982335285 31.798612756787946
651 118.78820092334936 31.97312757957489
652 118.96922990329834 32.12359725204823
653 118.90917559695308 31.97681736190987
654 118.64168066043271 32.02718413577747
655 118.98063011905879 31.75608947047723
656 119.09320394217129 32.21448590269525
657 118.81708638463184 31.686833775529887
658 119.1772765316933 31.982913534396797
659 118.88279955901172 31.852337579654634
660 119.12223589354276 31.695547410412196
661 119.02117181258976 32.29315775047
662 118.77107004497401 31.74879134021091
663 118.72623617014956 31.973340942383775
664 118.75569779300668 32.104938819453274
665 118.74290927006004 31.83586307681775
666 118.51745155005165 31.98830531659882
667 118.50826988685954 32.01080050638389
668 118.78866688073502 31.947217416305644
669 118.63295525898369 31.887761118162047
670 119.09080353050925 31.79006308581341
671 119.1735799052011 32.32822884513525
672 118.70672052048924 31.991048004230024
673 119.03239900766862 32.16387179492929
674 118.7538524757712 32.01279115149278
675 119.09863835595588 31.84071660512927
676 118.8183995833459 31.992465080789906
677 119.1472027633786 32.2551147181907
678 118.97806923478396 32.28067179873121
679 118.58337110735702 32.35344977888871
680 118.60094608255775 31.792696568133795
681 118.80736688801456 31.873175808093503
682 118.90790454189259 31.686628687050735
683 118.87235743970008 32.40641796059183
684 119.11810406402421 32.11529398842017
685 118.51659253942248 32.154912421519306
686 118.5886040222497 31.956206517897428
687 118.705144697345 31.812505187132153
688 119.10508447760768 31.929714867290087
689 118.49702262277592 31.851634670217077
690 118.87529306544907 32.02663481683905
691 118.5054951603955 32.24371832476716
692 118.88624189761944 32.263316004209024
693 118.83636890577215 31.843974131795406
694 118.58806672098709 31.739368597044002
695 118.91816288106547 32.1980599142011
696 118.9283767602101 31.93610765215437
697 118.81669020950781 31.74474223880955
698 119.04450382751291 32.11166991789306
699 118.54158496090749 31.683262519992756
700 118.73599318382881 31.677913435258823
701 118.84433653417639 31.595955353334976
702 118.72015373970113 31.74492968081587
703 118.58252850249661 31.970197073111162
704 118.57839227611431 31.743076919294076
705 119.03873106391816 31.644067413655055
706 118.68288965307805 32.00032594350522
707 118.96006817272128 32.3190570704721
708 119.09622588606936 31.597560284755478
709 118.71193864612954 31.78726839754042
710 118.62280000690876 32.33956193474877
711 118.89584586043615 32.11765332137137
712 119.07832373457379 32.255350893283584
713 118.75849392264331 32.31512421708916
714 119.08869417723942 31.782864668474858
715 119.1858132739149 32.199032747885575
716 118.98655826646089 31.812627205347454
717 119.1206628163263 32.33664204119744
718 118.55592849234819 32.35791912602862
719 118.77965288162628 31.734527954348458
720 119.11403865972984 32.28126922397001
721 119.01514117037013 31.65451621871789
722 118.58281391310179 32.085953098923824
723 118.67000684803837 31.979266612079456
724 118.72071769004133 32.064627984335594
725 118.95305339452659 32.205989357073086
726 119.02118574764577 32.308425157778835
727 118.84815361768558 31.992204054533662
728 118.51998857445156 31.64465131615134
729 119.12889533991078 32.346359683481786
730 119.16149800400784 31.636171315005093
731 118.73017298022104 32.23418075081343
732 119.07757570929819 31.71860900939908
733 118.85938768962886 32.33115422348019
734 118.83145376150242 32.0951224794863
735 119.16959965205588 31.83805197550314
736 118.5010039537222 32.27689857356186
737 118.79725326799144 31.734233016232878
738 118.6411067058993 31.775594386664572
739 118.82314533931222 31.837615432352422
740 118.80480923967663 31.917024656055098
741 118.62194632472534 31.794064280488197
742 118.90800612748642 32.32187550183686
743 118.76580880323476 31.967378076408664
744 119.13847959168501 32.36049950032147
745 119.15594257699507 31.830688090967026
746 118.76457591698538 31.968160144428005
747 119.03207976723272 32.265194921091656
748 118.93834427993814 32.38183548186352
749 118.76592580828239 31.964803906982468
750 118.68785198002084 31.982838069726515
751 119.14542780643936 32.351300787791466
752 118.65738873536662 31.946601464867047
753 119.03853541620424 31.948308275693634
754 119.04690042014617 32.379600612007195
755 118.63058804574197 31.99772728777259
756 118.76162302778944 31.694362285490904
757 118.79932706332185 32.36075708203561
758 118.85576478131539 31.972832209683137
759 118.927021685792 31.88572418166056
760 118.76147176359962 32.321504394816735
761 118.92980125459627 31.608969569006096
762 118.80494707581362 32.36912619289764
763 119.1629093133658 31.66661744025486
764 118.96104486546054 31.65863755659493
765 118.8677409489361 32.32751994707048
766 118.89763876850738 31.960758432354567
767 118.58080021011556 31.732092694701436
768 118.68277566328672 32.38150007457523
769 118.99216826288716 31.852081103262094
770 119.21542941886258 32.33717894474347
771 118.72520718506308 31.97682496086084
772 119.21143216270303 31.916416563709962
773 118.75088277710176 32.05278300559984
774 118.81600781661571 32.321506673730795
775 119.17456344235914 32.385478589354236
776 119.07260692816011 32.1414106163589
777 118.87885515997908 31.903518768271926
778 119.18261503100233 32.25802115358075
779 119.20380730512623 32.34111388778252
780 118.61690073368972 32.0496375016732
781 119.03901913938317 32.17854107951322
782 118.68634631113747 32.305399381278406
783 118.71397708094798 32.1539022987537
784 118.8103888949763 32.09978820441217
785 118.82471901120137 31.888549405602188
786 118.59961918203794 32.08568923814519
787 119.02083233810116 31.775578176972985
788 118.51154119821616 31.706693116879293
789 119.19795447450007 31.805519141328947
790 118.67248762106696 31.951350011749607
791 118.98907223969269 31.877267092222773
792 118.86502891448491 32.178202069443586
793 119.08551256665565 31.911946869495647
794 118.6265330820222 31.97230246440368
795 118.51800184353124 31.810991390217705
796 118.61938048142953 31.664874435885956
797 118.97993610274932 32.16723564220121
798 119.07077073537958 31.77709160498431
799 118.60141180996882 31.978426000076865
800 118.91421141408789 32.08052758647395
801 118.51445897241176 32.14645269173926
802 119.0719339822707 31.940008739686302
803 118.5816458900037 31.801951215083943
804 118.61827991303079 32.30637231286325
805 118.95239055770662 32.142510103104435
806 118.82434647399091 31.80769647776751
807 118.69273311360291 32.22824145705656
808 119.16667433023058 32.03671070207238
809 118.86934797391886 31.943597197112165
810 118.6217563843729 31.695137060779228
811 118.78691241538205 31.783487301411892
812 119.00320236269575 31.697240724764182
813 118.82621681605829 32.15236627569221
814 118.58664928459433 32.17601891542813
815 118.61205114571071 31.971405322755704
816 118.66307818679142 31.640422691080346
817 118.87820692444284 31.725225075586277
818 118.9430586370415 32.34579013440488
819 118.84195690593116 32.304003909195686
820 118.6421836849443 31.91945590408212
821 118.7409889763748 31.70590476087909
822 119.11389648339161 31.95860855742188
823 118.67118548616948 31.94301147009672
824 118.96925604967784 31.614813594464927
825 118.75991453536382 32.188724757000934
826 119.20654481649889 32.120840230927016
827 118.4930120982365 32.04644122573888
828 118.70804289480738 32.24999434849349
829 119.04861813286924 32.27216137156456
830 118.53536055825282 31.762749084001175
831 118.77170349771605 31.66269295330959
832 119.1714416604431 31.905426992168348
833 118.97558416976393 32.278837362710945
834 118.58936154500472 32.21506648224372
835 118.56254049384168 31.79432924812339
836 119.16896306883933 32.209362366374556
837 119.13937366844785 32.0677654390677
838 118.62225203030347 31.82334917687546
839 119.11710020971277 32.154419847464155
840 119.01700432506055 31.843276572151737
841 118.777745027085 31.85354291993759
842 118.65874854427076 31.76686273853326
843 118.59918844896315 32.05567691791282
844 118.65723458707622 31.981359834763825
845 118.84250276928029 32.08949138312047
846 118.52933696163845 31.61915100314047
847 118.92943998403092 31.91799265803919
848 118.92269706345967 31.627115235222117
849 118.92935023743615 31.855292883632753
850 119.07819776038009 31.674068867306396
851 118.55227273054322 32.046752095225585
852 119.19225371835537 32.34226827337819
853 118.82031968995 32.276926916004875
854 118.8446336657814 31.99205370350211
855 118.6081728776964 31.897821290325624
856 118.95576439572517 31.619056236438883
857 119.12778678255569 32.1281934909332
858 118.55196689344339 31.84547759951103
859 118.71216284833999 31.934187910707493
860 119.04915076494764 32.099262037752325
861 118.51270009363783 31.747762198115478
862 118.90433398772305 32.03997763881074
863 118.6648984772743 31.968354206669183
864 118.85935201441121 31.91497471761809
865 118.61118498343131 32.27819440220757
866 118.73988592826556 32.197477205683995
867 118.74364203524844 31.70489041364948
868 118.77288019185485 32.31764128867297
869 119.16550842232306 31.592950242250772
870 118.59019652441344 31.78124578382483
871 118.67900994626105 31.705645072293404
872 118.9715189583603 31.86292351546609
873 118.75341249238936 31.685443946869928
874 119.150721755955 31.826139803182162
875 118.74230797148438 31.907037428363324
876 119.15664619874127 31.98623717773308
877 118.59201381086805 31.832376087418158
878 118.81314036499454 31.65634468343321
879 118.85184230975126 32.00427235908262
880 118.92235835191137 32.082331237821265
881 118.7802772812937 32.12071834267371
882 118.8601619122673 31.61081181969756
883 118.65478347339017 31.68087735315034
884 118.66423300251665 32.13340228099819
885 118.57394456197132 31.714599092244857
886 118.87699976244234 31.677996386331333
887 118.84534264296737 31.947857121231024
888 119.19938610966832 31.8989813594301
889 119.05931559223842 32.122395788353664
890 118.9900009287858 31.628805471610605
891 118.71484521376637 31.79957143842148
892 118.67142668476428 31.818511539977035
893 118.9767120288165 31.86052907214855
894 118.65357099990247 31.61092229254671
895 118.53934192040606 32.033679134259884
896 118.7058796898631 31.59493248459521
897 118.86372150212668 31.834545682769665
898 118.62233020300287 32.32256855506733
899 118.5795518600311 31.724514234930854
900 119.11693857287102 32.137661339092624
901 118.84068588586324 31.99468646112792
902 118.52032428582322 32.3271646465009
903 118.66488848393927 31.948731447084896
904 118.54075526089234 31.743867154239187
905 118.68617195921081 32.40373441759202
906 118.80527007553613 32.17450000150602
907 118.58951171996804 31.701247295961576
908 119.13909666448362 32.023690330939026
909 118.83877139033767 31.868862651598718
910 119.09015805423995 32.30626137749868
911 119.06113034561452 31.73938352213074
912 118.59291899090431 32.119617305647274
913 118.54906803523079 32.36140226672967
914 118.90768769373085 32.34212462560053
915 118.51045640019748 32.322863651418146
916 119.05512190850843 32.12153816532043
917 118.71726011873233 31.853534293382914
918 119.01542929907608 31.651324701339917
919 118.62714693170967 31.74504395794431
920 118.71637790813648 32.3110092073202
921 118.94260346605473 32.16473078527496
922 118.66389631798708 31.667902978476548
923 118.66158750884418 32.37459912850005
924 118.7475279713147 31.999797860691267
925 118.52624163575665 31.75541042442283
926 118.98373701120723 31.977486940061322
927 118.57805974032061 31.937729231808326
928 118.66461861558285 31.784079488809503
929 118.55399904933037 32.104852977768395
930 118.81749475494009 32.02521574355138
931 118.69239108556904 31.81299119137854
932 118.85798250927225 32.22251321537713
933 118.95858072536572 32.03426955222011
934 118.65313531626435 31.879001106349172
935 118.74125348485846 31.723553981001395
936 118.88655150028575 32.00350089951771
937 118.67007451261568 31.71652291908826
938 119.12359330645104 32.31615835770214
939 118.54881086108624 32.01066020528002
940 118.59850169065508 32.33819022619874
941 118.71800139467882 31.85732522700292
942 118.94866064043873 31.948906182512022
943 118.55061905372084 32.03204076928214
944 119.14032876449147 32.30305364358415
945 119.13662599318646 31.69405989423702
946 118.9601126135216 31.91141921205983
947 118.7563807932816 31.68089829638338
948 118.68583906789414 32.35382003545624
949 118.7285875220774 32.25644604090074
950 119.1296597259051 31.930430748749426
951 118.85724868716215 32.131031839200865
952 119.15955814152798 32.05394316169748
953 118.84633742018755 32.081485836702996
954 118.64583676416207 32.25717665893028
955 118.57814558481698 32.379488709669985
956 118.97594798519242 31.659051393629625
957 118.71248630761862 32.05560596901699
958 118.95487833537925 32.32854775023949
959 119.16141923731296 31.920998369645947
960 118.51345553433528 31.789611675931745
961 118.56107773971547 31.688580136910236
962 118.72881780759676 32.11542067378042
963 118.71520546620192 31.757793678374355
964 118.75901346554554 31.890462076012177
965 118.8171582524434 31.90240441936809
966 118.78791611759912 32.09597556025826
967 118.5643250494854 32.36276514664237
968 118.7223683000804 32.398492616344846
969 118.60118190612927 31.832476001018556
970 118.62765102179814 31.814151147809014
971 118.91100295840441 32.190062971912155
972 118.52548705932203 32.16104507742166
973 118.6898352473263 31.832783384210302
974 118.92541609288389 32.3535528464813
975 118.69355055247063 32.24631451199361
976 118.84866221364031 31.746897857395762
977 118.81690333744588 32.00322015155307
978 118.93317765632548 31.670368026104654
979 119.08341192569078 32.03488364504651
980 118.69162880414795 32.046671518613955
981 119.12776691455187 31.757168045319926
982 118.97178724377946 31.65936105917512
983 118.78599950772528 31.72896722445496
984 119.08513202903154 32.010974722730346
985 118.7897774608921 31.64741352384355
986 118.97722280084997 31.74159042340602
987 119.12755664446077 31.748214241574303
988 118.69349610771815 31.920942822050687
989 118.8404981692274 32.01900471632046
990 118.77078084238026 31.87588284545881
991 118.57461149204971 32.10055038789064
992 118.56832229110779 32.33089636709235
993 118.55115854659856 31.791881246151586
994 119.12284068020385 32.38710687096464
995 119.11895593056028 31.860652534597815
996 118.73660402861412 32.091573506986535
997 119.11125507116321 31.891095913993603
998 119.16903671740064 32.14675652341216
999 119.03109085738083 32.293087319393955
1000 118.65801946114186 32.23913669340349
