1 118.94041866961503 31.94546740568783
2 118.89507767567898 31.615644581750896
3 118.61525665232038 32.050950673997
4 119.05444905705978 31.968247787669423
5 119.16789770884385 31.942651229045335
6 118.95891459988842 31.86947860200424
7 118.9059353195269 31.75288982818419
8 118.60888108832647 32.073066292874486
9 118.69981942312084 31.832032470398605
10 118.74953473886005 31.812402775716826
11 118.62504650317904 32.093688341031054
12 119.20302096196261 32.025287134920156
13 119.14633332844899 31.715831027579146
14 118.76736935029692 31.989490750478247
15 118.61041896374391 31.73174044445914
16 118.77224595846948 32.232209716332434
17 118.63383553952205 32.30490087944351
18 118.87194876230184 32.00350415394753
19 118.65981463472028 32.28194119085463
20 118.53575685007235 31.665971703659917
21 118.93132355831256 31.990250770316212
22 118.74590938119375 31.636017541183136
23 118.97986589940952 31.939629660276857
24 118.85902476052338 31.6857555779741
25 118.97165960735552 31.68893042206404
26 118.72488488481387 32.086652579825774
27 118.89737060594976 31.77698938651754
28 118.83883999434158 31.668057777012304
29 118.92259182522353 31.77825817370636
30 118.52141974981608 31.871730087081563
31 119.18868684713733 31.978468201969406
32 118.67130975549345 31.764301284052067
33 118.55563563823978 32.09504301982619
34 118.71043080932986 32.00449542039701
35 118.99334871848983 32.03074463796716
36 119.14383346555384 31.91290495604122
37 119.09098091206332 32.20530726545993
38 118.7070995611779 32.0524974005183
39 119.09508013943436 31.710476485849604
40 118.56087376809405 32.147883561130115
41 118.55716596683392 32.37126921146272
42 118.63394779700964 32.01645252602738
43 119.04222780260358 32.303507313646236
44 118.99196444518383 31.870914727080923
45 118.58855893505152 32.06159505017669
46 119.00941258805571 31.939739428760582
47 119.02980893695654 31.92797115689962
48 118.60014810804425 32.24108138717424
49 118.9651842647903 32.03298849124581
50 118.78443031259133 32.35463207941706
51 118.53799761520393 32.01907111574509
52 118.87163701744689 31.67367966844461
53 118.84641919972047 31.896041663141276
54 119.10230813771628 32.27928258265361
55 118.9440243293505 31.94965256721572
56 119.10079809197136 31.62337059472625
57 118.85604620633428 31.82160256196024
58 118.99873943637604 31.640107146331058
59 119.17007889861354 32.37987449838747
60 118.5264684381114 32.37857443022751
61 118.7978914034865 32.23923403471519
62 118.80862624734667 32.07678587418695
63 119.0399406167157 32.218081361980246
64 118.53119769266904 31.746958284625723
65 118.90337215970125 31.834449645293205
66 118.68595415520306 32.003112132277764
67 118.79758819702654 31.885213073318365
68 118.97114048320502 31.652583329086795
69 118.93165411846738 32.35558420258371
70 118.66249640184795 31.972458864880444
71 118.63496484264614 31.99888243217539
72 119.07424866980774 31.874724725641258
73 118.85013562543885 31.820054826724636
74 119.17548409694636 31.8883275022713
75 118.9583298119351 32.26852238385802
76 118.65239144131651 32.22386136034277
77 118.62122905683844 31.878292445460374
78 118.7278019191702 31.616872116402437
79 119.03708970031235 32.22613274825557
80 118.82355808846248 31.80621715747756
81 118.8947285165001 32.07214126935609
82 118.92598306832917 31.611452585355906
83 118.64927813631753 32.113556300862896
84 118.72275283098158 31.932577060504443
85 118.71044547487968 31.976585121373073
86 119.13536223214145 31.927790141505152
87 118.52058728868138 31.88397734248797
88 119.1757984425015 32.021939180569866
89 118.61190853324824 32.391971205061985
90 118.84973547319301 31.700204817156976
91 118.6827126301033 31.862178973728074
92 118.70222517677087 31.631080838242333
93 119.03319629506848 32.20743945521765
94 118.99809599705785 32.13494369471958
95 119.02754122472822 31.767698176098694
96 118.59983808624642 31.905509766919018
97 118.65288698357624 32.13605954812237
98 119.03356223413799 32.13709581595744
99 118.56835172156524 31.728265038159186
100 119.08933768349141 32.320092411874526
101 119.10416853709445 32.231555713803196
102 118.85991334798175 31.68683637346396
103 118.98069108389386 32.285078940380444
104 118.72669249590889 32.20610958096283
105 118.94442256202203 32.251243690481985
106 118.52889344998694 32.02698471725519
107 118.67986624643595 31.780517376172195
108 118.79155581434783 32.362524559462294
109 118.86964322481421 32.0799174644231
110 119.19828201488379 31.872607967181892
111 119.21709229071857 31.83290765075987
112 118.58628723834161 32.31848025240585
113 118.70122929613304 31.956378065806124
114 118.55319676088624 32.04812043799435
115 118.72589673764318 32.10918011154439
116 119.15817730335836 32.26843995434596
117 118.90888851965799 32.09148143951812
118 118.52786243708661 31.73845627284989
119 118.88212937477925 32.06212717098304
120 119.16009218252168 31.9951303108485
121 119.19091614546741 32.040473320213145
122 119.13202545605162 32.157419724030326
123 119.03045247489196 31.793377599757108
124 118.66372532448655 31.749491961750817
125 119.13964692398856 31.69481176547903
126 118.72571712872264 31.835533453553698
127 119.11657567635139 31.607454351771015
128 118.51993269066732 32.0907565131805
129 118.55221710605528 31.836298947421046
130 119.04846205873395 31.748696463479497
131 118.55253425526456 31.672725517420847
132 118.80756990043739 31.814348583716832
133 118.74546587864681 31.778180338260434
134 118.65593449697407 31.83090267698113
135 118.74836921675607 31.965026989591422
136 118.83845882062023 32.01954743701463
137 119.11970623749521 32.25616622966631
138 118.94093944571188 32.37283290541132
139 119.13933535702726 31.6414743523999
140 119.1067047980803 31.800122407364057
141 118.59022305902003 32.09729609538706
142 118.77256782473181 31.761779673386762
143 118.85951564451909 32.29934738155874
144 118.68601519408602 31.752497151281837
145 118.87745669052165 32.16964254082951
146 119.20107964826114 32.09732303805335
147 118.65686274729809 32.230399391362994
148 119.05440380329944 31.631472857056995
149 119.20260478632385 31.792282326469607
150 118.66109896454412 32.176995025842494
151 119.10486615150768 31.702965727248067
152 118.62360373289906 31.63698414174009
153 119.1534204865488 31.885027251308365
154 118.68843704282415 32.09881607657822
155 118.69746060873946 31.607082269084266
156 119.12601497499773 31.677489075510596
157 118.69610191808454 31.62172412617916
158 118.65974888611267 31.921600720495626
159 118.7270462353246 32.141835612646055
160 118.9963321178671 31.7618480596429
161 118.51331197786453 32.277048349303364
162 118.62173069404665 31.9499970763987
163 118.5725747059829 32.104770667901946
164 118.83981487510141 31.83130071406127
165 118.52253944499061 32.10839730213263
166 119.14630659037921 32.384476540814106
167 118.82422028273703 31.966792501090982
168 118.91848189389867 31.769994335945718
169 118.65816602855486 31.956086016133153
170 118.99731344286529 31.939739078156656
171 118.49921557114186 32.00509808468732
172 118.55010429455665 32.01576497095708
173 119.15229258647302 31.643871434119237
174 118.62354795535009 31.725461412932326
175 118.84702592617988 31.96621685128303
176 118.88796084336639 32.16269689464751
177 118.60801318950388 32.2326231602157
178 118.91333953309936 32.20794864776572
179 118.67922135816025 32.01929334710259
180 118.95629740228713 32.37145537014993
181 118.69554126071455 31.850318468018507
182 118.77463809640999 31.980962980919124
183 118.84490370154451 32.23626667438225
184 118.5022177944916 32.25349372814133
185 118.58468607561953 31.911270293611114
186 118.54977003970878 32.28625548144202
187 118.78844925215435 31.95784834165524
188 118.88591432253081 32.18148985216229
189 119.18146319450848 31.59610409945463
190 118.73784161307512 31.621299596726992
191 118.616856139097 32.331240485774096
192 119.16429092946659 31.69282411465134
193 118.87911939232136 32.154149784465524
194 119.15938037318372 31.83503332506748
195 118.73632128657691 31.757146393955786
196 118.54803459148047 31.879959948751555
197 118.83751507396437 32.34703521977676
198 119.22330121469258 32.06062079252002
199 118.54175458423202 32.32380718710582
200 118.86406720126334 32.16838745183704
201 119.08647295984268 31.973493171355422
202 118.65623544896783 32.002955714720876
203 119.0605726264937 31.783245516954107
204 118.54465429774022 31.613894335717845
205 118.71246467086647 31.90841425364084
206 118.62018798893703 32.04036797012442
207 119.17075274786664 32.31276313624479
208 118.9332726735289 32.125118934129624
209 118.70393401474826 32.260100635955936
210 119.13335151984133 32.326037542728194
211 118.89474515979853 32.33049881960802
212 118.76533380391209 32.239449145697535
213 118.98561857564597 31.714290751899863
214 118.95517964355984 31.880894805534172
215 119.1846836805124 31.750637437588775
216 118.52125063366346 32.29861923115031
217 119.08711513873583 32.2132918822874
218 118.97784903648156 31.8833098193327
219 118.60297080975694 32.04968150602412
220 118.75950647468073 32.26306377385595
221 118.51735591996446 32.279988180351786
222 119.09533371915471 31.74912382875389
223 118.55298668114628 32.20335767719022
224 118.63442490869221 32.26029913246149
225 118.97967192258436 31.66850896983503
226 119.03532585800318 31.67446080387889
227 118.6751617261489 31.93713263689521
228 118.62918466570507 31.77974208286056
229 118.52289334571009 32.312025927690996
230 118.54353916401922 32.19114929582405
231 119.12533171232938 32.16977786613506
232 118.65163626488805 32.206105420311786
233 118.7790438139462 31.83860786882908
234 119.04661197821228 31.78122614325054
235 119.16733254077316 32.08261222943576
236 119.12750893432589 31.911974589252868
237 119.10858457580885 32.32765068036456
238 119.07409318168838 32.12003396627059
239 118.74761219141875 31.897084064217292
240 118.94910175647242 32.26094659893708
241 119.0083541177613 31.91119442067594
242 118.79444369610256 31.72494364101843
243 118.93901426228311 32.21909445515069
244 119.18566327502366 32.00242388210487
245 118.72024913253487 31.793699555187015
246 119.15782000434831 32.149376938075875
247 119.19165785293035 32.38843805556464
248 118.89071854109216 31.805699539799853
249 119.15757441158024 32.22589598706506
250 119.00743218014098 32.18766268603041
251 118.99494863467598 31.698668163561262
252 118.57338487315288 32.28008888332867
253 119.02458655306229 31.977102546190288
254 118.61750299828094 31.683558485140782
255 119.03253381158311 32.02071488418189
256 118.5324513997769 31.85351845171113
257 119.12531840828613 31.718788422522287
258 118.62180574094504 31.65902853724441
259 119.09326119037023 31.773528098911804
260 119.11244317345839 31.955276683170304
261 118.55168255168783 32.11560426843138
262 118.56138691738049 31.669775308276197
263 119.16425100310572 32.162225072238684
264 119.17928826107624 31.685151849915375
265 118.54817588417079 31.741142706513386
266 118.94306031866056 32.18128318601453
267 118.76813982023033 32.28947323603907
268 118.53994693943736 32.35110646544744
269 119.09997615331179 32.11551169243924
270 118.96949026509897 31.96790958440319
271 118.56328663183254 31.68726651893156
272 118.81953883708303 32.05642405861053
273 118.79170594629107 31.72074670868158
274 119.18109142945279 32.00901258659424
275 119.19114684144967 32.07874700157113
276 118.65669335012181 32.27315269475458
277 119.03051969183907 31.853521500856004
278 118.95787132148358 32.38041284870381
279 118.82799916236945 32.36721024774422
280 118.88906293930003 32.27291849874017
281 118.76866285113657 32.172149072624094
282 118.51670742732264 32.170433001716425
283 119.03166099241413 32.30735553789968
284 119.03995477029865 32.36543625789996
285 119.13876346273115 32.26068922523194
286 118.84204580825461 32.12550324787517
287 118.55598312270362 31.692434311208665
288 119.16778628093026 32.10415737575991
289 118.68957222544897 31.88360004262125
290 118.5882190466079 31.71544634431549
291 118.59478636129968 32.31461087137997
292 118.91880432555035 32.261759498055646
293 118.76133441218177 32.009183419239825
294 118.97447167905888 31.96926674271227
295 118.53559587186594 31.998050958352398
296 118.51581303126413 31.82440816392119
297 119.18041329096698 31.896137236773594
298 118.54839745883969 31.963052375952678
299 118.74375553134423 31.6219152051552
300 118.53024559475689 32.30952376929557
301 119.14105010514166 31.638039131491997
302 119.10722138842706 31.91645349035351
303 118.9020657438255 31.687051986888978
304 118.58802255383911 31.78825398552401
305 119.09255363084924 32.3561473109455
306 118.5490938738851 31.896458873149392
307 118.80988856361128 32.16833133848222
308 118.71447696606398 31.6887882246518
309 119.20783249912701 31.778941443487955
310 119.17601655479073 32.3011389252837
311 119.07074958780646 32.30950296793888
312 118.81313984268989 31.78989296606884
313 118.85860726709245 32.38401931552084
314 118.89754286921422 32.14934256742953
315 118.89011755681707 32.00254360516861
316 118.62619477148198 31.878657902865765
317 118.6760353228993 31.876124374946425
318 118.99395007840948 32.383394526827296
319 119.09516151118801 32.1609910063438
320 119.1679292665524 32.01228108119113
321 119.04761651082306 31.632139079796602
322 118.92102322084864 31.804106874897233
323 118.53620585309936 32.33570082288604
324 118.56019613806161 32.03779022667486
325 118.63113630614687 31.867203551306876
326 118.9873499397863 31.640688926620022
327 118.70494687281266 31.815867928261927
328 118.78127610981143 31.79024537436729
329 118.60132672802952 31.730061906633267
330 118.66463537066144 31.87940870388227
331 118.7510987539066 31.739678708910105
332 118.93886932792796 31.664206557062563
333 119.19997376560276 31.715138374716663
334 118.60092413792877 31.986930913589774
335 118.72205852843963 31.648172148339604
336 119.2022334991261 32.342606588579926
337 119.09991427810577 31.76987229078299
338 119.17595544269832 31.99030095776256
339 118.86347609554265 31.9196314345387
340 118.66444401096459 31.838556428990064
341 118.63748971626511 31.869619515999183
342 119.05744546397142 31.79880373336972
343 119.16187568805826 31.8201697684113
344 118.93018219721831 31.703923684276415
345 118.96204096687026 32.13959527514057
346 119.13158254657235 32.09315066140645
347 118.67995735183472 31.84618596659271
348 118.91585183863776 32.31795955244771
349 118.8825950100421 31.92272708738019
350 119.13706660352845 32.094602440477786
351 118.7404662102999 31.994742108211064
352 118.57842178894062 31.86202122850564
353 118.59367748600536 32.30348685243648
354 118.6912792151381 32.288091844157016
355 118.55588824167077 32.27592305218184
356 118.73044460381158 32.39471035840899
357 118.87765845193113 31.629948912825927
358 118.7985081763339 31.984766331415024
359 118.94913391062634 32.36440296367775
360 118.86273995552328 31.702341366592556
361 119.0183970846074 31.795214934134638
362 118.82649650815277 32.01255208331312
363 119.05509693399661 32.114463071447396
364 118.80144693734972 31.873494430797326
365 119.02690052990762 31.849543775911965
366 119.01402834785549 32.234988510425445
367 119.09414598271835 31.617998412238695
368 118.61900864141293 32.236267853802445
369 118.99658040923146 31.937021142785547
370 118.49346804692883 32.121344970886526
371 118.77273196747517 32.16979357835155
372 118.91493898764688 31.684299612593186
373 118.50463470661357 32.34223960039303
374 118.53957996446526 32.25683945681467
375 118.65149661751997 31.87685143569258
376 118.79074917159072 31.753966233918888
377 118.9885710929773 31.66420686841085
378 118.6474573288594 31.835687554712855
379 118.76711880270766 32.18028799955327
380 119.13559114077151 32.289745930655954
381 118.73174309726113 31.83572057773136
382 119.03983343299053 31.795478986547828
383 118.91374525739705 31.852360337491533
384 118.56092321720061 32.37305503224095
385 119.17163491421731 31.666504805813627
386 118.59029272484189 31.734067173600515
387 118.75373488379985 32.15566278114989
388 119.19162555668366 31.70203216799391
389 118.68295376650987 31.784252204554708
390 119.15312837566 32.265678630143206
391 118.96620157032127 31.84266779277392
392 118.61841671445373 32.08707769353641
393 118.59083760034571 32.0251750308678
394 119.17736660223471 31.827651139256744
395 118.81395541035333 31.8023941693711
396 119.03905167242606 31.786599746989644
397 118.60771952410751 32.30071014484094
398 118.86414741514128 31.61469995525288
399 118.57957716447596 31.68928635817484
400 118.82938193304615 31.870852652147356
401 118.50675839472484 31.768805846987817
402 118.50238486186339 32.04890301107224
403 119.13150876579029 32.02410615046108
404 119.133097030134 32.00395698320983
405 119.02614832262816 31.844795512869222
406 118.85302203184833 32.01678538095963
407 118.64458088994475 32.22267058920497
408 118.99468474915162 32.24099732416224
409 118.6383149958448 32.03954012341894
410 118.54898297227506 32.238011233260956
411 118.70850340476346 31.670309413243647
412 118.90772425612207 31.736230768442063
413 118.90579051068923 32.199412785653124
414 119.06618332954048 31.920258838239295
415 118.7558112749224 31.860538007315107
416 118.59121408425491 32.06254950933227
417 118.53752443208577 31.910962726213736
418 118.6507267287207 32.33063045047356
419 119.15155331480904 31.903717950760562
420 118.51243509459157 32.25432231074563
421 118.93591766580667 32.095207943817705
422 118.81207868251138 32.340874828145836
423 118.6392316529652 31.984105528622845
424 118.99762762778148 32.367838101119844
425 118.89745483595905 32.042472000818634
426 118.56913259153393 31.627626565518828
427 118.96592068940623 32.1882281993441
428 118.53278252233227 32.30274656778494
429 118.66052567429287 31.659343947942798
430 118.87993547961077 32.379484422021164
431 119.01831934439747 32.0642442946467
432 118.87224938116782 32.19302386054616
433 119.09659772862804 31.778615371315585
434 118.98151484244896 32.349855518243004
435 119.18130597637746 32.120280245551804
436 118.68707367827017 32.052721737957064
437 119.18409347406705 32.37331789813867
438 118.65938615195478 32.053355899024766
439 118.63678398790715 32.014805951821785
440 118.61775993044469 31.628603933172446
441 118.58568805029887 32.04554669408044
442 118.93881203037529 32.19346133954171
443 118.5010783664683 31.903082259992306
444 119.06962437584848 32.145637836358546
445 118.95159528556682 32.04180119286284
446 118.72477734754396 31.761884053220843
447 119.12137639025252 32.03818810533173
448 119.09417708055942 31.982132849806256
449 118.93192836616092 31.86065659172859
450 118.52824223259208 32.130427188548346
451 119.18524637410232 31.660381421428983
452 118.92436681460227 31.88974612838795
453 119.1550511101915 31.943790144742934
454 118.59383189909346 32.37876358059243
455 118.514957805342 32.161010995791905
456 118.71916694366986 32.109503531195166
457 119.04153460701615 31.720944533879873
458 119.06914137921076 31.960908126070276
459 119.10159945048848 31.900758133022613
460 118.71575527457807 32.36330082409365
461 119.06117669137181 31.95836884041416
462 118.5958931587975 32.274004418295505
463 118.88649105930304 32.14547558159199
464 118.52763085890845 32.27374410187377
465 119.00146133481593 31.58055478603069
466 118.75455276877555 32.35582002694693
467 118.57440918167727 32.359918788336664
468 118.97584427811067 31.720439476031927
469 118.77933228040247 31.63648091278442
470 118.70135581877146 31.86189993965248
471 118.7496123139157 32.027082626183436
472 119.04966915653921 32.019219351446374
473 118.79620711800338 31.956958316445743
474 119.11599961222291 32.32534232593166
475 118.60440186577009 32.04388899624849
476 118.78545562842403 32.34630202554085
477 119.13216018751024 32.06566577900608
478 118.90649799250471 31.75407149703643
479 119.00370868036585 32.400999025047994
480 119.09614023492858 32.39290427695426
481 118.86974704458719 31.951603458759028
482 118.60646830699505 32.197444468838476
483 118.72226605952278 32.12221827389552
484 118.65385990488521 31.751086945667673
485 118.62945359062005 32.067052554875744
486 118.91139478334878 32.120572340132696
487 118.63551783710565 32.083289717752145
488 119.06926437499808 32.03153644099178
489 118.81359839034569 32.06714838140895
490 119.07292640303645 32.1771459184361
491 119.09349639589452 32.20900223557997
492 118.98000907853523 31.683496829255954
493 119.05157032834009 32.331237174047885
494 119.05814786856206 31.998392239765437
495 118.9176561767279 32.156327665985884
496 118.72231780224132 31.909230203931426
497 118.79857941165496 31.654560777712973
498 118.70510692372372 32.11755427725397
499 118.82293104638424 31.90432537896482
500 118.74724538693584 32.02049750990052
501 118.75462716139847 31.807595732258175
502 118.55294796245965 31.768346410099493
503 118.78178614184462 31.831050869725924
504 118.58185681479365 32.29498936136192
505 118.75178843742606 32.3451790137119
506 118.5869872785973 32.368528460908166
507 118.75937600687395 31.93785716689703
508 118.87659870750056 32.237306917398605
509 118.54444465599589 31.744635877578098
510 118.66310164888043 32.18161498464648
511 118.78832807217587 31.921405637607712
512 118.68717432005862 32.2572381947797
513 118.88517800215614 31.783901979240046
514 119.08509290459128 32.25128558390008
515 119.04797496928836 31.676059390345163
516 118.68258724448673 32.30114436582605
517 118.64395723134226 31.9547831338217
518 118.9105962493927 31.741940798755184
519 118.77303713821141 31.841765277723727
520 118.55386435069704 32.18233759413774
521 118.65496708277631 31.963861462569096
522 119.16397647697794 31.78459554738119
523 119.14906222458792 31.814719878386875
524 118.74756766986978 32.145966781335666
525 118.52457400762928 32.124891311283385
526 119.03959475398632 31.642705252322855
527 118.68633282418668 32.26856709795511
528 118.5177038881176 31.6943345772369
529 118.6802551796897 31.775960748869313
530 118.58727848441863 31.620518636917048
531 119.13222882126271 32.02672015607159
532 118.63601275716489 32.29780418498677
533 119.00840538471502 32.33097219454146
534 118.62449272573468 31.976279951672673
535 118.55395875430472 31.697125550533784
536 118.76960841436917 31.999478734536737
537 118.93858541628774 31.827528444033813
538 118.89298830951215 31.84594971933634
539 119.05439289571693 31.77245361360151
540 118.78454656171537 32.35024446585049
541 118.92718973845615 31.9102373924767
542 118.54329148197155 31.586257433512476
543 119.00674892482263 31.979933523598376
544 118.97438255294958 32.137220830133565
545 119.06355836353441 32.24194094329509
546 118.55263169155361 32.19149992560518
547 118.82132946391248 32.15086158764094
548 118.96206083489545 31.789142304318993
549 118.49461212579821 31.87634242526396
550 119.12648195136185 31.936462036820934
551 119.06869537525843 31.728881545868756
552 118.86385738669668 31.965936869726097
553 118.7462347835477 31.683282356703582
554 118.99467545582785 31.665646820601037
555 119.12104330627413 32.25455960252627
556 118.86650893837108 31.72662796311889
557 119.1228285866694 31.96891635960574
558 118.58471457865585 32.075100436306
559 118.71939512587076 32.350532583698715
560 118.97378870106675 31.86353193470626
561 118.76301981074108 31.74042406863586
562 118.85907687378332 32.28772692937034
563 118.95051577365545 31.83489645274027
564 118.9042201695568 31.83326049312036
565 118.8134805304635 31.73304344601227
566 118.61601938381334 31.957054119285605
567 118.77835914866532 31.75821903677859
568 118.65442699070765 31.901938850460734
569 119.03221182583363 31.861592244402427
570 119.04983182641783 32.12091865570335
571 118.65290373135188 31.954642553839374
572 118.91221955337993 32.11386823336805
573 118.9925685987141 31.84634986004844
574 118.82364329594425 31.892542487085898
575 118.55585861470567 32.38132080099951
576 118.96992129158171 31.79953038459817
577 118.55166893437455 32.20538524920609
578 118.97062828562134 32.157866320055774
579 118.57679238718822 32.10095127660027
580 118.95337577920472 31.693722999674453
581 118.68751173968492 31.598822864797224
582 118.76374994545425 32.2013703161712
583 119.1855523309445 31.64993868445501
584 119.15741657789569 31.794401361632737
585 118.87924848181024 32.370967209812235
586 118.95209215354036 32.380496331941536
587 119.05411934497405 32.33933255756156
588 119.01038923518242 32.050394806839265
589 118.58711780003709 31.962687816041342
590 118.79092565886504 31.974612923791476
591 119.08141124009184 31.87482069394885
592 119.0133678924037 32.39123906160775
593 118.61390626790055 32.252568074531254
594 119.09155427001978 32.41974362859725
595 118.93729624061652 31.84773543380335
596 118.70241930726156 32.06811302450141
597 118.52767876730302 32.123224004974894
598 119.01820671603065 31.91878021999318
599 118.82308415992912 32.06720527229804
600 119.18186447984577 31.73216704368054
601 118.67243176405142 31.854610732026064
602 118.56269907517577 31.711421277338594
603 118.66242682075246 32.07496074601982
604 118.79997546694476 31.876936886574427
605 118.53507511798038 31.935112354037436
606 118.74083919964175 31.90929583821176
607 118.65426366590721 31.643762264862733
608 119.1688055132855 32.33284953542112
609 118.6297857291802 32.15797810470503
610 119.12170227111761 31.847284638841078
611 118.57260940623091 32.31924285564472
612 118.90133359743855 32.16377850424827
613 118.94066198671908 32.39533471238112
614 118.89118459781847 31.987328122834708
615 119.15520867324888 31.684119266309796
616 118.80614141086716 31.691580926805514
617 118.94801014167494 32.17281116459082
618 119.11922554884745 32.04962886671945
619 118.65967183072543 31.774017025759786
620 118.86262104614046 32.00868384706567
621 119.1882517226006 32.01884568560263
622 119.04967545249494 32.297165811045154
623 119.00429655011256 31.605661123466465
624 118.79881289125032 31.701187863053672
625 119.10926077660964 31.923324991095882
626 119.07891014463782 31.693315440436518
627 118.80421005703595 32.370927189956
628 118.88647810678368 31.766594963126593
629 118.96378926908258 32.09794336115143
630 119.03664753835002 31.950643778942844
631 118.8302296994922 32.21658783927036
632 118.7393505846325 31.624869972821497
633 118.6135295008458 31.861031326136047
634 119.02771683639871 31.976557852237214
635 119.02028241097784 31.68305453919922
636 118.62515998722726 32.07361677107201
637 119.11170778159291 32.00358478180775
638 118.60017443275314 32.262240739956866
639 119.07921857946496 31.9754898212898
640 118.61143837609141 31.85344870538407
641 118.95202315391658 31.839857029035976
642 118.86161275640488 31.82288120742414
643 118.60263356881921 32.348377221743775
644 119.01585129091495 32.23490278315078
645 119.0132128074096 31.864763890476855
646 119.12737970898 31.952853314370245
647 118.82903096577085 31.681669990643627
648 118.87763935728101 32.07086320987566
649 118.96692001315213 32.18428326393228
650 119.10948088425782 31.803912339941633
651 118.77804114300307 31.978210511247095
652 118.96297149870546 32.12688931913008
653 118.91844835306152 31.983028454941902
654 118.63675034858909 32.03207393157809
655 118.985451705325 31.761473323545747
656 119.07864039799244 32.21287305030334
657 118.82232907588805 31.68492609877124
658 119.18510724898805 31.97136706718214
659 118.87865005412431 31.843190910722004
660 119.12630747207254 31.69462183428894
661 119.01957040281486 32.29695559327917
662 118.77152171689903 31.752169847573818
663 118.73291583362997 31.979965765798866
664 118.76089694015273 32.094030322035124
665 118.74466420745429 31.84083268216843
666 118.5285140594205 31.998576648983946
667 118.51125361393362 32.00595809436606
668 118.79120793294095 31.94452083365902
669 118.62219802469563 31.88245479699552
670 119.08086216445284 31.788690826511655
671 119.17135599748742 32.319180367040005
672 118.71099818062574 31.98973930533559
673 119.02624559645578 32.15140159178681
674 118.75093354291862 32.01613075958393
675 119.10690505340283 31.843562238698258
676 118.82768701123626 31.993501028192323
677 119.14952282201139 32.23346901771132
678 118.99606705061554 32.28585693030898
679 118.58421890296246 32.36295087491331
680 118.5988896496087 31.78768523071494
681 118.8021679904672 31.86910097582814
682 118.90330590621333 31.689342924698924
683 118.85458931292482 32.40760929723871
684 119.13002800023062 32.112932905963554
685 118.51285669900834 32.144892271508226
686 118.5814968978965 31.968514329094138
687 118.68663215691183 31.820299429203082
688 119.13004876288979 31.922647038192963
689 118.49310698262872 31.85705289675689
690 118.87950148861067 32.0364033287508
691 118.49595526931428 32.254931684419745
692 118.8889823730097 32.26913940587105
693 118.84561863084248 31.840143607632307
694 118.59386521230984 31.728854793582716
695 118.91700715121495 32.193167247923775
696 118.93429952407315 31.938993372825337
697 118.81695130107627 31.740636609895173
698 119.03845658304184 32.10979800016705
699 118.54274355632198 31.687692278653522
700 118.7256613412048 31.68294775951964
701 118.84073748103742 31.5936331008021
702 118.71314965391764 31.74577311399158
703 118.58740504994496 31.967611562394982
704 118.58185071639363 31.74622428529841
705 119.04436041103918 31.641411187402436
706 118.69130247336058 31.990881675122733
707 118.96322894483966 32.31353996122435
708 119.08884600230625 31.61552925074444
709 118.70917069513108 31.793794029121564
710 118.61758612878839 32.33716315022465
711 118.89337071595968 32.11005455361456
712 119.083487674896 32.24700521809735
713 118.76668805007274 32.31568276501136
714 119.07788461757382 31.77570557711157
715 119.19197729054163 32.211605944687086
716 118.97754075502493 31.820844777983208
717 119.1187790763536 32.322672329067395
718 118.55084025993258 32.35890148462786
719 118.77068793744394 31.73436347065345
720 119.10372327637673 32.28478311501293
721 119.02551289383103 31.65275646095034
722 118.5819268310086 32.08140174501195
723 118.66906635609872 31.981821285434968
724 118.71983486209758 32.074501152319755
725 118.94508794059443 32.206050450552
726 119.02339266939548 32.3082832960084
727 118.85191718885103 31.9951329062468
728 118.52497735030532 31.639826434415156
729 119.12708175874839 32.35375468384156
730 119.16253991095954 31.64102358588277
731 118.73448520958931 32.23764682521892
732 119.06913623597133 31.71753380145624
733 118.8704985624309 32.32330550844894
734 118.82478364140748 32.08861469831706
735 119.16910020760898 31.84274120679825
736 118.48904138713097 32.276309819634896
737 118.78392305967715 31.72858881600919
738 118.64081362705608 31.78078982340366
739 118.81981572929034 31.83314663928046
740 118.81011840812508 31.907653561801876
741 118.6268581706301 31.796991457070142
742 118.91168544304774 32.324036496863854
743 118.76522950355023 31.952641494175094
744 119.13130144754054 32.36425750055254
745 119.1599577556705 31.83851395195884
746 118.7535600791954 31.969500436852982
747 119.02572980196946 32.277478968271616
748 118.9465664566853 32.38535300069103
749 118.76121650590855 31.97105832629278
750 118.70189560906543 31.968470423423852
751 119.14764210141722 32.34734589847931
752 118.66180440018108 31.9402003508155
753 119.0535488974077 31.958777685088368
754 119.04156265755488 32.37356294329163
755 118.627603788701 31.989730683127068
756 118.75915781328615 31.67551594904283
757 118.8083795454252 32.367080300781446
758 118.86613288247356 31.958776106500274
759 118.91989171751716 31.882181779790468
760 118.75704432877457 32.32554441989995
761 118.92643406538286 31.601776410544566
762 118.80463957757394 32.371723474271995
763 119.16365649613597 31.664096515647042
764 118.96710158673756 31.65318490145101
765 118.85176178492662 32.32717528464596
766 118.88333110511734 31.962236622079363
767 118.57811494098922 31.73223413400136
768 118.6784841570141 32.3767642915837
769 118.99644170423375 31.84524917462589
770 119.21308734286109 32.344188513122575
771 118.72668691622572 31.98554590280246
772 119.2063573392422 31.919932967099296
773 118.74330294341446 32.052012483712865
774 118.81106288364472 32.31705730411566
775 119.17633037298668 32.383389582788894
776 119.0711509273556 32.14304091096532
777 118.88126712836079 31.90467779753072
778 119.1826958601719 32.2680177383616
779 119.20518325918668 32.34346789892717
780 118.61874636129838 32.04037079914046
781 119.05821039791624 32.19176167596355
782 118.68561908581648 32.316449241228135
783 118.70730129702305 32.168262080706256
784 118.79951668625407 32.11026703577379
785 118.84152583545404 31.88695274449241
786 118.5944842332218 32.0824754903898
787 119.02962419365345 31.782590760503556
788 118.51632899580048 31.714203104003563
789 119.1972048356165 31.801500147942253
790 118.674425856089 31.94304291518022
791 118.99823878900048 31.877700036750454
792 118.85588083907312 32.16804254571796
793 119.09068672937232 31.9159363432144
794 118.61707610837615 31.975302861221294
795 118.52064261637302 31.81197443851637
796 118.62662384990217 31.670006733671357
797 118.96555761941259 32.17593147979114
798 119.08081244139942 31.774429421444367
799 118.6148304385369 31.97184857510076
800 118.91891971508409 32.085384995302185
801 118.51331873063423 32.13983973850319
802 119.07344466296051 31.941745853787136
803 118.58095035844194 31.794064794793282
804 118.62220126002116 32.31606303117438
805 118.94742591122892 32.143823374450065
806 118.80861911414851 31.79387763437035
807 118.69842637566921 32.24815294280513
808 119.17006972703899 32.04981126910369
809 118.87275021597867 31.9651355716689
810 118.61784690283162 31.694664709877216
811 118.80489435054574 31.789514090251288
812 118.99028213946663 31.691005624209996
813 118.81953803844036 32.13968681504409
814 118.5931473549044 32.1738160625853
815 118.61246419498852 31.965577715883356
816 118.65566168127442 31.646302816023685
817 118.87760501794936 31.71766047193926
818 118.94027020123295 32.33807985013809
819 118.82744576546199 32.31232632535988
820 118.62822401531807 31.91947178339994
821 118.74003708349699 31.71977334388749
822 119.12126427590165 31.966950031550816
823 118.67622559534749 31.937557378622046
824 118.97652026892565 31.619633995594363
825 118.75608435824233 32.1824787013693
826 119.1934110515482 32.100223559983846
827 118.49138325160483 32.046355729830175
828 118.70655781249332 32.2536345707844
829 119.04776034233117 32.27730633883878
830 118.53801374213569 31.76968656118523
831 118.76615324823005 31.656871652149015
832 119.17082306700875 31.909058718922736
833 118.98430346773516 32.279365149066564
834 118.59610167113367 32.212323340912825
835 118.55499389583622 31.806348347611628
836 119.17389613437078 32.22342312489518
837 119.15425680158317 32.075377255302236
838 118.6176986457645 31.80593847081092
839 119.11988640453042 32.14911640734548
840 119.02461557595244 31.84599254193318
841 118.79755924612502 31.86306522989678
842 118.66711846397017 31.77042392159216
843 118.59185733390764 32.04546401214476
844 118.66015640950559 31.99199701317857
845 118.83402144546086 32.0936286442278
846 118.53332804467107 31.603017065609997
847 118.93395953997018 31.9245907583964
848 118.9281212564843 31.634869330750593
849 118.91299624314155 31.85161848229535
850 119.08270873006371 31.675982436882755
851 118.55982841411252 32.059043541097516
852 119.18997753652124 32.34758936726196
853 118.82983151965824 32.27041940914775
854 118.84823758613787 31.994197176973337
855 118.60357583415075 31.88734727959683
856 118.9498813783128 31.606258196810096
857 119.13326215427487 32.12737033861424
858 118.5593800339907 31.840942300184032
859 118.7109727868511 31.94296972491142
860 119.0590691199298 32.08415497336492
861 118.51710366087225 31.75284427828836
862 118.90554856106928 32.03596700485384
863 118.65741138964303 31.957327057242253
864 118.86007454535809 31.91372178059065
865 118.6011490145801 32.27218520406363
866 118.7459202741526 32.200081371149494
867 118.74230526367931 31.693903440282842
868 118.78015053085447 32.31698142091451
869 119.16835986593176 31.584641979422685
870 118.57995898801151 31.786115923515197
871 118.6965772908553 31.701263453581088
872 118.9798891522672 31.862308800980987
873 118.75901075835387 31.690243143964786
874 119.14929008586857 31.823763999898077
875 118.73613128821664 31.92774297641866
876 119.15120958824019 31.984959458925903
877 118.5868258901458 31.829846399688165
878 118.81873380632449 31.64953672960172
879 118.86208163643171 32.01229213293057
880 118.92185776742947 32.07966182830004
881 118.77930422233396 32.106689428623234
882 118.86509660922158 31.598340027894952
883 118.64673625010984 31.68023887820873
884 118.66549959136493 32.13190838154103
885 118.57962037740063 31.725351511631807
886 118.88111362054234 31.690295749556334
887 118.8436705271386 31.949096862629073
888 119.1978180393437 31.902220238296938
889 119.05435325091918 32.12425827695623
890 118.99733154649425 31.61828173968831
891 118.72912248373902 31.798857367741373
892 118.66804193449597 31.808049396314114
893 118.9714713007262 31.840505819591595
894 118.66043487548896 31.60836309010921
895 118.5264859622643 32.04194140161887
896 118.7130742464216 31.604626931736004
897 118.86060087400895 31.832949195582017
898 118.62390350569102 32.32308370862561
899 118.57642968322831 31.72507135775353
900 119.12601335555571 32.14839253686743
901 118.82487335756194 31.98742878442582
902 118.52816844859619 32.32701923695639
903 118.66792916885146 31.953274017962087
904 118.53527335184322 31.757134856316387
905 118.68969040424928 32.39984921806216
906 118.79241991772217 32.162047296609785
907 118.58358427789071 31.706078933752327
908 119.13891368716422 32.03321463848542
909 118.83322542174987 31.86700097973502
910 119.0881094949284 32.30975499539309
911 119.07143636939966 31.735220782469682
912 118.59480370353184 32.10639259974585
913 118.54161877453883 32.35674822932804
914 118.90195334756595 32.346649131749
915 118.51416850625999 32.31261198814247
916 119.06441370004937 32.12051115756271
917 118.70838192870522 31.840953513427337
918 119.03266543763137 31.65013392736504
919 118.63009628264005 31.740619378175
920 118.72468403516395 32.3099659543368
921 118.94294310989271 32.151185109841556
922 118.66133452652257 31.661161322747034
923 118.66675015145198 32.376299971408905
924 118.75354704457787 32.00128722941442
925 118.54130580865436 31.74841750323623
926 118.99478484767447 31.976843851342117
927 118.57313112173982 31.942729409012482
928 118.66095941854118 31.77161217282579
929 118.5479533615701 32.10311607340174
930 118.82533450316038 32.027783046747174
931 118.7041096050335 31.8119940260926
932 118.8527786506738 32.22031628319956
933 118.94877421979446 32.02941145895892
934 118.63469779334663 31.881123440973557
935 118.74082524572093 31.721642940450714
936 118.87494781303602 31.99486639635863
937 118.67372225054893 31.722374670420184
938 119.13357969617789 32.32772983254933
939 118.54775151149713 32.028058083424206
940 118.60642147783729 32.33069269976693
941 118.70638256807622 31.8592064592757
942 118.95068535376976 31.94854782091948
943 118.54629189363243 32.022651357358626
944 119.13263807330225 32.303830776354545
945 119.11766372336187 31.704253304336152
946 118.95451311273541 31.91488056228843
947 118.75373519832887 31.677191810802153
948 118.6887257199308 32.364982310312904
949 118.72340772652417 32.243276927961574
950 119.12446616835628 31.935470394396468
951 118.86939802078605 32.1242387671619
952 119.16443163051368 32.053309452253075
953 118.85075181767839 32.0815404776997
954 118.64433104346195 32.26313734146079
955 118.57608196376749 32.3757409935377
956 118.96401301937327 31.663809965866264
957 118.71649950572724 32.04590491562026
958 118.95065236670658 32.327436823091475
959 119.16526947324881 31.921618973519955
960 118.51654524216076 31.79050514127824
961 118.56866863039907 31.691714629016012
962 118.73159655338686 32.12098410211059
963 118.70812358160394 31.75120050319951
964 118.76432955406817 31.88636112582789
965 118.81267350898706 31.89812038988871
966 118.78142891738462 32.08878914788058
967 118.55995013496495 32.38085943604651
968 118.73008346643887 32.40173471798721
969 118.605941260569 31.837238545406535
970 118.61699473842364 31.812257266312024
971 118.9156141197386 32.17820792429225
972 118.51924703433541 32.157684682632855
973 118.6807891748141 31.831690775915487
974 118.93521195297785 32.36203212796711
975 118.69171502022135 32.242550553811355
976 118.85159399278328 31.745696322056165
977 118.8238767060158 31.998453606639252
978 118.93028870009131 31.651763816252423
979 119.07553461625213 32.03448853000489
980 118.68351310165592 32.04451094578874
981 119.12861872926042 31.758682001710604
982 118.97065577484425 31.65757771495889
983 118.78394291918698 31.72972333799458
984 119.08738676601008 32.02010024300339
985 118.78098130862865 31.64428765740828
986 118.9829360132925 31.751090857478403
987 119.1137744509555 31.75153873748553
988 118.68834613765418 31.913417442987974
989 118.8421688488741 32.02034814922318
990 118.77360318631605 31.878590638468282
991 118.56927907022349 32.10068174740433
992 118.57567186533387 32.32728976964164
993 118.56737015224842 31.79319139863208
994 119.12760406702863 32.389823505617954
995 119.12545237939686 31.867367339853924
996 118.73760888081254 32.09476439210362
997 119.09831606132214 31.886640605478853
998 119.16558697176353 32.15255685662928
999 119.02818772133065 32.29061490589962
1000 118.66860618220481 32.23770460814733
