1 118.94198065996002 31.95135350767771
2 118.8942608717025 31.620676553773674
3 118.61009192890307 32.04221812050245
4 119.07212090672493 31.95427416238127
5 119.1881357263591 31.938485820083432
6 118.94660832228146 31.868144160859284
7 118.90001644471893 31.763838174253447
8 118.60567421214982 32.089773508524665
9 118.69399438764506 31.840728962477048
10 118.75851653339684 31.81581939584776
11 118.63425405505917 32.09550099585447
12 119.19608148242638 32.0261277159697
13 119.14683714944827 31.705214756019366
14 118.76124834303953 32.01191029643448
15 118.60180949625537 31.74630043088248
16 118.7745149298316 32.232888905849066
17 118.61041376469538 32.28961911662513
18 118.87856964564638 31.99424849446133
19 118.62639887129957 32.27487950362343
20 118.53029366134304 31.658188449502212
21 118.92505613837159 32.002536175065885
22 118.76853214226585 31.648397165624697
23 118.98111594011523 31.944705498840168
24 118.86609186558881 31.67629255669072
25 118.93861851297392 31.706994734340945
26 118.71923524363726 32.073690778213255
27 118.90585039825969 31.787387174794386
28 118.84115319981079 31.681136339204745
29 118.91529447712944 31.77450631619618
30 118.5112038257063 31.88031250165273
31 119.17623941757616 31.96647901140359
32 118.66599700652306 31.757880674416256
33 118.55696002629708 32.114491035846406
34 118.70760279526749 31.98429923433624
35 118.98236809132133 32.0051730415459
36 119.15488227817784 31.91095457022126
37 119.09213957834952 32.230581486436314
38 118.72513275342949 32.06507408124505
39 119.08200792734493 31.729203495808065
40 118.53684019575198 32.156674740598504
41 118.56224020255452 32.37060075966227
42 118.62696717217301 32.00335301098415
43 119.05053936278377 32.313038974881664
44 119.01098377731704 31.874618442088103
45 118.59462103865256 32.056887904670965
46 118.99475304072661 31.94146289009516
47 119.0337127317522 31.94947055391806
48 118.6293045949212 32.224236332888374
49 118.96908897397189 32.027236365536176
50 118.78405783607468 32.36562593983571
51 118.55381785897572 32.041053311048
52 118.86251914274936 31.670666250653003
53 118.84888971984783 31.891633361702336
54 119.11454134570018 32.278405862417074
55 118.89107376724766 31.927689423246473
56 119.09116440563866 31.62157236764702
57 118.8237887720519 31.7999675779908
58 119.00400289272393 31.649537348077466
59 119.17549839397867 32.39383401486254
60 118.51381965888889 32.37889012486153
61 118.81361622240685 32.2462092543099
62 118.7997553472797 32.08409175803299
63 119.03910425629208 32.205526876472206
64 118.5104670252375 31.738188574954375
65 118.90431885419979 31.834586801617117
66 118.69253038549658 32.01798471858279
67 118.83237572972926 31.88613014079251
68 118.99692670280318 31.637218838758173
69 118.94266055133835 32.38697783708034
70 118.66974828230366 31.95482389471103
71 118.64309134036442 32.005749151433754
72 119.09444616723017 31.862810594119487
73 118.85571904215726 31.808783747545785
74 119.18552196633878 31.90573431603071
75 118.96008138317742 32.26749458750842
76 118.65894829153976 32.18923038072971
77 118.62028588500709 31.8969924527427
78 118.72321285634983 31.608727067391975
79 119.03764193977041 32.232900994716495
80 118.82654295381278 31.818328402632474
81 118.90344963644557 32.0671576928276
82 118.9181548313898 31.61685417429554
83 118.6198361693571 32.130143097698884
84 118.73860601179543 31.903271943257426
85 118.70215664182375 31.99547320625229
86 119.14891867049089 31.930097880186075
87 118.5100773719307 31.880459403259817
88 119.1752887623338 32.040539733689
89 118.60041761102705 32.3801621801042
90 118.88043189237423 31.68939953410149
91 118.6878472270365 31.858247580901047
92 118.71397121428275 31.631956909512528
93 119.036503762009 32.1965607717255
94 118.98573169868871 32.12606049594204
95 119.04004509859746 31.77444141994446
96 118.63261251874846 31.93273596489646
97 118.64213439695628 32.11268886133797
98 119.02717966361114 32.124881876041385
99 118.58792164862314 31.73227610876484
100 119.12895895902186 32.30183528400755
101 119.14174274842809 32.226972043855085
102 118.85433967755186 31.70813265716714
103 118.99337080807446 32.29245585841161
104 118.7302033906791 32.20510174360231
105 118.94837816558059 32.238966315842646
106 118.52011314394873 32.03583112963227
107 118.65260489497814 31.776179989077736
108 118.81668492363852 32.33445766455827
109 118.84093976422676 32.071300234793284
110 119.18817206171514 31.876081852828133
111 119.20438334681698 31.813591549755756
112 118.57907308054831 32.334479472018245
113 118.69094926828576 31.93637655717379
114 118.55505624468101 32.029530411098335
115 118.73738624823645 32.08583806187687
116 119.16742599846707 32.25968410611099
117 118.90055882500843 32.09282298177456
118 118.52455029456378 31.740460607382893
119 118.86524531939294 32.068957562447395
120 119.15361486059899 31.99557117148069
121 119.18460505527739 32.04210508510004
122 119.1394036404515 32.15830216498362
123 119.03567043576956 31.799331776502868
124 118.67377740338159 31.752794861249843
125 119.12888772836301 31.690164492159187
126 118.7096945207758 31.8233241135377
127 119.10890109601843 31.607302192767424
128 118.52791129768862 32.10189385687569
129 118.53827100398901 31.831666291702547
130 119.06309934808634 31.754341370262896
131 118.5761304556606 31.675633949735616
132 118.80597362567953 31.82874026344775
133 118.73977172342117 31.769120264380692
134 118.69422875424767 31.8305330945707
135 118.75912465226563 31.975358654639344
136 118.83817364905474 32.043289550382596
137 119.09250726818544 32.27736134942403
138 118.93096268079421 32.3894237112809
139 119.13644888351294 31.637386400713385
140 119.0847137346119 31.788284166028298
141 118.60124126913607 32.11408870559057
142 118.7942198364681 31.731177672281092
143 118.87263815111885 32.29879231762562
144 118.67832875676885 31.776963642119593
145 118.89519194419381 32.18950728694261
146 119.18301282685192 32.11857920451746
147 118.6543558250698 32.23934660571972
148 119.04805597770961 31.623195215206568
149 119.19629495215698 31.792898868178156
150 118.68001306847249 32.16442653646721
151 119.09849126217625 31.672283903425747
152 118.61744885728905 31.62269254155128
153 119.14855706596524 31.884989547623217
154 118.71367478923804 32.069584360901274
155 118.69548299298457 31.64111861816284
156 119.13530490605753 31.653534426091742
157 118.70622889280723 31.628757021573406
158 118.66041442493871 31.92058087665453
159 118.71702317250927 32.138375639206586
160 118.97575025752943 31.76072708487382
161 118.51560986804098 32.299380766900384
162 118.61113580174937 31.95178730895722
163 118.57740783019139 32.10035084815779
164 118.86671611608058 31.83384202210596
165 118.53489438040943 32.09163016691987
166 119.14241640166686 32.36611623410515
167 118.8314065968094 31.958623648213106
168 118.93079356144867 31.768261916668543
169 118.63944557104276 31.940200134276868
170 118.98822914245547 31.95657209448073
171 118.51403583286721 32.008568051633986
172 118.55832624836903 32.02125931537527
173 119.13689625598649 31.63389534547868
174 118.64771468319508 31.72619735984156
175 118.8470534423387 31.959353782637734
176 118.86954577776694 32.166123907421756
177 118.63066713461369 32.22351884882514
178 118.91024049564487 32.22038437575623
179 118.68365902558449 32.00231856506786
180 118.96054715839162 32.368674734347124
181 118.68318051154823 31.866851723685723
182 118.79937028913389 31.98810706283914
183 118.84903418496955 32.1985865967435
184 118.5119322362944 32.28530816908164
185 118.56838159884309 31.93116353606334
186 118.56497391010473 32.27987671114902
187 118.81047010654065 31.955685869790713
188 118.87981650353616 32.1742805476436
189 119.18022505530968 31.60992951981783
190 118.73954542565569 31.616781855562746
191 118.62669359553526 32.35056646850075
192 119.17728807141562 31.688482330177614
193 118.87366952572731 32.126320717166735
194 119.17116103419289 31.81940359976842
195 118.74761998487187 31.764033465609717
196 118.55332764769203 31.911333095587466
197 118.81787631005595 32.34050935024596
198 119.19199014013921 32.059664732502206
199 118.5477900502711 32.32987640977667
200 118.83048988751858 32.16662667833843
201 119.09779941517871 31.999012925322003
202 118.64638790511978 32.00143446639259
203 119.051840690284 31.773780693883637
204 118.54470595811225 31.601663431853137
205 118.71853277811225 31.935080983765925
206 118.62165839219078 32.04874785498307
207 119.18351600201427 32.301554602167734
208 118.92222251357617 32.136919225107036
209 118.6983725554664 32.275267281373516
210 119.14590546942495 32.33975214598576
211 118.89241049201355 32.3494716272013
212 118.75095734987349 32.25100462712003
213 118.99234500223426 31.7051906161223
214 118.97310223548214 31.876368510017016
215 119.18016554750565 31.76576979516821
216 118.5472764220756 32.29268092437035
217 119.11166353973604 32.234457059843265
218 118.95908843261947 31.883863566723974
219 118.60912112299859 32.057193564795966
220 118.77701924233429 32.24609838632632
221 118.53868211023986 32.26875639655429
222 119.10658249748182 31.768087796774612
223 118.57279309514252 32.184649798781464
224 118.65284229552076 32.23848869698175
225 118.99578600922435 31.635269078850907
226 119.03783611232348 31.687064348378332
227 118.65641175385586 31.952297029178833
228 118.60711929506779 31.771625336572967
229 118.51737513041466 32.29997324780883
230 118.55101504859874 32.179834965655225
231 119.11947424378717 32.17283890723772
232 118.62922420742797 32.214688139138175
233 118.78497876875554 31.865032287859076
234 119.0408175692683 31.791292013677772
235 119.18943148933111 32.10381520088707
236 119.11074364836905 31.928876184446732
237 119.1471556451165 32.3462525141911
238 119.08018127693909 32.1129175607401
239 118.7410807562394 31.909995119332315
240 118.95188974664356 32.28472663264324
241 118.99723740971146 31.907026342578963
242 118.7894036985254 31.737605252092216
243 118.92524298463567 32.2269715527371
244 119.17826764655057 31.983076841036155
245 118.73261833155267 31.810182198195843
246 119.14427223216435 32.15294700023125
247 119.19129249056017 32.388419497873514
248 118.91180503251454 31.801834915875183
249 119.14008513941538 32.23121450067642
250 119.02286158676579 32.20848798634373
251 118.99882825404896 31.700679649162375
252 118.578062349313 32.27383983486459
253 119.02291850895682 31.968721837817
254 118.62413491929938 31.699552747757377
255 119.02788474871473 32.029875581009065
256 118.53963995670965 31.843781567502678
257 119.11787658552672 31.73776837556977
258 118.6285847186576 31.66239617477411
259 119.09684941688114 31.759892915946683
260 119.12293418013304 31.943849840445008
261 118.57016672177517 32.11273596251832
262 118.58123889228975 31.666775134503236
263 119.18184035190016 32.17377089271275
264 119.19241838889 31.681742251334423
265 118.56545794577889 31.73445420431539
266 118.94595747918925 32.175334431165474
267 118.75935131987171 32.30341437505481
268 118.54164770621455 32.38571748080635
269 119.09542567937001 32.12407958882075
270 118.9650782523361 31.98069185225976
271 118.5471250099867 31.672173220983115
272 118.81361614594002 32.04880201023157
273 118.78814329794162 31.746731224899605
274 119.18885933063612 32.01235161173359
275 119.1931312447206 32.08958768849416
276 118.65942597745953 32.26459925935524
277 119.02778474117734 31.85758871637949
278 118.96304818068624 32.39503305578304
279 118.80616126338346 32.392315266612954
280 118.90559631448293 32.25982247449819
281 118.78375754488681 32.15580377223446
282 118.5287066777938 32.18948205988974
283 119.02626297130611 32.302884170042034
284 119.05639097969542 32.35706558486923
285 119.15231990353 32.28265387104685
286 118.86525672463468 32.110326476914764
287 118.5448733672925 31.657207294021365
288 119.15479781933723 32.10306201843647
289 118.67946554827512 31.88587722679093
290 118.59531536339831 31.728436169545912
291 118.60863376054124 32.31373937246726
292 118.91282070725511 32.259036102722646
293 118.77381912113472 32.0132249215717
294 118.99069006136881 31.967020705329034
295 118.55667525359895 31.99499875383657
296 118.51052154713746 31.805663959634646
297 119.17230933145497 31.925520761389432
298 118.55899270997845 31.947951311825165
299 118.73969749151608 31.61254348453946
300 118.51659543317263 32.31615363887036
301 119.11449197236007 31.621775099388387
302 119.09199093114992 31.9013507263245
303 118.9088378821714 31.678529743734934
304 118.61273785087369 31.760197202394256
305 119.06189941998699 32.35627447927948
306 118.54501257649977 31.897074935424733
307 118.82001953077246 32.18218833819088
308 118.72023069469326 31.70060401599339
309 119.20306581859765 31.802926638617834
310 119.18116067186713 32.29999502739395
311 119.08333385603966 32.32312591398881
312 118.81492759227646 31.831986035590866
313 118.85514866009456 32.37746957094847
314 118.88761155535107 32.13912753524473
315 118.88556766847397 32.0022271981428
316 118.62718492993673 31.900453332746125
317 118.6458455800919 31.870648656008772
318 118.99438998161487 32.365463794460034
319 119.08924449555455 32.15154405532104
320 119.16921570104529 32.02287435401994
321 119.03039118594765 31.63473063068085
322 118.89034229631787 31.796266789641482
323 118.55893595415652 32.350712130322016
324 118.55928511860387 32.04581317024735
325 118.61015840051301 31.88380403971469
326 118.99382253114248 31.60803911008877
327 118.69363843347976 31.80068649313752
328 118.79636700002156 31.805289947437345
329 118.6110229573842 31.736978354601845
330 118.66002285100305 31.87676171313848
331 118.76179203866263 31.760233426775848
332 118.92818081074212 31.656405503363274
333 119.1909169144081 31.678119680758606
334 118.58913730968595 32.00251221942835
335 118.70283230289239 31.657532099437987
336 119.19647741654934 32.34655665696744
337 119.11583274543872 31.76353275684812
338 119.16736533218693 31.979983442415964
339 118.86696034490286 31.93355423728446
340 118.66704424517515 31.836797140195728
341 118.64557808640063 31.857783955926127
342 119.06044284443401 31.772322394331525
343 119.15197530092426 31.82349220696551
344 118.93072421361455 31.689871492163608
345 118.98708013213975 32.152933119092374
346 119.12263032426445 32.114101784826644
347 118.68188332112874 31.852287270418312
348 118.90767642635927 32.30775562852635
349 118.89342120187213 31.905694615452035
350 119.14538744845649 32.09300105300349
351 118.72717755985222 32.01192501858903
352 118.5974138474306 31.858062253360256
353 118.56763656748328 32.34677642392301
354 118.69890004081694 32.27646602516619
355 118.54496273445776 32.27032518300251
356 118.72156665492966 32.36144200394995
357 118.90233847163103 31.607331323875673
358 118.8086304393825 31.990427032241534
359 118.94972917867176 32.35074275266203
360 118.86688318805817 31.70699796545351
361 119.03312787712012 31.797263758664677
362 118.81563221637977 31.99994139509573
363 119.04191799195439 32.13731453100355
364 118.83384646658406 31.864652329447818
365 119.01055474187804 31.84435012034348
366 119.04211855253888 32.22059974641601
367 119.09648322198346 31.622931901304025
368 118.61481315297445 32.22804548659217
369 119.0065207821047 31.94584844617162
370 118.51144948644344 32.102431932233564
371 118.78085869705804 32.16723975617169
372 118.89956924304 31.682453122265002
373 118.52236808333605 32.321195579083145
374 118.52858300540775 32.2552207038202
375 118.6636987862777 31.902989479938036
376 118.75500312206027 31.755088634391534
377 118.99327169072474 31.64996269974988
378 118.63437288113116 31.84933165396574
379 118.77695635239675 32.173529582726076
380 119.13465546602623 32.25258062321159
381 118.72907589846254 31.860798257538452
382 119.03451565277594 31.77277458645947
383 118.91071700172888 31.866428442791946
384 118.54113057119231 32.37124897023648
385 119.18169633046453 31.677192936689902
386 118.57736954454256 31.734973856964405
387 118.74208419670336 32.15476475807016
388 119.16427417884438 31.715627726256677
389 118.67119030485742 31.816657871109726
390 119.16504691876487 32.24481294508948
391 118.96338837814903 31.839337171780635
392 118.62923480401376 32.07691739474654
393 118.59604026353756 32.05557004827766
394 119.18571490542824 31.811999392183946
395 118.81475939564132 31.79813535065763
396 119.01650967465268 31.835523848014986
397 118.59295612500888 32.30186887134279
398 118.85013868375779 31.618470651724103
399 118.57065978533213 31.674795685984986
400 118.84923573723015 31.865729482499454
401 118.50676499534185 31.77768672703257
402 118.52729099463032 32.046996984126324
403 119.13710561984894 32.03051492258749
404 119.1154924345692 31.99598409598102
405 119.03850084374452 31.839004438621085
406 118.86631696013669 32.004681807863854
407 118.6173004837987 32.23300726101513
408 119.0083325747328 32.25148588699299
409 118.64605159371263 32.02076839516974
410 118.5390429278487 32.24836646310424
411 118.7191972691587 31.634551359255365
412 118.90778106688056 31.728833018982748
413 118.91104958259099 32.19725090762811
414 119.08084475133772 31.909693245405123
415 118.77155600066439 31.85558162884623
416 118.60558178241418 32.060642090347464
417 118.52629350246646 31.89791508841207
418 118.63146004430264 32.32919413998096
419 119.15249179985729 31.914617071227745
420 118.53070933856336 32.269965472115075
421 118.94949318507344 32.087663883124826
422 118.8124964905811 32.32598050514241
423 118.63454899449411 31.984892019069694
424 118.97940606041442 32.367906976841034
425 118.9163136126604 32.060121201633805
426 118.54836406033269 31.62383111193939
427 118.96721635203728 32.18864713093953
428 118.55148508756126 32.28574467037933
429 118.66318083436394 31.67852545264693
430 118.89476849506285 32.366036675960366
431 119.0044047179972 32.0515719566227
432 118.90298647861157 32.1895024173376
433 119.12624783174628 31.78077124367244
434 118.99234850334668 32.350763095943265
435 119.17744670291994 32.11570633347834
436 118.69118275633198 32.03447502977335
437 119.18732742924935 32.3675105565967
438 118.644279642609 32.0466623784632
439 118.63466220853921 32.02012803106306
440 118.62777416833465 31.638392245397647
441 118.58251837243651 32.03547038446594
442 118.93510805842054 32.19272907301397
443 118.50462023961998 31.89194327016971
444 119.06795158635997 32.13910199862073
445 118.9190195785099 32.052575691324996
446 118.70672779364764 31.765780875857285
447 119.12574687110919 32.03483451777915
448 119.08883297169385 31.981657114077763
449 118.94200472478141 31.875071937612944
450 118.55681441074704 32.13199419687106
451 119.17933171356675 31.651391342058123
452 118.9289045772894 31.900707420503785
453 119.1221292946497 31.943734645706236
454 118.61245071688701 32.383824941941334
455 118.52275333463203 32.16017129725695
456 118.70923988469934 32.09791633965295
457 119.0417220784877 31.722831448879685
458 119.07876186376933 31.952219403957947
459 119.11730776584987 31.8996490422974
460 118.74138387531106 32.354295760569464
461 119.07162611569291 31.961505620447923
462 118.60878461650542 32.283403284368305
463 118.88296338983449 32.12144266082428
464 118.5353118995621 32.30484328749455
465 119.00034662017319 31.60127058832455
466 118.74677157626577 32.34217926817446
467 118.57448326070103 32.357845155614065
468 118.96100277910863 31.726945488074918
469 118.79401924981774 31.652659913886644
470 118.72376811258677 31.854856974433833
471 118.75312095044494 32.075319637319915
472 119.03444321175951 32.02131067658164
473 118.79053745798151 31.948113000598784
474 119.11455863053001 32.33848922552416
475 118.60696397940916 32.057651099806094
476 118.77265954206612 32.35141430924895
477 119.10495272869649 32.05873581160783
478 118.91022002622061 31.747016237473787
479 119.00667905052718 32.387930863842655
480 119.08360779514216 32.39447236884849
481 118.87334328338336 31.960228239980005
482 118.5865414997579 32.20834761957279
483 118.72721197349142 32.11242390590548
484 118.67995549139206 31.75315893016057
485 118.60450156514598 32.06238623345157
486 118.92619578192405 32.12017291340552
487 118.6497274142882 32.07393690997022
488 119.10420832719532 32.0279984588425
489 118.81942183454959 32.071380660133336
490 119.06452257450371 32.16230180460351
491 119.09319360629377 32.21790680787796
492 118.96604062456029 31.669687826604502
493 119.07319654985905 32.327735078916774
494 119.05668914039133 31.96281259716341
495 118.90418308359345 32.15719950132187
496 118.72763255903642 31.906418876323396
497 118.78786052228641 31.639330036117286
498 118.71745379127266 32.131716119005276
499 118.8392443674104 31.89431320450907
500 118.77747910641769 32.04529030577675
501 118.73729043674852 31.813262890668298
502 118.57802020519088 31.76329907170376
503 118.78628478798257 31.833020825683125
504 118.59595726588891 32.27452622088263
505 118.755848016367 32.33660777850057
506 118.57701108915609 32.382600438696976
507 118.77195398646012 31.93163339849883
508 118.87431870369774 32.22091909784202
509 118.54858511493414 31.72928406596335
510 118.67827154358051 32.18872570886785
511 118.79796061271662 31.942109865288113
512 118.68897487074958 32.27991425295195
513 118.89613754285442 31.756805868596697
514 119.06726695829025 32.25637834501013
515 119.05355301841443 31.659595939920738
516 118.65410762621207 32.279795445629986
517 118.63889480530558 31.9399862016698
518 118.88883100326494 31.710815505971443
519 118.75762951754885 31.843671292875705
520 118.52979764059081 32.169073575840805
521 118.66074355310215 31.95867167031672
522 119.17301280400525 31.78767109039738
523 119.1721468680731 31.792168068465973
524 118.74835856437944 32.15182325986795
525 118.53101379266731 32.11397141368669
526 119.06210179232235 31.653070928510314
527 118.69251914233372 32.25238191278149
528 118.5331624437017 31.713622673647148
529 118.6705201314844 31.792140338100406
530 118.60355224024038 31.609847539037894
531 119.1347018463299 32.008594899006106
532 118.63096170733539 32.286859258941085
533 119.02441718823971 32.33793950369906
534 118.59800097373885 31.968264657024207
535 118.55476228192245 31.68229096859974
536 118.7586878462228 31.98384175243399
537 118.93105542841634 31.83553445223908
538 118.87310706370235 31.85103854118601
539 119.08576712937189 31.79506174714405
540 118.80131417130032 32.352962388425205
541 118.93327287197367 31.91887868286085
542 118.53803490932853 31.60353953662446
543 119.01766726288426 31.998351991391484
544 118.98244033866125 32.15854083242539
545 119.065753533885 32.25288710820961
546 118.57556442471216 32.198121725493195
547 118.82856619929319 32.16242491228768
548 118.96124620922991 31.761284445331825
549 118.50220265657853 31.882176275640546
550 119.10089590420193 31.970649059874773
551 119.07310604140552 31.7150784675551
552 118.85996140327693 31.94300006481302
553 118.74005185141394 31.680976331694037
554 119.00515152016193 31.6715994536109
555 119.1205506776968 32.26590434023565
556 118.84114612289453 31.739329598482197
557 119.11576888899312 31.977042066431327
558 118.6038954205368 32.0965107102978
559 118.73047246327789 32.353578144328125
560 119.00215466040751 31.846070986707282
561 118.75799051823016 31.750590889997106
562 118.86195797565242 32.30558043593272
563 118.95706507717884 31.845744622344462
564 118.91825762331294 31.8176030312303
565 118.7991787428189 31.720350698662504
566 118.59979508832122 31.95548947218587
567 118.7895476473452 31.784973326153512
568 118.65921113959243 31.888266890331224
569 119.06582085103713 31.870133603673434
570 119.05532850113435 32.100134508846786
571 118.65352402222392 31.951445767097063
572 118.90797817991066 32.13452709782347
573 118.96218980466593 31.83823008465719
574 118.8047307830842 31.86288390166363
575 118.56113381456426 32.401527267167445
576 119.00850756604126 31.78636960089456
577 118.55787911581805 32.21265568591745
578 118.973807190318 32.15204391895622
579 118.56063508800202 32.11601543966056
580 118.91674852334958 31.697804402262445
581 118.69334296775952 31.604987143227625
582 118.7799100205062 32.19691212569441
583 119.19103816907685 31.673090353046387
584 119.16181545904738 31.79604026918096
585 118.9021833377786 32.391955204877696
586 118.98469353155625 32.368819990833586
587 119.06744366585181 32.33495094686207
588 119.00159406339327 32.065717499993866
589 118.5899395401085 31.972948853309827
590 118.81882871315553 31.971121130530165
591 119.08482887491839 31.87281410176756
592 119.02141917393907 32.37592340569581
593 118.65776634835913 32.25020980196717
594 119.09973423732926 32.39552986001815
595 118.93088929312258 31.833538098638957
596 118.7022125238615 32.06595593084724
597 118.53854958576818 32.14216641591086
598 119.01591688283428 31.906476822240332
599 118.803893301728 32.063990163933845
600 119.18423336877848 31.75724122149033
601 118.68103412045998 31.855927128160396
602 118.54906458063635 31.709055193486947
603 118.66985003060796 32.11544303698666
604 118.78621319899932 31.864339427765113
605 118.52580376994614 31.938396152705124
606 118.76898532577852 31.901059310328254
607 118.67277724464525 31.643510710849252
608 119.19448127201846 32.31573036706694
609 118.61947054673068 32.18191781514606
610 119.09886322580488 31.85976762281815
611 118.6162346652351 32.32203904748084
612 118.90662302713517 32.145618552765754
613 118.96191344549673 32.393495187464325
614 118.87685639585727 31.970398157903663
615 119.16227757261001 31.688618049424644
616 118.80367715736722 31.698458243421697
617 118.95562753605078 32.20050508245489
618 119.10728949705386 32.06418757028678
619 118.66417943126751 31.777016029184413
620 118.8771621895288 32.03476768775586
621 119.18516901181158 32.02306552928325
622 119.03011290708604 32.29105592027282
623 118.99591850393827 31.642393476321445
624 118.77430645975771 31.69261042601995
625 119.1000022764393 31.949258796181116
626 119.08748546073458 31.70838193137516
627 118.80951209504202 32.3922520916534
628 118.89493827258524 31.75893176698403
629 118.97868724565335 32.09333887811512
630 119.0489484630134 31.95595640577704
631 118.81523329640736 32.22569057485958
632 118.73710977723215 31.638849415670226
633 118.5957262954605 31.853661123089818
634 119.00648496808064 31.976725132366916
635 119.02712486663643 31.68757844985819
636 118.63513489426788 32.11006970314454
637 119.1040097793223 32.02904757120125
638 118.61015379644884 32.26149134732388
639 119.07482717973616 31.955548914857616
640 118.59054704373351 31.840460320568056
641 118.95235448318527 31.847978814452162
642 118.86243687310659 31.790187745353137
643 118.59798942391755 32.34621696292836
644 119.00115501844343 32.23695660302682
645 119.0393413024555 31.877928706677956
646 119.12285755043277 31.957672186726782
647 118.84236435977937 31.678043605652924
648 118.86458008509773 32.071952315390135
649 118.95741654522833 32.185441452629384
650 119.12843274845288 31.78256922467838
651 118.76761171173533 31.95592035079469
652 118.97992104209871 32.138566365728295
653 118.91838589181565 31.95739178781437
654 118.62600774001513 32.04383055022993
655 118.97649506324956 31.758780637413167
656 119.09179663042953 32.24107401235782
657 118.82858586099313 31.681785303481664
658 119.17017603773496 31.973034541225257
659 118.88555699027546 31.82926835525538
660 119.11648029562332 31.681140587185887
661 119.03241866787475 32.28816526693535
662 118.79151461653724 31.759698432926278
663 118.71883711716082 31.97295297242133
664 118.77309242848654 32.088065827197106
665 118.74474358354928 31.815807106631503
666 118.53666947493751 31.98822002885552
667 118.51443484841272 32.02554630406473
668 118.78266632446636 31.95922519291173
669 118.62753839332827 31.888621201598678
670 119.0873177526583 31.801179566108754
671 119.17744191897106 32.33022996959973
672 118.70079923303733 32.00914438815867
673 119.00122920259014 32.15587679363377
674 118.76009061181786 32.02608637369863
675 119.10562315672595 31.836829571112226
676 118.81124781510267 31.982401772045307
677 119.16210249693897 32.25863339640545
678 118.95981729023076 32.30077560484122
679 118.58243184371902 32.361342996382255
680 118.5880213578793 31.77190056983372
681 118.78741087881636 31.881671896567966
682 118.90048650588452 31.690406980356173
683 118.86789978998819 32.394284313030965
684 119.1083983260246 32.10292871233396
685 118.50191026263673 32.16452757845442
686 118.57975828028941 31.950467204473785
687 118.72193846694833 31.792356131846354
688 119.0995403750535 31.914570001482872
689 118.50900147716925 31.835001371607056
690 118.87930315765122 32.02406892003374
691 118.4976674403731 32.25103438057851
692 118.87999435813644 32.2660978400357
693 118.83573664815712 31.829433276353676
694 118.5944334829307 31.74220148825457
695 118.90924759726467 32.18207377861998
696 118.933777039757 31.94037255123799
697 118.81224795507218 31.745356119005525
698 119.0525833462162 32.0821116364536
699 118.54077124067983 31.68625266484582
700 118.72301178776311 31.677986992330887
701 118.83761736487516 31.61074580457444
702 118.7287705005435 31.762303323523454
703 118.58536526162172 31.98628899568389
704 118.58660846617872 31.733746800113774
705 119.04233085144178 31.654204945950344
706 118.68595023522282 31.995206017588952
707 118.96478323330808 32.32744041043671
708 119.08966989045884 31.610449171509504
709 118.70459258587393 31.782398747383944
710 118.62852741172165 32.32158813245604
711 118.90178177601827 32.10914162317965
712 119.06354858971834 32.26600335232092
713 118.75067585016508 32.32812634819929
714 119.08516487622067 31.77603399780992
715 119.19054107694541 32.192149258656386
716 118.95448851691329 31.80388348801647
717 119.12447756354297 32.35176815681933
718 118.56764325696862 32.36726218370487
719 118.76771880424796 31.72905816494128
720 119.10254423090079 32.25384162407192
721 119.01061985951178 31.64322049621176
722 118.57429418698194 32.08017219158317
723 118.66687416641966 31.980884386968317
724 118.73265687693312 32.081377053298446
725 118.93843689632516 32.20631030247128
726 119.02147829057702 32.294506309328916
727 118.84108097106795 32.0039813727368
728 118.518719878817 31.656718431013516
729 119.10910159357691 32.32715204083633
730 119.15073523122004 31.648246068252853
731 118.75172537126934 32.23545218874905
732 119.06325045527008 31.70246354564142
733 118.86575118362146 32.31873194482907
734 118.83124360036183 32.106677369609564
735 119.15504862512154 31.84354161036137
736 118.50347160185319 32.29184222898001
737 118.79182679131041 31.745036479593974
738 118.66091582846778 31.771973343657912
739 118.83147707954836 31.857953797207514
740 118.82415391045637 31.92758359595746
741 118.63527248142894 31.777635615533466
742 118.90098504062252 32.33102387908727
743 118.77536133640167 31.95074210833463
744 119.15652050856532 32.35678502875809
745 119.1533066580857 31.80606439589015
746 118.76244624748604 31.973082456771742
747 119.02771191761721 32.24005477030035
748 118.93407486128112 32.39441214164675
749 118.76727664296814 31.962786239102673
750 118.67968246010113 31.975527751635536
751 119.14444571643993 32.35317320573906
752 118.63658894478087 31.94566577838702
753 119.05234396952612 31.948813868225642
754 119.02942013865041 32.36382811311629
755 118.64618654002413 31.99459426934937
756 118.76155340069158 31.70808848072279
757 118.8108820345762 32.3567896973881
758 118.84712699904942 31.998001952154436
759 118.91823619593102 31.885225750512017
760 118.74420442581001 32.318610561578474
761 118.916927403794 31.61051293341515
762 118.8062423466703 32.36239385827552
763 119.16686525844091 31.66365374199705
764 118.98458185113958 31.660132221315074
765 118.8661397957415 32.34724070911129
766 118.89706650161118 31.979604900975374
767 118.578453178097 31.743680880768473
768 118.69122664271207 32.382903469803146
769 118.99356254727817 31.867048977738587
770 119.19236647779547 32.349202099448675
771 118.7217857848084 31.968659974011324
772 119.19975709006619 31.896921936148285
773 118.74824914805616 32.06093502945575
774 118.81236552293467 32.329707089175976
775 119.18394476495729 32.379923308838485
776 119.08014574646303 32.150566688498714
777 118.87242314045398 31.892842591032668
778 119.18649805350626 32.28985051718088
779 119.19350282286568 32.3402079010764
780 118.60794200716536 32.03191467255073
781 119.04699646058488 32.17284480148117
782 118.69042775816015 32.29812427295137
783 118.70928823965589 32.148319617840706
784 118.80601043528766 32.11475090800018
785 118.83358323213295 31.914267290186583
786 118.59802290237424 32.082917652068176
787 119.03611740275416 31.79413688348435
788 118.51968325075876 31.703349463922173
789 119.17178471250875 31.805472717868696
790 118.68131500490627 31.958980571990764
791 118.99837797254398 31.8749954105171
792 118.87738835536948 32.16261506785393
793 119.08192722104782 31.901962898296766
794 118.63778437869814 32.00449455602248
795 118.51742203566216 31.83116974524315
796 118.62103434248664 31.670878245170165
797 118.97880242058022 32.1723610810869
798 119.06959331255003 31.776613162578762
799 118.61154786572801 31.97292658027704
800 118.90545809749798 32.073599094221464
801 118.5389490257325 32.13767808578921
802 119.07779910389968 31.93620989783692
803 118.56168634477447 31.823278193997307
804 118.62614276240812 32.31258118141589
805 118.95169247444295 32.11916094436786
806 118.823610148941 31.801288789585545
807 118.69386065508408 32.220100526219326
808 119.16301491356012 32.02849660781651
809 118.88742877331367 31.934299599572483
810 118.61345393503856 31.679466677001386
811 118.78987839104407 31.780727108939164
812 118.99482241195193 31.68538088143032
813 118.8185597642427 32.15327177828407
814 118.57360078764361 32.197639521218285
815 118.61779996010324 31.952258424813067
816 118.67372052092581 31.643926530416035
817 118.8832908755031 31.73553651017076
818 118.94780002904466 32.35737554763558
819 118.83554649277501 32.31504732713064
820 118.64650764939975 31.91860206780607
821 118.7404323826759 31.706062540965004
822 119.10730211241587 31.957482571905462
823 118.66940133590349 31.94784865181073
824 118.96119648506954 31.616631367554838
825 118.76367695219929 32.17336835384176
826 119.17441961030245 32.126021602125924
827 118.50095317999822 32.066243434771664
828 118.71907612559146 32.24676874575289
829 119.03144375826547 32.254998224163685
830 118.52298535977663 31.768158928462345
831 118.77148807214995 31.653258340856233
832 119.16265273499722 31.894029345734328
833 118.96672695827314 32.303567604578184
834 118.58154418797542 32.21965282828345
835 118.56370290977314 31.801496577953024
836 119.1644934285623 32.18825000420888
837 119.14964142099055 32.05536962189118
838 118.61880258727808 31.820524937738405
839 119.1057254516321 32.17821694468382
840 119.02830696455852 31.829215657251382
841 118.77810426996405 31.87447132809702
842 118.66749531982593 31.761968529788405
843 118.59143676731293 32.04757114893069
844 118.63850196108025 31.965160259411892
845 118.86363497215518 32.105636776948366
846 118.51962098418554 31.609592760869578
847 118.94490047781808 31.920122133217166
848 118.9251447492048 31.6328724972315
849 118.94473299032286 31.84655971272279
850 119.07591491917607 31.66843468677159
851 118.54058846585637 32.03245194530027
852 119.18151594773086 32.338112359560654
853 118.84767561165586 32.28127278121511
854 118.83371662631927 31.995025513662167
855 118.61420372780228 31.875636160987828
856 118.96109209343413 31.610199923808512
857 119.10809200308223 32.122811749996586
858 118.55246544724692 31.855996896941594
859 118.72046416760955 31.911531054354647
860 119.0413220107518 32.09852125056489
861 118.52418921193092 31.74855893093249
862 118.9051709567576 32.044321048669815
863 118.65908639892402 31.9630808678157
864 118.86962934571181 31.90108533279223
865 118.59876891668948 32.26644258256703
866 118.7499645128448 32.18518622812569
867 118.75130777342608 31.72400660709268
868 118.77979658513232 32.32987077320757
869 119.17965661736342 31.59833110728664
870 118.59514667663237 31.794128067855866
871 118.68824644532674 31.711436059418006
872 118.97562117468037 31.87284296875182
873 118.74724685609776 31.716174832755755
874 119.14067163301563 31.825486758928534
875 118.76078816536669 31.91760791095915
876 119.17432264059197 31.978155847263558
877 118.63003326336633 31.816687078377097
878 118.82320220470233 31.659024175533684
879 118.87057610021813 32.02951399486405
880 118.90285445991432 32.10314369323067
881 118.77708621731003 32.12356112743064
882 118.87173687485824 31.622615991139313
883 118.66687376006223 31.688927566849163
884 118.67556707020736 32.128289927601685
885 118.55384931042234 31.68433435989314
886 118.87757665640818 31.6556555474067
887 118.83883862112063 31.958645759835967
888 119.18283861603354 31.89986490702569
889 119.04748766688944 32.14075375218017
890 118.98708030117803 31.633709751793617
891 118.69978852497663 31.782924039331036
892 118.65478405958956 31.829202628891405
893 118.98325453676607 31.86393680531605
894 118.65336461985525 31.608045840341557
895 118.5478622775886 32.04237678321917
896 118.7298664877081 31.612353436429423
897 118.88458196894672 31.837177343906376
898 118.63505917686302 32.33183291446941
899 118.58350075592358 31.726691389615524
900 119.10647753785788 32.10621793913501
901 118.81989031586816 31.963943795553934
902 118.50597681185019 32.33783709841067
903 118.6715845499425 31.94562180633697
904 118.53085146879924 31.761054595292325
905 118.67666599113541 32.39193398805646
906 118.79659766918707 32.179863560797095
907 118.60377801032318 31.707900334586757
908 119.15552373477469 32.02259698732545
909 118.82743582500476 31.842464091066887
910 119.10598811570682 32.300568999755654
911 119.07521444230467 31.726301799622366
912 118.58475454647076 32.118084618035624
913 118.563176685443 32.36379205307885
914 118.8977507260621 32.32718745478626
915 118.51791166823959 32.321300228196066
916 119.04941181488672 32.12842270438388
917 118.7302225725277 31.84269498777792
918 119.00194997310234 31.660796611319654
919 118.6376691088351 31.73687307698644
920 118.72203776617361 32.31027284461352
921 118.95164340402557 32.164416109607075
922 118.6558595356564 31.682469458742165
923 118.64243568178372 32.37726139262388
924 118.74491956892771 32.004956282569744
925 118.50999458584158 31.738427229344552
926 118.98949531964752 31.980911711755535
927 118.58356189835861 31.921370350724363
928 118.66658365449176 31.767893536918873
929 118.53686450045193 32.10748550556091
930 118.81010959490455 32.0246161353942
931 118.68523103561976 31.811899078739177
932 118.8629695453965 32.23416582916336
933 118.97253332552049 32.03491603830407
934 118.63896457168076 31.871470676305254
935 118.73078521434607 31.726023205387325
936 118.8890557327276 32.00120408837995
937 118.6661180985538 31.720243174989765
938 119.14201761175154 32.33170117906221
939 118.5277316889376 31.99964758193192
940 118.60160063480046 32.32627564209408
941 118.7140655029743 31.856726211303616
942 118.9768149195653 31.967011823871555
943 118.56394734706134 32.01570569183891
944 119.12553758574916 32.31807796923019
945 119.13016982288602 31.703223996304548
946 118.95580225563363 31.92135178024519
947 118.76319275574905 31.6684091282836
948 118.69567067266381 32.33008396554297
949 118.74328582923482 32.2552109728899
950 119.11536151265473 31.91978732057905
951 118.87301780325876 32.13277371249934
952 119.15395884096627 32.03723205773955
953 118.84749360625995 32.08821313693883
954 118.64566616310623 32.27832035367125
955 118.5668204844239 32.389743922181324
956 118.97263992641268 31.664910387802305
957 118.70514386485233 32.05296763415808
958 118.94464322887964 32.321019230441934
959 119.1499219840445 31.913451556863233
960 118.50968132474576 31.80044245921489
961 118.5396652467302 31.70102484994849
962 118.73745615397911 32.10308318259616
963 118.7159040639552 31.773668303181193
964 118.77001781601487 31.905366456013493
965 118.80684979839522 31.91826672878936
966 118.78914948547117 32.101888592530734
967 118.56457063589423 32.36460489201758
968 118.73115709838838 32.39085305252846
969 118.58091642788554 31.84061247596222
970 118.64078326575714 31.81238317207968
971 118.91220399926 32.17509862541089
972 118.53875517918124 32.15261334463087
973 118.70084114826498 31.818308750735586
974 118.91857506391904 32.35920483008475
975 118.68772038772778 32.24508762634069
976 118.86338155622958 31.757916260281267
977 118.80818951780508 32.000585179643764
978 118.93293927945497 31.67378153649927
979 119.09232824785715 32.01191631498121
980 118.69882172038531 32.05343199830001
981 119.12108093866415 31.745132795300165
982 118.95506202644073 31.667230238372984
983 118.78784797293505 31.744667476507974
984 119.05817639873122 31.990746108681158
985 118.80060371763044 31.645430901150554
986 118.96554022449914 31.74116832793201
987 119.11473724474378 31.754556210013046
988 118.72010400735343 31.942756115308658
989 118.82746684536846 32.0296924715598
990 118.781256149502 31.889945704494778
991 118.58094203702818 32.120599185619405
992 118.57874924368531 32.34313376474048
993 118.5740018518423 31.786904009689675
994 119.11270228876208 32.39241023265155
995 119.12300861654128 31.86786748382133
996 118.73769298018345 32.08161289533302
997 119.1194526319268 31.87743901777225
998 119.1600958495001 32.14189181865807
999 119.03504513665563 32.28123830263365
1000 118.66130947023917 32.23996004648966
