1 118.94431295374783 31.959245318073627
2 118.89803190809688 31.635833098352453
3 118.62912902752205 32.05481260931699
4 119.05804420824985 31.964285861207248
5 119.16392736910753 31.96712837147395
6 118.94721441271135 31.868164059145098
7 118.90979970550384 31.753562791972136
8 118.61989557219955 32.0614196718367
9 118.69547167643195 31.837832024120722
10 118.74808130849073 31.834006040526962
11 118.62013600093458 32.107591500550186
12 119.20851140982778 32.03295767599224
13 119.14625048111462 31.72141623775324
14 118.760128760245 31.99079460174682
15 118.61817561687025 31.735860423472094
16 118.76266063996677 32.23517945306169
17 118.62948483070193 32.3104377297876
18 118.87393396722523 31.988880641680595
19 118.63906595359863 32.280068689686125
20 118.53948858241088 31.6898648680855
21 118.93234508218168 32.00754451858983
22 118.74792845143766 31.621502256592045
23 119.0075080713411 31.92600302378915
24 118.84110330717745 31.70313407756282
25 118.98002578544238 31.696444939640354
26 118.73973748723684 32.094975145593445
27 118.89169028120116 31.797646786378507
28 118.85664852916457 31.669316722690873
29 118.9150290120725 31.781543700368385
30 118.52499171784218 31.872218453934998
31 119.18520160323452 31.99442649038776
32 118.66044738817862 31.749735462243564
33 118.54836345571812 32.12378284157387
34 118.70298549814996 31.99996167188961
35 118.99260634142702 32.03330827009211
36 119.16803573422351 31.920427530761913
37 119.09778555727334 32.20658517297246
38 118.6990467437574 32.070803901201025
39 119.10217916027588 31.712627101248668
40 118.54076549317777 32.168648540640454
41 118.56796633096752 32.3730511670655
42 118.63378990290981 32.024737582280096
43 119.04853467734976 32.305376200271795
44 118.97280236063071 31.878231947324192
45 118.58234885287376 32.07504635073272
46 119.02148709883342 31.93533601297709
47 119.03068103434116 31.921418650845453
48 118.60673274014228 32.23508195242976
49 118.9689419993966 32.0249907358492
50 118.79195110901709 32.35146117744419
51 118.54443029115399 32.04308157457844
52 118.87740467554165 31.672982415645464
53 118.8433571167976 31.879959948671424
54 119.13328740252744 32.2849697778513
55 118.94127758424845 31.969092436857824
56 119.10742550236297 31.59827803960856
57 118.86776348518319 31.805075569536275
58 118.9817100876562 31.65684933948141
59 119.15875709344303 32.37916029843241
60 118.49943239105845 32.38078537752567
61 118.79013042818355 32.247134762591614
62 118.80534941929142 32.077926279931795
63 119.03935907669974 32.23236217123337
64 118.52212531513055 31.7490673045469
65 118.90145283107411 31.846781550825096
66 118.68750354053716 32.00493340964253
67 118.78328081651422 31.879536088255584
68 118.9701994769162 31.671645989940508
69 118.926086625853 32.341409044817176
70 118.65789660521062 31.97532061197767
71 118.60263023920643 32.01309984246686
72 119.07930855414193 31.875861560510476
73 118.86125832876441 31.81713061087411
74 119.16612817905506 31.897790200613223
75 118.97176392101609 32.27114151222985
76 118.63411293856447 32.21914518801442
77 118.61985054721222 31.870115609497507
78 118.73139322933785 31.632753658142647
79 119.04215637485176 32.22419328414588
80 118.84050906087568 31.806526282001425
81 118.8997521556208 32.07006822648488
82 118.912555261309 31.615202266680054
83 118.66282935892922 32.11822456253998
84 118.73409858181157 31.935023490835253
85 118.68971382369075 31.980823819281383
86 119.14619159209448 31.94133868314758
87 118.51366679609501 31.880161360092192
88 119.1838478681318 31.999162937627247
89 118.61208691307496 32.39106686298038
90 118.83302332237612 31.72215658471532
91 118.69249704266124 31.864611662457982
92 118.69617663972998 31.610970333707723
93 119.02512696806536 32.20144328703661
94 118.9860458622991 32.14046691218018
95 119.03900093506287 31.770429910735025
96 118.61761111895864 31.91657442394352
97 118.65977644900755 32.12381897066441
98 119.0240429906327 32.15045904194707
99 118.56868826091055 31.709659529585913
100 119.10153703084188 32.334242471350755
101 119.11876955305617 32.243240163570526
102 118.84811735522867 31.677278258387577
103 118.97480224869264 32.28653018887832
104 118.73967482629067 32.224983567935006
105 118.93785147880409 32.25747887567953
106 118.52385813266504 32.02360266473728
107 118.68191237324007 31.79192488004048
108 118.79688176020784 32.36897079279054
109 118.87453512650507 32.091687666942704
110 119.20076898208272 31.880253044412477
111 119.19639972725615 31.83664200244092
112 118.58115524041747 32.31217426704751
113 118.71526754434043 31.963717550706146
114 118.55927706655747 32.03581045435509
115 118.7290437656842 32.12162352466673
116 119.13638297508935 32.29035409310629
117 118.9159071363916 32.07598706631739
118 118.52580738047274 31.762367482771165
119 118.90161307699562 32.06208086754855
120 119.17475614891511 32.011507617467366
121 119.20319902148326 32.02742442067765
122 119.1339158156676 32.148177763160376
123 119.02898849348243 31.788284814437635
124 118.65914902722017 31.753876409757677
125 119.12139992567542 31.67603555013859
126 118.73392661155067 31.843021366551184
127 119.12771216922164 31.59956729689466
128 118.52144078534377 32.074780336086384
129 118.56257386434935 31.83659194554045
130 119.05691813666257 31.754711828323774
131 118.54643593474079 31.69082541923574
132 118.79400728151609 31.805178477349312
133 118.75567363345024 31.77470491769442
134 118.64377027668179 31.821361563128047
135 118.76727933845845 31.967229977002066
136 118.84921991956861 32.038994562565215
137 119.10565238370411 32.24312185323201
138 118.93879015505418 32.377464631702935
139 119.13750487593954 31.638997861031168
140 119.11025692454255 31.79972893816076
141 118.61668343150825 32.095093448627374
142 118.77601308639069 31.768761908267408
143 118.85276054322412 32.304393218828025
144 118.68921987222747 31.748887455822864
145 118.89228684656835 32.192654175662554
146 119.19140164488068 32.08202646456561
147 118.65788617051325 32.216078366810116
148 119.0751511449993 31.633281184013438
149 119.20870661165534 31.79725687076506
150 118.65353148091285 32.17162231784215
151 119.12370023248756 31.70628453225248
152 118.61816612874613 31.62793127214769
153 119.15205230470002 31.899646958762883
154 118.70112106626905 32.09274496772948
155 118.67286674494125 31.61359336900572
156 119.13967848332638 31.675440024223256
157 118.69696821174794 31.602900705540332
158 118.65763930185001 31.906451109509295
159 118.71584091477891 32.151671386737696
160 119.00174007719487 31.76498860875863
161 118.5227056351581 32.276293595346246
162 118.63176983543342 31.943899504525003
163 118.57821532842534 32.094258269039706
164 118.84761895959063 31.82592124322999
165 118.51963829385518 32.12388137634873
166 119.15771659928754 32.3973563190696
167 118.83247795660535 31.959495859362793
168 118.9210992864409 31.762341044656324
169 118.64308859267801 31.96469214858162
170 119.0090154284474 31.947352485479463
171 118.51100152072075 32.01756342998738
172 118.55310469137635 32.017477386456974
173 119.161264870586 31.624443825565493
174 118.63226529909896 31.703535419408684
175 118.83844455301598 31.976589436420355
176 118.89378967463506 32.170687872200496
177 118.62001404385836 32.25697905697398
178 118.91961249896927 32.17714639217798
179 118.71688054893121 32.020367108330525
180 118.97470939229854 32.37633415273562
181 118.7060990113759 31.858940910980426
182 118.79138476734838 31.98886825768663
183 118.84709550839922 32.22752367339065
184 118.50002548223272 32.2509552446247
185 118.59072619868782 31.920490108339447
186 118.55360886072785 32.28013157679209
187 118.80684744053673 31.939732385411197
188 118.87752176399509 32.18489328213922
189 119.15979756116133 31.57246711048018
190 118.71321621236021 31.602341131435654
191 118.61334872380492 32.33380576432225
192 119.16021407232509 31.69647005507037
193 118.88421994083403 32.16630308875776
194 119.15596250686411 31.841490213150713
195 118.72685186690416 31.746721590491745
196 118.54363780108645 31.90134488998276
197 118.85151278483393 32.34397801087421
198 119.22060909507985 32.06762850719813
199 118.53978181934572 32.3318076814151
200 118.85767440798739 32.151923620987176
201 119.08020958531006 31.974226729598623
202 118.68091032974755 31.998575281868554
203 119.06399325550687 31.76320315095887
204 118.54278323194622 31.62439306832598
205 118.71463755809482 31.91309341852614
206 118.62556185826362 32.037870919646615
207 119.15808693375865 32.325655483031184
208 118.95547757159147 32.130899311987825
209 118.71991415636283 32.263782789904425
210 119.13866245946173 32.299774397668
211 118.87325650568253 32.321883751193255
212 118.73630053865936 32.25124928142237
213 119.00373362031473 31.71632012764746
214 118.94511034455867 31.86467704756146
215 119.18359903894294 31.746436291019833
216 118.52521119764698 32.30478197885883
217 119.08523995775977 32.21387322564218
218 118.97764076858888 31.906060663987333
219 118.5999328977459 32.045284089278056
220 118.7473735682537 32.26958237525877
221 118.52581030227714 32.29161852236803
222 119.08526752771566 31.747122649911454
223 118.5801330721405 32.216852112334585
224 118.65111864208113 32.26305427767261
225 118.96163027353313 31.681632134891494
226 119.05834922068824 31.677200060087266
227 118.6993423198028 31.94565909145388
228 118.63314276087513 31.76412273970703
229 118.53357784781483 32.29418570561858
230 118.5549384919847 32.190071982599626
231 119.12775881818906 32.16603289222159
232 118.67231010940105 32.19116221231475
233 118.76361880504521 31.82520093158823
234 119.03858890201275 31.77353471153139
235 119.16553562609617 32.097208886335864
236 119.11591453717294 31.90995911189808
237 119.0978101404146 32.34842385726287
238 119.0799192007107 32.14984731838238
239 118.75712568383062 31.89806265163607
240 118.95245957402804 32.27026984893159
241 119.00364776264935 31.923624945281546
242 118.80122311327604 31.721725829218506
243 118.95802183573994 32.21658258927424
244 119.18063590794466 31.994386593015143
245 118.71037184786931 31.7949886237623
246 119.15790994517401 32.134411547421344
247 119.1742253767999 32.392478179699516
248 118.91230573768078 31.792338993885238
249 119.16727546141429 32.24090775371471
250 119.00292144531116 32.19969027566954
251 118.98636779002416 31.69239561836988
252 118.57150005237479 32.28650016731556
253 119.04121970127756 31.967698631471286
254 118.59682715735072 31.67270075783141
255 119.0489788084139 32.02689689767313
256 118.5221596489089 31.88191321260957
257 119.12924365814175 31.71626647075155
258 118.62120483364924 31.641796504818103
259 119.08370848207338 31.780389900198333
260 119.13415672177771 31.95047037790423
261 118.53734652192568 32.11966365442081
262 118.57654042244735 31.676848466233817
263 119.15263573352595 32.15403953624105
264 119.18945463997794 31.694236231098266
265 118.55731358253256 31.72916874533969
266 118.94909938061427 32.18658923904915
267 118.76069415913251 32.27751909621715
268 118.52310354960785 32.343059496840745
269 119.09897391985722 32.105361194060784
270 118.95694374391246 31.97135227200468
271 118.58672295116385 31.68848206849656
272 118.81341799886953 32.07582424843231
273 118.79142357016595 31.722959865310614
274 119.17838485301282 32.00502890669048
275 119.19754326898457 32.088527793383086
276 118.65488166773396 32.272645021087335
277 119.03080526427846 31.86327530561439
278 118.94129919927872 32.398223829096885
279 118.82657150751342 32.3756313123038
280 118.87971624631454 32.30119545303624
281 118.80274092675074 32.18710629726037
282 118.51621905983664 32.15103137829644
283 119.02871693845171 32.31614811148461
284 119.04528512955484 32.35691637712633
285 119.1331247227985 32.25091059733993
286 118.83788290687659 32.13681705075174
287 118.56064642395134 31.712721745560117
288 119.15928961692192 32.08226555054117
289 118.7001935595402 31.86219123130906
290 118.57174401689717 31.71843182233051
291 118.60322777467722 32.30133503302209
292 118.93819593413203 32.25867230150416
293 118.76444047730914 32.01725791236989
294 118.9819632324274 31.97811180523332
295 118.52357088866995 32.01406947813576
296 118.51239401795378 31.81468320984673
297 119.19041751921226 31.917103649465513
298 118.5355624298869 31.95019592796621
299 118.77410156342557 31.625537016038223
300 118.53475919560915 32.303776017523894
301 119.15411838584836 31.63627535240728
302 119.10187025061582 31.928140307169688
303 118.903091767006 31.704171288517575
304 118.5795490825529 31.78107895379749
305 119.07911286437242 32.36442586900126
306 118.55871682498703 31.902387616841057
307 118.79084259334135 32.17383190508421
308 118.73622044874372 31.685221985257872
309 119.21497057010231 31.777687552602988
310 119.19337658560887 32.2912110881189
311 119.0785137462864 32.31684984794759
312 118.81857239289359 31.797237200880726
313 118.84992642970677 32.376763738663634
314 118.88499939927537 32.1476691151767
315 118.88420695130634 32.01901655035811
316 118.63630863709635 31.89131684334626
317 118.6856770989891 31.855476486011014
318 118.99596703933553 32.389921762146926
319 119.09852532375037 32.16840652007101
320 119.16780828200251 32.00348454876058
321 119.03953888023693 31.62575096273185
322 118.91871894288577 31.803843279453826
323 118.53588615755848 32.35547301201637
324 118.55793880056726 32.02736359600298
325 118.6303017751823 31.868386575820296
326 118.97633319949762 31.62907034888289
327 118.69778851772759 31.82897767847563
328 118.79506707500181 31.791142817537228
329 118.59469704348466 31.733937215283554
330 118.65154176131819 31.884263264871894
331 118.75157883870922 31.749121178504787
332 118.92979935306774 31.647300041160793
333 119.20272614112724 31.699802980128347
334 118.61277680855407 31.981968952246447
335 118.71263455355263 31.641810396664276
336 119.20370664632229 32.35100339067477
337 119.11221764712221 31.763663228537368
338 119.1746484575061 31.99763998207713
339 118.8720500616527 31.933108420071502
340 118.65276441053585 31.847216185622916
341 118.63710101218798 31.860507596396744
342 119.0653246759473 31.807661325764
343 119.16586730582132 31.838948084973136
344 118.9116117259937 31.701987693753193
345 118.95526579457916 32.13700801491435
346 119.15346243439505 32.096771788576504
347 118.67004909366186 31.836861309853653
348 118.88611927615925 32.31974815721963
349 118.88265000551499 31.915566032010865
350 119.1383544225881 32.10774758619605
351 118.7219548882319 32.011377317148536
352 118.5940393785477 31.860855030096427
353 118.6029330915354 32.312610021189364
354 118.67924068711177 32.29790747994949
355 118.563361031141 32.26187465664454
356 118.70199099097512 32.360161796305945
357 118.87981710707216 31.63207293046215
358 118.81148687715637 31.988141898462406
359 118.94221714456872 32.35083229597536
360 118.87018508201835 31.702460382351525
361 119.03242645340617 31.78250539343727
362 118.81026136317588 32.012753853937404
363 119.04971040659974 32.11640264485252
364 118.8147852513418 31.877526049653024
365 119.02187936242272 31.83619414450926
366 119.00606103595865 32.22636179766189
367 119.09666234274259 31.609619061776176
368 118.62679989187377 32.24156089106673
369 119.00224754206099 31.952313024738917
370 118.4826403836269 32.120692609911174
371 118.76834958646002 32.1667145044707
372 118.91281643849611 31.675394011578717
373 118.4812131793073 32.344057817770015
374 118.52341674869373 32.25207539885816
375 118.64901691453606 31.880382804470337
376 118.79047079277879 31.758843303178654
377 118.97326147044467 31.661704705690628
378 118.6481591723778 31.876674548044704
379 118.78168624596448 32.17817617379242
380 119.15834226547308 32.28073940748431
381 118.71923828340998 31.856673840986996
382 119.0232097129937 31.785734136484805
383 118.9294942046959 31.8570336275814
384 118.54763388575397 32.39244290203168
385 119.18168978813253 31.659531309374696
386 118.60061611777517 31.72819434819987
387 118.76879225952425 32.162633836291796
388 119.18388172375893 31.69037896786186
389 118.67858702287133 31.775097872190514
390 119.14355182647382 32.275559485805076
391 118.94959685071997 31.853110159674547
392 118.60720215013856 32.08155159360513
393 118.59471701645067 32.039885306251854
394 119.18028310998622 31.829829228482847
395 118.80560340130035 31.797964889665582
396 119.05943583953704 31.80266038741654
397 118.5887499167471 32.3227731636526
398 118.86641760767479 31.609669183454784
399 118.57886885044977 31.694814740991102
400 118.84241379670446 31.90196390470913
401 118.51592537066819 31.759254515898014
402 118.5004192777622 32.02818740313505
403 119.13355567985595 32.025265183897986
404 119.1298434480364 32.016380795335415
405 119.02136183304121 31.841132839145626
406 118.8369370407572 32.01526031836072
407 118.63064858623096 32.217897473505516
408 118.99345907234283 32.23676801032642
409 118.64943642504137 32.041266237347905
410 118.52579091517956 32.2672392829284
411 118.71903189577475 31.66475410362593
412 118.89856572370608 31.712314224026613
413 118.9057826442025 32.199140353622
414 119.07271934190915 31.89673663429294
415 118.75668530406547 31.885706528609184
416 118.57271834899073 32.06865919359691
417 118.53614048385566 31.920949340148482
418 118.64456801460179 32.32968996534065
419 119.18206189330128 31.904230163104707
420 118.49584417779258 32.26540513147801
421 118.94405046147574 32.10897415080833
422 118.81289524876551 32.33484900149154
423 118.64798825240207 31.989375925771963
424 119.00111094563776 32.36081234952169
425 118.90446303488675 32.04125057424301
426 118.56068658250722 31.61971808983089
427 118.98404512289221 32.190035275713754
428 118.5174440664917 32.27387400464406
429 118.66467645879742 31.657670869393357
430 118.88654751567078 32.36748870207884
431 119.00940914322891 32.04859591174217
432 118.88103269638108 32.18317064079071
433 119.09921756014849 31.78628732375369
434 118.9888426975327 32.356658623505425
435 119.17660383815793 32.12260547657853
436 118.6916169920162 32.06233439041663
437 119.18604845471033 32.351409815278615
438 118.65631497458392 32.045191591695094
439 118.64572734369776 32.02304697023727
440 118.62307220398841 31.612883107942395
441 118.58609747791196 32.021077041943116
442 118.95377433484369 32.183848773939935
443 118.51283212048196 31.89715518406263
444 119.07129996865454 32.16335962455214
445 118.96239011674385 32.04290244639458
446 118.73776323895868 31.776104693625232
447 119.12560027223122 32.03796732754889
448 119.11038428945378 32.01289818686191
449 118.93808413006822 31.87252682787509
450 118.5294650687369 32.14270807289242
451 119.19145418447759 31.660944345493967
452 118.9195251089008 31.89317603009253
453 119.15333495334174 31.943681885372293
454 118.60322690583436 32.39366601492173
455 118.50816085172872 32.163653020762666
456 118.72588556892754 32.113217374703375
457 119.03627496646922 31.742323462368994
458 119.06687081077985 31.961524409615773
459 119.09439051476228 31.895254564125104
460 118.73370258752321 32.34829386753664
461 119.0363536407013 31.954251495554463
462 118.59300342596745 32.285233741727595
463 118.89203336787291 32.144907099619495
464 118.51880547656565 32.270599147032655
465 118.99022007879796 31.577064431428024
466 118.7540559781351 32.337102527953455
467 118.56192196930944 32.357486973409586
468 118.99095061997906 31.724699855124825
469 118.79640788915033 31.63246919341663
470 118.72058119155372 31.86718863761581
471 118.75081615775534 32.03208355791348
472 119.05112416879093 32.04057482423879
473 118.7990007123518 31.98227121000453
474 119.11803627890592 32.317882957031216
475 118.61197184877493 32.01546850418326
476 118.7925493948109 32.3408802011676
477 119.14249774389639 32.06323067987439
478 118.90487047900518 31.76383584188756
479 118.9978411481532 32.39140894805597
480 119.09818570502395 32.3827461820032
481 118.86998576689321 31.960826096537755
482 118.60825662980209 32.224260845658534
483 118.72936804895139 32.129798491922976
484 118.67871017649729 31.752276762695427
485 118.6259984793603 32.05947038014507
486 118.89756055296151 32.11088518222158
487 118.63826990663483 32.09098117331801
488 119.08024580093704 32.0476016307122
489 118.82939311953072 32.06296735610958
490 119.07522317253812 32.17169466072206
491 119.09575196875485 32.19127251425297
492 118.96080787652888 31.66304525626224
493 119.04837583744428 32.350180249090144
494 119.0672648989504 32.00195687460307
495 118.9255060650135 32.16558777202179
496 118.6830941706966 31.909115432160654
497 118.78739259014685 31.66327099174756
498 118.71898157793225 32.126697187898614
499 118.8194708078677 31.911128234720838
500 118.74995130879786 32.01803988618488
501 118.756582491909 31.797736555519393
502 118.5755904007407 31.77337252617455
503 118.78791190159212 31.834840854034542
504 118.59536733437066 32.31711451656288
505 118.76253237032815 32.3573799330555
506 118.5673933788085 32.35401441921622
507 118.77419962525019 31.95193061172609
508 118.89118040721033 32.214771220110514
509 118.54181411052546 31.730971438602367
510 118.6700921424881 32.190670741236126
511 118.78073472752092 31.944924378255287
512 118.72360652416012 32.25194317595511
513 118.88284411910682 31.766364929517263
514 119.05618295568522 32.24498961315861
515 119.02935278872249 31.68098686030125
516 118.68036636298744 32.29707225467498
517 118.63654287511547 31.94889559004732
518 118.91697173502376 31.74843793056574
519 118.79816252807724 31.82856674644011
520 118.56590385331397 32.15984871728103
521 118.63830515665447 31.959866797536563
522 119.16387634590275 31.78391402252879
523 119.1393294026685 31.81235355809852
524 118.73394464629891 32.14751511718924
525 118.51371459930314 32.11694979542026
526 119.03008248224869 31.654479354717616
527 118.67692979176238 32.27365874230868
528 118.52393983842956 31.696635376736722
529 118.68101888415563 31.784879976329794
530 118.58112079974086 31.619714710728342
531 119.12682398613053 32.027076397251406
532 118.64744255341625 32.31461027315288
533 119.00165887697989 32.33195940395179
534 118.60861586853596 31.964961367646335
535 118.57218550706335 31.69346226066525
536 118.79074109936906 31.99561048488841
537 118.94343517651608 31.819587902473977
538 118.89544579145212 31.8460799163098
539 119.03741899157552 31.76011746626287
540 118.77223417065198 32.35403328921279
541 118.96393726440287 31.925282024723504
542 118.54292277794181 31.600302757828363
543 119.0351461319766 31.980158483637698
544 118.97310945633566 32.11645666719974
545 119.06578786705727 32.24098305504244
546 118.5466757474428 32.183970765328695
547 118.83305943394616 32.148789666566174
548 118.96545081367279 31.78924600178408
549 118.46223544415584 31.85587484394582
550 119.11617063672313 31.93332427350864
551 119.06902067785498 31.744397493816876
552 118.85600683831721 31.97657977380197
553 118.74234475777858 31.684202167611286
554 119.02056091131671 31.68530483604846
555 119.12827957015647 32.25463772086772
556 118.88246099510371 31.71506412487261
557 119.13380524041142 31.95481728190135
558 118.57934097020883 32.068036812924085
559 118.7203462887419 32.358394191146616
560 118.99720542512861 31.865651318357294
561 118.77589431338075 31.71805153344609
562 118.8619554601616 32.30297342593161
563 118.95670457840588 31.83405124523706
564 118.90234109987401 31.82692662567398
565 118.81268260435846 31.74026690426465
566 118.63210497658359 31.949790346726644
567 118.77449222638761 31.744751809143864
568 118.6280469847585 31.92491104885827
569 119.02626505588972 31.859402963028206
570 119.05657883187526 32.123616127052024
571 118.6311873992748 31.9574960135
572 118.92159353984098 32.10138279038803
573 118.98474501718223 31.840080680535166
574 118.77860815280503 31.90116922095141
575 118.55511086942133 32.38880750872965
576 118.95222648833179 31.797902375172562
577 118.55923259865257 32.201648468255925
578 118.98030426805515 32.16894410246929
579 118.56573318275507 32.096105735640656
580 118.9533996373649 31.686214223046225
581 118.68173008092704 31.60827437067322
582 118.749519928332 32.198391096535616
583 119.16536871672521 31.63785007430734
584 119.18727311394251 31.807071919011708
585 118.87451690057647 32.36414871200946
586 118.96028949412293 32.395326816314714
587 119.06236197519736 32.35973316388876
588 119.01461682073324 32.04665638249358
589 118.58091005955289 31.98188040338418
590 118.80419364578644 31.97592886876952
591 119.08353356259389 31.885861210048237
592 119.03229695321947 32.386378633345124
593 118.61536166254193 32.233063629288395
594 119.07776562852628 32.41769254880108
595 118.93615311309473 31.827211062987008
596 118.69714444238406 32.08458590403153
597 118.5237246749817 32.11981044906968
598 119.01314500527722 31.920338191268435
599 118.82617159849858 32.064883242443365
600 119.1908815464663 31.732763604866637
601 118.66883540977447 31.835271785337838
602 118.56104343670016 31.72310691059737
603 118.66134969906726 32.07100963017273
604 118.80099899720486 31.87149642026534
605 118.53828348826403 31.950633968684176
606 118.7289615555522 31.884106665231634
607 118.6596892836633 31.62120499890938
608 119.1713748695324 32.3270594880629
609 118.63736196195508 32.160917673647376
610 119.12054987709088 31.851790709467025
611 118.56143711161732 32.3284705777128
612 118.89683697134939 32.139163553166235
613 118.92299680720052 32.41455332047394
614 118.89531509170405 31.98684222082551
615 119.15352477504929 31.681617807814845
616 118.78985198268555 31.68378024635759
617 118.93225199071941 32.18013217949862
618 119.11782488385977 32.054431634516305
619 118.65851060527872 31.76824290131933
620 118.85680754874834 32.00789431069701
621 119.18286031757215 32.030316087153274
622 119.02951223878124 32.29442061068973
623 119.00091207203624 31.612108966567
624 118.80218055477351 31.69597011111101
625 119.10211881337604 31.91029504813394
626 119.0750490737513 31.685775091460012
627 118.79289763073326 32.37126469147495
628 118.88833153146591 31.762982680003248
629 118.98319201768182 32.08325501547442
630 119.0161224829435 31.94550154237083
631 118.84291243113506 32.22440806885772
632 118.747530847523 31.63425133962436
633 118.61650009668517 31.864926464081112
634 119.03992471138325 31.971028785181527
635 119.02264713883655 31.682684322759204
636 118.62614642448352 32.089778883201944
637 119.10618163491898 32.011696048971984
638 118.61289745274551 32.279272861623916
639 119.08899072352708 31.95218867595834
640 118.60284093524852 31.87030144065299
641 118.94930671141371 31.864036121838897
642 118.86646195463447 31.823136296273653
643 118.61230330118548 32.34512336782862
644 119.04317101583574 32.230901708674004
645 119.00509737435503 31.874497817950285
646 119.10446548441178 31.94723559915289
647 118.83110470722104 31.688928840716365
648 118.87560063172387 32.070999884664026
649 118.96993241899915 32.189336371933045
650 119.11034716228815 31.799911540118092
651 118.76894225118123 31.959416008948207
652 118.98245670866426 32.14309154079902
653 118.9231102409702 31.983067156902504
654 118.6470172222535 32.038790167263755
655 118.97850627718472 31.77004293643684
656 119.0739727975448 32.22285850344051
657 118.81950105889076 31.68763790676928
658 119.17664203827525 31.970975928035166
659 118.86045334275337 31.842320498672137
660 119.12940266887442 31.694175158975202
661 119.02029081746319 32.291185308752446
662 118.79289723302466 31.772783846044753
663 118.71406087972821 31.992695646966215
664 118.7828897755202 32.09365370666494
665 118.73333500884662 31.83506804218405
666 118.51059500603742 31.999017040733296
667 118.53794670635097 32.01595061169151
668 118.78864019396693 31.934745410689377
669 118.60835401927186 31.88614728253716
670 119.08037481875724 31.80348784167675
671 119.1693192944935 32.335545968127256
672 118.72925886798545 31.981256374795418
673 119.01571099185401 32.137903944476626
674 118.74591037687453 32.01601011787991
675 119.11007620204052 31.853586650679755
676 118.81532295156437 32.020601819661955
677 119.13694356601486 32.245235924671405
678 118.99805819861392 32.28913941974464
679 118.57990309937966 32.354187430809205
680 118.60960616417199 31.807212169408093
681 118.81968411498121 31.887194641437276
682 118.89629086250085 31.678812081052058
683 118.85429906890748 32.41869331912776
684 119.14414398259753 32.11570079472177
685 118.50121205432578 32.15570133928985
686 118.5915778346589 31.96360660998507
687 118.69763643941931 31.80745202913376
688 119.14510689934963 31.921076784013447
689 118.49854556696692 31.832901893947493
690 118.87720949051898 32.01850116246126
691 118.49918687860577 32.26518333253145
692 118.87489439558156 32.253045966153934
693 118.83281052131728 31.851949653406116
694 118.58240470494002 31.729885191435322
695 118.95021578762231 32.18518905685464
696 118.9258432008837 31.935686706224157
697 118.82864471467074 31.72757273408702
698 119.04951329174224 32.105317348203464
699 118.54479365859159 31.68182802146612
700 118.71916235667086 31.67135464812766
701 118.8272757089793 31.589626924530172
702 118.70908059424241 31.757236932940874
703 118.58206690570749 31.971557806437005
704 118.58309558086475 31.752234888989513
705 119.04460978272753 31.63608746884337
706 118.69012993551458 31.994493545009718
707 118.96972150537249 32.322881545582774
708 119.1030427634813 31.615104441896182
709 118.71528670181297 31.794971228016628
710 118.63793015802936 32.34782781188557
711 118.8976103038442 32.11511649968629
712 119.08941599042696 32.23657122936737
713 118.76913118322935 32.30487303305657
714 119.07136290269864 31.7664649062553
715 119.20524048849157 32.203532414655534
716 118.97912218279875 31.826441755154978
717 119.12880947870768 32.31962561623211
718 118.54728400734933 32.34569409332711
719 118.76953782138467 31.725894692871858
720 119.10137855565836 32.29751585617026
721 119.02454959468571 31.6288106787188
722 118.585755987344 32.07410622196892
723 118.66341303498103 31.97698151865075
724 118.72126439274955 32.092368123092015
725 118.94452390077498 32.19043478383409
726 119.0183093889972 32.29343252950524
727 118.8567099792793 31.99943529347397
728 118.51836821812513 31.638419653075402
729 119.14449904383201 32.353401154505555
730 119.17604437377446 31.64584811647949
731 118.73007947376044 32.23980953387878
732 119.07393871292872 31.714093764895537
733 118.87516413424339 32.30312127439741
734 118.82699761450006 32.09260008963309
735 119.1491547308804 31.850634008117833
736 118.49165599767093 32.25995719301242
737 118.7682365767761 31.73927525123298
738 118.65420798698338 31.778164239610582
739 118.82802304840355 31.82892126164174
740 118.81952521822514 31.910609760054378
741 118.6394579695067 31.79177268534123
742 118.90426487146595 32.31878927297592
743 118.75028780735023 31.96270786829469
744 119.12105922546296 32.380747476454395
745 119.15933642953829 31.83861395500634
746 118.74966260107793 31.971137259626055
747 119.02120115108397 32.27651128496634
748 118.9474311853189 32.39405546864274
749 118.7674869477234 31.962979627677576
750 118.72585789484509 31.972352307614923
751 119.16542788127707 32.34825015360169
752 118.65923679160727 31.938064509218535
753 119.07146063724751 31.95963796182016
754 119.03638630372436 32.39084208989187
755 118.6303104562911 32.006085236001205
756 118.77563579164651 31.67618002652422
757 118.82099775862173 32.36488965184295
758 118.85504878005132 31.954585947295243
759 118.93680468378444 31.88619984390028
760 118.76732457217005 32.29923220846793
761 118.94324876349857 31.615135045185745
762 118.79620793510361 32.37959702889819
763 119.17391697522578 31.66124275303467
764 118.96573327021451 31.632258153079043
765 118.81538804483641 32.31714114664054
766 118.89271544058302 31.96257927585822
767 118.58298631491623 31.72872553357204
768 118.69004881358968 32.389895658006765
769 118.99965355778494 31.843204721347057
770 119.22387485687257 32.344602772132866
771 118.75333313660325 31.98148904469726
772 119.21144306724267 31.91761561542221
773 118.76057136768425 32.054114462278164
774 118.80345326830206 32.333492996424
775 119.18491624277516 32.38962169972853
776 119.05232697757613 32.13604582022492
777 118.89938364890102 31.896426039013402
778 119.18539139963295 32.26697729525933
779 119.20487779300927 32.35032325220614
780 118.6138040105588 31.997637215300568
781 119.06396585631855 32.18708528792443
782 118.68769474060113 32.34513720826728
783 118.71093429314536 32.15713946482768
784 118.78904227468469 32.118007721846936
785 118.84992648034705 31.87689783778529
786 118.58564585358232 32.100179243647915
787 119.0233896220769 31.775717188510818
788 118.49807329239984 31.71352931710621
789 119.19347458132455 31.789836321584133
790 118.71131734131095 31.940765022956548
791 119.01512423320418 31.871199167852904
792 118.85082711178651 32.16044198820817
793 119.084103868267 31.912758260250982
794 118.60044024561799 31.96398993733414
795 118.52339984900362 31.820777959630362
796 118.61994447312334 31.703761351113403
797 118.97119565128294 32.17391971080907
798 119.06250617842558 31.79279540986162
799 118.60726267610431 31.963088399880792
800 118.91501617202186 32.0860638075938
801 118.51306182491973 32.13675913642157
802 119.0597756531826 31.945573833533185
803 118.5601258475275 31.80747299143866
804 118.63609741174356 32.309860356493836
805 118.95413084771296 32.14302266202214
806 118.82966512706244 31.77662464057038
807 118.69235637564586 32.23456390251043
808 119.18238029522972 32.05142537522552
809 118.87526336987953 31.964627919035276
810 118.6042735603697 31.711748183053324
811 118.80765800439887 31.78204187703476
812 119.00464571256046 31.688195130796416
813 118.80984360281052 32.13268255395291
814 118.58923780632544 32.19062582218466
815 118.60968920347837 31.97774142950585
816 118.67374924831607 31.65246063695571
817 118.8927247697558 31.71131902556548
818 118.93904268655002 32.33392986237962
819 118.831480417674 32.31599475852491
820 118.62630074767885 31.917418230627696
821 118.73156815264099 31.6995442904436
822 119.13445954101145 31.973850066600786
823 118.67697757868825 31.926552507323134
824 118.98787027647785 31.605051575494187
825 118.74418940429447 32.19159938131164
826 119.19737287429562 32.09742467565299
827 118.51193263933085 32.03205529285119
828 118.70907588067348 32.243421004186146
829 119.04096214093242 32.28614091131655
830 118.52721729155446 31.78239286898085
831 118.76250024013027 31.657012454739082
832 119.17236147284515 31.910051310926967
833 118.97849159251199 32.28010298962045
834 118.59712361920666 32.20224415267748
835 118.5509064647577 31.809486214730693
836 119.16661199472264 32.2168931633194
837 119.15032710443131 32.07051709281241
838 118.61515114958675 31.789499435403215
839 119.12375539986452 32.13640242747199
840 119.01245648560571 31.834390254249357
841 118.80035673614933 31.874995276987665
842 118.6417223270247 31.75520085638719
843 118.60313362665224 32.0574735849621
844 118.64858127572792 31.97733591296182
845 118.80575129671746 32.09346807793883
846 118.5115913681675 31.598392727628156
847 118.93123588957502 31.929821701123743
848 118.94522828476327 31.65636090860907
849 118.89552818272796 31.853356188717004
850 119.09189876723799 31.675672426367065
851 118.55352640429149 32.055903297722814
852 119.18487451179953 32.34619614312596
853 118.82211274784886 32.262422920799374
854 118.83537534230013 32.0035586845739
855 118.62069875844074 31.875798172971365
856 118.96617584921607 31.60411186986781
857 119.1248696414447 32.1321391172974
858 118.54577015221261 31.841629938839542
859 118.70221631223986 31.932252193666084
860 119.0517780282089 32.08040300503919
861 118.51832597613276 31.732365101324117
862 118.89752109077035 32.04231430325889
863 118.6537548586445 31.956685352231244
864 118.87216425763974 31.897677471033955
865 118.6134711003439 32.28041478858118
866 118.75905848698292 32.20750033988448
867 118.72832987749545 31.68658648667745
868 118.77228788353446 32.323962498729
869 119.16953757721163 31.56308414875293
870 118.59769273662957 31.771530238703853
871 118.67958468494139 31.703989468970278
872 118.97333782760317 31.866440940274863
873 118.77324281910244 31.705011739484277
874 119.15456154342934 31.818033625379293
875 118.72422239667934 31.92300087870363
876 119.1682629358489 31.95853471370532
877 118.60668505382131 31.827865417001828
878 118.83454600619646 31.652138495873935
879 118.86772862035042 32.02441574488474
880 118.93318795361459 32.06742996186741
881 118.77102680911884 32.1291063372824
882 118.87379895610204 31.589836503930893
883 118.63380481301363 31.675277097712748
884 118.65836194582548 32.136893540997065
885 118.57310365989825 31.73591005762092
886 118.88102592856258 31.69465034670199
887 118.82757236945262 31.942549439323287
888 119.18415259621953 31.906045290124755
889 119.0603905443371 32.12284555854777
890 118.99723009955291 31.631265105311158
891 118.71171404113512 31.792838146609153
892 118.66409145558896 31.805215257972275
893 118.97150352150958 31.854087810119562
894 118.66729539139067 31.576799343658884
895 118.50333176585049 32.023130288699036
896 118.72509459765656 31.583895939315394
897 118.86521963750533 31.828156516117325
898 118.62736367120763 32.309921018809874
899 118.57028603023967 31.699890606034828
900 119.13738467327882 32.13781888937444
901 118.81938762310116 31.962388728005497
902 118.50261033563605 32.319539105012694
903 118.67381053535222 31.960939166564692
904 118.54781324056665 31.764598509777713
905 118.70314954434878 32.40723578274118
906 118.77909160331816 32.16411547358822
907 118.5993632714142 31.717813283570635
908 119.13284340572983 32.037121727053126
909 118.83170262564266 31.85459147370254
910 119.08944831292564 32.310630200514076
911 119.05461035549935 31.72962061600371
912 118.58557506811687 32.088911921822714
913 118.53348524820518 32.35141719477578
914 118.91523000160196 32.33284929237976
915 118.52888185751088 32.3145035619046
916 119.0682648152417 32.0930610372993
917 118.7228505612744 31.8559461191776
918 119.0404573396896 31.648783609426587
919 118.6235652702864 31.74858358862654
920 118.7243963982964 32.29871387552878
921 118.94078735500588 32.16193711615781
922 118.65022129879455 31.659242043236375
923 118.66704591203758 32.37328256255543
924 118.7575979784607 31.99674346002555
925 118.54393259007233 31.75052737917829
926 118.99009557278532 31.96435405157091
927 118.58615889798699 31.95092034966042
928 118.68419359984632 31.77845742162809
929 118.51955712334058 32.10741673741136
930 118.81347924282574 32.04703267122799
931 118.71769059496468 31.825444392551635
932 118.86498789731041 32.20219871081196
933 118.96665578906268 32.0300500523124
934 118.65681248561778 31.882279788161906
935 118.74290955519467 31.71014274306039
936 118.87136626346404 31.986542211537092
937 118.66760961210939 31.724878655056497
938 119.13814118200598 32.32522269856698
939 118.53872479220811 32.02256989276126
940 118.61064927957935 32.34457905994545
941 118.71587262876427 31.86603898830265
942 118.93714460934694 31.951236804004022
943 118.5476568909008 32.02853611373834
944 119.14033408915999 32.314732857795335
945 119.13110962802452 31.713360591318754
946 118.96432346634873 31.90717982202962
947 118.76438711727641 31.679852487512353
948 118.68162307109601 32.33530924977301
949 118.71024186086684 32.25029007920526
950 119.10817612198089 31.93655436988828
951 118.89482327293737 32.1135175693206
952 119.1681631882267 32.06128965636833
953 118.8619835126997 32.081775124848015
954 118.64916332574954 32.24660251188299
955 118.57884888110496 32.36009234227539
956 118.96264603352927 31.653520601861356
957 118.73069303335956 32.040637566970304
958 118.95461033882869 32.333497717867346
959 119.17400237874335 31.91646099079745
960 118.51969522258939 31.79609084691239
961 118.57387435875323 31.66840399295748
962 118.69743642890298 32.12116332163462
963 118.71458972074035 31.736721190061107
964 118.77894576557067 31.892879040046658
965 118.80664225121794 31.90357424404691
966 118.77065458102048 32.105400786335586
967 118.54283781992925 32.37914544074624
968 118.73426125274928 32.38644845082457
969 118.60630310013859 31.858144706936628
970 118.6226616188485 31.804238132162705
971 118.91704203640724 32.174519409285985
972 118.5279949965726 32.164024039770425
973 118.6942131136642 31.839610597492534
974 118.94185229365021 32.36287519729506
975 118.68982506181143 32.24974462707125
976 118.85186447270179 31.75264404580608
977 118.8179989614174 31.97906085610387
978 118.92763371814584 31.66519527975585
979 119.08368389101862 32.03560697940233
980 118.70181947565816 32.03756716060764
981 119.14782953492202 31.78369514875224
982 118.97181178296418 31.675715154095414
983 118.77667386020215 31.68934775136481
984 119.09701856468288 32.0260244128091
985 118.78091125931472 31.624756166568847
986 119.00239382320646 31.757138867323256
987 119.12321375031674 31.733222339383023
988 118.69826078481913 31.922049536130526
989 118.83109839514704 32.012280735895935
990 118.76036480310165 31.882174125796894
991 118.56550587841073 32.10604660032114
992 118.57599692518194 32.329834237284466
993 118.56050184498474 31.793456698555467
994 119.12411073974944 32.383431971008505
995 119.11775409584341 31.882445542222165
996 118.75235812381223 32.08585177932692
997 119.08674144084024 31.893464413674344
998 119.16780894158387 32.150592471066346
999 119.01668058018731 32.29427075334758
1000 118.65718626190436 32.24463391550936
