1 118.94288579396955 31.945054175068243
2 118.88805798122847 31.61509307158886
3 118.61230478926653 32.0447851053573
4 119.05307041714855 31.968936948972612
5 119.16855841393418 31.938051344422966
6 118.95848961534439 31.867094759847912
7 118.90124785661216 31.755394376923956
8 118.60667989136901 32.075581527436476
9 118.70195494118676 31.830768405991577
10 118.74635803640686 31.810231208025815
11 118.62455372514641 32.09922064445975
12 119.19828875805867 32.02637298041445
13 119.14577402480627 31.713816785341738
14 118.76404611883545 31.987519362820624
15 118.60696528475758 31.72967853206214
16 118.77150232117654 32.23304150620785
17 118.63597477797842 32.307133592130725
18 118.87308777336597 32.00182985981539
19 118.66290859926234 32.28494826820086
20 118.53943702253758 31.672567387360893
21 118.93134238533146 31.989085563938918
22 118.74861183364384 31.635921384963428
23 118.98007151096448 31.943377306390367
24 118.86232563970505 31.681146108585974
25 118.96855554052169 31.691066982395924
26 118.72597946565936 32.083063465039565
27 118.89723764094444 31.779761847099834
28 118.8385084363019 31.66955719493128
29 118.92187581357292 31.775171298766168
30 118.52062991760758 31.870104489805666
31 119.18532442393033 31.97489794308168
32 118.67378536764048 31.76500433415646
33 118.56060978675477 32.100298805248954
34 118.7126644924356 32.00888614118774
35 118.99259891868984 32.02335224819989
36 119.13969014875639 31.916057635421886
37 119.09285975707618 32.213088700695934
38 118.70522874914205 32.05179110549483
39 119.09998648256557 31.70994023224796
40 118.56038024840832 32.14670067232691
41 118.55410652724713 32.37748325324279
42 118.6307921371311 32.01597878821594
43 119.04266300709556 32.30548557940157
44 118.99273886185735 31.86984941189616
45 118.59140047159764 32.05919577314983
46 119.00441757281764 31.94576294676227
47 119.03228515406643 31.927256571450744
48 118.6022531659337 32.24164149472143
49 118.96243565007707 32.03121509302561
50 118.78117251523764 32.35014694630501
51 118.5415813679109 32.02585773649457
52 118.87654277703545 31.674909681209826
53 118.84923671717186 31.89887533092813
54 119.10301122180265 32.27505144175585
55 118.94037929904157 31.950055687165825
56 119.10665397868536 31.626064024446748
57 118.85522971739296 31.82012466204814
58 119.00054672414612 31.64066275295582
59 119.16376235222685 32.38038152432342
60 118.52306193162488 32.375145123306154
61 118.79877842502394 32.24449785529217
62 118.8082294919188 32.07972586309836
63 119.03628994428942 32.211364545083335
64 118.52406660840312 31.75191202852247
65 118.90323855898376 31.829713609024918
66 118.67975846699645 32.00194065237774
67 118.79847182232591 31.884044029786008
68 118.97162554210489 31.652381311366018
69 118.93405362900641 32.354524702443825
70 118.66149312404812 31.96819431171983
71 118.63106608532802 31.999036580349866
72 119.07456001858883 31.873789815108797
73 118.84521781960522 31.822096977349343
74 119.17321911778066 31.89085691055811
75 118.95846388214659 32.265374749435686
76 118.64948364525466 32.22101202093537
77 118.62197836030445 31.875305364116063
78 118.7288267034019 31.61849512989828
79 119.0349937160754 32.22606032058545
80 118.82165177335567 31.804939682626895
81 118.89200744955491 32.069667333623435
82 118.92421357562522 31.608607648721176
83 118.64478384932943 32.109176385982344
84 118.72717799178642 31.92528896960055
85 118.70909961400066 31.980409423362875
86 119.1345818337178 31.932893237968837
87 118.51637573503892 31.8900798321474
88 119.17456670159812 32.01988737750845
89 118.61666440652199 32.39303435900742
90 118.85310819112838 31.70140485600948
91 118.68706663056273 31.863726873209984
92 118.70386605127402 31.635318565813133
93 119.03019742111579 32.206295300425836
94 118.99692995316725 32.133096881252015
95 119.03147606150094 31.769848287643917
96 118.59933260457524 31.909330500108624
97 118.64729068543534 32.13451205261189
98 119.03129579656628 32.133987949137214
99 118.57198746292973 31.731168141085146
100 119.09271860552774 32.32053710182208
101 119.10515111659775 32.227261557949646
102 118.85991889508182 31.68536309934707
103 118.98550536574854 32.284833990410014
104 118.72953389351184 32.20409088705008
105 118.95384721218394 32.25612270126491
106 118.52606487087566 32.02777757083846
107 118.67484019454373 31.780175971771765
108 118.78807562090046 32.36086548043367
109 118.86779679848364 32.08134287315054
110 119.20214456333473 31.869524456814826
111 119.21536927256925 31.838241570192974
112 118.5867499318052 32.31692739238851
113 118.70133135950047 31.956870459154437
114 118.55251801734249 32.04775033093732
115 118.72459682661531 32.10553566614002
116 119.15600125397765 32.27241904658426
117 118.90804005240282 32.08219503371052
118 118.52605753003425 31.73552934149363
119 118.88186805048935 32.059344598802845
120 119.16424435016911 31.998419955039136
121 119.18549697610331 32.03753621351921
122 119.13858923106336 32.15730992933548
123 119.02892266169346 31.787872660179225
124 118.66648215229576 31.742132969117407
125 119.13965485320827 31.68870374735879
126 118.72466067878675 31.838067518785696
127 119.11203033865941 31.611707633823187
128 118.52197288154127 32.09552997709825
129 118.55145188500148 31.839114993733187
130 119.05121117946996 31.746401476223276
131 118.55557569570168 31.677250223861982
132 118.81214579122513 31.8129735033971
133 118.74387337648447 31.78209968119181
134 118.66315116421535 31.82826300462891
135 118.7507875087027 31.958201548510456
136 118.83174463941884 32.01560893777287
137 119.11883386727871 32.25599131345343
138 118.94070989675876 32.37411118917334
139 119.13944678211229 31.644881754882267
140 119.10193148904631 31.799477834582664
141 118.5878967734001 32.1010050658763
142 118.77358830852145 31.760798947492177
143 118.8562726981471 32.30176423803924
144 118.68474013096598 31.75422205459249
145 118.87988334693401 32.17288550699148
146 119.20211230623468 32.10263545521249
147 118.6544897871577 32.232175929875524
148 119.05477934705554 31.63528666700195
149 119.20156807157512 31.790146040444466
150 118.66038115047282 32.17381490316929
151 119.10284710855252 31.704986231640916
152 118.62434446363685 31.635772851490216
153 119.1458198885379 31.882774992887917
154 118.68925010282442 32.09204836229958
155 118.69505814553098 31.606821320657378
156 119.12522385782631 31.670473406011258
157 118.6974137084483 31.62149252137278
158 118.66210823152431 31.92310402036476
159 118.72466367119682 32.14855364756008
160 118.99458098290847 31.76436977659006
161 118.51341299355012 32.279957362926396
162 118.6215326756614 31.951959051883378
163 118.57340661381578 32.10317993184978
164 118.84036627907194 31.830655121951775
165 118.52285588794592 32.10597904589755
166 119.14786745482834 32.38862033029654
167 118.82543072269883 31.968291003967355
168 118.91885870291306 31.768099456045302
169 118.65864545135251 31.95453734296608
170 118.99938430656724 31.93605580122029
171 118.49819693522038 32.00892782825879
172 118.55581549212926 32.019829599790484
173 119.14933987335898 31.64439701818211
174 118.61817695411625 31.725186178921838
175 118.84291763369245 31.9663136783299
176 118.89290236674405 32.16182148678315
177 118.61039548334975 32.2344984707567
178 118.91676959174893 32.2065836439861
179 118.6765051170313 32.02110880374385
180 118.95292287446736 32.37159540745827
181 118.69252769797492 31.853728085856133
182 118.77469636619954 31.97968741456399
183 118.84505194122553 32.237445702933336
184 118.51038448322545 32.24998916279043
185 118.58716509047336 31.915000470167147
186 118.55198322374315 32.28184341493228
187 118.79542564579113 31.95963679228901
188 118.8865579082963 32.17865352001497
189 119.18336797684663 31.593515776236764
190 118.73555607550091 31.61151878191927
191 118.61835915870903 32.326322568835664
192 119.16254958787893 31.693833931686747
193 118.87454397529773 32.15216791967715
194 119.16193586032146 31.83515851514822
195 118.73491617384661 31.758371978003044
196 118.54492139734424 31.879382709175793
197 118.83664738240314 32.34897829898827
198 119.22020495467356 32.0631270405801
199 118.54309350810206 32.3260645550546
200 118.8655147143675 32.164272899004345
201 119.08681968994738 31.978148682865598
202 118.65335514244687 32.00061812529372
203 119.06307434725885 31.787110261962344
204 118.54688111138546 31.615304638583087
205 118.71683112704868 31.910650799439463
206 118.62462886323715 32.04280308425416
207 119.16938881824201 32.308423035414414
208 118.9354068707995 32.12484061346824
209 118.70277037025487 32.25825822322485
210 119.13909688980918 32.319374820152085
211 118.89798166603634 32.33130950332791
212 118.76396293584901 32.23967146371418
213 118.9862847265269 31.715631205449323
214 118.96036152996449 31.876288592012603
215 119.18581365630537 31.75296076286436
216 118.51768991376152 32.297731341130884
217 119.09213364843053 32.21417921038588
218 118.97681067415922 31.88419945982463
219 118.60638872087124 32.049913656684915
220 118.75906460981851 32.26294119196127
221 118.51862153855382 32.274480171961855
222 119.09839275704358 31.75192474280127
223 118.5546947896005 32.20120981146646
224 118.63501034630625 32.25783930037377
225 118.98260408320935 31.661245125493732
226 119.03913574386789 31.676285675922962
227 118.67299621244072 31.938092430847725
228 118.62895577026154 31.779044725667013
229 118.51970137011025 32.31424416703788
230 118.54209928182496 32.18559949647068
231 119.12313523526363 32.17589345301831
232 118.65147864921 32.2047474834103
233 118.78521296553967 31.83316845566749
234 119.04287825671838 31.777623324142855
235 119.16871636807245 32.0817067197554
236 119.1292532128316 31.911443279067278
237 119.10858619583766 32.3239774171429
238 119.07500688103177 32.12069707728102
239 118.75093204417637 31.89583184519355
240 118.94594021808798 32.25884021500755
241 119.00447725641412 31.911717260043513
242 118.79788453739924 31.729807550843717
243 118.93995559138523 32.216524354611494
244 119.18808431338371 31.996143101429894
245 118.71810498547576 31.797827533572704
246 119.15762006500557 32.14577208094042
247 119.18956909911302 32.39088189574642
248 118.89306166146568 31.80171251307803
249 119.15345474597017 32.229080994917524
250 119.00964390114586 32.19007349777783
251 118.98879175773449 31.696505539060198
252 118.57298323285954 32.27990711729718
253 119.02223963510033 31.97410088787235
254 118.61423870573346 31.679702067242307
255 119.03007916545988 32.01756503258894
256 118.53360782042998 31.855084951274087
257 119.1306307797449 31.716194273161086
258 118.620998156089 31.661212145977252
259 119.09350191207547 31.772245579201435
260 119.1109745801321 31.954381602425865
261 118.55719663078622 32.11367927510185
262 118.56025486527093 31.67280415093855
263 119.16185094356716 32.1640329806873
264 119.18002065047834 31.68231951395038
265 118.54314088269456 31.742228031962327
266 118.93854901946393 32.1825589667445
267 118.77064715971017 32.29079751971116
268 118.54135941902217 32.35282671829687
269 119.09863347873801 32.11808131574307
270 118.9684199882754 31.967147459517697
271 118.5642243207931 31.688216808183487
272 118.81992643765864 32.05476722901821
273 118.7911970198628 31.719030369775282
274 119.18092934109882 32.00777196980645
275 119.19202052287157 32.078994738331026
276 118.66065110233788 32.2665042794762
277 119.02915552579827 31.853354692494694
278 118.9602642457896 32.38210158197212
279 118.82188294978705 32.3668688186652
280 118.89165363398736 32.27095326972551
281 118.76886536597752 32.170680634345516
282 118.51703778450315 32.17230269917434
283 119.03609795569695 32.311669200977015
284 119.04437029917355 32.36424741062558
285 119.1373115396779 32.26358446892102
286 118.84679940561986 32.123960478085856
287 118.56121160170473 31.69215569283547
288 119.16299857090539 32.103679040974015
289 118.68523433106618 31.8818433758966
290 118.58654744431375 31.713953603545026
291 118.59062246737767 32.314643409287896
292 118.91411828927939 32.26042283245317
293 118.76057150021344 32.00965229858642
294 118.97483266761441 31.97227131288386
295 118.53841282452807 31.99991262101953
296 118.51296452160705 31.82583899275791
297 119.18701234518127 31.89746056922859
298 118.54910246751311 31.95920489276141
299 118.73894500290405 31.620577930553733
300 118.52297694841913 32.319586546115445
301 119.14150510096876 31.641291885691135
302 119.10517375374938 31.914808212844136
303 118.89993006488112 31.69152473249172
304 118.5910545304452 31.782390960836846
305 119.09421709022651 32.357223214137264
306 118.54839221963992 31.90168204743505
307 118.81115671380766 32.16364452707219
308 118.71700458760844 31.689134873050538
309 119.21002756160586 31.777897232019853
310 119.1776841995828 32.30147574685999
311 119.07054933955845 32.3122070936002
312 118.81392968225953 31.788672034522456
313 118.84909101272837 32.378385446409744
314 118.89927788886908 32.15134059878035
315 118.89114875418083 32.007268203300214
316 118.62860143972618 31.879396484450165
317 118.67427091199136 31.88065236643271
318 118.99302076017342 32.38305761085816
319 119.09075353531502 32.159052421937815
320 119.16900638455714 32.010602112024515
321 119.04872432101693 31.636718220607886
322 118.91600666476852 31.80314438904632
323 118.54238975550713 32.34063168195825
324 118.5574065055353 32.0360379213586
325 118.63062376773587 31.867343175369328
326 118.98892307815609 31.63892009110984
327 118.70668934758056 31.814627672470053
328 118.77588774178525 31.788202414914526
329 118.60356994789261 31.725788286871925
330 118.66266912030109 31.876154996423193
331 118.75672506978867 31.739772641756396
332 118.93864649110846 31.66292941946305
333 119.20323967669643 31.716687492300135
334 118.59735909305466 31.98570879847084
335 118.72189513729843 31.647121653582715
336 119.19683247626155 32.34571838041006
337 119.09636120382247 31.766294358241524
338 119.17351431548829 31.988826552220083
339 118.8677239784922 31.92101087404345
340 118.67034888501529 31.84250210205668
341 118.63969009728511 31.867321001963777
342 119.05887596939051 31.797026021270323
343 119.16127669839067 31.81841651674453
344 118.92998494848332 31.702658811684596
345 118.9626431718936 32.13739519907663
346 119.13131605089988 32.092151367261096
347 118.67821239204197 31.84650381299361
348 118.91532673357756 32.3215707067958
349 118.88629515027493 31.918158047936334
350 119.1347752635923 32.09323739772199
351 118.73878227150894 31.997844256700997
352 118.5795049831604 31.863100387125225
353 118.59321730802053 32.30466880225621
354 118.68706603161952 32.29040002769891
355 118.55533247494404 32.27328199914126
356 118.72874910361331 32.392643971193806
357 118.87724551550527 31.634191947482307
358 118.79887775426121 31.98552849710892
359 118.95416244891234 32.36324383171421
360 118.8595672339837 31.69795197620428
361 119.0141641077102 31.795927674562872
362 118.8281319820833 32.00630240044625
363 119.05516168015981 32.11323818483614
364 118.80535715697467 31.876214354670722
365 119.02690656760919 31.849195198900183
366 119.01021565323094 32.2371230928443
367 119.09179288320661 31.616337444469547
368 118.62256040389626 32.23466752786188
369 118.9985848367405 31.93468397995757
370 118.49845431816084 32.115954745828795
371 118.77298430152804 32.17290389668404
372 118.91531401430022 31.68744864956676
373 118.50130786880321 32.342288173189054
374 118.53787752078497 32.25954026246192
375 118.65640502854492 31.88240623290563
376 118.78865755103693 31.754483128782493
377 118.99307401552896 31.663753736284335
378 118.6488493572342 31.835346656773385
379 118.7714636188599 32.181604061839856
380 119.13517102171224 32.28623483934071
381 118.73008839197743 31.838375304029928
382 119.04332697630132 31.795902094971247
383 118.91594987168631 31.85621706063676
384 118.55483301538096 32.37395192808475
385 119.17045293465216 31.667334373235924
386 118.58933912415691 31.73731117174661
387 118.74708858313076 32.15527316466876
388 119.18896440825287 31.705777057060054
389 118.67980516535134 31.781794309512712
390 119.15067141343579 32.26719165473822
391 118.96324785843582 31.844351493576912
392 118.6178390522813 32.08432466960662
393 118.5913135601139 32.02893267128574
394 119.18147544185749 31.830031152944414
395 118.81075897008591 31.802820608232462
396 119.0378651938499 31.790194709798573
397 118.60209780693219 32.30369215842518
398 118.86264287506334 31.616332458093456
399 118.58109192929514 31.689049034825523
400 118.82884385475701 31.869700584192604
401 118.50368188612374 31.768252136950082
402 118.5079207170341 32.0481717439955
403 119.13315134022024 32.02637462489684
404 119.1362981672916 32.00180892316293
405 119.02944659618505 31.84456600803593
406 118.85765017404466 32.01274491278077
407 118.6464479230076 32.227023536210595
408 118.99341786619945 32.240064283171975
409 118.64269030115358 32.03581622495741
410 118.54977466639549 32.23971409319186
411 118.708933431636 31.669396125326813
412 118.90457968294483 31.732531588224912
413 118.90466753397588 32.200748202634294
414 119.06777352267734 31.916250755797204
415 118.75743000989425 31.861603557069053
416 118.59326016347644 32.062870607362385
417 118.5392251670057 31.908809784759132
418 118.65414274016709 32.33317174905595
419 119.155374911327 31.902091682862213
420 118.51915209212902 32.25643116946288
421 118.93658090586995 32.09338747467647
422 118.81935247037258 32.33782971953718
423 118.63942625623734 31.988908952992315
424 118.99800334746722 32.372508449465826
425 118.89667956402573 32.04335597112511
426 118.56877075209022 31.628302567076762
427 118.96644897416277 32.18699071440315
428 118.52690059582129 32.30220406454916
429 118.65983970640443 31.659061111661572
430 118.88320015129699 32.3804632394106
431 119.01664397278857 32.06595676435251
432 118.87393430691287 32.189518921414525
433 119.10382996008552 31.779824773719035
434 118.98154838472077 32.350586142163266
435 119.18090675521961 32.120201383418824
436 118.68721506509532 32.045509376012895
437 119.18603441280666 32.374897578487754
438 118.65368910060171 32.047157830319094
439 118.63672154409355 32.0109065958957
440 118.61612280091481 31.624528039057854
441 118.5831952433003 32.04742457112825
442 118.9401444078781 32.1935762449407
443 118.50209355149433 31.901862629967564
444 119.07116759463362 32.15182696621683
445 118.95046982370765 32.039631373782996
446 118.72490212053995 31.760756768659185
447 119.12083943153532 32.030570674576786
448 119.09128505686334 31.976453914529184
449 118.93360994264846 31.86426746159047
450 118.52816163728191 32.132876170737134
451 119.19038421112118 31.654408448660174
452 118.9238475490533 31.88422962145317
453 119.15653744841191 31.9445594179419
454 118.59603837870888 32.38225609978384
455 118.51363122294782 32.159371149257474
456 118.71811381566232 32.108121004571395
457 119.04214509351819 31.720496232198403
458 119.07023764340899 31.961216870927164
459 119.10360297197936 31.900106088968496
460 118.71635060112281 32.361516125517674
461 119.06159331152584 31.958258940123546
462 118.59725260645082 32.27623107543007
463 118.88730855504345 32.14576039409646
464 118.5285023260991 32.27798334014093
465 119.00002714863942 31.58160347208612
466 118.7576378519724 32.3549854786014
467 118.57579126919127 32.36024552539364
468 118.97583961638594 31.7161467420518
469 118.77740195740141 31.637525687432817
470 118.70132904248693 31.864734385492323
471 118.75000731417232 32.02996448924886
472 119.04884548326604 32.016753399512204
473 118.7961876680335 31.95333748112733
474 119.11988154239135 32.322265078870394
475 118.6047036045096 32.04686711824677
476 118.78736746535814 32.34282131341945
477 119.1233792256152 32.06608938060532
478 118.90847539999602 31.755648708043065
479 119.00177072428737 32.394603656453036
480 119.09475754779986 32.39885351738024
481 118.86479522609744 31.95088639664578
482 118.60862832439518 32.19971307578418
483 118.72658872975109 32.12345701115833
484 118.65036407502231 31.750816454522283
485 118.62753004020823 32.066060472782304
486 118.91421944127671 32.119954920875124
487 118.63633803816053 32.082946432803304
488 119.07397240601381 32.02430493729992
489 118.81689987618914 32.06908278666682
490 119.07445597494457 32.176139615797844
491 119.0926655141625 32.208877019599996
492 118.98000378146791 31.688825083604772
493 119.05230661924676 32.33500285114007
494 119.05882537246724 31.994013683595735
495 118.9158762150709 32.15669661678791
496 118.7217484859329 31.910143700389302
497 118.79196517239778 31.65422035983674
498 118.70594500521553 32.11806298032565
499 118.8256562891648 31.89842959281991
500 118.75164162523284 32.01934251317838
501 118.75514100443476 31.805605021309198
502 118.55437452363172 31.76563433646713
503 118.78173794855414 31.831570679871568
504 118.58916784460024 32.29396082212672
505 118.7537632731025 32.35053596105331
506 118.5850968822751 32.36490232435379
507 118.76100584621 31.940638682579028
508 118.87921925585937 32.23530665734016
509 118.54242663542223 31.74968312873843
510 118.66309793762615 32.189042057992474
511 118.78565272759307 31.924617370795865
512 118.687664807721 32.26436406089202
513 118.88807418215754 31.77930154219117
514 119.08312952737896 32.25178710926302
515 119.0487290278767 31.67598167183581
516 118.68287410007784 32.30182666975206
517 118.64164838745954 31.952205210780523
518 118.91261638913322 31.7439871445743
519 118.77606006931457 31.84386773526417
520 118.55073871408563 32.18547931045675
521 118.65354677431337 31.964898268294576
522 119.16602361390105 31.781609331938242
523 119.15188230833043 31.814407374527907
524 118.7494989662413 32.14702069206715
525 118.52359030433684 32.123910295896515
526 119.03889652802633 31.64828664350711
527 118.6827831418899 32.26740129556289
528 118.51728446577954 31.69727138891869
529 118.68067819581982 31.776232680354486
530 118.58643836696814 31.623915826633137
531 119.1284804311048 32.026706758606544
532 118.63940218933769 32.2929812854449
533 119.01140646254845 32.3341756540924
534 118.62066888055843 31.98186674818016
535 118.55400902434235 31.70170871060475
536 118.7732451427187 32.001637608490235
537 118.94072220157572 31.832991532630643
538 118.890187454362 31.84339114232784
539 119.05399888277066 31.773797850188544
540 118.78178117604764 32.35058739165981
541 118.9271654720398 31.90967895475983
542 118.54046557344402 31.58703577681845
543 119.0108284369498 31.985565138679146
544 118.97371418048293 32.137606417793414
545 119.06235188827327 32.239105331957724
546 118.55315264168105 32.19292654350708
547 118.81913916552327 32.15027697268504
548 118.96163329092562 31.786614693269154
549 118.49701214622606 31.870529914532906
550 119.12044968305564 31.9406289184867
551 119.06709490177995 31.72862117370864
552 118.86357587502312 31.961091336321303
553 118.74504384420949 31.682617213857863
554 118.99432274454647 31.6639135888093
555 119.12360491931979 32.24802371609431
556 118.87040047468605 31.720542909758045
557 119.12210790662533 31.96997057417825
558 118.59039334666559 32.077105525363585
559 118.72480848967439 32.355505090389734
560 118.9718906994655 31.857708169123626
561 118.75541243455335 31.742695324770107
562 118.85906366351934 32.28504189938059
563 118.95032042810975 31.835707260424066
564 118.90494809708653 31.832574653213737
565 118.81345642915447 31.738044239501537
566 118.61745347116654 31.958670808809245
567 118.77514417644063 31.76331487698901
568 118.65300668115893 31.904497725575595
569 119.03479745236487 31.859404277189448
570 119.05164492469218 32.11783524101737
571 118.65381204307981 31.953882416595885
572 118.90998045973103 32.11516273022134
573 118.9941865294783 31.84598119620538
574 118.82143357427468 31.894143754409907
575 118.55351850125346 32.38213641905808
576 118.97383869533796 31.800663206198262
577 118.55378725895486 32.20135527941907
578 118.96886193858055 32.160379351611766
579 118.5732974878015 32.104010259853425
580 118.95945590578617 31.68821802354526
581 118.68904882910344 31.599469152411523
582 118.7642727715935 32.201244744825836
583 119.18680633993624 31.653571876602363
584 119.15604778784537 31.79469396509405
585 118.8817268737568 32.3656331171856
586 118.95342019488936 32.37625222158007
587 119.0593645442083 32.34055791848626
588 119.01114229182808 32.04762329063353
589 118.58499674061724 31.959489857795752
590 118.79418364879025 31.97374749296536
591 119.07942927422744 31.877101472878998
592 119.01327696851675 32.38907894103401
593 118.61348897553832 32.25138579837589
594 119.09035621509882 32.42009837086095
595 118.93754467168844 31.846676395488927
596 118.70735864716573 32.07020702929321
597 118.52984113347392 32.125197419394375
598 119.0251300770831 31.920032090479907
599 118.82640463048877 32.065705590925525
600 119.18872335428479 31.73060803505593
601 118.6761680931449 31.852027404654034
602 118.5643428066928 31.704861413547132
603 118.66497915981797 32.079391128836924
604 118.80052249281513 31.875576667281237
605 118.5287836322918 31.93652054976307
606 118.7398709538149 31.909542821563964
607 118.65156060554594 31.64302265079931
608 119.16751465302085 32.32953286809608
609 118.63293943947134 32.157893956737006
610 119.12049862874572 31.842225902300942
611 118.5754412796488 32.312573821692396
612 118.90218909067278 32.16188732160944
613 118.9395697109645 32.38913355007421
614 118.88893573954469 31.99023250848889
615 119.15813134002751 31.68769566600655
616 118.8033277598913 31.68891969219969
617 118.94517665405361 32.179661175121545
618 119.11316473945506 32.04767492076427
619 118.66133344367032 31.775934998166086
620 118.85917988940454 32.012158179113214
621 119.18534440615313 32.01989685129442
622 119.05186536623987 32.30103247705262
623 119.00497393913997 31.607179604555306
624 118.80004206206398 31.698673071382203
625 119.10887097587054 31.919670949268557
626 119.07867596064588 31.697292758335426
627 118.80432130908042 32.368653413485525
628 118.88912353860731 31.764710080537114
629 118.96665283752012 32.10008493631283
630 119.03331830262394 31.949379643139142
631 118.82270582879542 32.21712836448825
632 118.73646479760507 31.627838878115707
633 118.61445331863587 31.859992515367132
634 119.02921352910447 31.975895738560503
635 119.02328360540493 31.683765822329164
636 118.62394485100238 32.080384585870526
637 119.10818144607424 32.006175199156885
638 118.59689443642283 32.2625672068524
639 119.07809967869674 31.972955189290776
640 118.61302794169605 31.852490049163332
641 118.9480426201746 31.836460699807365
642 118.86339458554964 31.819107200620294
643 118.6038063789341 32.34726837546403
644 119.01534992797106 32.23349876377831
645 119.0106844927705 31.869661538083793
646 119.12771542811991 31.953394986327076
647 118.82610942773064 31.68004233466159
648 118.87871777021127 32.073201739418195
649 118.96134967600615 32.18443499263277
650 119.11324846475804 31.80475287046059
651 118.77786680767565 31.978555367620665
652 118.96695366702474 32.13076704164785
653 118.91347721946988 31.983004885292672
654 118.64028647033471 32.03359128875559
655 118.98399504651618 31.7606480733821
656 119.08055657577066 32.21484121435585
657 118.82717087297438 31.684053848282506
658 119.18501208714804 31.973119997929302
659 118.87665729830528 31.838468211563633
660 119.12512339522517 31.69514552365362
661 119.01590847605853 32.29268263041313
662 118.77333482229787 31.75760141818576
663 118.73447082332626 31.979654625978316
664 118.76082722679881 32.09275385713605
665 118.743123144401 31.84362657914289
666 118.52673825636631 31.99834872588925
667 118.51017304807094 32.00364570044641
668 118.79177102332133 31.940309612448143
669 118.62684922605341 31.884936593324895
670 119.08029650432424 31.789536740782545
671 119.16894235061108 32.31605787561073
672 118.70994285442015 31.986513345061997
673 119.02577166745095 32.15036430543471
674 118.75012791852586 32.016640789358064
675 119.1072884017501 31.84836096882732
676 118.82862604428004 31.98760651095141
677 119.14783117816295 32.237291978081174
678 118.99386784236326 32.28555909129674
679 118.58436403566576 32.35836581207089
680 118.59568764448436 31.793741681674586
681 118.80278658307724 31.868780468636267
682 118.90800099544383 31.685865840832385
683 118.85319968377819 32.40586904261025
684 119.12392261332879 32.11877546208407
685 118.51069892888385 32.14784185450697
686 118.58275223074517 31.966025809388356
687 118.69283298628079 31.818419902326312
688 119.12520607710475 31.92169261685287
689 118.4957831347147 31.85736836993989
690 118.87959316332719 32.03825486473412
691 118.49952989847252 32.249390571669196
692 118.88424214803062 32.275052299092586
693 118.84526384415955 31.839349626435265
694 118.59394396558577 31.731861609342932
695 118.91677668278476 32.18863522905205
696 118.93446563057825 31.93731668098667
697 118.81446454796868 31.744396895712963
698 119.04458712710122 32.10985205284281
699 118.54453707667392 31.68907507457465
700 118.73149966259865 31.68312365910882
701 118.84479460797724 31.593941796173514
702 118.71222234547156 31.747569489936037
703 118.59018566467128 31.972854742670833
704 118.57617136805378 31.74877821507293
705 119.04374848710613 31.643349039019085
706 118.68775784820164 31.99159382336711
707 118.96223398928034 32.31242262946087
708 119.09248265831128 31.61228194839875
709 118.70864482433866 31.790913052772524
710 118.61930399487714 32.331994348528696
711 118.89795481725261 32.11305689907915
712 119.0811975945555 32.247962570218164
713 118.76708110227236 32.31352474876268
714 119.08039196886556 31.770079594378775
715 119.19165740374187 32.209273001799374
716 118.979932030958 31.818682566713196
717 119.11908154244468 32.326422572993266
718 118.55419814285332 32.359297738958176
719 118.77162606126078 31.729573346157547
720 119.10578196211614 32.290863739628996
721 119.01860889265927 31.65176560192578
722 118.5837883832671 32.080806147462724
723 118.67210889838887 31.97822568446733
724 118.71957208165834 32.07184135492143
725 118.94576007564605 32.203947872138876
726 119.01886537741504 32.311426527127146
727 118.84939111426287 31.996920064947275
728 118.5259181884326 31.639747706526975
729 119.12859829580573 32.35252929813873
730 119.16333931668302 31.63680233508475
731 118.73920574455683 32.23657327303012
732 119.07347547450011 31.718583075537808
733 118.86511595182117 32.323928547664956
734 118.82255510301421 32.08838597423663
735 119.17193009555555 31.84441800040364
736 118.48779937367078 32.277304826662984
737 118.7877177806766 31.730590702398185
738 118.64398245264609 31.777135998475195
739 118.82572926705555 31.834247655476624
740 118.81169450035546 31.906357918592516
741 118.62920471691871 31.79390703989397
742 118.91470995144867 32.32666532762875
743 118.76169328766457 31.956682291874035
744 119.12765553976698 32.36361515741671
745 119.1580583463971 31.837682454532256
746 118.75997813568932 31.970044960968604
747 119.02763665082544 32.27790531642432
748 118.94962989857704 32.38816424005396
749 118.76087139279831 31.975776608322317
750 118.70306075965419 31.970887591518057
751 119.14732548981584 32.345890354183275
752 118.65806637092601 31.942663897797644
753 119.05013393821812 31.949473574671213
754 119.05029489570161 32.37390658064874
755 118.63055589488577 31.99125429487584
756 118.76013627577615 31.680043891443482
757 118.81046162291783 32.35991792402104
758 118.86448703868221 31.958287186708045
759 118.91976599546659 31.880138840530787
760 118.75765073475809 32.323919885097354
761 118.93045222413473 31.59890651119437
762 118.80156144318148 32.37696679528179
763 119.16456299622625 31.66050144581557
764 118.96747697840338 31.649569769888323
765 118.8565117082513 32.32441307896761
766 118.88781997060516 31.962011052084225
767 118.58381854500115 31.729052336648454
768 118.67387949076358 32.38279827246394
769 118.99188448271858 31.84461196811929
770 119.21954222886087 32.34461859505556
771 118.72486975001331 31.985716306735515
772 119.20698948768548 31.917878098715185
773 118.74678083919935 32.05406035735395
774 118.80889222345255 32.320208228706036
775 119.17664587887212 32.389059216193566
776 119.06983854583481 32.14429966338831
777 118.88092524420868 31.906008483053405
778 119.18452499477662 32.26048896524445
779 119.20436031962042 32.34118377251012
780 118.62035755586426 32.04466986299
781 119.05758470703383 32.192040407484946
782 118.68656631370904 32.31172192598685
783 118.70982410139322 32.16863620829199
784 118.80575747344348 32.11255715390697
785 118.83942685261901 31.889560588555092
786 118.59614008253031 32.083728973741486
787 119.02519710788224 31.78336971105409
788 118.51442640132272 31.714177745231673
789 119.19730515919616 31.802235577425737
790 118.67316781902973 31.943536676798246
791 118.99576164122588 31.87900695206047
792 118.85929602506278 32.17263264815644
793 119.08779650026305 31.913564752100793
794 118.61883437505472 31.978915942240217
795 118.52178837021978 31.811144438626165
796 118.62703180113563 31.670033554820225
797 118.96985969041343 32.17182649440404
798 119.08378270838406 31.775314002578387
799 118.61581224410234 31.97465508861928
800 118.91574183062797 32.08002272360562
801 118.51320794154184 32.133545316063056
802 119.07108024144588 31.941269560608752
803 118.58405015147996 31.79209557099669
804 118.61958635961153 32.31572191490417
805 118.94311780970776 32.14003821188382
806 118.80791727058819 31.79389335598295
807 118.69246889117137 32.24446582291564
808 119.16743469356304 32.04872530557808
809 118.86848829063935 31.960711842438787
810 118.61580134222956 31.69409950713968
811 118.7988496222138 31.781737369246695
812 118.98500583148284 31.69240608526304
813 118.81542444886087 32.136760018364335
814 118.59368883118194 32.17132426442869
815 118.61197925061359 31.96879576758142
816 118.6542596235226 31.649188824423035
817 118.87847807378841 31.72036182161269
818 118.94039407654702 32.34009278661225
819 118.82966866928396 32.31365914183243
820 118.62699732422921 31.922020679404046
821 118.73980502951726 31.715519838215297
822 119.12220716603176 31.966217812206615
823 118.6780123280465 31.937588580728228
824 118.97617147245712 31.617156456383242
825 118.75525656446234 32.188610823405675
826 119.1970702187787 32.10059535849551
827 118.49822627607864 32.04772129511118
828 118.70346292175162 32.252070383161126
829 119.05267318560439 32.27898081842256
830 118.53636973496853 31.765564083517717
831 118.7651855268612 31.662368668968718
832 119.17083849300383 31.906853626263995
833 118.98844346137868 32.28148202386221
834 118.59851773067062 32.214984997939844
835 118.55839965454727 31.804168484145087
836 119.1774802396705 32.22385203911277
837 119.15010914274976 32.0742481443091
838 118.6231554425349 31.81058263000728
839 119.1207238631456 32.14817291586996
840 119.02250437945793 31.842593584666886
841 118.79392585047897 31.86172919291277
842 118.66614429613412 31.77016620387756
843 118.59190502868385 32.052670677340416
844 118.66008645235442 31.991655233574242
845 118.83383701722872 32.09306495102291
846 118.53222667631722 31.604239419987685
847 118.9353615594941 31.92309127200719
848 118.92741819452922 31.631728481769365
849 118.9161998531956 31.850874720888424
850 119.07612539830811 31.669669329746103
851 118.5604977123389 32.06110021311458
852 119.19533937277183 32.35191104883673
853 118.82800988302974 32.27351952018617
854 118.84772496351589 31.993860522204272
855 118.60634814953224 31.888420295758216
856 118.94762382763027 31.604478652975885
857 119.12821086362477 32.12646432315729
858 118.55709893231071 31.839406407634087
859 118.7070366390432 31.94080329495479
860 119.05940219831294 32.084170668290334
861 118.51306628711933 31.75101803523032
862 118.90936486319931 32.03309937400644
863 118.65771276548433 31.957390896314365
864 118.85876441838363 31.91431274335062
865 118.60539679323578 32.270829375802215
866 118.74488795616874 32.19571215630021
867 118.74007480724497 31.696626308347916
868 118.78456214465812 32.31705559518036
869 119.16611718197672 31.59170857658403
870 118.58222556140542 31.78134892778825
871 118.69472066777965 31.700251865329758
872 118.97754340919866 31.864584728145896
873 118.755514130772 31.685818103956393
874 119.15009344763983 31.824427187806723
875 118.72978293840559 31.923965437367595
876 119.15240864256906 31.98150382875001
877 118.59108771665575 31.828221391096577
878 118.82253736381197 31.650353597974398
879 118.85886508529042 32.01109895686643
880 118.92301330509483 32.07616766214359
881 118.78174297556943 32.113924531035735
882 118.86318314532994 31.59496397014675
883 118.64751343176187 31.676925485439202
884 118.66570390091766 32.12954415598947
885 118.57964959128674 31.727556541117803
886 118.88212505228046 31.686168953060182
887 118.84396497523683 31.949337031963008
888 119.19610710441748 31.89659774230175
889 119.05323102702107 32.123222479792034
890 118.99116754558528 31.619647684884427
891 118.73006909964052 31.79807559859824
892 118.6683125257706 31.811772034845223
893 118.97736554828644 31.846573488783097
894 118.66259925748017 31.606849413031973
895 118.53104270584218 32.03907297820089
896 118.71070289934512 31.608666570818244
897 118.85999594393776 31.83309486317112
898 118.62309026400901 32.324577317912535
899 118.57530680055835 31.726742039753525
900 119.12347026851938 32.151548749332854
901 118.82655269064145 31.98477345718901
902 118.526954907026 32.32155138665945
903 118.66747845737908 31.95419292844864
904 118.53745082931823 31.756483772819788
905 118.68969003841762 32.40178439537289
906 118.79779385799664 32.162200864904904
907 118.58385647506366 31.704105442617898
908 119.14116618946126 32.0337958366736
909 118.8309185314285 31.867336590949506
910 119.08695886600755 32.310743963186894
911 119.07152238306303 31.736698226600463
912 118.59811405108249 32.10402775547944
913 118.54645675469133 32.35703003583415
914 118.90700377663697 32.34601850680525
915 118.51886829667865 32.31381700501994
916 119.0591133494543 32.12156433713377
917 118.71327070254846 31.843627688967377
918 119.02184380831312 31.649135097735048
919 118.62940081832537 31.743273488125006
920 118.72378471853251 32.31103576865649
921 118.94355164094107 32.15562788511139
922 118.66658425050174 31.659406795935315
923 118.66110562305117 32.37564400219434
924 118.75214822407058 31.997655844679876
925 118.53989995178353 31.750514187896734
926 118.99188919039017 31.978680452535166
927 118.57588686247153 31.94273976439325
928 118.66408453868634 31.774037946084185
929 118.54919522956266 32.10158304588616
930 118.82499415752307 32.029843639024364
931 118.70168047526097 31.81330578260677
932 118.85737634361533 32.2195089938884
933 118.95151042780739 32.032518965430384
934 118.636553388988 31.878458646097585
935 118.7384520086128 31.725529894653548
936 118.87846138444066 32.000957183703335
937 118.67339449592616 31.719700116868754
938 119.13171843562246 32.324697162925396
939 118.54761060164252 32.02229008127385
940 118.60587347625165 32.32736716615894
941 118.70987928576773 31.85849917370779
942 118.95039246092631 31.947813501013627
943 118.53888947550773 32.024269556563716
944 119.13530106241154 32.30003009371645
945 119.12331683459988 31.70142884147025
946 118.95385807373073 31.919213691132015
947 118.75387591282866 31.68170594416306
948 118.68759851048912 32.362770995042865
949 118.73032032546061 32.24588383614055
950 119.12039742632565 31.932770001956772
951 118.86488540793425 32.124809588125494
952 119.161164185086 32.05127851234947
953 118.84919852236813 32.081863588512014
954 118.6430727340773 32.26131832124056
955 118.57685143612247 32.382132300384214
956 118.96387145335191 31.663457643745637
957 118.71558354976852 32.042543052213915
958 118.95191296112758 32.32359122473149
959 119.16271811929343 31.923857463372997
960 118.51513845473994 31.794292045167765
961 118.5663904968517 31.69649335890055
962 118.73483871654541 32.11588371120618
963 118.7072746459136 31.74813352923379
964 118.7670040106245 31.889619080832126
965 118.81243856934042 31.893922973879587
966 118.78251266033554 32.08762821840534
967 118.55831955643936 32.3736985898554
968 118.72985956441283 32.39751823205799
969 118.6111906275946 31.833199887403786
970 118.61511419291199 31.81121849197265
971 118.9155525886789 32.187313125071064
972 118.52586515512242 32.15699324570801
973 118.67892475240416 31.832460277505554
974 118.92986606594697 32.36167307209412
975 118.6882140469841 32.24021300757304
976 118.8509902239509 31.741556301100264
977 118.82407941133384 32.00163427675751
978 118.9364386225452 31.65962856201754
979 119.07610217681969 32.03375865255485
980 118.68703911514329 32.04811018910475
981 119.12914475177946 31.760545289615937
982 118.9728405215765 31.655197069640398
983 118.7833461471382 31.730881970931826
984 119.0877149836912 32.02151926175126
985 118.78384120856794 31.644951719765956
986 118.98567097063155 31.751400762085023
987 119.11811128771532 31.746562540288274
988 118.6912554998134 31.915047475342774
989 118.841781793755 32.02364465696514
990 118.77206328679019 31.87989722327097
991 118.56853474702156 32.103179919651936
992 118.57917374457486 32.32905283934152
993 118.56764670151013 31.793255166533545
994 119.12218542223737 32.38879287625583
995 119.12898537269552 31.86632954454693
996 118.73534367788861 32.0984128424102
997 119.10262528712686 31.88943769421769
998 119.16429240002932 32.15552249623524
999 119.02796306013472 32.29014104164584
1000 118.6681049997469 32.24030853066461
