1 118.94274988844319 31.947348629634707
2 118.89140655830258 31.603775229336822
3 118.61440731395786 32.044432707124145
4 119.05735002082031 31.976124067618215
5 119.17171348522695 31.94606929296592
6 118.95884935687246 31.870865071909883
7 118.8943954104066 31.757017741371396
8 118.6046301933764 32.07270297772779
9 118.69321167279922 31.83979376234119
10 118.7458742161702 31.81026355311676
11 118.62128821485379 32.09740959867169
12 119.19626451540803 32.021115131861535
13 119.14540964759168 31.7313034694715
14 118.7604654666336 31.98013579416696
15 118.60209208799509 31.734182548141717
16 118.77642032660354 32.230454365139565
17 118.63525732374667 32.30426176865616
18 118.86989307787456 31.999026337254698
19 118.65557278670593 32.28247089642994
20 118.54507908578958 31.665727323160585
21 118.93303849363903 31.996210857350764
22 118.76298677115408 31.650673792213006
23 118.98392190878849 31.945865757932626
24 118.86551147448577 31.680108729427765
25 118.95704381712446 31.69158183166014
26 118.72710068183505 32.08548929495659
27 118.89882809979756 31.769674145932267
28 118.8340394735727 31.65963198195748
29 118.9164419689344 31.776579857044005
30 118.51840462818353 31.877601482832503
31 119.18555085494535 31.968551639264
32 118.67928399103879 31.76000705910225
33 118.56170622426073 32.10892948435894
34 118.7038730085678 32.008017065313204
35 118.99018911027804 32.01817453782383
36 119.14447266916389 31.91514775444633
37 119.10491593367905 32.21854170098361
38 118.70158856662141 32.06381272522385
39 119.0929567032431 31.71594730285648
40 118.55419887699603 32.15188040479378
41 118.55153101058308 32.36973984913678
42 118.62837458637755 32.01741743408699
43 119.04304538176274 32.30334162197687
44 118.99899691242246 31.871634673032645
45 118.59083878351885 32.061757757691105
46 118.99305937391718 31.948801713379254
47 119.04120398684911 31.92614736758619
48 118.6013298655789 32.24233625390073
49 118.96522495046227 32.026272450854094
50 118.79596934991594 32.360148033804684
51 118.54600198677622 32.03133643088929
52 118.86597029266386 31.670915981105612
53 118.84515419500723 31.907876820601004
54 119.10334707908399 32.26928979957113
55 118.93632501202234 31.939162006085915
56 119.10908607861944 31.620049574221166
57 118.85422574213868 31.812778608931286
58 119.00052593003198 31.640974270088424
59 119.17107497281833 32.37612118347719
60 118.5119904397566 32.376462272846176
61 118.79519564340572 32.24460916651555
62 118.80407974715293 32.090884254104836
63 119.04182260009287 32.21571106719205
64 118.52164911678896 31.73775315477682
65 118.90012467291325 31.830195445506362
66 118.68066827299765 32.005453815797026
67 118.80731217734711 31.879748478675353
68 118.97830814072414 31.642123269964994
69 118.9360920656174 32.358224601167414
70 118.6686144662622 31.971641486104527
71 118.63405484756544 32.009330390994684
72 119.08088091475554 31.879104356446955
73 118.85404679946659 31.82466661614226
74 119.17518426959884 31.885714609279052
75 118.96280322436988 32.267912580527
76 118.65323230101215 32.21913238488733
77 118.61220413493815 31.881228740342557
78 118.72809415299766 31.607970893342593
79 119.03646829383865 32.220977953142274
80 118.83316862351353 31.796359688372654
81 118.88834921994462 32.074697984659664
82 118.92103663067115 31.60680796077253
83 118.64549326486403 32.109102114908964
84 118.726244056143 31.922888561147357
85 118.70993571288389 31.987805941972862
86 119.13534326761767 31.938855788497527
87 118.51833748723921 31.87982907529162
88 119.16910855996652 32.019672750821286
89 118.61833148307932 32.38487621991467
90 118.85612020860617 31.703413087298678
91 118.69638889789684 31.86642609501158
92 118.70612577107715 31.63524630977953
93 119.03535805425186 32.19781321786197
94 119.00965494489647 32.128024118647296
95 119.03547151201265 31.760760239587782
96 118.60345494084923 31.906572583293826
97 118.64538811557557 32.1434985168527
98 119.02898267953671 32.14015444917693
99 118.57431564142179 31.736115669814584
100 119.09762735985588 32.313831684819505
101 119.11078320169347 32.228377205796654
102 118.85309195604253 31.68164055458164
103 118.97968399374871 32.29500968755527
104 118.72292387436218 32.20369273925313
105 118.96308254077957 32.25426621758254
106 118.52605519201411 32.030180709624815
107 118.67843328798052 31.771037494189695
108 118.78549432848223 32.35931224067697
109 118.8720190917289 32.07785709845577
110 119.19807038745756 31.86578050800385
111 119.21823499846943 31.83824021067719
112 118.5923313732435 32.308548284034366
113 118.70122798469212 31.96242775749948
114 118.55173535182219 32.03697773560096
115 118.728142204972 32.103453445034845
116 119.15839149177037 32.27774029935004
117 118.90937098547603 32.08696908497333
118 118.53350967487337 31.7451781633194
119 118.87180783830689 32.072852880902595
120 119.17036064328643 32.001925404749606
121 119.18606658895067 32.039618720527706
122 119.14177530554124 32.16371355843921
123 119.03247087699155 31.7944132151838
124 118.66404194541938 31.751058711602507
125 119.13065837243641 31.685248325847322
126 118.72082686405112 31.82629690640392
127 119.11967182119744 31.61033261780882
128 118.52039856852566 32.094366996875635
129 118.54659920431772 31.840178777802546
130 119.06203884483715 31.74337527717226
131 118.55477953778023 31.676758043959982
132 118.80865057284277 31.815814410639355
133 118.73881037744657 31.787072479604937
134 118.67353694641417 31.823272362334485
135 118.74730677634341 31.953804746322824
136 118.83818719913226 32.017866802802075
137 119.11751394565647 32.25752339949301
138 118.9399612950064 32.385077319071875
139 119.13582050314777 31.643237658557368
140 119.10544160869958 31.797042659787113
141 118.59586960755081 32.110594792546806
142 118.76924232123038 31.75409367501642
143 118.86426238474616 32.304761938390435
144 118.68225907602559 31.758200180207158
145 118.88457603837341 32.17425630989105
146 119.2010044146203 32.097880293380136
147 118.64097345121684 32.22873084757963
148 119.0529859376475 31.640316448640366
149 119.20912854741482 31.78167401712932
150 118.6662691563718 32.173002532266175
151 119.11166316544784 31.706331139487816
152 118.6271167300734 31.63263037836755
153 119.1478762343938 31.888768190285823
154 118.69352303638297 32.07457342514772
155 118.6856865365252 31.610294335255062
156 119.12834062820426 31.670761408327767
157 118.69258310318699 31.62678831072372
158 118.6442570031278 31.92030278626686
159 118.72194482776257 32.14765208363755
160 118.98283209285073 31.76654190810274
161 118.51723158922019 32.28691404447053
162 118.62026224213308 31.952458469551978
163 118.57364025556194 32.096535955667356
164 118.85136373827326 31.831455861366365
165 118.5248406742954 32.0973738416372
166 119.15141380157232 32.383956772948366
167 118.82351101550657 31.966745026636
168 118.93171649228631 31.769525871282838
169 118.65032120970528 31.95164431805187
170 118.99226351506016 31.94106429972884
171 118.4951199074628 32.01290295754139
172 118.5537360590848 32.01231757319709
173 119.1507269070071 31.647012629185717
174 118.6195439446242 31.722707056980916
175 118.83770327632153 31.964576169692492
176 118.89884694666154 32.15754004238318
177 118.62621426292601 32.23769007898133
178 118.91485183624536 32.20965232165877
179 118.67951391528804 32.023119666558046
180 118.96110027234432 32.3768791160014
181 118.70569416170102 31.845091570818617
182 118.78211975112505 31.970805600624185
183 118.8426359603158 32.23204083135929
184 118.51781273960788 32.25216700437222
185 118.58408339826123 31.91309208346686
186 118.54309693258625 32.28331530492451
187 118.79834778275357 31.97346290062061
188 118.87873224438906 32.17756774454124
189 119.18896862418771 31.604548630266404
190 118.74516260613436 31.60105884876783
191 118.62819317615303 32.33203296367108
192 119.17836733826856 31.696057723985042
193 118.88261626470772 32.15534779964744
194 119.15372091329178 31.834054505478303
195 118.73840059083487 31.758688576745225
196 118.54821742117855 31.889624856713652
197 118.84197765959381 32.34617662803541
198 119.21315452635831 32.064165409237496
199 118.54702224472656 32.3250397447256
200 118.85914967866178 32.173445757323215
201 119.09699957181154 31.97922685887226
202 118.65480067143572 31.99301214112357
203 119.06289516743236 31.786704004145182
204 118.54132680223296 31.614810928963866
205 118.71497186969614 31.915025869262628
206 118.62544921034437 32.0399310570101
207 119.16935949224337 32.29882299569185
208 118.93239259478929 32.134371032671005
209 118.69638705926164 32.252369317382815
210 119.14078033742065 32.32110415933902
211 118.89488799593413 32.339867262683825
212 118.77260083971588 32.23774780606908
213 118.98970486467634 31.70506006708762
214 118.96057297300752 31.878667350161294
215 119.18443521868238 31.745388833735653
216 118.51625220556063 32.29497837313951
217 119.0935548427252 32.217551729676316
218 118.97710587855315 31.89097558123732
219 118.6045369485978 32.049564790263766
220 118.76587426356691 32.25594151676823
221 118.52598848092627 32.273642087099816
222 119.099394873089 31.756822852514272
223 118.56421427926816 32.20650160448352
224 118.64038319046924 32.24973475820175
225 118.99413854861601 31.660792366129964
226 119.03431727428595 31.673252789994425
227 118.6885370396928 31.936035916495428
228 118.62590158912657 31.775412545595454
229 118.52339211137682 32.30420741723825
230 118.53565615160801 32.18793983758438
231 119.12356212410408 32.172861956587184
232 118.63965012198946 32.216558261715264
233 118.79228981003568 31.848542558980718
234 119.04792065640407 31.78579443132735
235 119.16924830109153 32.08592753273558
236 119.12995882861686 31.921108111662203
237 119.10316236647729 32.3320454141087
238 119.06986110454356 32.13055272529663
239 118.7398491793043 31.900139055308642
240 118.94904951092268 32.256776141495216
241 119.00870824923902 31.899705233322074
242 118.80581214343579 31.730708322702576
243 118.93589149857368 32.20772277174581
244 119.19194565929361 31.98593209890678
245 118.72539271231112 31.80111794427909
246 119.15336764244704 32.15040484654507
247 119.19429636346148 32.38884784126171
248 118.89451992688706 31.798714456744303
249 119.15073447090955 32.22733641150325
250 119.0139350648054 32.20061171905874
251 118.9914638660772 31.697735956879992
252 118.57816145222704 32.27227812875759
253 119.02032468025807 31.97860621271839
254 118.61474755617172 31.682519743506184
255 119.02540647618287 32.03253691404059
256 118.52941495702558 31.863418062865247
257 119.12667842149143 31.72373441615594
258 118.61670129916871 31.64898674246534
259 119.09627510609884 31.760697198913636
260 119.12269896070192 31.949336231574023
261 118.56810963443702 32.12524375974503
262 118.56124919058037 31.673586346732343
263 119.15958625993194 32.165069765072765
264 119.18527822292936 31.67907055147264
265 118.54960754380677 31.741376486865303
266 118.93089439304114 32.18382571916154
267 118.77665758203695 32.29230457539122
268 118.53834709727387 32.359737268491955
269 119.0976038414072 32.12609998869309
270 118.97025472306562 31.97871209668584
271 118.5528432545184 31.68836834023974
272 118.8253066009742 32.05724279766616
273 118.78533420152029 31.718275387926056
274 119.18789048549823 32.006904753731696
275 119.19417761170051 32.08668350901693
276 118.66209952790386 32.27441080875127
277 119.02957650719874 31.86021744583336
278 118.95725776412162 32.37576437531296
279 118.82089376581212 32.3706308660554
280 118.89320404152217 32.27142217220059
281 118.76792290401363 32.180344871377486
282 118.52562672651993 32.17709012668979
283 119.03352262005063 32.305807947814266
284 119.04861345995916 32.35886470321909
285 119.13699216407305 32.270233638836764
286 118.8446158048478 32.115653723278776
287 118.54767979286524 31.69731102276522
288 119.16644325264959 32.10801662800876
289 118.68838621281354 31.87552246303463
290 118.59063313639481 31.708092915726283
291 118.59487576959684 32.309482944573595
292 118.92377834055532 32.26346994956481
293 118.76228706645826 32.0033598470622
294 118.96526561936939 31.973597773728272
295 118.53799082411867 31.995137633688422
296 118.50685715971494 31.815539091519426
297 119.17524623445648 31.901105598106202
298 118.55044157599441 31.958238758501643
299 118.73665636572566 31.619712145289952
300 118.51753686504108 32.312305718026096
301 119.13092255664246 31.63145086524492
302 119.10552768306528 31.91391999425471
303 118.89537348599936 31.693779879232906
304 118.59678209164545 31.769665939408554
305 119.07710711982062 32.35776173502816
306 118.55142409339783 31.90411607523688
307 118.8282747416112 32.15683221825206
308 118.71991780197969 31.68618830868675
309 119.20405339395768 31.773593822994563
310 119.1766284147465 32.298593402675564
311 119.0675244070883 32.3014703466445
312 118.82466048997996 31.79833922350692
313 118.8509209694011 32.373707794332866
314 118.89071770591605 32.14395359644283
315 118.88557049818678 32.01145077275323
316 118.62894023146262 31.883462696419357
317 118.68212006656766 31.877572986092947
318 118.99911539958923 32.37040036918381
319 119.09579241778468 32.168758025674634
320 119.16562443639562 32.01280153991571
321 119.04179762927934 31.63293005978316
322 118.90909803758451 31.79645534399225
323 118.53547580994021 32.35286698152422
324 118.5523899380173 32.028953882073345
325 118.62123180427132 31.87212205116093
326 118.99085451103402 31.631828934890716
327 118.69572257773915 31.812334871005614
328 118.77676714829408 31.792437475342595
329 118.60927151807701 31.72640969587159
330 118.65980273110506 31.878881204610515
331 118.76770213277572 31.74249711935693
332 118.94661676863745 31.66034692582208
333 119.19922325545052 31.708814265712235
334 118.59458636523955 31.98360236940864
335 118.72247227157287 31.651735918376694
336 119.18905056896342 32.342424448576004
337 119.10494123557588 31.758199221776913
338 119.1826299280432 31.992424577983364
339 118.86501102691864 31.92651878864344
340 118.66283500335466 31.835579313210065
341 118.6476546876256 31.868124293222227
342 119.06447681939952 31.790175634237574
343 119.16086741541447 31.812117537649964
344 118.93923588841108 31.706836479761375
345 118.9785318593538 32.14718103352748
346 119.13256655089879 32.08669504559189
347 118.67644658779291 31.845315252668698
348 118.92364694683442 32.31728632171937
349 118.89338413175746 31.913971143131725
350 119.14163327179936 32.09501301260301
351 118.73277397729994 31.997239200043797
352 118.59305754411001 31.860110774037363
353 118.58988814864767 32.30449657044665
354 118.68935707924616 32.2862951335404
355 118.55530200633163 32.275379782440254
356 118.73162646603234 32.39345657910446
357 118.88335041215561 31.62648475359955
358 118.80673889519483 31.987781529357324
359 118.94794600782186 32.36249063609336
360 118.8670603543052 31.701705346514128
361 119.01531755498233 31.80917019615442
362 118.82524227630105 32.01514763732736
363 119.0498464823433 32.10983741151844
364 118.80351893191548 31.880841679084938
365 119.0225570310176 31.846766439612484
366 119.01397791375683 32.230870183411255
367 119.09178166923378 31.621320768473886
368 118.61704106233165 32.24245365826602
369 119.00468459637362 31.928525182985013
370 118.50051156837912 32.09915219399201
371 118.77481265055788 32.16623524865779
372 118.91230440023375 31.687307214003198
373 118.49874823381404 32.33933935296324
374 118.53965741257564 32.24772399506232
375 118.65720741844284 31.88424626836692
376 118.78866747847997 31.750143076290787
377 118.99368205612848 31.660148899656125
378 118.64707695082961 31.83909340071802
379 118.77137206002588 32.17810927868962
380 119.13286271134808 32.287779825867844
381 118.73351333497541 31.834083394155826
382 119.04112848038761 31.79105400713306
383 118.91401093273764 31.86240387469742
384 118.54584650581991 32.38000220420161
385 119.17974198108742 31.674325886870502
386 118.58380498686782 31.73816383526921
387 118.74254086960123 32.155243645725655
388 119.18780815114737 31.709314148498606
389 118.68738940254487 31.785615197824214
390 119.15450482131388 32.260917183466574
391 118.96054239773316 31.84870212404161
392 118.63006708932777 32.081143015797636
393 118.59744338914324 32.034751411168564
394 119.17228785172207 31.832795123230802
395 118.81483531475615 31.803058301243766
396 119.02535125258301 31.803819226875735
397 118.59678825657117 32.30233582156333
398 118.85617588225747 31.60348739944138
399 118.57449697508751 31.691704037112356
400 118.81904898302572 31.873922608277212
401 118.50508075236651 31.770924735696
402 118.51059163053164 32.04122464128536
403 119.13495493972496 32.024526166176244
404 119.12804216105555 32.00040977457478
405 119.02911948347977 31.83870473137975
406 118.85566442854926 32.01343955675977
407 118.64719747605218 32.22750123388621
408 118.9980291415007 32.240945600930125
409 118.64855393379925 32.0359489211015
410 118.54481425408842 32.237237320112385
411 118.71428529043075 31.666418792042762
412 118.9051902082426 31.73617922344667
413 118.89663057028046 32.196250640505475
414 119.06571365550798 31.91110626086357
415 118.75960614961262 31.853476674323435
416 118.59991490391346 32.06386892764098
417 118.54185514843522 31.91259160058782
418 118.6528861256457 32.334745257340636
419 119.15307563353934 31.902947732402264
420 118.51074490041827 32.25619096777747
421 118.94205060583072 32.089132494194345
422 118.82488984898401 32.319487532067605
423 118.63772141485752 31.99020920308796
424 119.0020959345886 32.37671321953569
425 118.90187638209099 32.04292535590898
426 118.57060899919986 31.627709571994558
427 118.96636747449044 32.17381952317692
428 118.53671250845383 32.30151722922339
429 118.66248359422502 31.65901003506809
430 118.89339209038177 32.37866393588004
431 119.00947055295133 32.06277527712638
432 118.8782280335879 32.200522001239904
433 119.10992133570576 31.775147723938407
434 118.97817737210403 32.354079593682684
435 119.17984956707703 32.122264355473526
436 118.68774174159061 32.039537352298865
437 119.1817476245013 32.37948541955436
438 118.65786147550584 32.04908132392435
439 118.63933099339074 32.00200379227779
440 118.61083842713096 31.62996669451436
441 118.58487310712567 32.0522402181774
442 118.93465303207982 32.19857059698665
443 118.50634035464458 31.896572216721392
444 119.07045169358932 32.14056719252732
445 118.93939271187047 32.03310817453852
446 118.72866016556847 31.761501332618636
447 119.11754218225933 32.030748332477835
448 119.08732082348637 31.979277097100645
449 118.93203784958308 31.849882011883476
450 118.5384401842301 32.12334794978057
451 119.18682994580331 31.653589704239423
452 118.91758182327523 31.88279645306544
453 119.14335020941243 31.953897736402165
454 118.60177982129933 32.380783339131
455 118.51998705610245 32.16712150081309
456 118.70935447110288 32.09964265284005
457 119.04990147272402 31.730588824404578
458 119.07770304763052 31.949310463986937
459 119.10606761610215 31.90040408660148
460 118.7234996421396 32.35336031805132
461 119.05943454476918 31.96060225463482
462 118.59594624849593 32.28402619535371
463 118.8848212247823 32.1381790072012
464 118.52812882534029 32.279681671302136
465 118.99766995983197 31.589906239713965
466 118.75366248718308 32.352017149391266
467 118.5770120876636 32.36941536230579
468 118.9720573333858 31.711920121570664
469 118.77781768414471 31.640515466957968
470 118.7042406818931 31.864649983042202
471 118.74450499402998 32.03679709523723
472 119.04747778322277 32.01051989623865
473 118.78767953194367 31.95875824126188
474 119.11935490793951 32.31392996056871
475 118.60850937655094 32.0496790994095
476 118.78017445151116 32.336055487552784
477 119.12087423649142 32.0594238144729
478 118.91610697237739 31.74765571788058
479 119.00561646144867 32.400102760717004
480 119.08340648301709 32.395999665135214
481 118.86442591067917 31.95885932619217
482 118.60591875582274 32.20114099370447
483 118.72394424695852 32.118273653866495
484 118.65294218366736 31.740438179744185
485 118.6310548024627 32.05865082531438
486 118.91996772777033 32.121601804344614
487 118.6474244207947 32.07366381740463
488 119.07855191163956 32.02745419725019
489 118.81470418441477 32.069596836373876
490 119.07646856723791 32.17455962650455
491 119.0943631763843 32.2153253003845
492 118.97894563767728 31.679755422304684
493 119.04539838787939 32.33947661287944
494 119.05870704117156 31.992079495395444
495 118.91881598270602 32.15021572165309
496 118.72258558435406 31.914609680947933
497 118.79507186459637 31.652925198538558
498 118.70882933255224 32.11656372997113
499 118.8243344899442 31.901178953692554
500 118.76024926658324 32.027919529898696
501 118.74983748945502 31.80194442586287
502 118.5574837659797 31.764259502927725
503 118.78277231791837 31.819754547067156
504 118.58088298452205 32.29730759608196
505 118.75025197147944 32.3432500982791
506 118.5882773588889 32.3673472349887
507 118.763806049788 31.936964723728572
508 118.88127335773125 32.23442595008934
509 118.55091633388805 31.753379472807225
510 118.66633931586291 32.186057413944326
511 118.79063273817832 31.935406153612618
512 118.69811618564117 32.265824908345735
513 118.87906605458653 31.77213397344166
514 119.08434792769634 32.24624703470665
515 119.04946615929072 31.673645288276546
516 118.6823384718993 32.297172201965694
517 118.6434431111607 31.948019117570368
518 118.89750481527273 31.72959451502692
519 118.78397774195722 31.84363879163659
520 118.54551324085388 32.17937742676283
521 118.6627927721843 31.95070576646773
522 119.16901907512451 31.783461838153897
523 119.15561529602319 31.81022496573349
524 118.74792731215733 32.153877688451445
525 118.52264334170025 32.12200138888725
526 119.04509985164731 31.651094052901854
527 118.67599837947542 32.266013611222334
528 118.51748377612448 31.69249011356328
529 118.69400971135471 31.773685752120787
530 118.59020797205044 31.62392154919034
531 119.12563852933833 32.0282271813697
532 118.63466877644736 32.291591997815715
533 119.01463744032948 32.33959358744379
534 118.60742330716029 31.969602272087094
535 118.55946245575247 31.698997488281137
536 118.77695938654941 32.0052583359927
537 118.93792040961439 31.830174908761606
538 118.88187768461191 31.8415173398274
539 119.06108518194488 31.776546063128674
540 118.78793163480938 32.345842999917735
541 118.92257695150575 31.91435280736164
542 118.54843701270933 31.58805496402705
543 119.01818108049825 31.994011062998087
544 118.97818236855089 32.137223913377355
545 119.06186722064909 32.23893134879672
546 118.5646717470683 32.20201214164251
547 118.81580913037803 32.15315091052496
548 118.9614267952274 31.775381849785592
549 118.49776578762663 31.86731559360879
550 119.11519907931685 31.94938661786751
551 119.06416546089889 31.724350415684945
552 118.85846984971593 31.95959844020554
553 118.73828950886721 31.677900910732696
554 118.99716081008829 31.665868743963557
555 119.1197551866907 32.256423071301924
556 118.8561784893955 31.72011110729795
557 119.131234111958 31.962160359398833
558 118.58233831388682 32.08486882215728
559 118.72897995120626 32.357070680226876
560 118.97893192071643 31.85730455552632
561 118.76076089241359 31.744412299974623
562 118.87258036194974 32.296058618861686
563 118.95445899725036 31.83173018091252
564 118.9082591555365 31.825450165448416
565 118.81116433457808 31.72922254257647
566 118.61452427820691 31.952369062004866
567 118.77312148769158 31.75713825943869
568 118.65350461337519 31.905078841495975
569 119.03218389928901 31.861539300480683
570 119.0536983591487 32.11220454060848
571 118.64288852943092 31.953934483640783
572 118.91327465052592 32.124683944262394
573 118.99367235408276 31.845250167730892
574 118.82460495189488 31.8948469394758
575 118.55252985291811 32.37660269915484
576 118.98249108630488 31.79344772637091
577 118.55221912578135 32.201055433926165
578 118.96762852378134 32.15535874866515
579 118.57304602772581 32.102338006672646
580 118.95332554161926 31.695976797697185
581 118.6852880769292 31.595822700394656
582 118.76274006883135 32.19423844591968
583 119.1861077015924 31.656990937725723
584 119.15460638894871 31.804311363419657
585 118.89190054760029 32.37355194972982
586 118.94982863417218 32.37498118649479
587 119.06053387542786 32.34197521566544
588 119.00402091021337 32.05534246141143
589 118.58726782062278 31.955595141175035
590 118.80133620492346 31.972952358755553
591 119.09039041814388 31.86835575845518
592 119.00922509951286 32.38775085240586
593 118.61941220593125 32.24824049204405
594 119.08992120262037 32.42699680875553
595 118.92667111764348 31.846438851641917
596 118.70917637319285 32.0726528500318
597 118.52508674594986 32.12438748367207
598 119.03024115109928 31.91076356739459
599 118.81741722191472 32.06531409462143
600 119.18953046937223 31.731468149429016
601 118.67839800423774 31.85093805317591
602 118.5481682394887 31.711864996858644
603 118.66144620760541 32.090277374469714
604 118.79017393625838 31.868989737875395
605 118.5242841476033 31.930304201482446
606 118.74241698599401 31.90023271411382
607 118.65382181756426 31.645128627350807
608 119.17652508960639 32.322900818299715
609 118.63040929937131 32.15951861055643
610 119.11440761068233 31.851527848951445
611 118.57622267916493 32.30049379719827
612 118.903896559262 32.1631696689813
613 118.94328849060126 32.37905229124606
614 118.88892615964207 31.98795880332781
615 119.16799291686144 31.695151615572744
616 118.81326553374865 31.69138278755317
617 118.9452046401282 32.18339696034651
618 119.11492269490576 32.04808766068532
619 118.65753819753355 31.77515769663407
620 118.85813298728215 32.018235397336795
621 119.18019044664719 32.01888644883729
622 119.04482309669505 32.303674241124725
623 119.0099223904811 31.613551547977085
624 118.79113873561381 31.694018814662524
625 119.10487265116511 31.926787260223332
626 119.06903237179473 31.70678037544908
627 118.80892336679648 32.37345463206945
628 118.8840150905168 31.771677460797914
629 118.9655846953531 32.09976461801173
630 119.02975287974012 31.955484133407744
631 118.817466953598 32.22781252190927
632 118.74020318974186 31.633547678303042
633 118.60784446264873 31.854285538379475
634 119.02354284748296 31.988074170570364
635 119.03151415069898 31.684708053964165
636 118.6234246592279 32.078045201883185
637 119.10606203559257 32.0200759092273
638 118.61567291525091 32.26788656358526
639 119.07166454736804 31.972824838890862
640 118.60793852583966 31.848936114826362
641 118.94615148058989 31.83499739098846
642 118.86874575199161 31.82451216729853
643 118.5995056450511 32.34340485383244
644 119.0091943850234 32.23323405724849
645 119.01952554547032 31.876267218294156
646 119.1214911663793 31.95052664807413
647 118.82179665084159 31.690086730798836
648 118.88623586719932 32.0787434290737
649 118.95637253222682 32.189772451833996
650 119.10635202106175 31.80003077582709
651 118.78294013198831 31.974414400356096
652 118.96618881073515 32.126918452632026
653 118.90464366592819 31.97445698273569
654 118.6428046793361 32.02818280125841
655 118.97677691482569 31.754591613503646
656 119.08508465351669 32.216372624341645
657 118.82141159885254 31.686175391734572
658 119.18052277002329 31.981292316998616
659 118.88203838258137 31.85335432977174
660 119.12162433675067 31.697985724366447
661 119.01740815919254 32.29335618149423
662 118.76919685047025 31.750593540719702
663 118.72647951121182 31.974387126010658
664 118.75460025864531 32.10065082317039
665 118.74621826789009 31.837966549708113
666 118.51520535654876 31.99076170721626
667 118.50938976630616 32.010599009810086
668 118.78656911514116 31.943824046783917
669 118.63521033543876 31.88924516576456
670 119.09254364975395 31.790052921191172
671 119.17244099797503 32.32235676742212
672 118.70320774559261 31.988165414305325
673 119.02852174857621 32.156838708999295
674 118.75681592001312 32.01656630610951
675 119.10036380851523 31.838822142294422
676 118.81895959711652 31.989384160303153
677 119.14845990867263 32.25333773493388
678 118.97965941477669 32.28915531054954
679 118.58420716296615 32.34770698547598
680 118.59750662861467 31.794705594886352
681 118.80637017057803 31.877138926261253
682 118.90784853597576 31.68528002565527
683 118.87164549401132 32.4093094202687
684 119.11175742728567 32.11989473606082
685 118.51772891698636 32.15338976155558
686 118.58438149733638 31.96166184374991
687 118.70163981625697 31.81268061731666
688 119.1066352462803 31.93035358182608
689 118.4921617923646 31.850675095269057
690 118.87142502552359 32.02844007428058
691 118.50551165427188 32.23873283558115
692 118.88896559850647 32.2674983652308
693 118.83325426359313 31.848219120553523
694 118.59220222460118 31.737996864726245
695 118.91696331934118 32.190819860928116
696 118.93003004003137 31.93893520932251
697 118.81200548583921 31.744795449209736
698 119.04554956067737 32.109147904058496
699 118.5392846840475 31.68078082544748
700 118.73194376196648 31.677832898948353
701 118.84324933618679 31.596955782474048
702 118.71499020235112 31.74600063374237
703 118.58591885625087 31.973561837684947
704 118.5832349274677 31.74018509045566
705 119.04374352038961 31.641070858910464
706 118.6799746990214 31.99695926907382
707 118.95801975922959 32.32175862242328
708 119.09014785970403 31.602305980886456
709 118.7147183385856 31.78991744004779
710 118.62286584025752 32.33672563051446
711 118.88672580355689 32.1179005874602
712 119.07298210130578 32.248426321393914
713 118.75688660085588 32.31543480033062
714 119.08758637566055 31.7723853474437
715 119.19091581697477 32.19973225506814
716 118.9914500522938 31.817314760752073
717 119.1187280516069 32.33576492941879
718 118.55726473497289 32.3509789651063
719 118.76920722973361 31.730438140207283
720 119.1136972320706 32.278159541328655
721 119.01660801854996 31.654731838206732
722 118.5864478012966 32.082382306663106
723 118.6711430683235 31.97429656927644
724 118.71609104503338 32.062844250394754
725 118.94836938080128 32.20885637868894
726 119.02022298661709 32.3121040893945
727 118.84822818360531 31.997496565789202
728 118.52171239652624 31.647717185651924
729 119.13223418982588 32.34978174004129
730 119.1619662382332 31.639228345481165
731 118.73054781675906 32.23434676493791
732 119.0757123455663 31.72768110385673
733 118.8588598050373 32.33837133393799
734 118.82847262566223 32.09654460198403
735 119.16942335063631 31.832864562137043
736 118.49793416902351 32.27904388829142
737 118.80049948316577 31.7320213394841
738 118.64262423553724 31.77113871665575
739 118.8176826038673 31.83085229267803
740 118.80918852705791 31.91344598253479
741 118.62392624241835 31.791248919648158
742 118.9120871225773 32.324798938097416
743 118.7651560585382 31.964978241883884
744 119.13831414377924 32.36447316693415
745 119.15245046668933 31.83079396046841
746 118.76314062583846 31.972149364045013
747 119.03216229287098 32.26389695869295
748 118.9376575538684 32.38109463911487
749 118.76639372643234 31.96168120293888
750 118.69493743710109 31.979469738639697
751 119.1442341045844 32.35428460028389
752 118.65018848513682 31.948109034028125
753 119.04408205241323 31.9532080381291
754 119.04923563609361 32.371862160520585
755 118.6309051351551 31.997888884691267
756 118.76206205814465 31.688159558611112
757 118.80192453922126 32.35844788804286
758 118.86193481946842 31.964655437362882
759 118.92170081937681 31.880355611437466
760 118.76887767757248 32.31795192810064
761 118.93081962422086 31.604752285151076
762 118.80167265080766 32.37292286302473
763 119.16997251527545 31.66884457848586
764 118.95927255041833 31.65690832318565
765 118.86949134974161 32.3252501371171
766 118.8897236130281 31.964032255020236
767 118.58096563270995 31.728578468597544
768 118.67778159814586 32.379082549711676
769 118.98831884703702 31.848584542998314
770 119.21636240809343 32.346136467155766
771 118.72600078176355 31.98036247906562
772 119.2083600964705 31.92051035890485
773 118.74524410822863 32.054855377560514
774 118.81281551704222 32.32141887996319
775 119.17322664309201 32.39044350692314
776 119.071961896229 32.144634090183665
777 118.88607638604852 31.903104188726154
778 119.17923336555431 32.26043499102072
779 119.2023676770322 32.338695444255244
780 118.61623704067462 32.04715521692643
781 119.03869761140392 32.18253032914618
782 118.6831919650303 32.31033795539353
783 118.71061308539164 32.157905519260446
784 118.8165117285546 32.09916773752403
785 118.82701881176327 31.887179876012326
786 118.60088332947603 32.080578568746574
787 119.02358563850652 31.778588433484778
788 118.51064873201717 31.712184885304602
789 119.19972608673272 31.806366417992802
790 118.67281099823295 31.945693991473
791 118.99272860649067 31.875269016201038
792 118.86409195945357 32.1718997860065
793 119.08509395171818 31.90888983942671
794 118.62876566056713 31.975346826794848
795 118.5180990123823 31.80883698476364
796 118.62112077444753 31.667020187112893
797 118.97668242655601 32.1731466945335
798 119.08153172161498 31.777353986743925
799 118.60218343979528 31.979080934424324
800 118.9136995168175 32.08032849598596
801 118.51648881499662 32.14142450274578
802 119.07564236010984 31.938308473906755
803 118.58237274019723 31.805785027348275
804 118.62173835169492 32.31326934198403
805 118.95111224069304 32.141156190821825
806 118.82065698366962 31.79952215589089
807 118.69608695459566 32.237019224638566
808 119.17380079549594 32.04397812450774
809 118.87082688378672 31.949360481523602
810 118.61333657060756 31.696746635863814
811 118.79041305025657 31.776399195026563
812 118.9974659411423 31.697598131127346
813 118.82496764791526 32.14792494338523
814 118.58241453539475 32.17158833894386
815 118.61340367632965 31.972174949757576
816 118.65918986099962 31.644199122479566
817 118.87816045675478 31.724134689176033
818 118.9453698971521 32.34510981532564
819 118.83881182304798 32.3034132068303
820 118.63916054601287 31.912702997080515
821 118.73635608441383 31.707342902928083
822 119.1191125396699 31.95829245134708
823 118.6743379713207 31.946097273624343
824 118.96581390002322 31.618557582468064
825 118.76055171539952 32.18187579884822
826 119.20656482108477 32.115823345204255
827 118.49438582262621 32.04610788127674
828 118.70645805704675 32.2485344847029
829 119.0416909414531 32.272716175696324
830 118.54310604813907 31.764450392111026
831 118.77002863403251 31.660156742411473
832 119.17327698744046 31.901348218727744
833 118.97972263354363 32.27826616226671
834 118.59335443806359 32.21597300584983
835 118.56301295036448 31.795972555444862
836 119.17125373767874 32.21546641684367
837 119.13939636917098 32.06490021228498
838 118.62414487567735 31.823573790379903
839 119.11575168289666 32.1553818992427
840 119.01228756000135 31.84283943967857
841 118.78802597703545 31.858214782817978
842 118.66123301034521 31.770865604872068
843 118.60107566566217 32.053469017507204
844 118.6568891713219 31.985408009644665
845 118.8408465210535 32.08803267338812
846 118.53553485921104 31.613474507247272
847 118.93452912090511 31.92328241315146
848 118.9201759568122 31.625628061329103
849 118.92588866954902 31.852926620991
850 119.07797070913955 31.677448538104642
851 118.55580650057762 32.050692310045335
852 119.1835822508483 32.34190070932533
853 118.8235540533079 32.27575392961753
854 118.84369581627344 31.99083782849667
855 118.60442509204582 31.899404078235133
856 118.95641430798406 31.617313319000296
857 119.12782308802441 32.12981862431066
858 118.54612511387668 31.85021785176562
859 118.70802407740068 31.937046179227536
860 119.0484069611166 32.09764665676659
861 118.50804003887187 31.7471783368966
862 118.9078318075128 32.04471407304709
863 118.6603029993566 31.963614532835702
864 118.8621382097305 31.920655184630387
865 118.60135252380738 32.273212776783396
866 118.74155375713786 32.199858545064
867 118.74319265556821 31.70195869158656
868 118.77456569042437 32.32139517512093
869 119.16448685833359 31.59897198059569
870 118.59112103368962 31.781461178561084
871 118.68316919525473 31.70406462119594
872 118.97573713295971 31.865955589581006
873 118.75409556065269 31.68785648564345
874 119.14989626885836 31.83021405993518
875 118.73946224219004 31.91380594943881
876 119.1528895337029 31.984797133060187
877 118.5914691459422 31.83153055432924
878 118.81475237085802 31.654201025429543
879 118.8523283941476 32.00705004035656
880 118.91961279472449 32.07582344236909
881 118.78129951981113 32.116919103363465
882 118.86227597437568 31.609377577806182
883 118.65394947155292 31.682426389888
884 118.66684621825728 32.13058976139213
885 118.57079274755644 31.717016870621784
886 118.87894303692873 31.68005654271195
887 118.84894975427206 31.944608020009888
888 119.19970808379509 31.89598271383476
889 119.05281656002951 32.12209640503748
890 118.9929906414886 31.623243759952793
891 118.71755535126698 31.79676271071062
892 118.67185465454124 31.812989422305144
893 118.97991003202753 31.85437806704663
894 118.65902138431794 31.615886333696412
895 118.53980712706442 32.03486055569294
896 118.70240056865559 31.599953920415686
897 118.8664745236848 31.83925562728626
898 118.62162519204712 32.31950929001657
899 118.58009575889609 31.7273565315298
900 119.1154274804472 32.141539452375476
901 118.83582630047464 31.995338671838528
902 118.52856109009262 32.326064026733434
903 118.66302805970433 31.949032182125443
904 118.54315294504346 31.746907169090854
905 118.6802524039433 32.408318463528175
906 118.79972298742967 32.16988496758396
907 118.58702279690961 31.698980557851037
908 119.14020402959959 32.022468159723864
909 118.8313872566959 31.86489095860351
910 119.08433001019986 32.308815959262986
911 119.06599420749981 31.73274326122916
912 118.59006285999747 32.11694955813459
913 118.54978644538318 32.35879801144702
914 118.90786929843765 32.34491420212515
915 118.51375767709735 32.32150858969378
916 119.0555667884723 32.11916397992799
917 118.7158747967593 31.851644830472377
918 119.0172432749704 31.65170705743795
919 118.62687140012088 31.748119544764673
920 118.72220865257515 32.30978432465206
921 118.94286314246862 32.16813406665114
922 118.66483865040124 31.66508151912158
923 118.65903544580945 32.37369791887594
924 118.74307597102654 32.00121344164778
925 118.52889184664275 31.75404914568152
926 118.98425165196709 31.974102416594633
927 118.57098736659722 31.93073774536042
928 118.65974668059994 31.786119763608095
929 118.55784984109687 32.104278884762245
930 118.81786998191971 32.0269969509321
931 118.69784689970052 31.81758779747517
932 118.85938482322409 32.224913936865526
933 118.95836222944584 32.03448544073925
934 118.65330919279303 31.881472760933182
935 118.7431492962453 31.726804895272526
936 118.88678508459228 32.00248503543862
937 118.67361469037206 31.711139330623755
938 119.12154020742545 32.32235288578594
939 118.54522683314559 32.01093774089983
940 118.59831372024651 32.33286226283267
941 118.71690615439525 31.854836013260925
942 118.95245580948954 31.950633026352833
943 118.54520115262935 32.0277941740366
944 119.14458429847592 32.30204001979777
945 119.13355820687977 31.69940714929874
946 118.95888195352154 31.91112769931926
947 118.75883072889785 31.683231772730746
948 118.68583628347893 32.35583247663224
949 118.72580331036359 32.25941489889181
950 119.12687512990992 31.923620728156067
951 118.85447012176192 32.12735373612942
952 119.16145158915863 32.05017662747194
953 118.84750097652146 32.08012377317222
954 118.64363928935938 32.25809678736862
955 118.57248376408975 32.38151348384336
956 118.972308658311 31.65884567460443
957 118.71506998375366 32.05287117557238
958 118.95160764989879 32.32912450989474
959 119.16541599065712 31.927494484306152
960 118.51128762433467 31.791067664085965
961 118.55800113149996 31.687115257611158
962 118.73200585317159 32.11341588227127
963 118.71378019931822 31.756278614296725
964 118.76421658203235 31.890182107112125
965 118.82183183232812 31.903870804962967
966 118.78313154647428 32.09159817402683
967 118.56310380620798 32.36377096198295
968 118.72692492950544 32.397073066298695
969 118.60588813114634 31.83090484229443
970 118.62304573435242 31.812275839292695
971 118.90964301904819 32.18588865401538
972 118.5253679832096 32.15338451845701
973 118.68601262291945 31.8335556433378
974 118.92517210419417 32.355166299087244
975 118.69373706532335 32.25015287819566
976 118.85361468606193 31.750652317659483
977 118.81648934484654 31.997409261077674
978 118.93412369055434 31.669037537302355
979 119.08924469574372 32.038775576383394
980 118.68506055842802 32.04614793750969
981 119.12826866505054 31.75210359085377
982 118.97768748569524 31.65745263299056
983 118.79145407608009 31.728376372060055
984 119.08066394141541 32.016661116406986
985 118.7925169225469 31.647300469984685
986 118.9788863541132 31.743866138332525
987 119.12840190022715 31.74530453622071
988 118.68922834678057 31.923424248135795
989 118.83999228411336 32.02209029185132
990 118.77347144216849 31.877579430464817
991 118.57345320915866 32.102447975475
992 118.5669656408173 32.32988855929957
993 118.55854608069063 31.800422637715
994 119.1251534755025 32.383971882251856
995 119.12098980178425 31.859310313823467
996 118.73144047203296 32.09347289175395
997 119.105963217717 31.883273207362148
998 119.17608454649888 32.15148044563942
999 119.02687642905116 32.291957153098735
1000 118.66014770666028 32.24210639483715
