1 118.95074302286756 31.954950291795832
2 118.90048342924544 31.62111269246386
3 118.61049348952088 32.06086864837613
4 119.06253537969978 31.97122506700829
5 119.16728812050606 31.954599829545725
6 118.95433566237904 31.863585193562958
7 118.90617603192716 31.746494401234376
8 118.62090958461657 32.07310893070022
9 118.69777720234671 31.82633226014125
10 118.74856813327743 31.82399316463168
11 118.62419848762761 32.09560660242519
12 119.20402613022807 32.03535900422334
13 119.15021075101686 31.709847964667098
14 118.76535047988058 31.987295102751254
15 118.61429740420357 31.74327938358971
16 118.76737125378715 32.235773716764534
17 118.62949747401578 32.3053684773054
18 118.87259855412975 32.00310700594456
19 118.65068676474974 32.290441048785546
20 118.5381454712507 31.681157868867682
21 118.93623933719307 32.009003223197944
22 118.7409471752193 31.639779973292686
23 118.99327531883843 31.92693031487913
24 118.85404308972824 31.680746854033103
25 118.97433167300846 31.681770295989498
26 118.7409130165118 32.092490283944144
27 118.89518614046555 31.789980317727114
28 118.8415127404901 31.671141300841573
29 118.92312800157113 31.787151089639323
30 118.53321393578675 31.868106584979685
31 119.19196500002468 31.986309112158725
32 118.67021823434722 31.757975202169362
33 118.55456780788457 32.10681934615282
34 118.69232370344844 32.001857160041524
35 119.0018605317156 32.03718058748718
36 119.16192650671917 31.92141268162861
37 119.09982526658789 32.2113092589878
38 118.69809958114914 32.063739975911055
39 119.10077748058247 31.702623828593048
40 118.55623100599159 32.152423638683274
41 118.56340691408728 32.374044738352964
42 118.64206044314689 32.0137099544472
43 119.03782439024813 32.30675129445534
44 118.97315439413723 31.864195742328462
45 118.59194782086529 32.063801602648745
46 119.0193454136501 31.92684522556407
47 119.02132430577205 31.916227049069544
48 118.60826585126043 32.22968238066068
49 118.96189443964472 32.022810529381374
50 118.7920945132471 32.35769671870347
51 118.54142284314418 32.03481287508145
52 118.86300023295648 31.678637137408952
53 118.83391872052216 31.901965591102226
54 119.11550026332509 32.28787277679072
55 118.94369665754174 31.964664859678255
56 119.10495157563591 31.60743981625065
57 118.85523043393675 31.815057901335305
58 118.98039697599052 31.65513547855216
59 119.17374333371339 32.38550082278552
60 118.51602399571271 32.37785258877914
61 118.7902928953906 32.24670320092501
62 118.81562691268701 32.07100203674305
63 119.04664114791333 32.219214236582914
64 118.51946270784208 31.74216564177993
65 118.8984342096612 31.837255489180983
66 118.6921406308588 32.00913002649301
67 118.79468517078142 31.88490511321841
68 118.97128762366525 31.664299314067183
69 118.92645795726372 32.35032393347696
70 118.66682157369908 31.977576056272454
71 118.62775213336128 32.002811556463755
72 119.0771826799659 31.87785204029119
73 118.85306605101698 31.819878114197184
74 119.17167603279523 31.890521470693535
75 118.96183957476342 32.270961596019
76 118.6362005075211 32.21517383371949
77 118.62863007324395 31.876350494999645
78 118.73090956066663 31.628584296610452
79 119.03629771154749 32.228126649167116
80 118.83260066528474 31.80987206664051
81 118.90109979888338 32.08305714689787
82 118.91113079577035 31.6088421383898
83 118.65394663745838 32.11200416360561
84 118.72900323545241 31.92686490584317
85 118.6981212449852 31.97442629163754
86 119.13939386124528 31.938132153139613
87 118.5086715047508 31.89261353556439
88 119.18622090198488 32.01493880186248
89 118.62455682542853 32.383005576750314
90 118.84319889137662 31.708167752419026
91 118.67943578168627 31.8663464294996
92 118.69648817187291 31.616244517091637
93 119.03554325624349 32.198864311192246
94 118.99484734948199 32.13696988307465
95 119.03795047459106 31.759555581037773
96 118.61816348063593 31.915750162817645
97 118.65492207334678 32.12196974453111
98 119.0380706126324 32.139996250727314
99 118.56381124584706 31.72214530227638
100 119.09624829408548 32.33157780172089
101 119.11925267339947 32.24818726813109
102 118.85099449514277 31.68265494083
103 118.98326366061052 32.292069728336145
104 118.72954811780757 32.21092154849623
105 118.94579421967998 32.264321365674995
106 118.5217717001621 32.011197273407966
107 118.67824338976918 31.803448642094573
108 118.79613253020581 32.36235203082697
109 118.87222163431024 32.08905882315978
110 119.1940603753504 31.879323542510246
111 119.2061628743497 31.831374276466615
112 118.58296985946707 32.32731828849636
113 118.71291950863636 31.949697666636833
114 118.55532499049363 32.052688635152
115 118.72784563555112 32.119519203051155
116 119.16023471958083 32.27928612047961
117 118.9158010703359 32.086850519774984
118 118.52194043323168 31.748852739683038
119 118.8892178938257 32.05512954609837
120 119.17539952092419 32.00376755710449
121 119.18679601383397 32.03065568204282
122 119.13219857274332 32.14659544243647
123 119.02716096948379 31.787007557693723
124 118.65323378540809 31.74190975711704
125 119.12604790779474 31.686207688873367
126 118.725559725474 31.841193632131947
127 119.10916107540108 31.610337602723554
128 118.51409013507184 32.09136238082933
129 118.55711998753387 31.838928354361812
130 119.0681556582816 31.7521062500006
131 118.54490852429352 31.680105454205613
132 118.79962746925266 31.811111211672973
133 118.75262628284523 31.78430390991864
134 118.64749690884253 31.823751907598254
135 118.75803226284084 31.96870356181065
136 118.8335451527756 32.03934123207434
137 119.10824585024868 32.243257869132705
138 118.93924787876604 32.37537726651409
139 119.13742689060638 31.644981795386524
140 119.10148685584198 31.799741997067773
141 118.61073319876654 32.098178030012576
142 118.77565218760782 31.76372991957287
143 118.85019635717505 32.2963509613082
144 118.67941601334377 31.751871524230136
145 118.88662392971409 32.19159689477847
146 119.19965737795974 32.09367851436385
147 118.66062048489827 32.22288343152816
148 119.06040099508782 31.62578259968093
149 119.20795123013066 31.793946183712855
150 118.65655858583123 32.17828818948681
151 119.1158962896866 31.704191160390998
152 118.61617444083458 31.635988966803385
153 119.14866280952249 31.89360265036939
154 118.69051960516909 32.09327746083856
155 118.67086930907827 31.608050211179293
156 119.13493421900773 31.686763761602435
157 118.69554762362401 31.608745985295307
158 118.64752775000666 31.919063480271575
159 118.71485837007081 32.14898173492238
160 119.00276600047548 31.76661783213509
161 118.51857390031716 32.268577930982445
162 118.6290783351881 31.941887315852856
163 118.58305844557528 32.09918780854658
164 118.84704954672175 31.836706988593026
165 118.52774139150512 32.11074692853578
166 119.15213029095472 32.392984041056906
167 118.83360628370961 31.966223915467946
168 118.92768900467783 31.763473656592325
169 118.64598535660592 31.966898923541777
170 119.0091584885342 31.94199889358493
171 118.51190288576643 32.00691986295161
172 118.55456792367414 32.01927122596274
173 119.14541622747906 31.643787938975546
174 118.61532422782665 31.718297997318018
175 118.83409606682294 31.97476790113996
176 118.89371082531665 32.166110596802945
177 118.61414156766756 32.246208017556846
178 118.92920678599356 32.199508708774985
179 118.6969779622271 32.01378953549152
180 118.97014630583814 32.35896867009028
181 118.70049667347438 31.86235060234529
182 118.78102892013717 31.968733179899164
183 118.84080376159406 32.23570707815013
184 118.49245379948228 32.254659439893665
185 118.59167988561668 31.914785423334457
186 118.55506546018513 32.28114852971647
187 118.79838627030355 31.958789794247988
188 118.87668627385203 32.18370031420954
189 119.18506664378604 31.580089585484423
190 118.72018751452387 31.60566867001001
191 118.6156941421134 32.34020477682137
192 119.16075031650361 31.688842589714415
193 118.87867088605033 32.16482999420132
194 119.16441305451639 31.84095944956115
195 118.73294066000558 31.750354673769934
196 118.54250554656016 31.89226114557695
197 118.85292153207821 32.3444622623679
198 119.2195257477603 32.071192746998435
199 118.54978578786263 32.328081645885256
200 118.86278079735717 32.16573396549308
201 119.08457292608989 31.975325556404822
202 118.67041885570931 31.992349057019595
203 119.0597400105939 31.78772557647537
204 118.54345543918828 31.627634167673186
205 118.70451613900224 31.90469596681657
206 118.6146121148539 32.05167716953555
207 119.1726428335656 32.31922898506725
208 118.94329486234068 32.135013058674424
209 118.71451739962174 32.26291912824473
210 119.15182926093115 32.30991096568052
211 118.88910417176079 32.31172916951755
212 118.74311752135766 32.243265731390004
213 118.98995933380992 31.70544257099612
214 118.9475423726735 31.86768719669956
215 119.18585531833192 31.741553891464303
216 118.52057329465654 32.304597176800634
217 119.08781768543388 32.2135001687923
218 118.97996995909047 31.898593259110616
219 118.59732638479585 32.04571484788367
220 118.74814044359938 32.2713850696765
221 118.5140430259835 32.27906880760286
222 119.08089624786591 31.748643970362462
223 118.56329543101964 32.20004014342432
224 118.64118149072365 32.26327369964603
225 118.96582419024988 31.674521650056935
226 119.03510349748143 31.67615293582465
227 118.68696855649277 31.948276173911122
228 118.63225966412494 31.779059039820652
229 118.52555895080664 32.291166474923095
230 118.5531516452932 32.19286762216805
231 119.12372166792315 32.17412231619498
232 118.67519398299142 32.201145520530105
233 118.76750527644799 31.826653174145978
234 119.04324961724926 31.780534556455052
235 119.15963215514482 32.084743728744755
236 119.12200407400178 31.917048597883184
237 119.09691354080891 32.342898939584096
238 119.07559096534413 32.141370893824686
239 118.75605242950787 31.895125932782822
240 118.95739733186895 32.25929857616213
241 118.9955536672434 31.927515742081372
242 118.80114902513726 31.72486721999592
243 118.9517395010871 32.219267357046874
244 119.18617804699889 31.9962696374006
245 118.71811146158848 31.798504283384787
246 119.16326445812176 32.142940927438964
247 119.17108276346794 32.38144686018751
248 118.91054546591236 31.796819896649705
249 119.16634886768223 32.228259177358225
250 119.01140074408828 32.18766621037793
251 118.98239631405275 31.69621856053711
252 118.57843028582047 32.29762596056713
253 119.03347901209857 31.973716872437322
254 118.61309295506105 31.673924170924025
255 119.04352669763304 32.02516593054531
256 118.53270951040638 31.864555985333745
257 119.13513072743612 31.726092548164875
258 118.62289057526995 31.6632302790014
259 119.07959458405786 31.769104446993367
260 119.1227904185365 31.954539431580443
261 118.54078776779254 32.11105807999843
262 118.57044489116693 31.666274267258554
263 119.16259251205464 32.15255798683634
264 119.17303703844966 31.694630077142673
265 118.54187239186169 31.73484130508295
266 118.93999255578593 32.19412928751175
267 118.7658524975613 32.2826160284399
268 118.53279039511936 32.34863473860499
269 119.10296331259592 32.1180447203366
270 118.9654968942617 31.965005604057268
271 118.58063212672185 31.689677202931975
272 118.80989702836119 32.068415744417806
273 118.79359731756885 31.71924941440991
274 119.18118350394948 32.00891711206894
275 119.19512149703607 32.08495010760277
276 118.66009600311374 32.26828227225614
277 119.02718216439268 31.859163373093487
278 118.95241310917407 32.39545842612713
279 118.82037937501121 32.36376779410354
280 118.8876280242025 32.28939772672247
281 118.79357680020499 32.17067362158005
282 118.5216405005527 32.15583192597979
283 119.0327995790587 32.321199950715574
284 119.03720607459661 32.3622411329338
285 119.12926627747407 32.257020305892894
286 118.84119270303432 32.131496516280144
287 118.54973095703104 31.70567359590238
288 119.1582156919132 32.09763170182458
289 118.6888597237525 31.86623273477215
290 118.57952074682635 31.714164535416373
291 118.60555799033845 32.302994066604505
292 118.9320974744542 32.25097061318559
293 118.7622540993997 32.020974998816705
294 118.98104004281988 31.9649822218279
295 118.5284130242195 32.01055060390609
296 118.51789631392276 31.83033673676673
297 119.18406632766751 31.90823279312089
298 118.53605759811278 31.95458741304504
299 118.76090114874239 31.62763157074389
300 118.52950311528055 32.30643254672136
301 119.1402637665542 31.64386580082014
302 119.09971831129822 31.924420730103762
303 118.8968012364608 31.702289477938656
304 118.58047674487953 31.78452132744877
305 119.08806813767991 32.34579067321701
306 118.56053884269689 31.89749558517977
307 118.79740944513324 32.176545145545965
308 118.72589594928564 31.692442385959634
309 119.21783072738288 31.78697378535151
310 119.17782227517947 32.29638025887845
311 119.07951367195508 32.31792660390073
312 118.81561764861509 31.801207286870866
313 118.85226231577785 32.37933072345766
314 118.89727103737906 32.148383487219334
315 118.88377067791913 32.013718002709396
316 118.6336726489988 31.880581496858
317 118.67327302217583 31.869518047603318
318 118.99941859750892 32.39088529348449
319 119.09313905814906 32.17002594064887
320 119.15951947873184 32.005125814937074
321 119.03691032171497 31.62700229466963
322 118.91800591585991 31.78687382063671
323 118.55007078613987 32.3479955326419
324 118.56404944082941 32.03665493489478
325 118.63357010736799 31.866237488746055
326 118.97397380356158 31.630732794724757
327 118.69556964127388 31.823450322749412
328 118.79138806263504 31.788418276176056
329 118.60326905550959 31.727011917736476
330 118.65730184643377 31.879850703089577
331 118.74653109274298 31.732628099961516
332 118.93479248939512 31.666698313134567
333 119.19970375682117 31.707325435758474
334 118.60359908773707 31.969305825880614
335 118.7169762578829 31.644177484931014
336 119.19486828782505 32.356095009149726
337 119.1002981332498 31.777792301320638
338 119.1819603262546 31.991878821529124
339 118.8650801731627 31.921461531727257
340 118.65957229401437 31.848119486717295
341 118.64416256947301 31.867375779644718
342 119.0722176277267 31.801067817434156
343 119.1654270475961 31.837664818036902
344 118.92291105161088 31.699885525627156
345 118.95241600737833 32.14166401401836
346 119.1533753031667 32.09114737775888
347 118.67405468890956 31.850423069724325
348 118.89181235121902 32.31708031085029
349 118.89433502516678 31.91959258699989
350 119.13362238460518 32.10735834220297
351 118.72165027380899 32.004825613057484
352 118.59423847482861 31.865562800351437
353 118.5943426311949 32.321822228691495
354 118.68444996329572 32.27920147097119
355 118.5533150668531 32.27485171270171
356 118.70543400947585 32.37823904605867
357 118.88102751961058 31.627025877264348
358 118.81125335938376 31.98319096193404
359 118.947684405912 32.3581050539188
360 118.86167373745637 31.699223085236937
361 119.01544831727287 31.79496678289766
362 118.82048364568789 32.00119161615372
363 119.05761217030631 32.103046563617724
364 118.80734894930447 31.87237583252449
365 119.02887299503752 31.84127750695932
366 119.01026028230116 32.228893253949515
367 119.1093601669879 31.623463394277557
368 118.60758355289616 32.23978057363639
369 118.99980190236931 31.953503220319302
370 118.49254806959138 32.121875161858384
371 118.77262284539783 32.16362272669746
372 118.9310632633716 31.681045133421243
373 118.48591518249557 32.34182578292752
374 118.539279666554 32.25781584741776
375 118.65125395124566 31.874517181919003
376 118.78737781433375 31.77011918595745
377 118.9767091670527 31.673494518435376
378 118.65200263543692 31.841460914186527
379 118.78152613840895 32.17877111359335
380 119.15255977901694 32.29005005887026
381 118.717731068197 31.85066023307257
382 119.03351676380049 31.78312146387519
383 118.92448399834903 31.853662333675445
384 118.55360280669413 32.38146079410405
385 119.18079745983465 31.656296000906558
386 118.59888066250423 31.72910407557339
387 118.76042355857224 32.16199834613022
388 119.18861687860999 31.693353422487128
389 118.67879209812281 31.78539847221746
390 119.14936514177828 32.27235043512446
391 118.9546938574763 31.850470333740937
392 118.61326073609153 32.092647394804324
393 118.59822789674068 32.035042257005244
394 119.18346812340445 31.831506988591673
395 118.81216860705835 31.79217111658058
396 119.04812822190908 31.797254479451848
397 118.59614309795508 32.30811865129583
398 118.86835389585795 31.62077063941752
399 118.57615644113585 31.704618961646354
400 118.83137088353463 31.87886251723054
401 118.51175411970691 31.76569987484118
402 118.50358578305021 32.03467831525564
403 119.13842317088775 32.02704811042206
404 119.12937912848952 32.00891227617357
405 119.00825862196892 31.841438385031346
406 118.84939331568475 32.02003252935197
407 118.63275788842206 32.2127335973552
408 118.99503043589702 32.245782050066836
409 118.64153940165214 32.038686748462794
410 118.5375421763559 32.24244652913662
411 118.71509221526925 31.671738820715806
412 118.91021982847352 31.727353648145268
413 118.91090574143149 32.20230368378646
414 119.06334077493779 31.911554335017968
415 118.76254389530749 31.879585814139087
416 118.5849784127042 32.062656692804275
417 118.53333360853564 31.922847762422048
418 118.65378432842557 32.333139708001326
419 119.16429625288936 31.899502985665254
420 118.50548002920503 32.25389479174445
421 118.9452149199117 32.106597442436815
422 118.81479575481474 32.33600908829466
423 118.64112711115558 31.986981096513404
424 118.99220268659069 32.36361006595697
425 118.89774030080201 32.04166902914428
426 118.56257510771566 31.618195276221403
427 118.97469424485061 32.19534551906508
428 118.52771547809613 32.289045512096635
429 118.66858375438571 31.66160656762446
430 118.89347804534279 32.37483494245315
431 119.00518305887871 32.044350933714384
432 118.87457196970774 32.19634423408714
433 119.09983985075392 31.787192501578605
434 118.98190789705248 32.35244473215469
435 119.17474822226298 32.120739588223934
436 118.69388992466669 32.06222882625541
437 119.19185878260218 32.35892607633464
438 118.65147280785025 32.04311814790007
439 118.63350597965847 32.02422847867814
440 118.6098589837285 31.615132226382165
441 118.5885183469441 32.03309914999598
442 118.93891538537962 32.179203092548335
443 118.50289054932794 31.89752894302806
444 119.07521013896307 32.16654993262232
445 118.95403258938899 32.038214273160506
446 118.73542187131649 31.776519983442917
447 119.13495113229577 32.03743048414638
448 119.09834682309123 31.997667260162494
449 118.93021879966871 31.86321034619509
450 118.51536948245383 32.13850838373289
451 119.18567112363124 31.656958314643802
452 118.91239006622341 31.888722284172157
453 119.14488510257144 31.95785533716039
454 118.5996963296602 32.385982523934004
455 118.50819866560707 32.162111299096466
456 118.71177621331003 32.109954327417164
457 119.031312545456 31.736843280780686
458 119.06271825231138 31.96209860085651
459 119.09114033017968 31.913549702574063
460 118.72441482318494 32.35103816543854
461 119.04612509129052 31.97031816954453
462 118.59704312938653 32.2800225309646
463 118.89725391849082 32.14543682235695
464 118.52022792584602 32.278472324444564
465 119.0077218781368 31.58306108789923
466 118.7566457059056 32.33316217294905
467 118.56553133447062 32.36036964185662
468 118.98404813498635 31.71845234264943
469 118.79131243351256 31.64212246324569
470 118.71048280837155 31.856492310801002
471 118.73835696738792 32.03262992743341
472 119.04387339516923 32.034626372588406
473 118.79532709787387 31.96922792713275
474 119.11800883157385 32.32211735755953
475 118.60514535124733 32.030182095023235
476 118.78464850983795 32.33990188363139
477 119.14094583292889 32.06779765430954
478 118.91665136004293 31.760372736583424
479 118.9876108731294 32.3849911106374
480 119.09570314894817 32.38458040859281
481 118.86778363184729 31.95240845446537
482 118.60046159249039 32.208897307408755
483 118.7244590915189 32.12653926863606
484 118.66796933530644 31.75687166142249
485 118.63167028101803 32.07357913145402
486 118.90167593091186 32.115088844428705
487 118.64740695895934 32.07888843300255
488 119.07769617744141 32.039745616591624
489 118.82803131283279 32.081900516387705
490 119.08610285387181 32.16804768726872
491 119.09033024001685 32.20113729870447
492 118.97093757380564 31.672663264580613
493 119.05219709062149 32.34403592320202
494 119.06789867865268 31.988951944681393
495 118.9194370500927 32.16379917138075
496 118.70463080037392 31.909529732576313
497 118.80137205331951 31.67372217427031
498 118.71824933720251 32.12394416367958
499 118.83239330361515 31.908700862829445
500 118.74695175100803 32.02200714890595
501 118.76394817986836 31.794272674242684
502 118.56550006976477 31.773725112379907
503 118.78610411038326 31.833060524812478
504 118.59296818095235 32.3094123155904
505 118.76364441039426 32.344423444037716
506 118.57455972019913 32.34998485424232
507 118.7644089003312 31.941376384061137
508 118.88861015920521 32.2207077792022
509 118.53518098952355 31.743537161175503
510 118.6639632679347 32.184940826789706
511 118.76989305394063 31.931659321802545
512 118.70069098753788 32.24761484197053
513 118.8876367546598 31.768218642348
514 119.06696961057244 32.24809907343601
515 119.03732580703138 31.688179316451603
516 118.67961830283468 32.30004251924775
517 118.63293855866111 31.954800003853965
518 118.91754143434588 31.750867373641785
519 118.78490061067515 31.840248314127475
520 118.55490955379906 32.17712861042901
521 118.64282848862226 31.96662607127081
522 119.17425695335295 31.785483925069816
523 119.13870793653145 31.810730452266938
524 118.7342616828548 32.15152392564386
525 118.5259798152825 32.11004801706025
526 119.02739440823989 31.65080594897194
527 118.682623987694 32.27306418628739
528 118.51528547158286 31.70100411585688
529 118.68082374901878 31.777918669346867
530 118.57397516999765 31.62051582474897
531 119.12559969525448 32.02993732870113
532 118.64027440830633 32.30694893467071
533 119.01849934650124 32.32968531108293
534 118.61829658155972 31.974711559591686
535 118.57003880437637 31.68826911101881
536 118.78221319894892 31.997191899522846
537 118.94002045508206 31.828389057004404
538 118.88625089806476 31.837135380047368
539 119.0423915828266 31.766668756666434
540 118.77926045568555 32.35514894608424
541 118.95199192251602 31.910706199898943
542 118.54474869281384 31.5909576400953
543 119.02793562460486 31.979742732173726
544 118.96662744543337 32.11792963111373
545 119.07090295356835 32.23906211868053
546 118.5518136124205 32.18798484281217
547 118.83077306572126 32.13857596233791
548 118.96593055088434 31.802298930907757
549 118.47435953312181 31.85999695393411
550 119.12719587264043 31.931026001651013
551 119.0682131794162 31.73377703304285
552 118.86133962263587 31.96530587859084
553 118.75359249269268 31.687242290143875
554 119.00336471467789 31.67585127200285
555 119.12886870663054 32.25513778986168
556 118.86609454917209 31.729127724047046
557 119.13294093027277 31.958265055740785
558 118.56233347153677 32.07629093315611
559 118.72466699672974 32.354783390094845
560 118.99043304078064 31.86179522902678
561 118.7642192397348 31.730406951311945
562 118.85287430115388 32.29573387939224
563 118.9493455567066 31.840090874942177
564 118.9107331151299 31.82017270998525
565 118.81652244835045 31.723516979651624
566 118.62012238634156 31.9441425965222
567 118.77994232610327 31.77407698885953
568 118.63886987177455 31.906761634697204
569 119.03143487518739 31.86301246227991
570 119.0594984661029 32.11998258478207
571 118.64121964768252 31.95110292511978
572 118.92469233257307 32.112750511829894
573 118.9986817688437 31.838908523734297
574 118.80589598302446 31.888536333942046
575 118.55221058523924 32.382716979781634
576 118.95744985541161 31.801277178743415
577 118.56367135589907 32.20182215806867
578 118.96745205350595 32.1533551379169
579 118.57313143516704 32.09936495940509
580 118.95588991240854 31.689722281966187
581 118.6808772332655 31.601676923862094
582 118.76255623214664 32.20846460624327
583 119.16851086000747 31.646719359773023
584 119.16991251884836 31.794420955372082
585 118.87321852261867 32.372486870813816
586 118.96119068891491 32.382207238234685
587 119.06542738141205 32.356898917280816
588 119.01262342513814 32.05090670373525
589 118.58126937529282 31.975933010095083
590 118.78917002020488 31.96913940023299
591 119.08731356137602 31.88425840992051
592 119.03174745499177 32.38646918254838
593 118.62224826015205 32.24695832528226
594 119.08807343923726 32.421898184084654
595 118.9419862963499 31.84554727429476
596 118.7081913168735 32.07275449350146
597 118.53675629331302 32.121055156561496
598 119.01463246987056 31.919305690523764
599 118.83528423280531 32.0616781089076
600 119.18301975042328 31.731505646762297
601 118.66467122966044 31.843929559192997
602 118.56807852940914 31.721133638980753
603 118.66225619476495 32.07617362297389
604 118.80229490109922 31.87460824091408
605 118.53181870788161 31.939238857254992
606 118.73723773353126 31.900064818818066
607 118.65402275235704 31.635858327696738
608 119.16234751140104 32.32213491131384
609 118.63477054403745 32.16105624194159
610 119.10660551869927 31.85186047066836
611 118.56006728118935 32.33970453638506
612 118.89015947167873 32.1458355320429
613 118.93268347612204 32.40381842515575
614 118.8945068114079 31.99323614611304
615 119.1587042251976 31.684026846524354
616 118.80094319478948 31.685960991871198
617 118.94195771377696 32.17183120195128
618 119.11848237628195 32.05513041024418
619 118.66541092939907 31.770311999816172
620 118.87143637631829 32.0115182909798
621 119.1908186225636 32.02948308701483
622 119.04008628770262 32.293699763504584
623 119.01029114080877 31.620374393360123
624 118.80374476769988 31.69913029141159
625 119.1077463537498 31.912383492113545
626 119.07757766814233 31.689698093821097
627 118.80194354749263 32.38013105023498
628 118.88175983048485 31.76556792459905
629 118.96901362278936 32.095533655812005
630 119.03081294388562 31.952724464217987
631 118.83223343445236 32.2269463329354
632 118.75007227449935 31.63114671734466
633 118.62111413521548 31.872382134349763
634 119.03160796297622 31.976001780404818
635 119.0262040136959 31.68773578913237
636 118.63240957326246 32.0775139964263
637 119.11478909647393 32.012088952366405
638 118.60615803354978 32.27711423664434
639 119.07977080701896 31.963730191618108
640 118.60808943069244 31.856227928193245
641 118.94396911417998 31.855084683656305
642 118.86305942828531 31.820444215513433
643 118.60223881220185 32.34441944261884
644 119.03326072595725 32.23741450087835
645 118.99926662615653 31.864904059061523
646 119.11530179044362 31.947604845348074
647 118.82669941979219 31.675883527684444
648 118.87464830686265 32.05725777870488
649 118.97100256303739 32.19268155656727
650 119.10170234286589 31.802861902231225
651 118.76422960580189 31.967409384525617
652 118.98713142100337 32.13316751519894
653 118.91874519348498 31.98143394711843
654 118.63840255650258 32.025512023521436
655 118.9893678293379 31.75589085951175
656 119.07318090190104 32.21762403289559
657 118.82473289997 31.688025986638785
658 119.17290023080562 31.969014595265772
659 118.87170634077981 31.836083884126797
660 119.13579924435118 31.69775093041923
661 119.01002833986203 32.303310959823705
662 118.780052293302 31.75741617581872
663 118.71896863081977 31.99337100442055
664 118.77834445589954 32.10431696968171
665 118.74860157874424 31.839159064374737
666 118.5197583601133 31.989474748354542
667 118.52883556928732 32.00315534246024
668 118.78836404097846 31.93785772898777
669 118.61774588549144 31.880160612682204
670 119.08361707840918 31.79566914690996
671 119.16466290705554 32.32812247778545
672 118.71355322984543 31.981203897772726
673 119.0188334612963 32.14894611262013
674 118.74777530245281 32.01618545649264
675 119.10181764485372 31.85404931891599
676 118.81914299500653 32.00642521708646
677 119.13976352717144 32.24233576946536
678 118.99871095108814 32.28648162449629
679 118.58723779249986 32.36629993375276
680 118.60173407247669 31.793523161136502
681 118.82428649229043 31.883575532419556
682 118.90738285420959 31.689619206117374
683 118.85926447922739 32.40756504667635
684 119.13303894989082 32.11178269900428
685 118.50839613190048 32.14864122638492
686 118.58732955934752 31.96273394302662
687 118.69295876256741 31.810616034703003
688 119.13395539137991 31.92619250221343
689 118.49823965339593 31.839614115032333
690 118.87241725471645 32.027176522278914
691 118.49134919482191 32.26070122104815
692 118.8932320070274 32.27305234870852
693 118.8343240457491 31.853524653609472
694 118.59044901820076 31.73150847189709
695 118.92616430394524 32.1921412201132
696 118.92911745248676 31.9349029644935
697 118.81880218916449 31.73778039778095
698 119.04552171903566 32.107868779722025
699 118.54405083964761 31.67981499375646
700 118.71827943720017 31.68299085282301
701 118.83402852710832 31.573416003346612
702 118.70991373745645 31.753528124896892
703 118.58859631371224 31.97142326895162
704 118.5807263048444 31.74631493100089
705 119.03678023158558 31.634754332673953
706 118.69267462022857 31.992101932368488
707 118.96505346345408 32.32123644453744
708 119.09029248770682 31.61917415288611
709 118.71161516890724 31.800269308142042
710 118.62231988552625 32.34756676781549
711 118.89939422521522 32.11770723861222
712 119.08493282800741 32.24756828811773
713 118.7747341575025 32.3085420585443
714 119.07997748195322 31.77240650841688
715 119.19490982224343 32.215969420723674
716 118.96799113315949 31.81905456748797
717 119.12766122678505 32.32292491870378
718 118.55361043338526 32.34066121929723
719 118.77639285401246 31.720349441455177
720 119.10216427814008 32.29299833125774
721 119.03788175462206 31.638995054576867
722 118.57411389505454 32.07108464221836
723 118.66552484477776 31.97465743682451
724 118.71640345306496 32.09779347498154
725 118.94300938101537 32.194044528662396
726 119.02531585400244 32.310278200225696
727 118.85449725851787 31.9927745680344
728 118.53098676749497 31.654220266873892
729 119.13945098805635 32.362316562820176
730 119.17483301902259 31.646281440489666
731 118.73559620918995 32.23973354953825
732 119.07136237495966 31.703587390944854
733 118.87315701029453 32.32124262300435
734 118.82253383094145 32.1006333033259
735 119.14866582232823 31.85505637406189
736 118.48719466598614 32.271953077064936
737 118.77446006382952 31.732319169859622
738 118.638843302287 31.785989787402126
739 118.81791479807914 31.828525784158767
740 118.81230281037239 31.909487384621794
741 118.64120270411986 31.79349561043002
742 118.91276132906584 32.32040038039876
743 118.75625678306757 31.950907304204794
744 119.12035498242987 32.37039536718333
745 119.16155494572 31.837184952764602
746 118.75345008639964 31.97089429641462
747 119.02314056478441 32.271321811430546
748 118.94129987826072 32.3907887023684
749 118.76667653815787 31.969664465588163
750 118.71817842699909 31.9780589644296
751 119.15653085375807 32.355033858617816
752 118.65926849922273 31.93504691145396
753 119.06641447244348 31.957547922301476
754 119.03896853426608 32.38916660036028
755 118.63747208650545 32.00341993354577
756 118.75558179428491 31.685267462694988
757 118.81542793562393 32.366318546142956
758 118.85321113231431 31.948208496179937
759 118.93178607159054 31.892817085900226
760 118.76812443889067 32.308806203145245
761 118.93719899829205 31.605600294385862
762 118.79895361164043 32.36309069511582
763 119.17570306660528 31.659997799688654
764 118.96109216445511 31.643698858810176
765 118.82951725435616 32.32675092499905
766 118.88919640001205 31.96260869623564
767 118.5804953615129 31.72461072835275
768 118.67855431467622 32.38650052957506
769 118.99585863328363 31.838229474366774
770 119.21735126383503 32.34936084938752
771 118.74482704860792 31.985572622370924
772 119.21360990691251 31.908926542255383
773 118.75871046339145 32.0498854186557
774 118.80973090496072 32.32711142472405
775 119.17060515071825 32.388942319182064
776 119.06418594877559 32.134609416018556
777 118.87830893721154 31.90318884394407
778 119.18454790829247 32.27271799188884
779 119.20174721273908 32.33535315332537
780 118.61619728677805 32.00946302935747
781 119.06829461354985 32.18843866083681
782 118.68482978735781 32.33483746647198
783 118.70761403078795 32.16822429437002
784 118.79455588853385 32.10798501327844
785 118.84558059715336 31.878992472928527
786 118.58880810035919 32.08622502323614
787 119.03086254662792 31.777771282526317
788 118.5020244961192 31.71338571648128
789 119.18935277187684 31.801326549451986
790 118.69305895898333 31.932794007011065
791 119.00022410067263 31.871025707385122
792 118.84824345469646 32.152886018852755
793 119.08207258591018 31.909603695923156
794 118.61361592580654 31.964023069810818
795 118.51837647317898 31.815574921103686
796 118.61317133237313 31.697195741362425
797 118.9669009078929 32.17189226844806
798 119.07790835853267 31.7860464292951
799 118.60690595129692 31.972840980980866
800 118.92183354717936 32.09018775973889
801 118.51677299051522 32.1267771559987
802 119.0640410368557 31.94966738803426
803 118.57404325745377 31.80528910000117
804 118.6344330217469 32.30805612886239
805 118.95182887888842 32.14343125722682
806 118.80591743593565 31.781428478892604
807 118.69315859186604 32.24484203603361
808 119.16832741926683 32.034774519692085
809 118.8834745631984 31.956787215302644
810 118.60923924979606 31.705688573949704
811 118.80169254377294 31.785813683886882
812 119.0000255141534 31.692120238336265
813 118.80726420483575 32.12825949736084
814 118.58764261703179 32.179507062415766
815 118.61512396375146 31.973736807766166
816 118.66624276715865 31.645879462737362
817 118.88138144034299 31.711676536928728
818 118.93316406285557 32.33632823628355
819 118.82342451907549 32.315794271566226
820 118.62872234172067 31.924817927699035
821 118.72923744708456 31.70106199505992
822 119.12478933983115 31.965440183753362
823 118.67855623732686 31.934593803844567
824 118.99122508634167 31.607463385617034
825 118.74682686585598 32.191954485493966
826 119.19368949687008 32.097920070547495
827 118.50400665930461 32.03493824601345
828 118.70373877830023 32.24018238753988
829 119.04175953804321 32.2866012540506
830 118.5371805037523 31.769552521449302
831 118.7644457504894 31.650071058091605
832 119.16097377381612 31.90484808876575
833 118.9852925974938 32.273531069892066
834 118.58824006034533 32.20484111513842
835 118.55168176006039 31.796316065176303
836 119.17871033227718 32.219102269226966
837 119.14903025950248 32.060511665757666
838 118.61019332214562 31.795399071432985
839 119.11754178965457 32.14784458850645
840 118.99810857901308 31.83623466091987
841 118.79857248077363 31.874034021360284
842 118.65645899439986 31.767707085462902
843 118.59942116691369 32.05097906653209
844 118.65227052060956 31.990824733402743
845 118.81989457725992 32.10386011626702
846 118.52700263897277 31.59435717381349
847 118.94622987712884 31.92753530671843
848 118.93726655568332 31.642342180726896
849 118.90526752306859 31.845276708656915
850 119.09413419013146 31.67687918955953
851 118.56837822054145 32.07088304346314
852 119.18696186601949 32.344253788898456
853 118.82323620994356 32.2685497277439
854 118.83592521302488 31.995491732751983
855 118.61589776050803 31.8734486547312
856 118.96337557806788 31.612559559355013
857 119.13592360516746 32.13896691573948
858 118.55303796335257 31.838755928586398
859 118.71600034343687 31.93875875426508
860 119.05666168368303 32.08665920652635
861 118.51373429528567 31.74143107773014
862 118.90724844063551 32.03259948054948
863 118.64906532023265 31.966360495427356
864 118.87084877365 31.902565471795995
865 118.60850515579078 32.27541671051387
866 118.75074124580479 32.19679877290558
867 118.73260164668744 31.678975747800482
868 118.77640248786034 32.31653410970546
869 119.16878765901879 31.576394329927584
870 118.58901686197497 31.784310958240688
871 118.6833104321369 31.705127876405903
872 118.98227800706138 31.86644320546102
873 118.7527665536302 31.69604527541463
874 119.14777718998685 31.808873559816185
875 118.73198719076122 31.931075564859228
876 119.15529168623925 31.97305585025389
877 118.5909364287558 31.827717096389044
878 118.82178126628118 31.661060358315606
879 118.87037316521435 32.020256152338526
880 118.94132053543748 32.079743339650214
881 118.77999052419698 32.11042539150663
882 118.87188016095105 31.599242309056507
883 118.64321361860274 31.681387186527143
884 118.66703482701593 32.124468077307654
885 118.57223675607182 31.732195408765474
886 118.87524187941295 31.699166489273487
887 118.83095411407571 31.93954113738307
888 119.19458535397983 31.90180013361011
889 119.05497891682136 32.13004476660037
890 118.99809368797423 31.63798840770145
891 118.72449172243552 31.79174869278449
892 118.66514451833858 31.80012709050218
893 118.97756378759247 31.843535481671925
894 118.66991309731671 31.598024047818157
895 118.52218678876474 32.03943824091904
896 118.7174629741997 31.593011674614228
897 118.86608850333799 31.822795812489947
898 118.62572947584965 32.317444511369786
899 118.5810941147521 31.70770993513625
900 119.1321905520787 32.146436145418406
901 118.82435387305745 31.972862262812605
902 118.50808836650805 32.31735664841564
903 118.66362647581767 31.96762815173777
904 118.53677993334138 31.774618635969418
905 118.69578229120809 32.41078278091239
906 118.78731861380707 32.173388350833186
907 118.58847237954508 31.71658219147712
908 119.13676779214438 32.03952265018404
909 118.83230037888684 31.861031939267686
910 119.09487316795052 32.306860760766945
911 119.05749100354078 31.729136484597575
912 118.59076250398256 32.1007482284817
913 118.53943806522452 32.350835348710085
914 118.91649167957154 32.3475381366393
915 118.53316064034922 32.30252983119128
916 119.0746407369151 32.103097887085916
917 118.71252884005058 31.853788910679985
918 119.03112880503504 31.642674483409436
919 118.63007937189327 31.748097944667798
920 118.71855058318467 32.30774479087932
921 118.94507524365584 32.15417722495493
922 118.65705685140648 31.673086861352886
923 118.66781114394895 32.37604217089537
924 118.74734679990337 31.996953489656434
925 118.54868570822613 31.742211458847
926 118.9854442965136 31.96572995325648
927 118.57733709723024 31.934124385355627
928 118.67763459448886 31.77550239310579
929 118.5358645651702 32.11555090528323
930 118.81813591536651 32.034556831923844
931 118.71067207052889 31.824481916701913
932 118.86467449809341 32.206673157082754
933 118.95971872738193 32.03547491919667
934 118.64039742312136 31.87873871721793
935 118.74174117676337 31.71578437256163
936 118.86080984016392 31.992376760313828
937 118.67289617262614 31.727282106658368
938 119.13451281288698 32.322558025470876
939 118.54484637740906 32.01498452493411
940 118.61853871526654 32.33565842882709
941 118.70888982242349 31.850302729013478
942 118.94501597383608 31.937257104755627
943 118.54459512865891 32.03365628672549
944 119.13860125307701 32.31010597712379
945 119.11779823068936 31.70847259140206
946 118.95472316120741 31.907773666069573
947 118.75829158587015 31.681530726400634
948 118.68816705067742 32.3446089766348
949 118.71331846595237 32.25424818750772
950 119.11999569974589 31.92671324417636
951 118.87923710417549 32.111518139783755
952 119.16908470942339 32.0626310177333
953 118.85451582345351 32.07650318009798
954 118.6482690536147 32.252218635734216
955 118.57723812220505 32.363350723188155
956 118.96123471281065 31.655028143411727
957 118.72033752940447 32.04324209442467
958 118.96564056301192 32.32986678738073
959 119.17538400458095 31.918928891105946
960 118.51782368352183 31.780939760219876
961 118.58226908335476 31.67577772790395
962 118.70901973511788 32.121446525348595
963 118.70970161971947 31.7356272483897
964 118.7683521734821 31.88967170812839
965 118.79867939815995 31.902219839214016
966 118.77468916424657 32.098683051223226
967 118.55903243834081 32.3817536220797
968 118.72904523101683 32.39027864011723
969 118.60575720710322 31.85057435980785
970 118.62171708399705 31.82062833623498
971 118.92058157002742 32.18450973764921
972 118.52850249372354 32.151629046401816
973 118.68898764483568 31.827402476879584
974 118.93641844326514 32.36028720252946
975 118.69882539429503 32.243022446200946
976 118.85578302884983 31.746337613279746
977 118.82910119940992 31.991278598996395
978 118.9314786755011 31.658671570935617
979 119.06943661629998 32.03091639892615
980 118.68326647544613 32.04367996319596
981 119.13379298161577 31.7740703308951
982 118.96722823554838 31.657659978810067
983 118.79079933311628 31.717085392105098
984 119.09083127897212 32.02690999873825
985 118.77836185017865 31.640860799211328
986 118.99357087629815 31.758983768773103
987 119.11429907647994 31.734000085061933
988 118.69326258875711 31.924589392301204
989 118.83877337186831 32.01733583782703
990 118.77549632767531 31.87528123396639
991 118.56138180896586 32.10134434102008
992 118.57181750151155 32.33743091798932
993 118.56820877645796 31.801256781573386
994 119.12659589250428 32.38714970909226
995 119.11809345701363 31.872928671293057
996 118.73976542353446 32.09243591987033
997 119.08175678113568 31.889135314020248
998 119.16414723071689 32.15909470735233
999 119.03068295363288 32.285598308132535
1000 118.66773296188599 32.24181017636398
