1 118.93742652119872 31.94388052397845
2 118.89456391641525 31.61356355917827
3 118.61492359738291 32.05020264613844
4 119.05709951597804 31.97029839610642
5 119.17592216374935 31.938758342711996
6 118.96019160982348 31.87203454393342
7 118.89648571362603 31.75686493092987
8 118.59982768521887 32.07602335825695
9 118.70187785073446 31.833267040179702
10 118.7471517612231 31.81159208223508
11 118.61870523699085 32.10009651003614
12 119.19786331831133 32.01943582941749
13 119.1415357609365 31.71687485811837
14 118.76303869383781 31.986634270916866
15 118.60046536504625 31.731003144570924
16 118.78309886638479 32.22844975984019
17 118.63476196921313 32.30449830208885
18 118.87512759213007 31.994521849673852
19 118.65257384307995 32.2850580514511
20 118.53670392225766 31.671230518241007
21 118.92945679281247 31.99095212167226
22 118.75306628946699 31.64586982184916
23 118.98046933579043 31.939272256238546
24 118.85980427137547 31.679217055820303
25 118.96857976900542 31.690718554789036
26 118.72214112711225 32.08469567684038
27 118.90148469650687 31.775630620907037
28 118.8364848100794 31.66910407343675
29 118.92338538193299 31.776112366189093
30 118.51707258024004 31.87385092299195
31 119.18381655027675 31.974620935189172
32 118.6785644915194 31.76695601587115
33 118.558004364316 32.10245518878185
34 118.70918178003181 32.013451246792215
35 118.99024871088191 32.022299797185276
36 119.13747061507061 31.917132065897572
37 119.0933185249218 32.21676600681939
38 118.70646726391574 32.053829042360505
39 119.09915656052075 31.712906102015772
40 118.55637498199162 32.14873024834826
41 118.55374289388675 32.37492474137219
42 118.62713704340678 32.01072427490733
43 119.04132279407366 32.30909516809818
44 118.99445025390526 31.863543073782065
45 118.58579517154061 32.06036389754805
46 118.99966763893235 31.946503651575814
47 119.03665153345702 31.926521417859203
48 118.60521174828513 32.24397038069573
49 118.96059542775929 32.03207304739314
50 118.78850409796993 32.35367927923505
51 118.539111297562 32.02247845995803
52 118.87164880357034 31.673552384242086
53 118.84523949761547 31.90076645188754
54 119.10749073233593 32.27053641182036
55 118.94087274139412 31.948187356788598
56 119.1079767693676 31.62277226922255
57 118.8571368578233 31.818704080998344
58 119.00604120494475 31.643375948450583
59 119.17387620243356 32.37592582641335
60 118.51825394738492 32.37447649069942
61 118.79664943677389 32.24667414334467
62 118.80599971391997 32.07919357737994
63 119.03839368718442 32.210621252225216
64 118.52387328273443 31.749567654026812
65 118.90447451143964 31.828470375039366
66 118.67985230247739 31.999212605432493
67 118.80060398423787 31.88555533452405
68 118.96979439349982 31.6497970923025
69 118.93584729977948 32.35507607776891
70 118.66511419318644 31.965641417201915
71 118.63527712650405 32.00461231257988
72 119.07480404244406 31.871309253601925
73 118.84930163946983 31.822726184321226
74 119.17458366942847 31.88733436197022
75 118.96169620338874 32.2703099271388
76 118.65090726145542 32.22029382554488
77 118.61888717320672 31.87155615585289
78 118.73118201867707 31.61684969588768
79 119.03748941707354 32.22470933834387
80 118.82806172953413 31.801898509792835
81 118.89487357574697 32.07090894124177
82 118.9244581467144 31.611594753937588
83 118.65155584533204 32.10857423994796
84 118.72492700353222 31.92999021906833
85 118.71007244931151 31.983649083304986
86 119.13539304413864 31.94046984065941
87 118.51406019582693 31.887790271731003
88 119.1748586615719 32.023299162081344
89 118.61395422424643 32.387594389768
90 118.85290542516138 31.70578955025664
91 118.6894932822586 31.86791338656905
92 118.70038333264503 31.636064383407046
93 119.03206508211937 32.21214482720801
94 119.00182101749581 32.12994479428446
95 119.029993120668 31.769202261435797
96 118.60564918239196 31.90669266495474
97 118.64987617246715 32.133420817421325
98 119.02953786201219 32.14445682783706
99 118.57386249078537 31.730982732323252
100 119.09433663599107 32.32010949044557
101 119.10613601708049 32.22497193305398
102 118.85432868886255 31.67977488461974
103 118.97933984501883 32.28960465972445
104 118.72851439548376 32.20807972460989
105 118.95475473490677 32.25372234576233
106 118.52759976184178 32.03598248814615
107 118.67963401691529 31.78316462564096
108 118.78647509602274 32.361481512375455
109 118.86437110370274 32.08410250981534
110 119.20275051771681 31.870466546645265
111 119.20900525395511 31.832066158265043
112 118.58825993183224 32.316411641854366
113 118.70166892005314 31.960331100071407
114 118.55814038260803 32.04240639154844
115 118.73299271687475 32.10037558656632
116 119.15596746713298 32.27592469998196
117 118.91268022313862 32.07909411760876
118 118.52659249077085 31.733317175522767
119 118.8732662183421 32.06652622719878
120 119.1631683401876 32.003074427170354
121 119.18374897490348 32.04060214105348
122 119.13606964555636 32.16194848043199
123 119.02941612675413 31.78966461348007
124 118.66595520257644 31.745642153801416
125 119.14000990488792 31.683924004470864
126 118.72389751099358 31.830827092850146
127 119.11391129030481 31.606862666412876
128 118.52397849935522 32.089624293148155
129 118.54820363637494 31.83548449210446
130 119.05384135282699 31.743488481675456
131 118.556519679436 31.675133522765265
132 118.81354932829313 31.809526592951034
133 118.7457837528646 31.78800927447908
134 118.6704116488451 31.82186539839645
135 118.7472188930628 31.955532480438766
136 118.83587080480856 32.018862499143445
137 119.1166596879157 32.261403489861245
138 118.93578554959285 32.377480136862005
139 119.14063680950738 31.64445036962543
140 119.10597748180192 31.80097723678263
141 118.5835338872344 32.099704463199
142 118.7772949974695 31.760614674787917
143 118.86014386714481 32.305390593577755
144 118.68223026505457 31.75428812737259
145 118.8821147117384 32.173693526467986
146 119.19784456562067 32.10172725587143
147 118.65011993083543 32.23118123580648
148 119.05303872833062 31.631209963646736
149 119.20239800760405 31.78334144267142
150 118.66066875079258 32.17598693734014
151 119.10660228305983 31.70891623222878
152 118.62361274313169 31.636420556863687
153 119.14874346764773 31.884765767780898
154 118.69318386183788 32.090039841855976
155 118.69152266716057 31.606740483512006
156 119.12146967046588 31.67926194361866
157 118.701258818324 31.621262494072134
158 118.65214988058871 31.919294574191674
159 118.72684555197144 32.15044468550829
160 118.99125744004498 31.761383781102797
161 118.5112640550698 32.28281296632504
162 118.6238767586105 31.9551494877781
163 118.57212766355087 32.10293805294311
164 118.84184837168192 31.83052673120571
165 118.5248979559128 32.103492949341806
166 119.14917866905421 32.38352017149772
167 118.8245680932078 31.971210009468816
168 118.91527384561213 31.769696589441928
169 118.65930952420081 31.957172522118725
170 118.99340026656736 31.933986172832604
171 118.4963840105667 32.01216281381856
172 118.55574922390852 32.020417766201
173 119.14954859742834 31.644407790797977
174 118.61597674889974 31.72836906534595
175 118.84307218218088 31.967876438193493
176 118.90153662016806 32.16419630149798
177 118.61735905750628 32.23318597742712
178 118.91825143100722 32.205566081532744
179 118.68167325073723 32.01536757221567
180 118.95452758393058 32.37295289849352
181 118.69985855371391 31.849615317762535
182 118.77898700406138 31.977503850530713
183 118.84339772148337 32.23334464827767
184 118.51279223743902 32.25172461015532
185 118.58199127962743 31.912016095754907
186 118.55121817737508 32.28012203872224
187 118.79924348178002 31.969905970044273
188 118.87719577511814 32.17853807357507
189 119.18155412579762 31.593396359113616
190 118.73403000567195 31.610190324659488
191 118.6199913654311 32.32446559552692
192 119.1736392243148 31.69721071049316
193 118.88221879362102 32.154562115240566
194 119.1575772995486 31.829557181434236
195 118.73312490091634 31.758380534731117
196 118.54778068034892 31.88298362284642
197 118.83644699113816 32.34864809674522
198 119.2203984279425 32.05570775076685
199 118.54705957467264 32.32243469400938
200 118.86965929888925 32.1691492793867
201 119.09182236116202 31.98183723255499
202 118.65717430133289 31.9982015920884
203 119.06333046986582 31.79037054348623
204 118.54558634335797 31.617009511843687
205 118.71241379294555 31.91165129815666
206 118.62626466511084 32.04322330364839
207 119.16597465315914 32.30299269406259
208 118.9343879535673 32.125629461418754
209 118.70030381200314 32.25795750083456
210 119.14191757903913 32.32247744762346
211 118.89437153832442 32.33440699775795
212 118.76725116214458 32.238647071214515
213 118.98959360542753 31.71031895269263
214 118.95635806325276 31.878119745945902
215 119.18946232575452 31.74893429850443
216 118.51544197650051 32.29689492347905
217 119.09189245880951 32.21382683062084
218 118.97414952076278 31.886194350469594
219 118.60430594560917 32.04928583058331
220 118.75732402966806 32.26085791605185
221 118.52057511132247 32.27275683668253
222 119.09985627866902 31.75125666233928
223 118.5583629897578 32.2121118532583
224 118.63794689422055 32.25982167644841
225 118.98036658238865 31.659963434475245
226 119.03875983457644 31.674020924376382
227 118.67985837386398 31.93347924516289
228 118.62912567480662 31.775422278211412
229 118.51994313544819 32.30833297178079
230 118.53852690995286 32.18321938667543
231 119.1244276376292 32.170787388598704
232 118.64312633293413 32.207724350387736
233 118.78359415188949 31.840571168648374
234 119.04489625244213 31.781918941407184
235 119.17139754810296 32.078578901971966
236 119.12920507720416 31.915969288953534
237 119.10730264320046 32.33369067177104
238 119.07069377583248 32.1225645066103
239 118.74363675123523 31.89692391956013
240 118.94724429641549 32.258673716137515
241 119.0011443313038 31.903916129082024
242 118.79935268520471 31.732589617807665
243 118.94338866576634 32.21131974057199
244 119.18864289020634 31.995927717574432
245 118.71564330776432 31.79687560474161
246 119.15793258817959 32.14795498608771
247 119.18947339956067 32.39033071536086
248 118.89017614060184 31.802232432327322
249 119.14818802779313 32.22644759192571
250 119.0110710902095 32.19285156998381
251 118.98461291436585 31.701447777087505
252 118.57485220987182 32.275159226330864
253 119.01988412620462 31.977203734915705
254 118.61261659927892 31.680104181706415
255 119.02541274024364 32.03080768778981
256 118.53317118703065 31.8594682581766
257 119.12460514053319 31.71607214695926
258 118.62079488253364 31.660362747001546
259 119.09004177109729 31.765975460958686
260 119.11552298129561 31.953631839982034
261 118.564817571305 32.118090431694554
262 118.56065473630169 31.67223637320531
263 119.15890072888116 32.16615244564757
264 119.17887723849968 31.682298448275002
265 118.54387344062624 31.742923148200685
266 118.9402064319491 32.18705109139448
267 118.77535080294274 32.285355408535274
268 118.54152484939411 32.35486594307743
269 119.09465263005886 32.1214052603287
270 118.97037356306396 31.9689777714327
271 118.55653700653244 31.686344364029317
272 118.81906104177688 32.059881448210334
273 118.79084245010758 31.720046620922826
274 119.18341656822491 32.00306653224161
275 119.19640135290386 32.07635084258865
276 118.66052935263694 32.26376530848855
277 119.02968427195279 31.851821951084748
278 118.95388016749094 32.37993057670154
279 118.82199720246595 32.36304238941179
280 118.88745244026582 32.270298582669646
281 118.77089098967521 32.17195722511096
282 118.52341417433712 32.17627246479889
283 119.03047478585367 32.3046839812624
284 119.0440365821122 32.359596884437344
285 119.13831183203604 32.266799219922234
286 118.84376930833784 32.122099337775445
287 118.55536005900329 31.69471227972632
288 119.16135878802565 32.10446690014055
289 118.68585856655592 31.882892737456313
290 118.58230098372856 31.70855909188894
291 118.59414734865989 32.31054327015518
292 118.92143296376773 32.25863697819556
293 118.75863974893223 32.008417361618456
294 118.97217643222595 31.973412560279755
295 118.53912838760375 31.996347662203878
296 118.50292887303164 31.818147366439256
297 119.18021761761099 31.899898891700985
298 118.54615911642527 31.961517633063316
299 118.73286513770299 31.621704178875216
300 118.51404797457647 32.314639000977856
301 119.13951542120721 31.639999158978657
302 119.10805567706096 31.910347811525693
303 118.89784528115817 31.692886486529
304 118.59572069878091 31.780399338265862
305 119.08784025729034 32.35963770611397
306 118.55105167266504 31.903937951553118
307 118.81557002320936 32.1613436321751
308 118.71536902343556 31.68839868954343
309 119.2083746142154 31.775528135465272
310 119.17917419241762 32.30360497939877
311 119.07069069424412 32.30705221387396
312 118.81432810674599 31.793660733986098
313 118.85268791908452 32.3783761021364
314 118.89887074884905 32.14970829096598
315 118.88829701575932 32.01762630373331
316 118.62610356002595 31.881654976316135
317 118.67891518390948 31.876327197183702
318 118.98873512672067 32.37828116132654
319 119.09459770365613 32.16508601499936
320 119.1725843664734 32.01178842419651
321 119.05018388869487 31.62957845267499
322 118.91377493045658 31.79751073361112
323 118.54270533043136 32.34178838233974
324 118.55990504167616 32.03589871090316
325 118.63289194210753 31.865980816984788
326 118.99203749253992 31.635532128515194
327 118.7043406337025 31.814559836382422
328 118.7738603628699 31.791891755628082
329 118.60147354608871 31.729739865899717
330 118.66057427608811 31.875521588576618
331 118.75733194690112 31.746799548607214
332 118.9427337352412 31.666575945310868
333 119.20318821448298 31.707073529775393
334 118.5963554071188 31.98486044935398
335 118.72445065154686 31.649974584348477
336 119.19856109902045 32.34682641538453
337 119.09977760280161 31.762951269207797
338 119.1760089256676 31.988112959373606
339 118.86440316295584 31.92470533873895
340 118.66964617441091 31.841944995185262
341 118.64644643689581 31.867961287346233
342 119.0553170061936 31.797476010322224
343 119.16296878719787 31.817379795348494
344 118.92903906794939 31.699980323954964
345 118.97137939724189 32.143110939887634
346 119.12484803056266 32.09321030444623
347 118.67688523794385 31.844157787977025
348 118.91669840826782 32.32600176560267
349 118.88759864427186 31.917125643128166
350 119.137164911314 32.09356391336215
351 118.73274442744113 31.997214994659995
352 118.5868797311688 31.861524255680674
353 118.59710081012251 32.30629064078749
354 118.69109898239505 32.29071596344062
355 118.54575252710877 32.27421279176775
356 118.72889269629081 32.39348396938037
357 118.88093420611425 31.634127198975943
358 118.80214896938394 31.981125684923782
359 118.94985486974043 32.36710799216215
360 118.85979681090969 31.698510733363708
361 119.01242566067147 31.803338912489423
362 118.82046031301077 32.00229204740516
363 119.04984907961155 32.113170656202186
364 118.80686559792751 31.882944595652265
365 119.02456464495286 31.846212480478616
366 119.0116414609 32.233148420290625
367 119.09264562480806 31.61687505540419
368 118.62235952408 32.2404318827448
369 119.00292645926125 31.933398874153333
370 118.50347426279703 32.10727605133822
371 118.77436979788524 32.17284820936493
372 118.91085273941735 31.6818045075517
373 118.50139798978631 32.34463522088567
374 118.54218064723042 32.260004874264524
375 118.65620373397616 31.88578987243589
376 118.78935647715413 31.755153415331858
377 118.98909358875173 31.66076090679832
378 118.64881270536769 31.837747277673838
379 118.77747425126343 32.17771516769681
380 119.13555418753954 32.28116417687421
381 118.73550899980813 31.840085276480586
382 119.04032498550252 31.794097585192333
383 118.91540608338055 31.855068931108267
384 118.55084769430447 32.37743811736636
385 119.17402688197632 31.676019669208078
386 118.58453785163073 31.73879740663053
387 118.74472353988527 32.159099416352866
388 119.18990972768201 31.709416879649286
389 118.67951356780166 31.787856856942145
390 119.152618226651 32.26249118394078
391 118.96327369491713 31.846207611676448
392 118.62555914886804 32.08041494877829
393 118.59354078116974 32.03171321523327
394 119.17871049257846 31.830853114401002
395 118.8096823080149 31.804475337971418
396 119.03790088864935 31.7911569554556
397 118.59821606236736 32.30001787541117
398 118.86290649654585 31.61026151691097
399 118.58238877173605 31.691749892925696
400 118.82252517276892 31.871002082307587
401 118.50013348621967 31.76589573244193
402 118.51022367503911 32.05041584248012
403 119.13915976127444 32.02432252105221
404 119.13677248304708 31.997047891403103
405 119.03173329169708 31.84166153997766
406 118.84938133450858 32.01582714799658
407 118.64924498887866 32.2225831808625
408 118.999047703474 32.234806292163974
409 118.6444088614562 32.035795642202835
410 118.54807327105792 32.2410902284392
411 118.70528939975402 31.668807869696543
412 118.90864388567944 31.736605425371682
413 118.89996070174523 32.19916011030278
414 119.06642940962213 31.918176888578127
415 118.75863014653397 31.85788293042071
416 118.59365555432319 32.06492745902966
417 118.54316971888022 31.91031029421302
418 118.65350674667623 32.332654573398
419 119.15190927838978 31.900691759419708
420 118.51757142735998 32.25848031430514
421 118.93743214004061 32.0887673127246
422 118.82093000828813 32.33937700262806
423 118.63924781047041 31.99248208970227
424 118.99907914129095 32.37442934303168
425 118.89680244646301 32.04182265461606
426 118.56921927845818 31.628324485464397
427 118.96866355801315 32.18134102781505
428 118.53181375140645 32.30708482624416
429 118.66336031371907 31.657244628558058
430 118.8865487884336 32.38399269241979
431 119.0144084916516 32.06950856461701
432 118.87354701954044 32.19704585447715
433 119.10767139584684 31.778310902419452
434 118.98445455201728 32.34872806833129
435 119.18460296993935 32.11723846719587
436 118.6860155965839 32.04038588788653
437 119.18307414579535 32.37924999661745
438 118.65540429275126 32.041519654307315
439 118.63604854024507 32.00968786572833
440 118.61764264018315 31.632219570106948
441 118.58578497913439 32.051656851342976
442 118.93833228812115 32.18661620834249
443 118.50412182182315 31.900784055332334
444 119.06922675335751 32.15012439755126
445 118.94312557189743 32.0387004414498
446 118.72362744006901 31.762777478569333
447 119.12017999283552 32.03133616815733
448 119.09170752286556 31.97597222109913
449 118.93199134593162 31.857542061876032
450 118.53475188475424 32.13026710906286
451 119.19087472908245 31.65355069466741
452 118.92148795085166 31.88450974336224
453 119.15134081237046 31.952361911910177
454 118.59728420030409 32.38164541284824
455 118.52072550741273 32.16203136730131
456 118.71706525625628 32.10374988589483
457 119.04447335541114 31.727647338848808
458 119.0727505444478 31.96106003607705
459 119.10883174972172 31.903816340009246
460 118.71783574527477 32.3606009333706
461 119.05863533010769 31.96038714555645
462 118.59468878730833 32.27514875794017
463 118.88945686528808 32.14326155562612
464 118.52952136253013 32.27459180372175
465 118.9997717414009 31.582818798961178
466 118.75282431255766 32.351879748640364
467 118.57570951119453 32.363683556879145
468 118.97215756506414 31.714662460978342
469 118.77520303554128 31.641953867450418
470 118.69806271502615 31.86360979345546
471 118.74654795920821 32.03083925340936
472 119.04815819937865 32.01600964247363
473 118.7941770695013 31.95861816663
474 119.11941605321283 32.320662756781715
475 118.60851744824419 32.05191178106946
476 118.78393893386158 32.33729542210344
477 119.11978285347566 32.05971858252777
478 118.91440121631996 31.754307264559642
479 119.00635444437178 32.39911984241289
480 119.08524492764198 32.398561232195526
481 118.8654823167105 31.948853862942315
482 118.60736287082213 32.19543501514636
483 118.72143264640766 32.12673141285538
484 118.65241789383396 31.743207323404256
485 118.63272991079393 32.06358338877879
486 118.9154303724706 32.1184573492693
487 118.6388063270303 32.080406470560355
488 119.07451992475536 32.027803314680106
489 118.81231493723321 32.06864100453945
490 119.07228571412458 32.17665426554109
491 119.09652731086364 32.211098600496264
492 118.97955194687727 31.67980861018654
493 119.04792554573372 32.33965310853192
494 119.05831059214515 31.99026586769888
495 118.91271359977137 32.149495468742096
496 118.72202222174295 31.91202797464791
497 118.79469625006416 31.65000600639395
498 118.71002865393065 32.1215146304263
499 118.82473210972091 31.900672837337464
500 118.7521747031471 32.02201490277194
501 118.75514697286468 31.809305514501787
502 118.55923326244674 31.765354757803053
503 118.77836801248444 31.826370284936633
504 118.58815411848104 32.2998882517557
505 118.75084540233856 32.353989904033526
506 118.58785803632786 32.369857066828914
507 118.76062611514567 31.93613889621497
508 118.87867282271081 32.229959222742295
509 118.55332531152702 31.75355177607884
510 118.66532130273355 32.1969171551039
511 118.77957945754463 31.926852873453303
512 118.68758888648757 32.262146141093574
513 118.8850907072353 31.774179439275695
514 119.08199515110104 32.24848459962323
515 119.05069332077714 31.678259460725844
516 118.68165759590039 32.30064602578691
517 118.64319663691715 31.951362448759788
518 118.91158148025706 31.738356037655127
519 118.77932836102562 31.840633824068163
520 118.546257125712 32.18071370713382
521 118.65260771043586 31.953010945272688
522 119.16408937383716 31.77996638335282
523 119.15240052316622 31.814956091708193
524 118.7497816269043 32.142408996570566
525 118.52431067101692 32.12459131302507
526 119.04621039201989 31.645466158088926
527 118.67857313489482 32.263954807601145
528 118.5163794278127 31.690956559785455
529 118.68658626864969 31.77698088668439
530 118.59411614318158 31.6209158742079
531 119.12552491548482 32.023097039374846
532 118.63635561261805 32.29059374369593
533 119.01183283295127 32.33572831677512
534 118.61333253690881 31.978274464798027
535 118.56448845812245 31.703221834345154
536 118.77719585339399 32.00445540715734
537 118.93759279862039 31.827872555461877
538 118.8876751942567 31.840958168157204
539 119.05662292514609 31.77389040878815
540 118.7875618503988 32.35088939722924
541 118.92762219355073 31.91096046751521
542 118.54303812117755 31.585697331478183
543 119.0126981989749 31.991612342443197
544 118.97766351185676 32.13582123184482
545 119.06326994798663 32.24003692269198
546 118.5587741932066 32.19831662890136
547 118.82150775846635 32.14881651047805
548 118.96175693969072 31.78157889835327
549 118.49806076437663 31.873751489719027
550 119.11923752461911 31.941873537037164
551 119.06866155068904 31.727696632290108
552 118.86384126430677 31.959546897857987
553 118.74154581758964 31.68426238948978
554 118.99967079027849 31.66356207321897
555 119.11880274756318 32.253115213406474
556 118.86334889914666 31.71870317117826
557 119.12140619943794 31.967330627639903
558 118.58790072031397 32.08675765285257
559 118.73048673900696 32.356206772515606
560 118.97507317007071 31.856683659911717
561 118.75411735421514 31.74049282678573
562 118.86523617600696 32.29198525008576
563 118.95464790911316 31.835080879621
564 118.90612246627538 31.829704515120625
565 118.80886903094907 31.731422609218665
566 118.622174447722 31.95630136705586
567 118.77183692144972 31.758772044584767
568 118.65678573176488 31.90448730336197
569 119.03161777528217 31.858856231199848
570 119.04725404951739 32.11641224351576
571 118.65124683838732 31.952746274493272
572 118.9073497893641 32.12425516106489
573 118.99384380715966 31.84214464183524
574 118.82373749468974 31.8979880150931
575 118.55213070160801 32.38176835825546
576 118.9749025563324 31.798800541143116
577 118.55010702007195 32.2062125744375
578 118.9710454929739 32.154902488322385
579 118.5755294677356 32.10584761917862
580 118.95623735781673 31.694063107089214
581 118.68475605040604 31.59728903812344
582 118.76467702204626 32.190109689027864
583 119.18375062991998 31.65191459438999
584 119.15592040960338 31.79897586005653
585 118.88556394681208 32.36971787533708
586 118.95125422547397 32.376241905593055
587 119.06199887507967 32.34441363151871
588 119.00932682093413 32.04826942164053
589 118.58244525806235 31.956800785973513
590 118.79478314426787 31.975647154688115
591 119.07979525447956 31.876106013625314
592 119.01066051861079 32.38860524693728
593 118.62051110617219 32.251739648297345
594 119.0902594443082 32.422037432860805
595 118.92979179429969 31.839964716235805
596 118.71023619176734 32.07376127756866
597 118.53081761434478 32.12440108985038
598 119.02635038684555 31.915831000667957
599 118.82491873683216 32.07185499721603
600 119.18860108614486 31.731909329546415
601 118.67461543161203 31.85225985051404
602 118.56132181648213 31.7064684151492
603 118.66027570490267 32.07708602428528
604 118.79524767600667 31.875189783386183
605 118.5287585878141 31.933192501360345
606 118.74060467105161 31.912692538158925
607 118.65498977228567 31.645126504794387
608 119.17182835257569 32.32628135388428
609 118.64054191853403 32.16209289461321
610 119.11764241790156 31.84698022455619
611 118.57700243951722 32.30230538203655
612 118.9014786490193 32.163856216077846
613 118.9388436370156 32.38890819902924
614 118.88838760670001 31.991073735075723
615 119.16486063912672 31.691958853239477
616 118.80203231866507 31.69239968363955
617 118.94345688167397 32.18350742459948
618 119.11153456877501 32.05395014161228
619 118.66277423413983 31.771736061094007
620 118.85379856926991 32.014767479217454
621 119.18172652948707 32.018912510919805
622 119.04812132792237 32.30631858182379
623 119.00528011498821 31.606846267444723
624 118.79410600610022 31.697970483033302
625 119.10736155378075 31.92448225337271
626 119.07559864275291 31.705846382256368
627 118.80833747662271 32.36846968023689
628 118.8887304708605 31.766107665944137
629 118.96362850308725 32.09572191803681
630 119.03498015281654 31.951559995632486
631 118.8187298854027 32.220790544711534
632 118.73700760048523 31.62767162580748
633 118.60731893844851 31.85749097919991
634 119.0223494851774 31.978514507592813
635 119.02367619655155 31.6812940072821
636 118.62118516114595 32.08281683254721
637 119.10303893882781 32.009725376612955
638 118.60453273000778 32.26596532062224
639 119.07778089562767 31.9727503184914
640 118.61294711346484 31.857584038747486
641 118.94858838799678 31.832946264815885
642 118.86556963614365 31.823662243817218
643 118.60316353534546 32.34471632838334
644 119.01443650049764 32.23438552674318
645 119.01089932354421 31.87116694105653
646 119.12803532342497 31.958140931443403
647 118.81875652516773 31.68075823487497
648 118.87922098635075 32.07612396803106
649 118.95759296272027 32.18849812101207
650 119.10695489940275 31.80578115974471
651 118.77906306885257 31.97646680336169
652 118.96719181135943 32.130006480734934
653 118.90747340294081 31.978650918242078
654 118.64253487517553 32.02829631069515
655 118.98422645212537 31.750641040165686
656 119.08562510667159 32.22152672154726
657 118.82025873537462 31.68470995994489
658 119.18347342682418 31.974401300709136
659 118.87946206597097 31.84244850166222
660 119.12603997186638 31.69757611347629
661 119.01788469824635 32.29068465700343
662 118.76966286907296 31.758924431447895
663 118.73746518651645 31.977470408167157
664 118.75781278964125 32.095332735920664
665 118.7436368842721 31.843631819114314
666 118.52513862362414 31.99968456883978
667 118.50907529894823 32.002723839587546
668 118.79349332492421 31.938723302675655
669 118.6279175946998 31.88488330884887
670 119.08551926529971 31.787960062965123
671 119.16657775250114 32.31928422419857
672 118.70436957431654 31.989440502006705
673 119.02764348973203 32.154736856058406
674 118.75231575120806 32.01310054030483
675 119.10748970016594 31.845824631955484
676 118.82484232921757 31.992534987009734
677 119.14713957794815 32.246114629696066
678 118.98790081765631 32.2878445201915
679 118.58471677583151 32.35511221998525
680 118.59446483770168 31.800965257499822
681 118.80439164860091 31.868773945396683
682 118.90916829673027 31.68579586320393
683 118.85604095697767 32.41040943678594
684 119.1194141541184 32.12460178073856
685 118.51383113415557 32.15280067373595
686 118.5884463145307 31.966815277522613
687 118.69245693125077 31.82133094312865
688 119.11222737288027 31.920860353490145
689 118.49646318159161 31.856033856138517
690 118.8803280853593 32.036504328943714
691 118.50328949602475 32.243953794447975
692 118.88883551915582 32.275247432526456
693 118.84092792510832 31.840713903557234
694 118.58920815217044 31.736933311011494
695 118.91498416964673 32.18785580058189
696 118.93554272642025 31.93585390746975
697 118.81130748613656 31.74659306941426
698 119.04425076374697 32.11293282058415
699 118.54148707810228 31.6840392297327
700 118.73246064626501 31.679375741136585
701 118.84077310642206 31.595493952374515
702 118.70696218851104 31.746000722977914
703 118.5872534970966 31.97725161911835
704 118.57886246507854 31.74289101496968
705 119.04880974111904 31.64400021504535
706 118.68473958361508 31.99248911692585
707 118.96139096380708 32.315633535318064
708 119.08678007677656 31.614641982394346
709 118.71543383833485 31.792512978211473
710 118.62034388426757 32.33191347285039
711 118.89199418013152 32.11693519980337
712 119.07708274454238 32.245422362505806
713 118.76707296314144 32.318585831426816
714 119.08546806287644 31.770802581072342
715 119.19172221182984 32.20484599635809
716 118.98201334164872 31.813657835498255
717 119.11780186847197 32.334103107303406
718 118.55036568576813 32.35662557396835
719 118.76888743192895 31.73216258908829
720 119.11411603774181 32.28697626139127
721 119.019247034737 31.65554139439984
722 118.58609807361269 32.077674508510924
723 118.66989367837093 31.97102705761666
724 118.71729157700106 32.069267795482304
725 118.94914159472388 32.204935943211765
726 119.0206686747469 32.30462443263383
727 118.84549215608531 31.993700951971444
728 118.52716302155935 31.64264988679397
729 119.13587013937637 32.34878565052834
730 119.16357424063851 31.63543771902438
731 118.7343995555422 32.239077385116865
732 119.07884636136168 31.718658634172836
733 118.85839456060306 32.33338389701301
734 118.8229160573294 32.091960565122015
735 119.17252437475307 31.842423905238807
736 118.48487626496801 32.272777736485715
737 118.79316304186604 31.729663876341416
738 118.64798867959217 31.776909884106846
739 118.82388800383767 31.835024955445522
740 118.8134772610509 31.910003662640797
741 118.62549189334305 31.795370511012756
742 118.91693147640763 32.32782374360749
743 118.75863410855726 31.961988029108312
744 119.12599339012996 32.36634748343704
745 119.15671296094945 31.83759865575139
746 118.75996686658897 31.968767090413323
747 119.0274184609071 32.27547613873172
748 118.94529655846205 32.38849976278374
749 118.76234667124221 31.974750701125224
750 118.70215798257934 31.976714268088767
751 119.15060590709253 32.34994600792191
752 118.65234586627773 31.94632196387521
753 119.05126406516204 31.949163068918974
754 119.04949394046695 32.377095685554465
755 118.6292019748103 31.979706847827774
756 118.7639130058937 31.684364194682768
757 118.8065676882809 32.362819503453316
758 118.86450996276643 31.95811724036374
759 118.9249197731223 31.875522741641895
760 118.7623590782377 32.319449559718144
761 118.9238221017525 31.600804629262658
762 118.79748101016973 32.37832630257502
763 119.16503480579725 31.661278807058213
764 118.96054593147663 31.65074691485438
765 118.86427280101663 32.32771723993384
766 118.88741708130824 31.963182141852787
767 118.58490921138159 31.72694352870769
768 118.68073130964113 32.37707075389907
769 118.99377326103935 31.846407043015887
770 119.21598881122902 32.3447263744426
771 118.7268193394377 31.982648239880284
772 119.2109317475576 31.92066972372203
773 118.74812634150625 32.04793791605894
774 118.81097897445461 32.32408256034105
775 119.17739997036247 32.388262298254496
776 119.07120677333889 32.142647301451056
777 118.88475594911162 31.90864581017492
778 119.17791469997216 32.25882320953253
779 119.19980468508099 32.336994835051286
780 118.620150934094 32.047385006572654
781 119.05336435031238 32.18674053564881
782 118.67767467641286 32.312571248543414
783 118.70861270072075 32.163691850320674
784 118.80898935639563 32.112545849729045
785 118.83314092630698 31.887785213566975
786 118.59493807281733 32.08155938515282
787 119.02818046376959 31.775612473904904
788 118.5117064516389 31.71449805818438
789 119.19957830971117 31.796080008479098
790 118.66868197168162 31.947141403320362
791 118.99265295942145 31.878700994678862
792 118.86098440916713 32.17088906171344
793 119.08742524817669 31.90742888922549
794 118.61708666956913 31.97521745607629
795 118.52196187866744 31.81256585640298
796 118.62566254319292 31.66768518833091
797 118.97996667061906 32.173207393071834
798 119.08048251666625 31.776477099090556
799 118.60931023554673 31.97292679043579
800 118.9169413468393 32.0749871516919
801 118.5138863657771 32.13616859568661
802 119.07003341592564 31.938100981285494
803 118.58771396807451 31.80152382141559
804 118.61966424176835 32.31890300552604
805 118.94382115285372 32.142493148576875
806 118.80884960764601 31.794599721315397
807 118.69225337740617 32.24074870993118
808 119.17154064379258 32.04917171159973
809 118.86841435964305 31.95851888800779
810 118.61491160343199 31.694517430039763
811 118.79515116699417 31.782923880839114
812 118.98740591163254 31.694492425984095
813 118.815918568389 32.13691948893867
814 118.59000805306364 32.177488091538706
815 118.6128649482752 31.9696192510466
816 118.65807333112865 31.646873307422634
817 118.88333216103199 31.715444514381986
818 118.93643421940058 32.340769649411925
819 118.8333928355212 32.31427426109158
820 118.62732000999723 31.923384099308716
821 118.73820343197067 31.71448117130576
822 119.1179848290982 31.966487937923056
823 118.67495254814776 31.942007143104966
824 118.97354187506035 31.616369797230075
825 118.75789584749525 32.18682522404034
826 119.19991187219746 32.10469776991917
827 118.49666715772813 32.04616881716467
828 118.70365145026616 32.25378413419854
829 119.0481582735977 32.28045766960408
830 118.53734320837546 31.768384710161442
831 118.76452059916197 31.660130340421098
832 119.17395746570232 31.90381455474674
833 118.98581324206394 32.277868089603444
834 118.59547541442609 32.21700487696528
835 118.56318749158262 31.805917296797773
836 119.17912961297301 32.221965652372134
837 119.14441753677735 32.069071961852764
838 118.62151311278038 31.814578632070248
839 119.11781138201076 32.15197454733664
840 119.01902118922801 31.845013043878986
841 118.78868948397819 31.856223298546297
842 118.66298408396605 31.769225826433082
843 118.59541292860756 32.051626330411885
844 118.6599796921267 31.990012150130546
845 118.83536086476326 32.093184793023916
846 118.53268052615545 31.605886415240914
847 118.94135351716837 31.916558662823338
848 118.92849491633042 31.62881345139598
849 118.92085767870098 31.847740746363936
850 119.07990630433288 31.67623782287647
851 118.55730368515196 32.054418631290126
852 119.19407255898581 32.349650891631974
853 118.83031565319013 32.27183098308207
854 118.85265576423889 31.992407505752066
855 118.60457230159278 31.890306231408665
856 118.95189709790564 31.61194033637729
857 119.12778464568188 32.13010067132442
858 118.55663974415576 31.847806439943774
859 118.71123935153254 31.935775022239667
860 119.05159486561442 32.08787730076711
861 118.51111615687158 31.74732881575674
862 118.90969482351844 32.03552599760519
863 118.65412458088701 31.95207382361026
864 118.86278883358557 31.917807901148628
865 118.60677810912173 32.27049418175731
866 118.74289986832807 32.19917894272517
867 118.7336818567147 31.6945933083015
868 118.78231802214549 32.31557152304064
869 119.16863604315934 31.59444496115528
870 118.58313185852856 31.78009634717894
871 118.69266138602222 31.699496418901646
872 118.97527794970934 31.86215936559245
873 118.75449041014473 31.68746125384433
874 119.14516032485835 31.826323498044673
875 118.73213085468555 31.916180577243427
876 119.15707615334908 31.982908475026985
877 118.59625618029716 31.833686422806547
878 118.81738814468353 31.654467316984817
879 118.85302560310801 32.01309694571262
880 118.9205176860535 32.075488793906636
881 118.78169551688912 32.11733093038436
882 118.86643553118522 31.595018891451936
883 118.64755315996982 31.680563415034765
884 118.66635848584203 32.13342441987468
885 118.579208960199 31.722428077469385
886 118.8832613678696 31.686332188967903
887 118.84571321899412 31.94830644243998
888 119.19850368441645 31.89299903635182
889 119.04932222949867 32.118334839231046
890 118.99419431454861 31.621964760401116
891 118.72583650129548 31.795487571968323
892 118.6736915829325 31.81875979166665
893 118.97401681282301 31.85069665981964
894 118.65705291697314 31.60999463161385
895 118.53721963035592 32.03724680319949
896 118.70866760952065 31.604221171038365
897 118.85946236836376 31.83339902271597
898 118.62578266660272 32.321836081464554
899 118.57820391460724 31.72805380053757
900 119.11849179493395 32.14841976640098
901 118.82872806324531 31.989811212201136
902 118.52374753746363 32.32205570156038
903 118.66697023832346 31.950864449193016
904 118.54408279196088 31.752185548174296
905 118.69123985623837 32.40252200287942
906 118.79894955233979 32.1625984635678
907 118.58222977765128 31.699583890132992
908 119.14093908804561 32.027782170622906
909 118.83353686303609 31.86601607881485
910 119.09167854884498 32.30966316270757
911 119.07370340847484 31.730319565182764
912 118.58874408442821 32.109299448363146
913 118.54660537845055 32.35852617342763
914 118.90687842812844 32.344131881269774
915 118.51560671054331 32.31922022364623
916 119.05581616172418 32.12052365897774
917 118.71465494305085 31.847383351149062
918 119.02043082450263 31.65113842922623
919 118.62652892585479 31.744301187849494
920 118.72568517251823 32.30865522377543
921 118.9460067527135 32.16233774056594
922 118.66539411375597 31.663070056294004
923 118.65620859985496 32.37787749353805
924 118.75171909140163 31.999859777846062
925 118.53268721382125 31.753408398510594
926 118.98829815345613 31.974066361355806
927 118.5774241382088 31.93494196669608
928 118.65675589318815 31.78055009344207
929 118.55456055426241 32.09857646134315
930 118.81667723655328 32.03513314296483
931 118.70108045430409 31.81352645075833
932 118.85617209306085 32.21836063814752
933 118.95094770998195 32.033488804921454
934 118.64034263496283 31.882828300169713
935 118.73980523213669 31.72300500551069
936 118.88667489696975 32.00051815840389
937 118.67115214192201 31.717707205062723
938 119.12803950150472 32.32274300816661
939 118.5530711641121 32.02143866446498
940 118.59813250285677 32.323800486359715
941 118.71380702494957 31.85936470919772
942 118.9541823326999 31.95168546924423
943 118.5431751516091 32.02576751052798
944 119.14492359616607 32.29683134502334
945 119.12699438807704 31.70305549104705
946 118.9553706362865 31.917095120867916
947 118.75803960010035 31.680285342030608
948 118.6850466509997 32.36423699417445
949 118.73139815688454 32.2507093470574
950 119.12113388312967 31.929080683285925
951 118.8582416485922 32.129823115029595
952 119.16128657993688 32.04959070517567
953 118.84783080891924 32.07790837860151
954 118.646392236136 32.26524894957702
955 118.58185139855753 32.378651947170894
956 118.97053348848684 31.666273599800814
957 118.72000808080973 32.04572461191117
958 118.95158664334964 32.326257864754886
959 119.16046888780228 31.92476787174909
960 118.51074008654902 31.793983280018377
961 118.5668681979757 31.69380121815422
962 118.74161620868199 32.11260493922319
963 118.71211549860661 31.75581828198444
964 118.76695963626604 31.890864973839818
965 118.81697564673954 31.894253888833866
966 118.78361114492411 32.09071562720164
967 118.56523224204435 32.367424237533285
968 118.72636275801192 32.39627964822503
969 118.61509085287462 31.835390375954468
970 118.61667655524987 31.815849779049564
971 118.91267919108418 32.1821375526117
972 118.5221536878912 32.152577206595396
973 118.68189733208554 31.833232701594635
974 118.92302447944832 32.35915756714176
975 118.68860788693219 32.247607945173236
976 118.8529475978422 31.740043342901007
977 118.81775183832852 32.000840199058125
978 118.93785043282787 31.65893055414821
979 119.08702859554165 32.037097419297105
980 118.68699747312719 32.04532763834438
981 119.13353955253481 31.75991927012256
982 118.9763884140513 31.65709715551257
983 118.78631955522346 31.722916818290912
984 119.08326720047249 32.022369023374495
985 118.78409208366361 31.646879031723728
986 118.97849045230149 31.750760850491645
987 119.12737761581789 31.747523541355257
988 118.68925601240576 31.913375358796845
989 118.84121370237636 32.02364162968209
990 118.771849845374 31.877523587342413
991 118.57544422335937 32.10520489384636
992 118.57964954589534 32.32526404513517
993 118.56552866716278 31.79828881763488
994 119.11970827854125 32.384449731581384
995 119.12769974002877 31.85940949304733
996 118.73061454399986 32.09666421805678
997 119.10844994693923 31.88668322949828
998 119.17417107802821 32.15474170851244
999 119.02705592502487 32.284034032097146
1000 118.66605233627533 32.240110651146004
