1 118.94784414107845 31.95699830477979
2 118.90188375199132 31.617649365204965
3 118.61120748674816 32.06098619432932
4 119.06290287139569 31.97299895089518
5 119.1595023110166 31.95578287928534
6 118.95048123497955 31.861696375150167
7 118.90866189861238 31.748073789861383
8 118.62599045232437 32.069906165255794
9 118.69267372542622 31.831726157754158
10 118.75139639171769 31.823505411071178
11 118.62829028227732 32.09691064497511
12 119.2030220413977 32.032455051562124
13 119.14758470921423 31.71284441614045
14 118.76252327947208 31.98511813879086
15 118.61431218111653 31.741088859630228
16 118.76700295418509 32.240065324172384
17 118.63093068029382 32.30300994601576
18 118.87101722635414 32.001737297834524
19 118.64612158127491 32.290655406885975
20 118.53746344919148 31.684675026748007
21 118.93433968152793 32.01087330185432
22 118.74389694741011 31.642856145785675
23 118.99865676479449 31.929723696625327
24 118.85371432007362 31.67991214101696
25 118.97600777428562 31.68532306976252
26 118.74186169017419 32.09382493600751
27 118.89516904892916 31.792117796717204
28 118.84440716193139 31.66786218540463
29 118.9194632038455 31.789275290839598
30 118.53701264458674 31.864068475458094
31 119.1939046602506 31.98240348518772
32 118.66664350735141 31.756094805815096
33 118.55142730388042 32.112454468786645
34 118.6943479000509 32.00425736210791
35 119.00168062440417 32.03648367911602
36 119.16648073506047 31.921195192137017
37 119.09891852090233 32.21056233976665
38 118.69993612540604 32.062422521310395
39 119.1020302688653 31.704047136766757
40 118.55579582847072 32.15505465627692
41 118.56903882322611 32.37174540969131
42 118.64075877287621 32.01917980930222
43 119.04007050811015 32.30457607695877
44 118.97347605059602 31.87082953241975
45 118.59285222324215 32.065345405336224
46 119.01675119657783 31.929090183831175
47 119.02660198113038 31.91689401182362
48 118.60918880587018 32.22997190824176
49 118.95990008665142 32.02333872672575
50 118.79030959699165 32.35760693488671
51 118.54530567872801 32.034769988680914
52 118.86136284124771 31.682864580602327
53 118.83585416183638 31.896565299648444
54 119.11441012819792 32.28572151242944
55 118.94557198172943 31.96236153052835
56 119.10417483767955 31.606488840381
57 118.85839458563755 31.809931942199395
58 118.98315313964133 31.654329821074896
59 119.16825320789566 32.38129977718706
60 118.51588497938903 32.38191709203211
61 118.78996162284011 32.24572236686833
62 118.81354324388201 32.07468961555318
63 119.043060606755 32.22064421016832
64 118.52286469790451 31.743946355799775
65 118.8965889225242 31.839796456179375
66 118.6937161826198 32.01102185352432
67 118.79382961753649 31.881814099087467
68 118.96756366952488 31.66152031764167
69 118.924115671198 32.346918127399476
70 118.66502415881523 31.9747059688558
71 118.62467044487977 32.00354515068169
72 119.07658666465368 31.88220163599411
73 118.85363938414429 31.822385265246705
74 119.17035987026425 31.887620070842235
75 118.9626448986096 32.27200984563003
76 118.63998744834325 32.21662076041844
77 118.62432760554402 31.88001229675747
78 118.72580254894172 31.6338196163553
79 119.03857240012856 32.23102686889578
80 118.83212826702623 31.811805775427302
81 118.89773606653822 32.07652372958103
82 118.91239552516093 31.606616908357605
83 118.65583682890563 32.11617174553823
84 118.73044531638455 31.92823528811182
85 118.69660197531108 31.978129688798308
86 119.14087532567845 31.945276822263985
87 118.51101887341768 31.89245263055083
88 119.19006914061316 32.01157200678209
89 118.62125340294764 32.387151346447055
90 118.84254858491593 31.71331884186076
91 118.68490211962707 31.870375189838622
92 118.69304384267376 31.616221328829834
93 119.02971748952338 32.199092091176105
94 118.9942647084629 32.13790752416824
95 119.03243137995949 31.76080383500792
96 118.6114829793955 31.913326760086907
97 118.65744839707874 32.12051296597705
98 119.03280645231342 32.14077401805652
99 118.55966853342213 31.72168812235877
100 119.09588830565775 32.333889162861524
101 119.12017859574452 32.24622259640146
102 118.8496353072772 31.678111339129163
103 118.98133412060042 32.29164930163064
104 118.73209397809616 32.20957145150591
105 118.94313365438931 32.261159206347784
106 118.52178851644531 32.0105617880545
107 118.68190705661033 31.800762583206588
108 118.79339171335891 32.36578170732056
109 118.8703998449889 32.08531406573003
110 119.19723800720023 31.881131392552327
111 119.2043875444361 31.83687699252485
112 118.58946673576705 32.32359497994014
113 118.71941016918545 31.951366353927785
114 118.55364847465917 32.04952160485199
115 118.72794105190351 32.12483065136469
116 119.15636347377219 32.278535707159136
117 118.9169562929332 32.08919695524705
118 118.52425550367165 31.752371427829765
119 118.89071876125445 32.05603960465358
120 119.17301606979606 32.00552221985073
121 119.1920563179252 32.02761042000711
122 119.13277404923524 32.145916200047864
123 119.02850393308559 31.788329106194695
124 118.66158754440713 31.740773180924545
125 119.12402856347948 31.680755265098128
126 118.72657820043895 31.84051948724119
127 119.11506097690186 31.609070934653722
128 118.51582601351079 32.089730870724445
129 118.55434754379128 31.83266307939059
130 119.06662464893415 31.75405611019425
131 118.54912223646078 31.681073357838756
132 118.79693838502905 31.8099792679456
133 118.75680502760503 31.78115176369396
134 118.64529635568466 31.81877198991257
135 118.76620545199371 31.965800067841126
136 118.8365630750453 32.04364906689885
137 119.10836105688114 32.24685332293507
138 118.93499292134008 32.374808870830115
139 119.13572266801663 31.646249166825967
140 119.10534827017545 31.7934372999484
141 118.61338686142791 32.098601581450616
142 118.77379017898916 31.75974101495164
143 118.8540437761619 32.29424863353773
144 118.68569202453247 31.744217324133736
145 118.8856296538082 32.19075578238473
146 119.20152530490448 32.0870952248536
147 118.65937621394811 32.21632978248732
148 119.06923792511112 31.630161854387985
149 119.21012279717137 31.797466754264363
150 118.65328561896486 32.176235235198625
151 119.11367201111362 31.698712840133386
152 118.61451751796297 31.63622876998089
153 119.15407917405717 31.89448431911858
154 118.69443284040455 32.092448152018505
155 118.66668597292424 31.606466988433528
156 119.130804796061 31.691469388674196
157 118.69208842160246 31.610053436095107
158 118.64904068045304 31.916542946043208
159 118.72044100734918 32.14896062876509
160 118.99540305086647 31.76481295979164
161 118.51535140958869 32.268910599461904
162 118.62614466068793 31.94321085223107
163 118.58267084463445 32.09195192270121
164 118.84446675799398 31.83848507784819
165 118.52305724084843 32.117255499107756
166 119.15701277988127 32.394382504458086
167 118.82885959443459 31.96371077112446
168 118.92461790917298 31.764875946801585
169 118.65275735711805 31.964232583612546
170 119.00697491100901 31.9405173532504
171 118.51300618658357 32.003127607681016
172 118.55298685079808 32.01794780027158
173 119.15066623478435 31.638860104568053
174 118.61843664755425 31.714501264276112
175 118.84074024215009 31.98121593052411
176 118.89022594193483 32.16676483916571
177 118.61007951603516 32.24238065029779
178 118.92782059036914 32.19384161178505
179 118.7002319721263 32.0123669702412
180 118.974626270262 32.364012268056484
181 118.69688873489181 31.86033461330957
182 118.78299347476609 31.977004279984584
183 118.84128935745906 32.23245631272366
184 118.49436315770801 32.25447098784503
185 118.59139596748852 31.910807144601524
186 118.5539415351476 32.27887154822414
187 118.79271934506838 31.956623318029983
188 118.8772897497354 32.18321757401909
189 119.18139249254223 31.582594041885248
190 118.71780825075909 31.60750291781921
191 118.61707805369238 32.34724667502582
192 119.15923692352337 31.68790322895967
193 118.87871953262716 32.17057748110062
194 119.16177575665192 31.840918948689
195 118.72558190419824 31.748342299074398
196 118.54384773966335 31.894442159993158
197 118.85121565631113 32.34852905187054
198 119.22361528380486 32.07274019415867
199 118.54671138427885 32.329688130941655
200 118.8633960018556 32.16186598677703
201 119.08378729785268 31.978474868821923
202 118.66839714953981 31.9920737257243
203 119.06023802204943 31.78232226844253
204 118.54125767594232 31.628788303435595
205 118.70886812137896 31.904876539208836
206 118.6219537825507 32.04874476776099
207 119.17052849705443 32.319894971604036
208 118.94241717584062 32.13019005730307
209 118.71250147253463 32.26536177756762
210 119.15267988719378 32.31127455473573
211 118.88566079834838 32.31382680514968
212 118.74224572333388 32.244409760805766
213 118.99078427660953 31.704724684643832
214 118.94731326924224 31.86492084199608
215 119.18491417166014 31.745533579151026
216 118.52279547704693 32.30538873813251
217 119.0817080351167 32.21012952080103
218 118.97790951826593 31.901069409219375
219 118.59491530664856 32.050468982711315
220 118.74916118202785 32.27195312274987
221 118.51309484606658 32.281475529377
222 119.07993036819897 31.751930249487256
223 118.56749018062412 32.200924170530996
224 118.64309349463346 32.26176026418493
225 118.96981304409243 31.6754288854131
226 119.0424693369755 31.676170309086274
227 118.6881087437893 31.949656040003333
228 118.63547377076374 31.776706299103285
229 118.52466963950233 32.2871469979847
230 118.55115233285645 32.18802778319278
231 119.12293945509133 32.17764291000451
232 118.67602324396138 32.19894268639403
233 118.76795771244667 31.82871674756274
234 119.04298071750908 31.779888663466096
235 119.16202415170683 32.0909579797914
236 119.1260162670636 31.91676317556204
237 119.09422604078502 32.3465633278551
238 119.0755243975838 32.13946002709701
239 118.75491079597217 31.893374648020853
240 118.95729458786688 32.26004505470989
241 118.99800838685303 31.934123313442047
242 118.80119954756802 31.72838860460471
243 118.94989047372029 32.21347595808907
244 119.18299435622308 31.995787483333
245 118.71691450400941 31.798528378244338
246 119.15973954755337 32.144003354719125
247 119.17340260999433 32.37593101420322
248 118.9148140117946 31.79145849436595
249 119.16521617044968 32.23334041236221
250 119.01378882535653 32.194707306638286
251 118.98216537738344 31.695389382890887
252 118.57783996800023 32.295824223920086
253 119.0377452819535 31.967021440652186
254 118.6114450210537 31.67277102186238
255 119.04551775069956 32.029702567654574
256 118.52867975681802 31.868853263513756
257 119.13795324020633 31.72082122986559
258 118.62450441428751 31.66043594322305
259 119.0809413662988 31.76826162277061
260 119.12505579502371 31.955031069727138
261 118.53333494395937 32.108035428283685
262 118.57569898305583 31.662974518422452
263 119.16370457506434 32.151271923992155
264 119.17446760501691 31.69269041980163
265 118.54370541055498 31.729684395782286
266 118.94170073426326 32.1958948814605
267 118.76995021146978 32.28529503776187
268 118.53170328981909 32.347177974635876
269 119.10432821971827 32.11907687303902
270 118.96176277561538 31.965260798304293
271 118.58088839181602 31.685860024426407
272 118.80698386405898 32.06690805501828
273 118.78839290351847 31.720412859290516
274 119.18065542800785 32.00766146489251
275 119.19357478161365 32.07963047118278
276 118.65970170655652 32.26676024779767
277 119.02358787464586 31.855440628542887
278 118.94908769868493 32.39550917402884
279 118.8322466657338 32.36628236802201
280 118.88692098782724 32.29342311660956
281 118.79775385823704 32.177940999164605
282 118.51818479286474 32.15319586256227
283 119.03547892496692 32.324810936633085
284 119.03542212879368 32.36297320909606
285 119.12798191211544 32.25579315928267
286 118.83995998689329 32.133799280511745
287 118.54745442708062 31.7067474163176
288 119.1610485929433 32.09615319140183
289 118.68848196147806 31.863020643750172
290 118.57626970007239 31.717471175653326
291 118.60705537006386 32.30787956343349
292 118.93040230298536 32.24656765900146
293 118.76548823347727 32.017047307832144
294 118.9800572105699 31.97010901479648
295 118.5262683246189 32.009718017986984
296 118.52021969423849 31.829776690069238
297 119.18855344213262 31.907162453436932
298 118.53899486628067 31.953020230838906
299 118.76309232163182 31.62602013417116
300 118.53184381448808 32.305055138816606
301 119.1399357816144 31.648308139709666
302 119.10017288206673 31.92087494525206
303 118.89684522049625 31.704465075376767
304 118.57936023070557 31.783567487963413
305 119.09179302995203 32.34866809834067
306 118.56262068128727 31.893834250809974
307 118.79614609118364 32.175316218643616
308 118.72867103845898 31.694777726631298
309 119.22216696114853 31.784029761830325
310 119.18277446852105 32.29921241415275
311 119.08105935146423 32.32163136805774
312 118.80970454907796 31.79770682253128
313 118.85090079449328 32.380622598595956
314 118.89396798019114 32.14679621647177
315 118.88313423875061 32.01607477673324
316 118.63597506704653 31.879155931697618
317 118.66736377932152 31.865149550089097
318 118.99835902485455 32.38752702097599
319 119.09396686527894 32.16698037569324
320 119.1603193579636 32.00444043533964
321 119.03620716625632 31.62278958952358
322 118.91464350047337 31.789286967832847
323 118.54712895626928 32.35227214269539
324 118.5597254657042 32.0387954846933
325 118.63583841884729 31.868383809967472
326 118.97249990305203 31.634531321055373
327 118.69344752947514 31.825712744328445
328 118.7948213657099 31.788160022472645
329 118.5999574791492 31.72748649526028
330 118.65629162496776 31.882499588532507
331 118.75003832335895 31.735559098930107
332 118.93673132102481 31.663527490317932
333 119.1973512133658 31.708809810068857
334 118.60260070231871 31.97213579616566
335 118.71928885240598 31.64621443152842
336 119.19956726105939 32.36120287723295
337 119.10527963578225 31.773687851991934
338 119.18361810492914 31.994190277769064
339 118.86649300225551 31.92171463793268
340 118.66123957685657 31.848384650875015
341 118.64034818691849 31.865130343599407
342 119.06832671640115 31.80355242982456
343 119.16818947205661 31.837632493675702
344 118.92577586540634 31.699350903661255
345 118.95211348328763 32.141544349960576
346 119.15428596504452 32.09259677294955
347 118.67134160437614 31.851711732281426
348 118.89309271517446 32.31913003825433
349 118.8920559836901 31.916363938700734
350 119.12783249071359 32.109117965724586
351 118.7214910078578 32.00390512731225
352 118.59687680816552 31.862409195379918
353 118.59651530714392 32.31602487897335
354 118.68367421583878 32.28266544898994
355 118.55182609579548 32.26929067800898
356 118.70251971012294 32.37949330388571
357 118.87184692162162 31.628916209978897
358 118.81073668875368 31.979714891010588
359 118.94568896699293 32.35940258744137
360 118.86746630026764 31.703392518410134
361 119.0195068796362 31.794621563122025
362 118.8182368868415 32.00432473814679
363 119.05489893776898 32.10604930051704
364 118.81465632668144 31.869012923797033
365 119.0327050166657 31.842644767231373
366 119.00760390417166 32.22528598560516
367 119.10673229683769 31.615951466089292
368 118.60830676057053 32.2417505312782
369 119.00038602545833 31.95268738198378
370 118.49238502360589 32.122292074605404
371 118.77404579299655 32.167455820025175
372 118.93640550733284 31.676342792963904
373 118.48694105801071 32.33597422937314
374 118.53596987568936 32.258407828144534
375 118.65077338273238 31.874670302557156
376 118.7855405734315 31.76814611521031
377 118.97500862324897 31.667682277641045
378 118.65203279594199 31.84074705117838
379 118.78397801100164 32.174440837179006
380 119.15465383698195 32.29081399932781
381 118.72110811799256 31.85179395387901
382 119.03140205242661 31.785335528291878
383 118.9243460050323 31.85593335453264
384 118.55247267358692 32.38397126281369
385 119.18110194264057 31.65777615050645
386 118.59900805504073 31.730430473257492
387 118.76319613436787 32.16381362567343
388 119.18409198516675 31.691632995851776
389 118.67665025767367 31.782955810170925
390 119.15143426973775 32.272898495659234
391 118.95601012876986 31.854607025692566
392 118.60857117436336 32.094928598422285
393 118.602939574958 32.04260257849936
394 119.18105302420292 31.834317422620117
395 118.81480443466133 31.794522013987585
396 119.05169955111009 31.801456234299568
397 118.5952365239122 32.30726410427212
398 118.8685313997783 31.620922681066187
399 118.57309127189234 31.69700587589172
400 118.83593711008433 31.882267579499636
401 118.5130110313181 31.76326783557899
402 118.50224467676836 32.02822061889197
403 119.13429215426206 32.0282937474798
404 119.1292541249676 32.0101179706295
405 119.0121003460717 31.843516179189816
406 118.84303001708702 32.018365144834426
407 118.63618638836157 32.21461783931528
408 118.99403782502186 32.2471011255702
409 118.64144579263679 32.0401995188812
410 118.53627946661076 32.244893088950036
411 118.71137976973263 31.677925034403735
412 118.90797096946125 31.724189522243048
413 118.90816577584167 32.20226812619619
414 119.06722794216859 31.91223113194149
415 118.76446352368347 31.879767835146055
416 118.58841755348193 32.05898630465213
417 118.53800486205019 31.92244815950176
418 118.65040595799621 32.33330027616617
419 119.16804719682447 31.902266953036843
420 118.50000758642159 32.25072177793416
421 118.94142138923829 32.10998532610818
422 118.81477063481283 32.34080277548022
423 118.64871573698355 31.98783785736822
424 119.00265725999945 32.36312964956822
425 118.898034673955 32.04204516290866
426 118.55844256639429 31.61638661800082
427 118.96951434400768 32.19264139212834
428 118.52831365448903 32.28934619991849
429 118.67145173233934 31.661430214193523
430 118.8894367216996 32.36930120340971
431 119.00935642400869 32.04377154513174
432 118.8790987984057 32.19304314117494
433 119.096418638072 31.783006758370334
434 118.97692078922891 32.353989983625176
435 119.17411151784535 32.119967056766484
436 118.69397116111618 32.05901409217614
437 119.19206487670161 32.35791571210372
438 118.64939078553599 32.045567646080286
439 118.63417659265902 32.02719632823389
440 118.61372838265471 31.60857000911829
441 118.59149625898543 32.03549636367008
442 118.93842043242265 32.18439734719338
443 118.50335940816461 31.89762950342221
444 119.0750386654272 32.160374685616986
445 118.9580567763374 32.043391141717564
446 118.73723625414932 31.778093779919303
447 119.13082171334311 32.03642400740114
448 119.0967401934428 31.99863999950325
449 118.93324022296939 31.86535869555116
450 118.51899707680387 32.13485282374978
451 119.18486106060844 31.65952874625923
452 118.90984848175869 31.89334434877648
453 119.13969850535248 31.95379249205015
454 118.60156046858242 32.390781746070225
455 118.51109266182738 32.162877043656295
456 118.71283773544776 32.116323508857604
457 119.03090572968479 31.738535014453102
458 119.06365624471798 31.960682507136013
459 119.09679325995609 31.91459682275348
460 118.71931779092722 32.348677170388186
461 119.04003435845563 31.96599953721117
462 118.59762811131831 32.2811094232436
463 118.89546499191127 32.14495936682642
464 118.52130685026061 32.276531920655714
465 119.00378645077443 31.57859575152279
466 118.7581801781127 32.33334839976796
467 118.56261736362316 32.35923522818945
468 118.98710335218013 31.719709901313543
469 118.79582069000286 31.64244994266978
470 118.71143213569447 31.861372062698294
471 118.73237325610351 32.03274722875032
472 119.04500182916634 32.03395352931882
473 118.79394874899536 31.971021461459554
474 119.11878998813104 32.320994888513596
475 118.60486138562835 32.02588233104312
476 118.79054635253732 32.342982835264834
477 119.13778132255698 32.065205110099164
478 118.91538610469632 31.75747592632896
479 118.98893854077227 32.38559510143561
480 119.09685529015276 32.388334091853004
481 118.87198892832672 31.951372970374866
482 118.60060214031249 32.21061698099235
483 118.72295173666622 32.12134425616879
484 118.66981727694088 31.754346902578494
485 118.6286007892157 32.076110720070766
486 118.89412813856376 32.12120848461318
487 118.64427681051693 32.08106393835728
488 119.07736795510034 32.03708420192794
489 118.8269702999517 32.07534780389457
490 119.08043828856098 32.16560551883537
491 119.08832038624544 32.202071895268524
492 118.96940828780761 31.67474305509372
493 119.05241460581948 32.34602874386287
494 119.07284898381981 31.988136726461768
495 118.92381375259177 32.166439155334174
496 118.69887949321621 31.905827618622144
497 118.80062725679215 31.673422391019493
498 118.71732153446925 32.1276421669773
499 118.82816413967149 31.909391444989097
500 118.75012684562314 32.01777258963755
501 118.76243301340092 31.79594035963357
502 118.56849338193894 31.7759700994563
503 118.78325543059239 31.8348919342699
504 118.59706406969188 32.31008640208735
505 118.7668318069096 32.34874320225485
506 118.57243410088059 32.3488483339023
507 118.76825298050501 31.94591963595129
508 118.88291973983965 32.22615257180975
509 118.53526463218995 31.748841119864032
510 118.66603095983679 32.18223653367051
511 118.77125366901579 31.934246060822506
512 118.70502665845639 32.24993666749332
513 118.89285990746376 31.76700290395986
514 119.07138591693503 32.24766168845316
515 119.03897480224514 31.687880892010252
516 118.68027774263773 32.298692131022236
517 118.63018448583739 31.950758244142474
518 118.920825553881 31.75281475031973
519 118.78295691840468 31.841578594583222
520 118.55855544606446 32.17618400444406
521 118.64346189037872 31.962332086498204
522 119.17277616040343 31.789152534375575
523 119.13681957028693 31.806823111619835
524 118.73681357418195 32.15243679027226
525 118.52662717212391 32.10655790735123
526 119.02723950870828 31.657296079197028
527 118.67831161692901 32.27235106413215
528 118.51827764977293 31.70014964145888
529 118.67716795801196 31.778573386719188
530 118.5772133286817 31.620797855431665
531 119.12355372452198 32.030651532292325
532 118.63586372792223 32.30771946452213
533 119.01893353859225 32.334399583526206
534 118.61468572564674 31.973653721397476
535 118.56800789358728 31.68538945196357
536 118.78417848348022 31.99756772339729
537 118.9423496601237 31.82905310600498
538 118.89219208030217 31.83801506043808
539 119.04364253097134 31.767649765608496
540 118.77505271752153 32.35221529039524
541 118.95430667554339 31.911428776981758
542 118.54362522452024 31.598078807239894
543 119.02636165805842 31.981311857725554
544 118.9737131394607 32.12059089539797
545 119.07207809793849 32.24119340486617
546 118.55329599669906 32.186831037497946
547 118.82598271346616 32.13671103324732
548 118.96341723908695 31.7996110086701
549 118.47759219161149 31.866992047499465
550 119.12303779325664 31.935151860322843
551 119.07050252076179 31.7342989207103
552 118.85986866806422 31.967137093927334
553 118.74757203790637 31.690158134228305
554 119.00535417408871 31.67632688888098
555 119.12619635384918 32.25371393066018
556 118.87197716824556 31.727133459299274
557 119.13350334649401 31.955958883292013
558 118.57020093185673 32.07710050837575
559 118.72413388524744 32.358357592086634
560 118.98763123603219 31.85928657672768
561 118.76157551454833 31.722983537939673
562 118.85566684355184 32.29564825463754
563 118.95260046067614 31.840819552055375
564 118.9076387202215 31.818085218678522
565 118.82280685605016 31.726654418459024
566 118.62507323885094 31.942043409421405
567 118.77814744216306 31.771564798666482
568 118.63621597439582 31.90714410994184
569 119.0304768875201 31.860089282958317
570 119.06054377214312 32.11779977117113
571 118.63979400599355 31.950978616715933
572 118.92406486264653 32.11113226219075
573 118.99735306813544 31.834797939818227
574 118.79922020910566 31.887874153129932
575 118.5504800814685 32.38539128864357
576 118.95604074301386 31.80111898879754
577 118.56561088543721 32.19741295574367
578 118.96378083929282 32.154907308984185
579 118.57048054644197 32.098206321438006
580 118.95739020618214 31.687314002263733
581 118.68333578228791 31.60266048189338
582 118.75985935379165 32.20845072263068
583 119.16982800091088 31.646763494552214
584 119.17758282579167 31.79441553986517
585 118.87448108003854 32.37022816218291
586 118.96039944486732 32.38560575486859
587 119.0678407307822 32.35007307962201
588 119.01546792586231 32.04838190251297
589 118.58154095517168 31.979162858073725
590 118.78835880851184 31.970800405757252
591 119.09159630805172 31.88523725608447
592 119.03007438929248 32.387864126314504
593 118.6276149770758 32.245931523566604
594 119.08675789971737 32.42222691451816
595 118.93769018481878 31.842823170242184
596 118.70384747320333 32.077046749090144
597 118.53515730930793 32.12244127380155
598 119.0112881486381 31.91686364659996
599 118.82996152161813 32.06297204401808
600 119.17586071436166 31.731995778733893
601 118.66448793265043 31.843994190615515
602 118.56790258794315 31.72311844329399
603 118.6628205441788 32.07589311662776
604 118.80679128289162 31.879212740736023
605 118.53154864087777 31.942733921612618
606 118.73570134192482 31.89830835872616
607 118.65643229669529 31.62907549176275
608 119.16647064812044 32.32110228594395
609 118.63781619672788 32.16221399901207
610 119.10969497319694 31.854180830668106
611 118.55564130051476 32.339549065954664
612 118.88760699677819 32.14710353569124
613 118.93047565674179 32.40105374069545
614 118.8922087297402 31.985941641992778
615 119.15698993740479 31.68315131334454
616 118.80029993044099 31.68790997751946
617 118.93908182357194 32.171991718486886
618 119.11697188843655 32.05828706795719
619 118.66332999599182 31.77156023708698
620 118.8665211868429 32.00754967657565
621 119.19070920922516 32.03108381857726
622 119.04006745715178 32.29255486067192
623 119.0108915169494 31.621322956185853
624 118.80283902187065 31.700744512875158
625 119.10940641201431 31.91338314519166
626 119.07769477380204 31.686292911804202
627 118.7990251924245 32.385989324021935
628 118.88186190595489 31.766135708564086
629 118.97485197608059 32.09212108506385
630 119.02983845297928 31.951224428714816
631 118.82939414126406 32.23220762135482
632 118.75220582340256 31.63397661339134
633 118.62260910287822 31.87076593562329
634 119.03495928269241 31.976480535340933
635 119.02402881321004 31.689920708569773
636 118.62873007391487 32.075906152794126
637 119.11430381177611 32.01441169121536
638 118.60767494636856 32.275937035058554
639 119.0802006808997 31.96447159990482
640 118.61323448707086 31.863320743803538
641 118.94189342062108 31.85488656109626
642 118.8630460178762 31.8173907821283
643 118.60684002766202 32.34004002915458
644 119.03173460511657 32.23764770768735
645 119.00059761505956 31.866166968700835
646 119.11132455610468 31.947185681344457
647 118.82557117884242 31.676263568259504
648 118.87432129242418 32.06614918282192
649 118.97164533554559 32.18795962788679
650 119.10143647436628 31.800945835079197
651 118.76231344809365 31.966127864196626
652 118.98690934330486 32.1375416351828
653 118.9220278488568 31.984184724603793
654 118.64119052551509 32.02900303793257
655 118.98196277567503 31.761294252559512
656 119.07620283848851 32.21919036960427
657 118.83359490405823 31.6867928767131
658 119.17622797392997 31.967409087563293
659 118.86616377212066 31.8315509555057
660 119.13123519219539 31.69352198673372
661 119.00558261941416 32.299721832194976
662 118.78589321239215 31.75804511404869
663 118.71647816236724 31.993071459812697
664 118.78199938988404 32.1010697998206
665 118.7454936692716 31.837518415159817
666 118.51962199909757 31.993630075409868
667 118.53021500324337 32.006973022649916
668 118.78266490392889 31.932830324067954
669 118.61653388521587 31.876680025341795
670 119.07893580408482 31.79997127102781
671 119.16534965627034 32.32096632511021
672 118.71225347144646 31.98013370152224
673 119.01835289538224 32.15027246852267
674 118.74584092515252 32.01645399197814
675 119.10492591570092 31.858957100881344
676 118.81993675901717 32.005973378216495
677 119.13936710698022 32.24392608796131
678 118.99577880284127 32.28357189834363
679 118.58440345636669 32.36099286021832
680 118.604003074319 31.79562796733596
681 118.8265739931059 31.88224123013519
682 118.90811212075192 31.688156569534396
683 118.85264337240896 32.41114365032014
684 119.13547465625761 32.109706005476596
685 118.50537304970825 32.1466701253485
686 118.58410985295566 31.959303224155114
687 118.69117547560757 31.81445003602417
688 119.14322064725923 31.924654186629585
689 118.49824251734482 31.83568097853126
690 118.87529603714296 32.02536240232006
691 118.49257520931388 32.259017377468616
692 118.88843920503076 32.26793882104877
693 118.82937983461143 31.852207571708572
694 118.58651919720931 31.732882483961834
695 118.92727249594999 32.194949969399005
696 118.92867328005288 31.93694718746069
697 118.81789196621922 31.739913940520488
698 119.04383669734142 32.10230796637553
699 118.5495703036093 31.68201224284718
700 118.72091641876148 31.677397063245998
701 118.83798139512317 31.57473146486064
702 118.71647882757148 31.75073909136422
703 118.58542798840216 31.9758585581254
704 118.5776449648931 31.752446856988172
705 119.0382857348265 31.630379387318918
706 118.69417898826411 31.991098829265738
707 118.96568019095791 32.32431098517983
708 119.09636527953504 31.62000782891059
709 118.71449651634914 31.79556503926824
710 118.62544605783174 32.348292203486416
711 118.8964206499996 32.109901228459684
712 119.08704904838727 32.24291085655743
713 118.77594964153907 32.30900763438875
714 119.08082941582794 31.769913514612046
715 119.19903442202887 32.21322458111024
716 118.96787602542055 31.815848298783084
717 119.12551151229422 32.322303774390384
718 118.55607819151466 32.33521604016599
719 118.78228290282782 31.720816108030586
720 119.10397345714841 32.291301314791205
721 119.03479730636451 31.636683121384497
722 118.58083087880541 32.07311137556029
723 118.6692567472038 31.976600040475635
724 118.71914424474782 32.091667062434176
725 118.9481223058996 32.19790212576703
726 119.02722225349727 32.30343463857555
727 118.85326495678089 31.99436668014496
728 118.53142754360724 31.643194489188932
729 119.14105536529723 32.36066361386511
730 119.18075836206056 31.6459200275702
731 118.72754625722914 32.238161655949334
732 119.07411672467657 31.705593263156782
733 118.87428294714647 32.318139198881596
734 118.82527136964961 32.10140043845057
735 119.14247209401283 31.853570291602722
736 118.49461726007989 32.26994266581831
737 118.77778849193119 31.733889494129297
738 118.64158085686107 31.78618876000544
739 118.82173925772757 31.828157689108554
740 118.81509341894964 31.913926838806216
741 118.6359516794226 31.797113303279467
742 118.9123160751995 32.32002048146833
743 118.75152660527716 31.949212278707098
744 119.12191346663317 32.36947528132304
745 119.16607549549548 31.8398033443401
746 118.75393351840489 31.96961717465639
747 119.01831116814645 32.27665565163919
748 118.945776349147 32.39334161033066
749 118.76682231271965 31.971125724723557
750 118.71870436313151 31.98010029390841
751 119.15298577849046 32.361488219218906
752 118.6612074982596 31.932347854540563
753 119.06816072941044 31.95249019166662
754 119.04028540920092 32.39258435657129
755 118.63611848822697 32.00269977619344
756 118.76000555780327 31.687929984865644
757 118.82160709370945 32.36950841482725
758 118.84624075864298 31.948616155320085
759 118.93159742836735 31.89224584627871
760 118.77158033122352 32.306793935504466
761 118.94208369237569 31.606656141351746
762 118.79954563052286 32.36326114633894
763 119.17351754310229 31.659525356399172
764 118.96321343886429 31.639813321973197
765 118.82585795482743 32.32548172644633
766 118.88830913219704 31.960365953356597
767 118.58299470131226 31.727523007364187
768 118.67546443675167 32.38434954735665
769 118.9995532322401 31.842149115261673
770 119.22465683461435 32.349977425480326
771 118.75172570977283 31.990983718544136
772 119.21518774319134 31.90968919440273
773 118.76102301598199 32.05244510005739
774 118.80502449503757 32.32785045751154
775 119.17150776780727 32.3910480974944
776 119.06104808010794 32.13018897763511
777 118.87747838482949 31.905682245405323
778 119.18587213996835 32.270228807315014
779 119.20470438237544 32.33757973278985
780 118.61825580632912 32.00896259440645
781 119.07331411294953 32.19118504087684
782 118.6860961949276 32.33111882374821
783 118.71028350450213 32.166872714533284
784 118.78961000172333 32.10385846507911
785 118.84360428303029 31.8785977330614
786 118.5888763518967 32.092401661977995
787 119.03105104981087 31.772540534069304
788 118.49654205740589 31.71301006953016
789 119.19127196004837 31.794546367156414
790 118.69498783375755 31.930168891372897
791 118.99952600691101 31.870352185309507
792 118.84856295521313 32.15520176354883
793 119.07968250504219 31.910808332159444
794 118.60836006153961 31.967874581514035
795 118.51775569031798 31.816702412564606
796 118.61360173767277 31.699296789548733
797 118.96731910952958 32.17588443837156
798 119.08230856631458 31.78380051364394
799 118.60415345138692 31.971572437873387
800 118.9264648452625 32.09072079488272
801 118.51983823336427 32.132212618027374
802 119.06358545724476 31.95049596149864
803 118.57495268248003 31.802146265804055
804 118.63941040992901 32.30978330931207
805 118.95379916623313 32.14325901192519
806 118.81149003106324 31.7804316276453
807 118.69556317295209 32.23973366476155
808 119.1709926039661 32.03629662648492
809 118.88170741158937 31.954955018556387
810 118.60625327823479 31.70128852218762
811 118.80296111297457 31.77890292869677
812 119.00287616738032 31.68982928060494
813 118.80607982348047 32.125438861984634
814 118.58979175813354 32.179362127623435
815 118.61773923775387 31.970939764800104
816 118.66410636877234 31.643154533340745
817 118.88213815517614 31.711671389483914
818 118.92872415986974 32.33688845603882
819 118.82526967282811 32.31725146956794
820 118.62555069549904 31.923903815725733
821 118.72851775985986 31.702960265191884
822 119.12889149296936 31.97168222494748
823 118.67836410391483 31.937176157710184
824 118.98745376084014 31.606643771304363
825 118.74214510916661 32.18788702488563
826 119.19501929345508 32.0979573192171
827 118.50699766736753 32.031770634638235
828 118.70201506302654 32.244030601230996
829 119.04306958923323 32.284780472469
830 118.53628443601984 31.769784135139314
831 118.76234968815844 31.652677754568998
832 119.16095750039788 31.907261919991953
833 118.98188591349383 32.26874457475561
834 118.58674667829756 32.20818621857182
835 118.55224905026216 31.79614296656105
836 119.17426578266662 32.214923555421166
837 119.1531179263155 32.063368199395455
838 118.60851299794028 31.79463071488408
839 119.11567663692206 32.145522271269044
840 118.99881584013153 31.836948627724617
841 118.7973319041427 31.874896331839974
842 118.65421424331741 31.765982880213357
843 118.6003104359072 32.05133179461367
844 118.6497394533053 31.986097835462637
845 118.81575178639768 32.10311184180661
846 118.52426186961024 31.599089330627173
847 118.9457226737766 31.92809209654089
848 118.93361245184404 31.645406215267425
849 118.90548512334078 31.845923252799157
850 119.09297585286457 31.676412303512684
851 118.56422516368312 32.06835798180959
852 119.1844718830127 32.342456850566805
853 118.82341894822767 32.271230370869475
854 118.83392280386666 32.00519863198934
855 118.61962734194955 31.874916537021946
856 118.96037266664597 31.611343087577914
857 119.13367502241479 32.13375380717023
858 118.5542872392583 31.832320488002516
859 118.71149314163604 31.94167385068557
860 119.05196804918539 32.09344988352308
861 118.51746807414493 31.736148717587902
862 118.90352331017961 32.0380942791815
863 118.64453697476667 31.970063399559944
864 118.87269384378449 31.901885134163784
865 118.61222284351513 32.28007800134901
866 118.7520039509578 32.20065486653136
867 118.73060258847735 31.683283950148127
868 118.77565172180687 32.3146876552612
869 119.17024335530078 31.575816947808043
870 118.58942988105039 31.7846777233123
871 118.67890220752479 31.702837598874396
872 118.98348713385836 31.865351130377505
873 118.75836534089059 31.696647830884277
874 119.1404567429594 31.813323247336644
875 118.73199279459355 31.93649758250739
876 119.15672627369342 31.973017626824557
877 118.59268858959541 31.831245087912812
878 118.82460793327414 31.66041669064247
879 118.86805885163055 32.01975663865082
880 118.94150007251007 32.075774717988715
881 118.78159590142738 32.108418333282735
882 118.87274675221175 31.595397987087292
883 118.64262158045698 31.682841024645512
884 118.66602141868063 32.12890046069954
885 118.5682282211648 31.735850151457598
886 118.87508896282655 31.69652249233338
887 118.83009617454412 31.94744488138503
888 119.19613293252607 31.90345071991919
889 119.05901666146836 32.133733882468846
890 119.00051295697527 31.636372844580762
891 118.72281966931466 31.793303248781992
892 118.67010502702124 31.79475225980854
893 118.97652517382 31.848711233812725
894 118.66804444653425 31.593573819715967
895 118.52263582801501 32.04081480928182
896 118.7162464815655 31.59440009908643
897 118.86668735104863 31.824154274140696
898 118.62310347524117 32.31963840243905
899 118.58117933213039 31.708378074250188
900 119.13608513632067 32.14532118883579
901 118.82378508034552 31.96805630296131
902 118.50570243413685 32.316573771731996
903 118.66350417126779 31.966993350215468
904 118.53711434253924 31.777133562228137
905 118.70393194054577 32.41211254236829
906 118.78531385091881 32.17277021058905
907 118.58712778724909 31.718462313045386
908 119.13902147745168 32.04404440308925
909 118.83280135703392 31.863121949187015
910 119.0990280810565 32.31320586769129
911 119.05901359111148 31.728203056498298
912 118.59102883164674 32.101940474016196
913 118.54118687905519 32.34663159883605
914 118.91077369127201 32.34309430520655
915 118.52880164391507 32.30495066848793
916 119.06877286309043 32.09953084859916
917 118.71061946064961 31.855739932973535
918 119.0378858440303 31.647592764655197
919 118.62802507966775 31.750908807151074
920 118.71586924035482 32.308840768819934
921 118.94361104261411 32.16098130227694
922 118.65095930478225 31.67531256297321
923 118.66458566673045 32.378183705847924
924 118.74713722371706 31.997115904087646
925 118.5480728911205 31.742310078643218
926 118.98494309246783 31.97238863027069
927 118.57848294006422 31.940030910921273
928 118.6740031909069 31.77787958381472
929 118.53379671406022 32.11628511292523
930 118.81872973666094 32.03531607884769
931 118.71250323026177 31.82612825247408
932 118.86450074851244 32.20567558855722
933 118.96086764976856 32.03057888728049
934 118.63956349777303 31.882949066814916
935 118.74227266740563 31.71490397380873
936 118.85830512192354 31.99018009704332
937 118.66788697088295 31.72716250143477
938 119.14118025125856 32.32766212163714
939 118.54686298295609 32.013548280361626
940 118.61539396072699 32.331549429496874
941 118.70246128909506 31.85214989230783
942 118.93939247649386 31.93940603190219
943 118.54283359684867 32.03400348033425
944 119.14206556319861 32.31066602497954
945 119.11747528453812 31.713313441169532
946 118.95836178892671 31.909220394362595
947 118.76086682917011 31.68361256691455
948 118.68831527449792 32.342965369364435
949 118.71385251767151 32.257664325631396
950 119.12149696286204 31.92267849217762
951 118.87919984831139 32.11227256028176
952 119.16483846098863 32.05739601584103
953 118.85869528235638 32.0724509462773
954 118.64508203890944 32.24701797697098
955 118.57652261253929 32.36608107387472
956 118.96591935328605 31.648989249699948
957 118.72111206355154 32.044181551710615
958 118.96167393212139 32.32712222579137
959 119.17413840419813 31.91701244247643
960 118.51743168251195 31.779290089274433
961 118.5824473771106 31.67270668739222
962 118.71145830774816 32.11936764114273
963 118.71043251799563 31.734280360187118
964 118.77074948047704 31.891122647656626
965 118.80115451781651 31.899759444651743
966 118.7767089882479 32.09790710670427
967 118.55506155258122 32.385673648988366
968 118.73118942807548 32.39285396199725
969 118.60657991615444 31.849812101955923
970 118.6154008680796 31.813721517922005
971 118.91979393270941 32.18391609008034
972 118.528059209283 32.15008621134455
973 118.69150087762797 31.828107733599804
974 118.93307352440925 32.36228748173287
975 118.70137243823058 32.24345038597812
976 118.85607867554423 31.749310880921232
977 118.82962299501042 31.986002061861697
978 118.9290865710088 31.65762205533708
979 119.07655314551835 32.03504094016121
980 118.68754444827638 32.04312774210098
981 119.13401658609686 31.777298187362607
982 118.97288359772261 31.66407161207035
983 118.79032264500445 31.71659520934753
984 119.08898706420457 32.02731813604661
985 118.78037917933499 31.63935320035183
986 118.99482868836387 31.753518521334694
987 119.11731587435236 31.731728614396722
988 118.69779915915893 31.923850484051314
989 118.83618099082562 32.017719449738784
990 118.77261805403022 31.875507559673757
991 118.56135654276859 32.0964749594909
992 118.57085781096386 32.336651180082036
993 118.56808125649184 31.80068492205228
994 119.12878911867382 32.38793545024536
995 119.11998825584092 31.8762255696895
996 118.73964508975006 32.08932899425864
997 119.08347664064274 31.890447162928893
998 119.1631272588054 32.16062274826127
999 119.028102150699 32.28890508510884
1000 118.66919377558641 32.24078525917927
