1 118.94606372183598 31.944841130277766
2 118.8953194883054 31.6133834104703
3 118.61802595688245 32.03928370534855
4 119.07129940102571 31.97478975527516
5 119.16912873174162 31.947113382350864
6 118.95060851986612 31.86323489301779
7 118.90267762374842 31.751709503288673
8 118.59974032277303 32.07248343058792
9 118.69122465480027 31.829166103793565
10 118.76141381880541 31.805942154340876
11 118.62588175489607 32.099798373187184
12 119.19883464728788 32.02030552611553
13 119.13764798429229 31.71961868644176
14 118.76179296934696 31.98903908452933
15 118.60564815923792 31.737815073628433
16 118.78092177963002 32.2299682043599
17 118.62488184276044 32.299429352699775
18 118.87426350117026 31.987685125237476
19 118.64391958060176 32.28689066265298
20 118.55497209297387 31.661201938684084
21 118.9352661251167 31.992931527152837
22 118.7535196813835 31.657688072433963
23 118.9832907132994 31.949469965619635
24 118.86847121361225 31.67322268532948
25 118.95032111664962 31.69478744243635
26 118.721686027901 32.08956233903949
27 118.90136352210536 31.7730454335901
28 118.82877857089814 31.674481422667778
29 118.91613007940843 31.776534445680475
30 118.52084041881912 31.876207141175723
31 119.18052883488576 31.969778949610678
32 118.67355872656486 31.7611199459588
33 118.56109581053057 32.0948289299393
34 118.69995639809041 32.00585770099039
35 118.9913568807527 32.01331454745093
36 119.1514069715048 31.906366734835856
37 119.09289991717976 32.225049440869284
38 118.7134302329419 32.06754561684246
39 119.09932445212843 31.71878977229865
40 118.5498193671175 32.15560961525462
41 118.55370945632548 32.36917745378935
42 118.63625895986046 32.0009360585064
43 119.05612422221466 32.3030662295769
44 119.01080737907007 31.86723532716867
45 118.57577632103524 32.04696648682418
46 118.99490650525804 31.9471459278029
47 119.03476233577679 31.943920461571494
48 118.60333387646662 32.23463567432847
49 118.95994532467765 32.01534785535655
50 118.78989750017085 32.360685027309785
51 118.54394291598923 32.03557576608256
52 118.85960132406264 31.674345650594752
53 118.83847120236706 31.89384114417065
54 119.11299136175232 32.27041820007393
55 118.92770352524096 31.930182535844185
56 119.11015817371944 31.62168067479076
57 118.84083779951686 31.811612827205728
58 119.0108599054912 31.64411298698964
59 119.16631805743985 32.37512087931998
60 118.50475986991657 32.37964365722594
61 118.79327270707938 32.22814920591648
62 118.81107617713226 32.09363731311764
63 119.0517366898895 32.22078658919435
64 118.50864083422891 31.730654404100758
65 118.89212247944701 31.825286997293578
66 118.68128584667932 32.00150433898971
67 118.81631421809023 31.88502695207299
68 118.97824797140187 31.64672727469492
69 118.93827685007616 32.373871971546954
70 118.66158359560235 31.97455889633226
71 118.64078712235963 32.01687674702038
72 119.08894079328428 31.86723357074272
73 118.84446497193125 31.81408341149313
74 119.17281454516771 31.89967041473989
75 118.94894239689492 32.27320101601591
76 118.66030574237095 32.21743869285006
77 118.61455389607234 31.88064828281112
78 118.72371094066335 31.60404874007269
79 119.02202535227403 32.23694542005701
80 118.82444841283169 31.790772713814157
81 118.90171288275391 32.0637373677467
82 118.92556249429681 31.609517712699205
83 118.63952745093769 32.12392946633611
84 118.72438226382069 31.920226407676328
85 118.70394922645805 31.987256552294077
86 119.14366270733954 31.930883891820905
87 118.52005230663796 31.872852687047548
88 119.17503597077473 32.03139369760731
89 118.62216920376423 32.38183894459056
90 118.8638821454024 31.700065948666467
91 118.7002053953848 31.869553672515888
92 118.702311932687 31.630440892047222
93 119.0410348259679 32.19288381564829
94 118.99485354159414 32.130312913564424
95 119.03626211042956 31.769431002827357
96 118.62795837729311 31.92059988457008
97 118.6441364757528 32.13398446863639
98 119.02581218397616 32.13185957199169
99 118.58589946742333 31.744654838778768
100 119.10112680258388 32.30594408814043
101 119.12996104049925 32.22880915211155
102 118.84319991314075 31.68625349226509
103 118.98373576513495 32.29986675597091
104 118.7308730297725 32.19612231233254
105 118.96382866057583 32.24744146068738
106 118.5311439705416 32.02780635494234
107 118.67127779237286 31.78010791597305
108 118.80044612065545 32.346428687498864
109 118.86906633049058 32.07260218736202
110 119.19517973116749 31.869931153910905
111 119.20936671509237 31.830393175632672
112 118.59378665182989 32.30995924324465
113 118.69771152668865 31.953593675054144
114 118.55425391605952 32.03500738465877
115 118.72840592284483 32.09945239346365
116 119.14491788176596 32.277482685054785
117 118.90456152072967 32.088879456359166
118 118.53625203867294 31.74653285476193
119 118.87136684107406 32.07801842915774
120 119.16520995631289 31.997503084697158
121 119.18699350221362 32.051599461466
122 119.1419178563165 32.16245677217336
123 119.03768242897065 31.79338413147707
124 118.66535868774305 31.756418497554858
125 119.12520880461369 31.697079415529316
126 118.7219493393481 31.833234218518818
127 119.1243960373449 31.59990310218258
128 118.52582073070025 32.082935312062716
129 118.5366190377382 31.84068589399291
130 119.07131074786409 31.749092865340277
131 118.55326857894838 31.6728390066696
132 118.80065542553962 31.815636581590518
133 118.73765533803201 31.76736533693446
134 118.67663183013656 31.83574944810162
135 118.74941021100919 31.9590418104543
136 118.84555276980585 32.03479557893164
137 119.11315884248548 32.2642465073642
138 118.93945441848106 32.39172177296012
139 119.12898039111631 31.641728793016892
140 119.10273093505832 31.798732111759605
141 118.58927322096471 32.105583781701135
142 118.77286937189672 31.750757360089967
143 118.8564503955329 32.29471195454586
144 118.6809925981352 31.769106375301863
145 118.88989728279232 32.175443313441214
146 119.18305844624608 32.10866507654629
147 118.64478911626216 32.22523839542911
148 119.05739281116745 31.640411823426632
149 119.20481970772758 31.778488297790226
150 118.68053382527317 32.16136235860005
151 119.11436329788123 31.68332954746852
152 118.61519829975931 31.62369906556537
153 119.15873713913635 31.8858888420051
154 118.69379528153013 32.07765547782271
155 118.69217872379107 31.61990147043901
156 119.13433123989192 31.665228256762735
157 118.68922582509072 31.63286600027512
158 118.64027257941574 31.926018249473756
159 118.72612730782522 32.14555629374485
160 118.9857642556685 31.771225346221765
161 118.50701242521632 32.28649432681577
162 118.61396505618353 31.95650561794391
163 118.58462326183962 32.094089011008315
164 118.85656580002426 31.82624162461082
165 118.53165002740273 32.10348700707872
166 119.14632469076976 32.38516249079636
167 118.83096504820487 31.96503667244401
168 118.91876588502004 31.778058723250197
169 118.66022011545087 31.94080103868484
170 118.98497660248873 31.950887711389242
171 118.50254200119426 32.02242892759666
172 118.55369620846166 32.0030912386147
173 119.13513395394497 31.622953134001
174 118.6259893040303 31.722088367564865
175 118.83860363722893 31.95165560757589
176 118.88003976662256 32.17206992607615
177 118.62290722186582 32.22571740671041
178 118.9102326838426 32.208799505863155
179 118.68534471312958 32.020535794615334
180 118.95944388745399 32.36647506084661
181 118.69094015669195 31.846916853286437
182 118.79328229213691 31.97491208260101
183 118.8379918453489 32.2201229929311
184 118.5153942299456 32.26888091199936
185 118.58369545639023 31.91347726089255
186 118.53931274500668 32.29049974050502
187 118.79557216677804 31.977921191174474
188 118.87814124226716 32.17652873970136
189 119.18849475373173 31.60747586817077
190 118.74776847128595 31.60618122238585
191 118.62727565102226 32.3349598059899
192 119.17240983316603 31.69688094629308
193 118.87689768991947 32.14665897160546
194 119.15971157743489 31.827490434281206
195 118.74440256162119 31.762595825594275
196 118.55625193119666 31.901064385572873
197 118.83285497710739 32.342929749121076
198 119.20216114059848 32.058222363669564
199 118.5478694960297 32.33236230740875
200 118.84056102193551 32.1610073205079
201 119.08445980556809 31.982974497966847
202 118.64920636166478 31.988740763284255
203 119.05502943380435 31.784172791749285
204 118.53803673900111 31.606813191748866
205 118.72253057258285 31.926951905702158
206 118.62851065525929 32.03498396346552
207 119.16990272737728 32.30109065301313
208 118.93328780028645 32.12903706260687
209 118.70219910482811 32.26840172788156
210 119.14868992972652 32.33001532698628
211 118.89548856019033 32.35213382839047
212 118.7600070312954 32.248681752873026
213 118.98888325593514 31.703476940344125
214 118.956592245323 31.882379522682527
215 119.1850567316268 31.74545278759061
216 118.52839596851486 32.29939477299833
217 119.1047007858241 32.23089166128474
218 118.96833087609568 31.88350346411433
219 118.60682332392635 32.0413366114252
220 118.76873976877638 32.25071048583281
221 118.5210723977703 32.28800322627406
222 119.09822291741449 31.761227335117173
223 118.57509609379046 32.189177551084676
224 118.6424307085906 32.244085083130265
225 118.99007493041083 31.649921911357833
226 119.03171230059785 31.68873627502968
227 118.6869592722088 31.938610794944708
228 118.6137678534668 31.77222302437796
229 118.5108101345906 32.30457324181384
230 118.54424631083863 32.17472912652318
231 119.11376736957673 32.16887497770126
232 118.64362723290188 32.22395479926998
233 118.7864992875665 31.86084287284386
234 119.04663071036231 31.79043423362131
235 119.17868746175654 32.086769607896656
236 119.11918917830894 31.92001308928431
237 119.1226846888217 32.33029465032946
238 119.06927442392924 32.131529729181466
239 118.7376479016263 31.900566688593198
240 118.95457548148897 32.270710556198026
241 119.01268895629258 31.914435755546453
242 118.79954633329221 31.735620351621318
243 118.93414869964293 32.21738409575974
244 119.1746967090008 31.9864765242962
245 118.71940248601074 31.806543483731534
246 119.14470495075942 32.16039966571879
247 119.2010372631565 32.38906594942246
248 118.90265566480589 31.796184788017
249 119.13788725083218 32.228464094074425
250 119.00732121698961 32.2158826847329
251 118.99650156236872 31.680344122931075
252 118.58003346907913 32.26642295615898
253 119.0196952417054 31.977007067071856
254 118.61707601198377 31.69229963664459
255 119.03040846448937 32.034155276721705
256 118.52677804712103 31.86242031677004
257 119.11509900872052 31.727786810591965
258 118.63217325671633 31.663101420578045
259 119.09816338495249 31.748344007397694
260 119.12049851212798 31.94531552108032
261 118.57377079415167 32.110531914559836
262 118.56345347202209 31.674792192847068
263 119.16441454980777 32.16427351304439
264 119.18084346769808 31.675905409406045
265 118.55227349014783 31.744612594806608
266 118.92798091813275 32.185509030972455
267 118.76815060010358 32.295758502660384
268 118.53864900842184 32.37025371412087
269 119.10049177887618 32.13709362019623
270 118.9739825763958 31.97758583258041
271 118.55583547882115 31.684017051323554
272 118.82042971671945 32.04814718200304
273 118.78457103801223 31.728683425413873
274 119.19410906152434 32.009274069741515
275 119.1905453610159 32.09160699975993
276 118.66839838502158 32.27766123157701
277 119.02537347856753 31.851882801281963
278 118.95951346438271 32.383512720043434
279 118.81226569999855 32.371491165652415
280 118.88963216589 32.26975876549083
281 118.77447579948883 32.15761513795774
282 118.5454251894284 32.1814701969439
283 119.03943676261659 32.31789929273972
284 119.05716815241834 32.35322314145622
285 119.15395672338434 32.274506920814204
286 118.85415705373907 32.11521268840465
287 118.5448031961599 31.68609893933364
288 119.16183024952116 32.105561609600166
289 118.67860830955425 31.878399189986325
290 118.58688161796289 31.71202943972887
291 118.5841843379089 32.30566474636433
292 118.92691782101178 32.27252974167271
293 118.76416628821403 31.99963286181702
294 118.97092786004774 31.978431834954705
295 118.54369700468884 31.98836733636862
296 118.5140923461871 31.806650641674764
297 119.17231163240125 31.91394935292001
298 118.56117463101525 31.949321295817356
299 118.7295194872694 31.601477273773842
300 118.50827320091085 32.310741559686356
301 119.13083090399132 31.63797531309606
302 119.10403247649003 31.90649914076827
303 118.89995569490465 31.691940150560402
304 118.59809189385874 31.763582114065084
305 119.06966340009714 32.355198178303105
306 118.54215477801176 31.893647657748474
307 118.8228403280375 32.15696911505858
308 118.71982617927947 31.684517765867483
309 119.19697504551539 31.784532450058936
310 119.1798704900716 32.296131139987914
311 119.0725614565523 32.31198045955535
312 118.81547199291833 31.798296471965653
313 118.85089886161197 32.3623338100111
314 118.89208345462602 32.14265675318267
315 118.89199690449676 32.008432283447036
316 118.61833498271321 31.887796647694802
317 118.66985280203546 31.884376252327133
318 119.00047016926987 32.3611410828895
319 119.09553801731028 32.16640754946501
320 119.16812394700635 32.00999311978187
321 119.02725459673827 31.62681709573676
322 118.90050207016711 31.800617148665324
323 118.56017977509916 32.34706281791175
324 118.55599255346657 32.027513921049334
325 118.6248905829939 31.88645298531219
326 118.98601648124746 31.626188349169574
327 118.70205586411208 31.80330778228092
328 118.78426621120211 31.80491654329469
329 118.61059691137524 31.72986134109192
330 118.65625009385563 31.884380801166223
331 118.77782123519124 31.751228462347818
332 118.95065324546951 31.665024005843286
333 119.2004832213407 31.69353294700393
334 118.60131219005572 31.988649132967016
335 118.71888291931651 31.653261127275172
336 119.18391505145749 32.34386666546788
337 119.11816758247369 31.76388282756921
338 119.17702148147079 31.988922820374942
339 118.86059036670709 31.92602787673636
340 118.65663976439473 31.843018916266367
341 118.65041418553295 31.865596193887544
342 119.06821805334684 31.790506954916466
343 119.16279458968506 31.82003517400275
344 118.93391003306836 31.70110078586032
345 118.97156691802529 32.16549341815292
346 119.13382712219808 32.09473661529585
347 118.68426654548847 31.840579990401544
348 118.91067255484366 32.31282196657136
349 118.89547586916844 31.905823004516332
350 119.14472389189184 32.092110973449664
351 118.7296940464522 32.000476290193035
352 118.59870188681185 31.856863232411744
353 118.58504082322091 32.32152504975254
354 118.68557374831421 32.28466182524491
355 118.55675905734591 32.271594435246065
356 118.73011141673334 32.376882482141355
357 118.88937581812968 31.6158776787271
358 118.79682179982792 31.98776563886815
359 118.93998702844901 32.361982951196374
360 118.85819928071636 31.70543066616581
361 119.02605493907754 31.810725093099805
362 118.8199917541736 32.001234587206454
363 119.04869121046933 32.1142001383558
364 118.81237052037041 31.875035232115156
365 119.01133166842574 31.841423280797095
366 119.0173759383023 32.222491720392874
367 119.09647683948337 31.610025975596717
368 118.61324733786378 32.23886373328045
369 119.01140149664444 31.930396662917065
370 118.48763680652081 32.10617426551642
371 118.77726713849381 32.15926732280233
372 118.90420274001747 31.681646302274327
373 118.51008432084704 32.338591493639534
374 118.53596474216937 32.246218383123505
375 118.64603750925674 31.880773359456683
376 118.77109514979149 31.750117987006522
377 118.99583075755858 31.65428276791413
378 118.63878882340428 31.845328335465734
379 118.7844454191126 32.181001943172525
380 119.12760945335012 32.28035459517044
381 118.74533134860822 31.85240338672375
382 119.04088950197236 31.779997684298205
383 118.90755043414265 31.8607738261958
384 118.54101124400384 32.36931190401013
385 119.17719011896881 31.68239588320967
386 118.58195235496416 31.744529161848412
387 118.75320709593299 32.15210392891726
388 119.18926044890817 31.719576135101338
389 118.6794241870281 31.796256282679376
390 119.14657794223582 32.25745771456658
391 118.97018435894412 31.842829770371544
392 118.6258850067795 32.07433535160494
393 118.59965866706777 32.038693909598976
394 119.17480243932414 31.818343836006715
395 118.8210616110731 31.7986434161374
396 119.02551366359515 31.806156548669765
397 118.60440475024778 32.30261061191857
398 118.84700027734728 31.607315327059588
399 118.56811825196797 31.682640453883103
400 118.83404078665035 31.87637843990818
401 118.50080558901246 31.77303211446853
402 118.5207956669538 32.04439880529666
403 119.13307771144441 32.022360476392876
404 119.11023135729381 31.993987378057696
405 119.0327154683071 31.841538558746073
406 118.8507174629812 32.013245661887865
407 118.62826469220364 32.21813194628961
408 119.0012213109061 32.240422189320235
409 118.65700037542337 32.03409455457533
410 118.53562805722886 32.242739441439866
411 118.71638073225336 31.654292557599707
412 118.90227216830067 31.73635535473588
413 118.89986245282068 32.20281856341113
414 119.07836180757482 31.909348743195956
415 118.76974330795204 31.853905988837823
416 118.6081220404021 32.05616408274774
417 118.53446369141396 31.910446631993885
418 118.64342866900482 32.32294606825064
419 119.15923260793669 31.91038928565222
420 118.5131666967591 32.26531681611766
421 118.93551832701931 32.083120423802995
422 118.820849784008 32.327212533199344
423 118.64031745403437 31.986732610175174
424 119.00525615926104 32.37305331480468
425 118.90633382046609 32.054622031237045
426 118.55602590125255 31.626903615945793
427 118.9766629265718 32.177829985096004
428 118.54874941619255 32.30001110680947
429 118.65884227277009 31.66808220764427
430 118.89192882120834 32.36693243280997
431 119.01442376626251 32.057498481738634
432 118.88766889660778 32.20084714533193
433 119.12388914968628 31.767185424891984
434 118.98191140158794 32.34307201517462
435 119.1730489804674 32.12146722578345
436 118.68949651139843 32.04286567082993
437 119.18448993318384 32.37233593410274
438 118.6581018848728 32.05503703842109
439 118.63327839470041 32.0071240424672
440 118.62449381011854 31.642561883133112
441 118.57265927020917 32.04272346990544
442 118.94436500038648 32.196282435720754
443 118.49587993611993 31.896679097433978
444 119.07320731427508 32.143610881470195
445 118.94066439681245 32.04197757890181
446 118.70337168185446 31.771480045986756
447 119.11862725901746 32.03368273516388
448 119.09447511368599 31.988120253129487
449 118.93174662954125 31.864567409261422
450 118.54091108701238 32.13241239820609
451 119.19423111200764 31.661972130682493
452 118.92313228304009 31.885633252477724
453 119.13396813422003 31.952349277865828
454 118.60496248367754 32.3876554912571
455 118.51583281875475 32.16402775896932
456 118.7166362346672 32.0967019667095
457 119.05177062605449 31.72745537017046
458 119.07587585272543 31.950718888680274
459 119.1190582407762 31.892774209821223
460 118.72356329893151 32.3495030541662
461 119.05918459911169 31.955546168926922
462 118.59579423387873 32.27779587138485
463 118.8821980994463 32.13890458208932
464 118.53897224013717 32.28418067273996
465 119.00809964006842 31.59810540019787
466 118.74692467866333 32.35099858716488
467 118.57491872301709 32.36582421674854
468 118.95883118821797 31.717004910434202
469 118.7779121615412 31.642404083858896
470 118.71292492250267 31.864875224686042
471 118.73799153820502 32.05155827031101
472 119.0431206337646 32.01839915715374
473 118.7864242475726 31.95609557154922
474 119.12028840020193 32.32139890774516
475 118.604665868748 32.04726927825894
476 118.78087484965329 32.339094564603805
477 119.12121119624538 32.05171106984686
478 118.91266197472608 31.743607782382405
479 119.00344217823579 32.39027664277963
480 119.08685153954815 32.39095975251403
481 118.86073649299053 31.956753298030442
482 118.6067121622792 32.196709765524616
483 118.71257748337011 32.121360384355164
484 118.66434247749362 31.74065513303176
485 118.62417336700067 32.06133074461826
486 118.91892611171465 32.10891872997153
487 118.64433312647589 32.07000666799609
488 119.08092353918148 32.02810141829496
489 118.8136974808704 32.07263053636929
490 119.06733531863637 32.169191751558344
491 119.08832294577545 32.2210749329757
492 118.98741102561988 31.684635936041122
493 119.05654049102486 32.32704545144127
494 119.06530193688467 31.978829550475687
495 118.91738242227359 32.15329609764742
496 118.71805656170596 31.907284522320634
497 118.79414973176488 31.65383507381439
498 118.71627623565375 32.12857733076075
499 118.82722584797246 31.89308744228681
500 118.76568459612237 32.03305780334584
501 118.7386612601075 31.804110429448365
502 118.56687138101672 31.7620280023836
503 118.78980254923097 31.81564970122326
504 118.58154792349211 32.30105339798945
505 118.7530391195261 32.34813290038729
506 118.57994171966804 32.36905266136238
507 118.75506345896932 31.945629843609776
508 118.88627605260291 32.23994750359346
509 118.54273127928985 31.738526018665294
510 118.6623287925785 32.19221594167669
511 118.78913077133878 31.943794999045867
512 118.6854769597271 32.27118905559228
513 118.88879717362892 31.758447466136985
514 119.08207924825327 32.24932161791955
515 119.04866880299546 31.66352911595199
516 118.66966894069157 32.28722808746321
517 118.63854876098172 31.93656011856326
518 118.89280603011657 31.71561466427276
519 118.76972916958115 31.829084977512853
520 118.5265063224303 32.17263929208448
521 118.64884446604833 31.954161308545046
522 119.17332684656752 31.78994901263117
523 119.16099387886166 31.802828682790263
524 118.75854799821614 32.14661265675787
525 118.52563160478724 32.11900184331569
526 119.05296191824867 31.65205761809506
527 118.68224372776892 32.25975468138166
528 118.51926834937456 31.70187878134962
529 118.68128935827782 31.787273890327192
530 118.59581990856618 31.6183902004155
531 119.12320784367215 32.02816663563209
532 118.63428092740591 32.28316725841652
533 119.02546761705067 32.341197601438935
534 118.60348372646705 31.96067497319562
535 118.55304563001334 31.689919689638607
536 118.77374081166217 31.992141796783105
537 118.93293029410886 31.821088732107484
538 118.87861744317568 31.848079728148463
539 119.07082585603537 31.779019825805012
540 118.79060270422916 32.354904772973434
541 118.92663239171517 31.925119390858963
542 118.5375045477963 31.596042506689844
543 119.02047608286492 32.002903377014206
544 118.98112304965417 32.152231183060955
545 119.06538122882115 32.25206133454595
546 118.57005000399559 32.199824843136476
547 118.81154961252642 32.162325063950355
548 118.9666930375469 31.767863682126805
549 118.49238256713221 31.86693449327567
550 119.10861040064545 31.956587001956724
551 119.07012832935473 31.72360334717922
552 118.86434141036769 31.948074359620225
553 118.74051252143424 31.68471308153215
554 119.00488845264634 31.667703835269645
555 119.12356661598085 32.26252173016554
556 118.85401035451403 31.7257865213578
557 119.12263159869238 31.962720259112746
558 118.60001311453657 32.09081316187945
559 118.72791379966107 32.3568227826603
560 118.98946805979166 31.84164430893271
561 118.75939802435661 31.75993027169951
562 118.86181573442427 32.30110628315429
563 118.96285077635174 31.836852235202503
564 118.91002532225146 31.820287821248197
565 118.8188360570239 31.718272139388883
566 118.61388527789472 31.963554998337308
567 118.77629083607002 31.773737887083016
568 118.65833016680666 31.897354996558594
569 119.04381544822061 31.8597126217384
570 119.05873500360141 32.10041413644455
571 118.6485983927963 31.956571327168515
572 118.91313615247074 32.12618148943174
573 118.99002794685524 31.84022640850693
574 118.82226760582112 31.883699327738853
575 118.5425689985447 32.384762796902365
576 118.98255065138048 31.784523734943246
577 118.54667490212007 32.20762596728404
578 118.96991758300776 32.1590537038642
579 118.57560387356236 32.10008621304618
580 118.93560298824531 31.69473559946042
581 118.69225911456186 31.581127535783377
582 118.76371344627613 32.194390432172206
583 119.1899089888768 31.6564832806327
584 119.15987226255639 31.79862637294256
585 118.89964428144417 32.38725963928082
586 118.95572350236884 32.374737848547845
587 119.075220564803 32.34988031536297
588 119.00887133577427 32.04841993607311
589 118.5902046133473 31.967895834623064
590 118.79265881694072 31.961268245819454
591 119.08190258336808 31.868834726017553
592 119.01249718497067 32.383534146903536
593 118.6314480983767 32.24210121234734
594 119.10483037982202 32.410572096131276
595 118.93315397881227 31.84287521720301
596 118.70655843654272 32.0667154048117
597 118.53111712332286 32.13475823528722
598 119.03407084341701 31.910103407356836
599 118.80330646792792 32.06686709206919
600 119.18125770210635 31.73880688597232
601 118.67619655270956 31.84886398951152
602 118.55279994694078 31.716738159353046
603 118.6591644423427 32.1011569943449
604 118.78980369239486 31.871154812367
605 118.52175696760801 31.935004076970706
606 118.74403788643292 31.894951806941215
607 118.66777297681246 31.656258764000448
608 119.17662380961141 32.32406426220665
609 118.62916317170303 32.175530441409975
610 119.10683728347213 31.855720619446693
611 118.59328740375645 32.30480634042507
612 118.89963666827117 32.15549290860711
613 118.95438600483719 32.377833557259024
614 118.8853673465505 31.993045970551062
615 119.17186413263403 31.698008277403
616 118.80824298145535 31.690842465457354
617 118.94478670133802 32.19637355171797
618 119.10892384202447 32.058088651799316
619 118.6688051233208 31.77292309951191
620 118.86142617273914 32.02163778206436
621 119.17990841323332 32.0209121736741
622 119.03748363234806 32.29915658229783
623 119.00382194858788 31.636830019204222
624 118.77807591624592 31.68777669646979
625 119.11302619339672 31.947493635523713
626 119.07248108969844 31.705313460318266
627 118.80573072340765 32.38320585147521
628 118.89778862311842 31.763157990660243
629 118.96864383813067 32.09607963354043
630 119.03974764782627 31.948897140397076
631 118.81866896094935 32.2299018129616
632 118.74339459283891 31.629174614136847
633 118.60298454192014 31.8539429534209
634 119.01951464433347 31.98581499781507
635 119.03261644418528 31.694705958319844
636 118.6199559623596 32.09068918374317
637 119.11165934917415 32.0159108967898
638 118.60869666349043 32.26258992904026
639 119.07892771345497 31.961076594046666
640 118.60381297861232 31.849520866444472
641 118.94511001422903 31.83891285748883
642 118.87133758081714 31.799732069018486
643 118.6027567234465 32.350773777113346
644 119.014290207269 32.238325048174104
645 119.02380954546082 31.877686354570805
646 119.11924368393198 31.94615992407197
647 118.8382639900607 31.676033448341123
648 118.89084777221213 32.08033733595377
649 118.9491962064076 32.18429687395495
650 119.11701087007113 31.79352035920205
651 118.78965366535496 31.969603224652
652 118.96975244991965 32.13569940084871
653 118.91521905016634 31.96735860107821
654 118.6322943594092 32.028021125467006
655 118.98408430026154 31.746011273626458
656 119.09059760502257 32.228616177981664
657 118.81843594535738 31.685900591046792
658 119.17398673489296 31.982305888548566
659 118.88768369315756 31.854159794198964
660 119.118776221403 31.683166142801678
661 119.0254450592454 32.29215639277653
662 118.77877688110212 31.74580896914256
663 118.72523651929208 31.974386176172555
664 118.76020898096142 32.093794906939486
665 118.74196523622675 31.82657211070045
666 118.53095423668657 31.993303524014326
667 118.51303842025017 32.01338187801184
668 118.78701902164553 31.940576093880782
669 118.63750672973401 31.886006051840624
670 119.09736863242205 31.786779806913017
671 119.18212776871266 32.340037797775025
672 118.70965950555312 31.99312743304877
673 119.02524861038593 32.158066232921705
674 118.75553117142815 32.020011497552154
675 119.10596228814335 31.84465785253119
676 118.82500910168197 31.995200450791472
677 119.15178896839393 32.25906743519284
678 118.97694745687113 32.2905936043481
679 118.58378913568389 32.33921221521827
680 118.59470940842425 31.773517035162456
681 118.80441378835252 31.86859545950467
682 118.9163190833536 31.690790240806066
683 118.8628378676054 32.40020972122682
684 119.11733488562056 32.11417825207005
685 118.51370142865805 32.17009317137198
686 118.57777423573123 31.958479753368604
687 118.70987394557217 31.809671819972788
688 119.09716272766944 31.925702618865422
689 118.49640723349056 31.841668123027222
690 118.88877498933915 32.01846625628653
691 118.50189671365025 32.24209026816664
692 118.88341146035899 32.25850494534648
693 118.83434295491584 31.845557774786784
694 118.58066530858446 31.736088541195972
695 118.91946407490092 32.19699560537113
696 118.9294489825059 31.930039410684945
697 118.81591960432804 31.74665036358581
698 119.04870253007353 32.11732413477046
699 118.55639736639048 31.68939603502991
700 118.73104282487171 31.683223194745207
701 118.84684179980368 31.605511205525822
702 118.7227190810588 31.747430360486483
703 118.58819255956412 31.974800407377785
704 118.57520865777116 31.736713333781047
705 119.04351962008904 31.642014374172973
706 118.67342056933768 31.997054607912126
707 118.95633081571975 32.320242283449865
708 119.10318266662571 31.59470263921722
709 118.70532080113648 31.7891220532928
710 118.62697988675215 32.33730483007052
711 118.90044999296765 32.11730502017917
712 119.07940238003485 32.258448593765316
713 118.763969316619 32.318601027550955
714 119.08457891542974 31.785300831703278
715 119.2004515847903 32.204561866478485
716 118.96829807778329 31.81530190050907
717 119.12426382306936 32.33975489880201
718 118.56279228483322 32.362852427978815
719 118.78110933543873 31.72979263448429
720 119.11770528443981 32.27005079445397
721 119.0136595507733 31.65999686701187
722 118.5734987881449 32.081788966549055
723 118.670226333348 31.98440807720002
724 118.72162645166381 32.06308499577556
725 118.95793971626553 32.201212426304295
726 119.01668822785545 32.30724897598969
727 118.84142171964015 31.98955467665359
728 118.52143485723845 31.64852059702062
729 119.13553789754386 32.34027250207782
730 119.15524703280283 31.646923514769426
731 118.73289886167905 32.23687880336935
732 119.06141577575812 31.710811654030188
733 118.8666842722895 32.331495188733676
734 118.82984395550852 32.0941075757663
735 119.1589610935792 31.850876515626958
736 118.50381483521242 32.28342797277533
737 118.79648035227086 31.731763698175907
738 118.6540380607153 31.77832672676037
739 118.82772127810321 31.846578952347357
740 118.81106774650233 31.92676521008754
741 118.62315771795136 31.78395270738197
742 118.90064648283577 32.325342680292685
743 118.77025688325935 31.96449812363372
744 119.14016831190148 32.35938951146029
745 119.14573513301897 31.819997028585085
746 118.77371052851173 31.968502996486492
747 119.03416364148767 32.256243975500944
748 118.93868354735714 32.39668201455912
749 118.76442968305687 31.969284792050658
750 118.68430845665877 31.988448572207606
751 119.14713240400698 32.36410738502688
752 118.65118295316643 31.944102426252787
753 119.03863110202985 31.947574033263187
754 119.03703608089629 32.38123902560321
755 118.634364869164 31.99799073195317
756 118.75899606565538 31.69295387161433
757 118.79380531181494 32.360380339046614
758 118.85096648541717 31.99584318148117
759 118.92050399759977 31.88600117208059
760 118.75570554250857 32.326450072667036
761 118.92477788351538 31.61039716123609
762 118.80808739032842 32.35605025981497
763 119.16640943145066 31.672312478426733
764 118.96409034578606 31.658348601118885
765 118.8750133188776 32.333725122904596
766 118.90648542397176 31.96785660201426
767 118.58198634085663 31.730954705493957
768 118.69354596478132 32.38939881029754
769 118.98514040465365 31.85834525236423
770 119.20707081049152 32.34355511997252
771 118.71887870879655 31.971585553897942
772 119.20386505565632 31.91281477366593
773 118.74711959086751 32.05175620232975
774 118.81309064128331 32.32977380944611
775 119.18118026248364 32.38307556188847
776 119.07092267256616 32.14029422044301
777 118.87685166610797 31.905126263701344
778 119.18003012778081 32.261457692657714
779 119.20186661017169 32.33538548913372
780 118.60692348046751 32.051336054250875
781 119.03917905087673 32.172761960243804
782 118.69208550523352 32.30056942586616
783 118.71493869849196 32.147836394087534
784 118.80412066309697 32.10264312955228
785 118.82946058204679 31.90434545695181
786 118.59538350326613 32.07878542345499
787 119.0215564153509 31.777208843051117
788 118.51061399231197 31.714503327264726
789 119.18260906359806 31.80592603028059
790 118.67947062745911 31.954613811947635
791 118.99406466321716 31.874153993101363
792 118.87094751358632 32.16985247188737
793 119.0936920758535 31.908063459916693
794 118.63804429458507 31.97582135199014
795 118.52724793062484 31.821564614840632
796 118.62469079527665 31.655015731300388
797 118.97235002614231 32.16995857855271
798 119.06794097393181 31.77508959759201
799 118.60347416447001 31.98113396277623
800 118.90983388664854 32.08471259222833
801 118.52079229752862 32.141767127426576
802 119.07293450799447 31.942662306654416
803 118.56819959800032 31.813886078798266
804 118.62319820120186 32.31281930033865
805 118.94860728426801 32.12187249739222
806 118.82727111979536 31.80594461382995
807 118.70217519806357 32.22429580418892
808 119.16380149767132 32.031954895795806
809 118.87320195163772 31.9446505703827
810 118.61911045342451 31.692612693204143
811 118.79230690431774 31.782236730894056
812 119.00567600946486 31.698152448970834
813 118.82943619838346 32.137568976524406
814 118.57657992441933 32.17977824656683
815 118.60825661339227 31.968220325944745
816 118.67587375013534 31.64547813859369
817 118.87462929756207 31.73636767486481
818 118.94444525288405 32.34479441798917
819 118.83855899203357 32.308213252972884
820 118.6482121430161 31.9082265994379
821 118.74773037380734 31.701190353963785
822 119.12296305651759 31.954628498948978
823 118.67400859961285 31.937058913069727
824 118.96663969484672 31.613231004181625
825 118.76567078079098 32.17647402535609
826 119.19433871614581 32.12680031988544
827 118.49435752112075 32.04537586079983
828 118.70370538271014 32.236799589356785
829 119.04213834709468 32.26077813108249
830 118.52547375993716 31.7618887790562
831 118.7706146025463 31.663301867054876
832 119.17061859055876 31.898409133124975
833 118.97566005915822 32.289500530811694
834 118.58536792614532 32.21356869124814
835 118.56606288761134 31.79692454853833
836 119.1667572749326 32.21406917980232
837 119.13452326089724 32.055449576755166
838 118.63617354084994 31.819284461913327
839 119.11625319752956 32.167426152565916
840 119.01843577037103 31.839557847748214
841 118.77976952838802 31.860187373704218
842 118.66559191249344 31.77351222021355
843 118.59707908568652 32.053754260352996
844 118.65011968454553 31.967823492279777
845 118.84456460454011 32.088788927491294
846 118.53223588960859 31.62797121960492
847 118.93732536427348 31.93032415578397
848 118.92029589643364 31.63247027849638
849 118.94523160545481 31.86242271968736
850 119.07695917890425 31.674670448116316
851 118.5443289149404 32.03161904698277
852 119.18355791805028 32.34115193054151
853 118.82519158091453 32.28282560300584
854 118.84279089042218 31.99492921417879
855 118.60349648837698 31.88456579900151
856 118.96327752774955 31.624067725337053
857 119.12048302256697 32.124636729883456
858 118.5577790500409 31.832880275433595
859 118.71707193600527 31.931559527869503
860 119.0493973380684 32.09947824145461
861 118.52028993807738 31.741631753815795
862 118.90694092613475 32.03160073778584
863 118.66780644648142 31.977428080609933
864 118.86546988990612 31.909444134822177
865 118.60619733386508 32.27595098749799
866 118.7497220933379 32.19858338305393
867 118.74363464130602 31.710619440991746
868 118.77028726464033 32.32040511370275
869 119.16539869209609 31.595372253012254
870 118.59258979456011 31.791661187308026
871 118.67580469719347 31.711042830596238
872 118.97366101998479 31.869738157432188
873 118.74845381697979 31.692489301144647
874 119.14998799133505 31.8311303513679
875 118.7507469333881 31.9060846580389
876 119.16550934251255 31.981120532368184
877 118.6106073786671 31.82653511061348
878 118.81925528355394 31.652323994259454
879 118.86647633799903 32.006119321629974
880 118.90639179089433 32.086020050186065
881 118.77380343483684 32.11223127249975
882 118.86035528019183 31.611460023534377
883 118.66748180549088 31.687556935579433
884 118.66788027100242 32.13313915516899
885 118.57041270609135 31.71143452796559
886 118.87252530780505 31.677136373629143
887 118.84623770045572 31.95543015190848
888 119.19912425165326 31.903378092039848
889 119.0524393261238 32.13484565116554
890 118.98838091827005 31.621506834293495
891 118.70675253547338 31.79850897749959
892 118.67293554693052 31.815911715683306
893 118.98669870775346 31.869933888785326
894 118.6444268640989 31.60280827001427
895 118.53992614325358 32.03800800556386
896 118.7115323419099 31.599379501495495
897 118.8790320237465 31.85254465999199
898 118.63018408682159 32.329214845037036
899 118.57951094801419 31.72959921306138
900 119.12398465275237 32.12569917563042
901 118.84380719733934 31.987425178730224
902 118.50929197100976 32.33442542571548
903 118.66586672919772 31.951028429078743
904 118.54334585048719 31.744666649803097
905 118.67523551528882 32.40355309519415
906 118.80068476961492 32.17540300295091
907 118.59021298573877 31.70218267659121
908 119.1359605633696 32.01979011526114
909 118.84834659787398 31.858531929381243
910 119.09618767424345 32.30018626553778
911 119.07357925876492 31.73465466379387
912 118.59138647712234 32.115864605654444
913 118.54716603783821 32.35957918545882
914 118.89487831748326 32.34703428284154
915 118.51403099994683 32.32544230484844
916 119.06003239872909 32.134137173933425
917 118.7191031929835 31.851658158013084
918 119.01011042734946 31.6530216865136
919 118.62926147908385 31.736126193306664
920 118.7188270639644 32.31187763391222
921 118.94139440686217 32.17065136113974
922 118.64881684368235 31.676687979654115
923 118.65488341982908 32.38243815709596
924 118.74708088904185 32.00280130876277
925 118.51480427790874 31.74277933695396
926 118.98370139972117 31.983430678478847
927 118.57861592905655 31.92545843182416
928 118.65466179429666 31.7859034238714
929 118.54822018509778 32.09508991390113
930 118.81517619651838 32.0171614185844
931 118.682568906042 31.80730243126432
932 118.86346632836765 32.22231430901262
933 118.95994891973166 32.03080222373961
934 118.64810125598163 31.874313744175037
935 118.7385950069169 31.728170236373767
936 118.88929643116761 32.00415615849011
937 118.67676379605302 31.71332893573994
938 119.12833115124569 32.317687316844776
939 118.53356711987034 32.01390131078197
940 118.59530653702593 32.34278640825075
941 118.70954403176079 31.86220368266468
942 118.94921826749507 31.951449726404046
943 118.55951499586233 32.024879118478346
944 119.13300979967296 32.311806756598585
945 119.1314115955961 31.699648813041204
946 118.96363826026023 31.912775126775685
947 118.76261340162772 31.669845494858514
948 118.6860797406447 32.346492216256294
949 118.73355680445772 32.26126352166246
950 119.12469610185859 31.918062874611685
951 118.86625922644019 32.12870626767552
952 119.15136299097696 32.047296034271
953 118.83237902645264 32.076794322311585
954 118.65165113591523 32.2545465620393
955 118.575745033502 32.374810997671375
956 118.97859322012305 31.662145460207892
957 118.70225694698006 32.060024970044374
958 118.95071777230012 32.33137590784005
959 119.15518781373734 31.931569772456168
960 118.5184118104763 31.79552934086778
961 118.56510585228469 31.691038775634365
962 118.72879756674777 32.10111031233566
963 118.71809339768242 31.767675909847778
964 118.7772147065035 31.8972461059931
965 118.81623412661177 31.905106884834506
966 118.79361288259396 32.09052397168278
967 118.56145695167471 32.36025012035453
968 118.72387610103655 32.40198064189098
969 118.58797767158667 31.83296920864761
970 118.63105031570974 31.81707208175059
971 118.90707028255113 32.19520672104581
972 118.53182736999219 32.15895972572773
973 118.68620023809382 31.825899268546788
974 118.92379092006367 32.353055697929285
975 118.69323079212262 32.24017151534869
976 118.85027488100522 31.76196433265332
977 118.80947248527974 32.004443088292476
978 118.93370243787251 31.66315248192015
979 119.08824725666776 32.034146770606526
980 118.69776633419113 32.046675923917334
981 119.1381049679697 31.757383653337982
982 118.9590028810463 31.668035213843197
983 118.7865942699733 31.733296821538232
984 119.07274214544205 32.00740738074844
985 118.79715652153833 31.65186945056561
986 118.97171401800374 31.750197317729306
987 119.11973445065153 31.739893885721884
988 118.69982330897923 31.932919730010994
989 118.83119431806776 32.02148041431994
990 118.76898348886745 31.87945362667274
991 118.5783731947728 32.10953546701909
992 118.57432560295335 32.3321560272738
993 118.5660151464231 31.787586485844816
994 119.10520045026138 32.38249964385105
995 119.1265047649848 31.85397272118348
996 118.73803045922178 32.0951263932687
997 119.12135028118085 31.89601433618319
998 119.15926361206522 32.1463032708515
999 119.03670560521307 32.29096906043691
1000 118.65624839268213 32.24065727734643
