1 118.9439981093045 31.950390527835395
2 118.89791435714785 31.61693597140397
3 118.61211714632759 32.03382492149871
4 119.076131008717 31.96253819229968
5 119.18289403845414 31.943881298002875
6 118.95851543858538 31.865172236315125
7 118.90343476599827 31.75722283628677
8 118.60539766296287 32.080546096504065
9 118.68725139531105 31.836503408503866
10 118.76483678134467 31.809227988323546
11 118.63645034393508 32.094170140935034
12 119.19985497236117 32.02713448161716
13 119.14455596090359 31.71294416919512
14 118.75544836613543 32.012767080327535
15 118.60315388888463 31.746809448926978
16 118.7784660846119 32.227598397809714
17 118.61908268579239 32.29451608249652
18 118.87487362733302 31.996309850031665
19 118.64343987390328 32.28757608344251
20 118.54741459720147 31.652757175813445
21 118.92917082874604 32.00283217833176
22 118.7598458530116 31.649081098972456
23 118.97430527916323 31.945373737105957
24 118.86989950433703 31.6716137464342
25 118.94051563775437 31.697464910593702
26 118.7217157198963 32.07452006484241
27 118.89377898677483 31.787547967519355
28 118.83650349120842 31.68005103906184
29 118.91010954543702 31.77243605052275
30 118.51016026380655 31.873130563388713
31 119.17590551414365 31.9586685303229
32 118.67295257673234 31.75950239603298
33 118.55991234001489 32.104940688842156
34 118.70232208093222 31.98613685765141
35 118.98823317765866 32.0124592386353
36 119.1431679563472 31.897067674865905
37 119.09511245113079 32.23851065711438
38 118.71592957166227 32.06274318432111
39 119.09056755621138 31.723156807101567
40 118.54492145790232 32.16199590646026
41 118.55871720391055 32.37293985094347
42 118.62344487365259 32.00903485306632
43 119.0519069224361 32.304656715258695
44 119.01465533741998 31.878209178875856
45 118.58771976621254 32.054394821092686
46 118.99287737855137 31.941841765360024
47 119.03247541372848 31.951189082127478
48 118.60702361402659 32.23361233451053
49 118.95778162300422 32.02875093860299
50 118.77488423065724 32.36754504099358
51 118.54612373302093 32.047074286916164
52 118.86717781009897 31.67538954563829
53 118.83146014030919 31.892686604291978
54 119.10004049951382 32.271285250173364
55 118.90824747259458 31.929142843704366
56 119.09591578292925 31.626170066027314
57 118.82790784506099 31.808993250819427
58 118.99987694223002 31.641377191157837
59 119.17933406998272 32.376318515957536
60 118.5105506474312 32.38318907036631
61 118.80305481335057 32.24535392729609
62 118.8035868086883 32.09117676298462
63 119.0401080405679 32.20437233582726
64 118.51318836478077 31.73713989589769
65 118.8923619306127 31.830872557196685
66 118.68303019325255 32.016259181366785
67 118.83014699084418 31.89128104891679
68 118.99123252683964 31.643589511707514
69 118.93585686597842 32.374665775812694
70 118.65966502213732 31.969428814339732
71 118.64093015007639 32.00694533330006
72 119.08671764342944 31.86713986103929
73 118.84709441419673 31.81565569560712
74 119.17092985644551 31.89837030354643
75 118.9565937201235 32.266338707306545
76 118.66049485650329 32.205180861151995
77 118.60941366075761 31.894728560914686
78 118.72473806889856 31.616633451917508
79 119.0258318706639 32.23966626598475
80 118.82147738405853 31.809198016769397
81 118.89855479999726 32.06863392234795
82 118.91011538220889 31.606510572564346
83 118.6313115396362 32.123764708294765
84 118.73648375034233 31.911508067282814
85 118.70759810322355 31.993211173449932
86 119.14473778103775 31.930843444530428
87 118.52182435758861 31.877464490981875
88 119.17493879905096 32.03737574601032
89 118.59851562757493 32.37827512431169
90 118.87155321790638 31.697590300656344
91 118.69687901210096 31.858993443086312
92 118.71395784133543 31.62415205192727
93 119.0317291685306 32.19879651610199
94 118.9917411423975 32.12476190282646
95 119.04014582921737 31.78264027568206
96 118.62895417125941 31.9206094606722
97 118.64195134923159 32.13189296333106
98 119.02148647131287 32.12921005346488
99 118.58519950283039 31.73804082829955
100 119.11317995041654 32.29757834459334
101 119.13306747605188 32.22517537373425
102 118.8495638829732 31.700263405229308
103 118.98222108234258 32.29977421830559
104 118.72867705079885 32.19617252931298
105 118.94962815874366 32.23545038331208
106 118.5240299899566 32.024968686014894
107 118.67261012652065 31.78122149029558
108 118.80380721664436 32.32559085475659
109 118.8517934589268 32.07882954608487
110 119.18985901643995 31.867190889310624
111 119.20496138594318 31.81557958571888
112 118.58687593805868 32.31436019657879
113 118.6963022952491 31.949886158223745
114 118.55482732989744 32.03742186399562
115 118.73180595382813 32.09665987804484
116 119.16314853383261 32.2649013370201
117 118.90542947368641 32.09146304871736
118 118.5292958923569 31.745643032135963
119 118.86691616059555 32.07190289317064
120 119.16047197928677 31.99904380576449
121 119.188477331952 32.050690794871045
122 119.14439424317838 32.160818416188185
123 119.03545492492424 31.79394810917501
124 118.67149499617034 31.762243412849678
125 119.12157002956714 31.688396288437662
126 118.71971003509461 31.823886275266837
127 119.11455803875923 31.60662988437125
128 118.52349421603517 32.09555475949707
129 118.53842959755238 31.834268580615305
130 119.06244096084231 31.755938543122646
131 118.56588731710124 31.673376282787885
132 118.79462569916983 31.82355966189959
133 118.73764504610777 31.765424310711232
134 118.6831232248279 31.837537334547108
135 118.75543318854305 31.970020027219732
136 118.83508869609983 32.04652345469526
137 119.10251929423194 32.27290189673536
138 118.93519446091089 32.39059810189111
139 119.13817632317782 31.632132130658228
140 119.09258205114514 31.793227262560052
141 118.59692313482363 32.11493080205008
142 118.78683625762537 31.738212315169346
143 118.87477807715523 32.29675801590642
144 118.67723864647407 31.765038106808127
145 118.8875860605731 32.187360781672844
146 119.17797076122619 32.11763350131648
147 118.6467284832782 32.22686581823154
148 119.03990677889502 31.63108534542802
149 119.20084355274244 31.791012288355862
150 118.68089933447057 32.16830316600681
151 119.10317889352818 31.680449456617
152 118.62300656810329 31.62427844581376
153 119.15221949507392 31.884979128518793
154 118.71024859702096 32.07965192980698
155 118.68866987973466 31.636558317619933
156 119.13442137817285 31.651994594190167
157 118.69710046122017 31.63621184912863
158 118.6548989197758 31.93015590996052
159 118.71650355760093 32.14265770694822
160 118.97479660551295 31.76476057524074
161 118.51224721886042 32.29033710127715
162 118.61137302724084 31.953486416001468
163 118.58092610052422 32.10207862428205
164 118.86280873416061 31.834871978057286
165 118.53099173148811 32.091897356622155
166 119.14683725230914 32.37687282990272
167 118.83163074933398 31.959136946936425
168 118.92790206386994 31.779647281544552
169 118.65355657179663 31.939903388424135
170 118.98262395496631 31.951457891409575
171 118.51708720889455 32.01890819256482
172 118.56754222258014 32.01593305627383
173 119.12551510907495 31.627140581812835
174 118.63952228719035 31.72505989619655
175 118.8396130955815 31.957385634375726
176 118.87167418297085 32.174122179193
177 118.6248498540488 32.235128694374936
178 118.9026805019432 32.213408691654635
179 118.68820720442574 32.01775051998562
180 118.96524376485182 32.36902667533127
181 118.68794537156958 31.8610251303277
182 118.79900547289564 31.97937833097846
183 118.84382552492703 32.19473738800035
184 118.5108676030424 32.276416358821535
185 118.56554436406581 31.92152089031632
186 118.5444456609066 32.28356346064067
187 118.80889760710741 31.958280512921032
188 118.88186672496634 32.17474922427045
189 119.179246142842 31.615965321845255
190 118.74702541563488 31.60825888645761
191 118.62731923451793 32.34429632254043
192 119.17314854891009 31.681488981547993
193 118.87708958455846 32.133926215107515
194 119.16983450527701 31.824591002368905
195 118.74301725084693 31.76583336302557
196 118.55275699629571 31.91184659626839
197 118.8107701237633 32.34162741733816
198 119.19503076876826 32.05411319759607
199 118.54775236361712 32.33313262644052
200 118.8411946987674 32.16832035672475
201 119.08777817115171 31.98739841145327
202 118.64127502651344 32.00252462271071
203 119.05451571989475 31.772805196293845
204 118.55197776981518 31.59950951412283
205 118.7296386315932 31.93463474127655
206 118.6313281961335 32.03851622632045
207 119.17742321765458 32.29968427112198
208 118.9342992432572 32.12664617736161
209 118.69713172858135 32.26783511846833
210 119.14300791381861 32.33766589119995
211 118.89501885771885 32.35116391137083
212 118.75759763272822 32.25758867741447
213 118.98962028399863 31.711416491819048
214 118.96963578701937 31.879202420660615
215 119.17929901650811 31.75319592928943
216 118.53559004232675 32.29263953278554
217 119.11265557580063 32.226381574399106
218 118.95885924178705 31.882607577589983
219 118.60380870299515 32.05557713218136
220 118.76803177223975 32.24379389153197
221 118.52806474944202 32.28005699891447
222 119.09775712479097 31.776332664358424
223 118.58379896591346 32.18859777012925
224 118.65143536386802 32.24519107995766
225 119.00009192702426 31.63232968096469
226 119.03389832024732 31.679593218647387
227 118.67545219976131 31.94078286013277
228 118.6149288480644 31.762445057959596
229 118.51934213041811 32.30333718010061
230 118.54172120985189 32.17754562029752
231 119.11893313226125 32.17811044643056
232 118.64107256417168 32.22671129794701
233 118.78102832292466 31.859722601205167
234 119.04721848881765 31.795015265640917
235 119.18402239087776 32.08323947144002
236 119.11867317916126 31.928307282552765
237 119.13102542542354 32.33746794208313
238 119.0843496294787 32.11994795766207
239 118.74188974901776 31.90549081499428
240 118.94929845867136 32.28459573711345
241 119.00232970108961 31.915648531540906
242 118.79485348699012 31.740167139082246
243 118.92898105430001 32.2271919508838
244 119.1740929583757 31.977163287613042
245 118.71975456741163 31.808922717558474
246 119.14890109510102 32.155521868036345
247 119.18714725424206 32.39606531421814
248 118.90629398548408 31.797078854866903
249 119.13424912976734 32.234083331171924
250 119.01960675779307 32.20827934021067
251 118.99593362792486 31.68611699490318
252 118.57531639092392 32.268650053482084
253 119.01697663687077 31.96474750470813
254 118.61588699356021 31.693033103025368
255 119.02311283078912 32.039345813806456
256 118.52995912054652 31.846467650166687
257 119.11722786079709 31.719896648137755
258 118.6298895441178 31.65654188903466
259 119.0916516418462 31.749428700198504
260 119.11698330703081 31.945803706725375
261 118.57640615555044 32.114099907636096
262 118.57292656723106 31.670030244319197
263 119.17458057669037 32.169842805447786
264 119.18920165027913 31.67747625620064
265 118.54827269666752 31.74161572132773
266 118.9264782790188 32.17964201247357
267 118.76021823723478 32.29590502834771
268 118.53650042765719 32.37347295326493
269 119.09719212258652 32.13101428156169
270 118.96827963074827 31.97633386550741
271 118.54217290946906 31.681089571419527
272 118.8237113749957 32.043993700469926
273 118.78123654622537 31.74338325506406
274 119.19391709657282 32.01319921244324
275 119.18761997263998 32.08558692227504
276 118.66393559562985 32.27183288156658
277 119.03369523988735 31.849165181437503
278 118.95944186496662 32.38384470212109
279 118.80770318260461 32.37704031915137
280 118.8932175529413 32.266596504752485
281 118.77384421463655 32.16232744893242
282 118.53893196984241 32.17793025241248
283 119.03237698861943 32.31302192842105
284 119.0627500222679 32.35920747770295
285 119.16032407520801 32.272059491724725
286 118.86562799642921 32.11092847534648
287 118.55256796759413 31.665094521936247
288 119.15614283299685 32.10511056361163
289 118.68911643947334 31.889798381535208
290 118.58898316442658 31.71333468799826
291 118.6000133872908 32.31633960955682
292 118.9105271730085 32.26247013173254
293 118.76075682344039 32.00772722173598
294 118.98023711232378 31.969212982069365
295 118.54517735359987 31.995137292953324
296 118.51318936525992 31.803906229908453
297 119.17057047838662 31.918347547656047
298 118.55921702507017 31.942148570138993
299 118.73242830030148 31.60967530037788
300 118.51311360152508 32.316312365737
301 119.12540306479407 31.62928095265659
302 119.09248912685663 31.902334444436654
303 118.90328154807867 31.68639705827494
304 118.6113422121373 31.761421210442155
305 119.05486069591245 32.3568983225434
306 118.5417350299517 31.890905088054925
307 118.81916290192927 32.186530214897004
308 118.73142925392176 31.69532838525992
309 119.20656772824896 31.792451245423504
310 119.18144571497751 32.30316953929242
311 119.0854675359851 32.31716004807442
312 118.81423447711916 31.82047214300589
313 118.85149835023691 32.37248948522435
314 118.88414218279263 32.133274202974995
315 118.88894783440485 32.0027298244389
316 118.61511709271072 31.886329452841018
317 118.6606435889144 31.880527820322254
318 119.00251752070938 32.359154421642906
319 119.08500619499371 32.15759287450619
320 119.16615825688048 32.01724291954363
321 119.02090216011253 31.62814038781018
322 118.896911017321 31.799246892371606
323 118.5637630447959 32.34848095504137
324 118.56151521756942 32.03373057696122
325 118.61260138476054 31.887765845074686
326 118.9883231589554 31.617605507497874
327 118.69454158027494 31.804864675527995
328 118.78891018113255 31.801275011086048
329 118.60937926277195 31.745591278690586
330 118.65504162824647 31.881941753882614
331 118.77108622436451 31.75160298949161
332 118.94850176707672 31.65564813311778
333 119.20174646546653 31.68480955463176
334 118.5835696367589 31.99392877802698
335 118.71072630135463 31.651598481904013
336 119.19044687606788 32.34651161476426
337 119.10747190779023 31.761884569454082
338 119.17295154506525 31.982522329744487
339 118.85944811904412 31.926673041771874
340 118.65878934249018 31.84135719093546
341 118.65725286960055 31.85465755963883
342 119.06870515404307 31.781206724829794
343 119.1624560358159 31.82829547735516
344 118.93553216689048 31.683431922237276
345 118.96856845945666 32.149529868721125
346 119.12059762258441 32.10465941083875
347 118.67931089199172 31.85566463918128
348 118.9137166678101 32.31747266956407
349 118.8953135864722 31.90145839845375
350 119.14585411600808 32.09295826208212
351 118.72828277445473 31.99858490957709
352 118.59688562557669 31.86492271393945
353 118.57282182728517 32.33914950247499
354 118.69386078294167 32.27704682924229
355 118.55527025671233 32.27589089827128
356 118.72674530204519 32.36550894042317
357 118.90117267317645 31.61239786675578
358 118.81106739855808 31.986727597129708
359 118.94777742330373 32.35741525068849
360 118.86286312662556 31.702197821740427
361 119.03252381406364 31.80067355393454
362 118.82142141818449 32.000812862821505
363 119.04028542159953 32.13160940665629
364 118.82509436772723 31.862512800543875
365 119.01136920293136 31.83584029208543
366 119.03277152496409 32.227071885594796
367 119.09045064996056 31.60825940462229
368 118.617104910776 32.23099138837594
369 119.00846166473343 31.939421066017488
370 118.50091320423454 32.10324328395389
371 118.78303608347983 32.166760026144175
372 118.90458861025587 31.69098771417101
373 118.5285207164567 32.32279757699592
374 118.52617572502768 32.2527967564644
375 118.65014696076722 31.893324649235975
376 118.76429761677032 31.74086259234156
377 118.99358956240616 31.65735541939619
378 118.63338341388553 31.836009692248382
379 118.7807587889941 32.179444657562435
380 119.13094101200839 32.26414433815791
381 118.73753031280566 31.858552446057683
382 119.03521653324036 31.77628833587805
383 118.91565362293757 31.855648703983203
384 118.54124905494037 32.37510320900022
385 119.17993259592767 31.681694193948736
386 118.57737446084545 31.739917817176725
387 118.7487370869412 32.15158513011693
388 119.1782838526253 31.714420745247153
389 118.67026726454978 31.80703423107078
390 119.15850669764104 32.244620286464084
391 118.97186174010342 31.842450798658724
392 118.62143053972541 32.07127659376896
393 118.59571231313737 32.04568360423773
394 119.1781392054554 31.818622936954068
395 118.81982751139853 31.800730215183304
396 119.02033258856935 31.820675147170004
397 118.59467736416406 32.29668466417171
398 118.85679212902272 31.618678082023553
399 118.56273452230982 31.685645440602087
400 118.83626943080012 31.878503169715003
401 118.4988470934279 31.77646394219558
402 118.51992716561523 32.04975494639522
403 119.14019671287379 32.03176956699589
404 119.10921725479189 31.994168049195796
405 119.03208060427852 31.838465245303272
406 118.85777573003884 32.00871620559197
407 118.62811614955623 32.216518621517906
408 118.99801607849783 32.239551580195325
409 118.6601199304408 32.037244654033394
410 118.52927417134514 32.250600281911474
411 118.72866474090878 31.651240807573192
412 118.91041574466949 31.73539524545314
413 118.91373855476128 32.191986225507385
414 119.07740596043477 31.909990780462927
415 118.77510216015534 31.857406092760588
416 118.60078573041802 32.06662322778907
417 118.52994693825232 31.909477989386374
418 118.63659234019016 32.33279135220581
419 119.15073011247551 31.91477781283212
420 118.51576119513854 32.261745820611914
421 118.94666269775404 32.0816773491616
422 118.81199182252159 32.3218624593035
423 118.63381775337875 31.9823427441356
424 118.99176959383493 32.37398867570995
425 118.9140894989923 32.05391186121316
426 118.54658345077611 31.63428646412878
427 118.97699533328375 32.18347750820683
428 118.54013341593563 32.295698480120876
429 118.64944962783503 31.682169965391648
430 118.89711439643771 32.351654346762764
431 119.0152075091786 32.05636054225307
432 118.89237942448655 32.19225197742676
433 119.12944932159849 31.767776068510017
434 118.99117232543912 32.34038818016059
435 119.17091001509898 32.11724813534567
436 118.68924566646487 32.03314512069944
437 119.18782312692258 32.37476008974448
438 118.64903258606903 32.05601331570438
439 118.617589145046 32.01410322561073
440 118.62340958961973 31.64471522467455
441 118.57998141696606 32.04612324761945
442 118.93826158084647 32.19190398112506
443 118.50224029115589 31.88425291739781
444 119.07716095232294 32.14089474652337
445 118.93224546598297 32.05244878093665
446 118.70327299930071 31.77285349421288
447 119.12876401398529 32.04101769496092
448 119.10018662198081 31.983097165975963
449 118.94416641440048 31.866659602046198
450 118.55366154003653 32.134298498687436
451 119.18371379168296 31.65638199445384
452 118.91905532771061 31.88843282236065
453 119.12374942205071 31.94157389176561
454 118.60465109451779 32.38950834202884
455 118.52720566280797 32.16566655260553
456 118.71248826444813 32.09563572373594
457 119.05489972743749 31.716828027358822
458 119.06394329418428 31.95547964834392
459 119.11902588762096 31.900313630322263
460 118.73505393865419 32.35331856991203
461 119.06498107706214 31.960827291697406
462 118.602787878244 32.290075872770124
463 118.87890608192434 32.11853535866554
464 118.53404486773996 32.292647538499665
465 118.98961417540977 31.608053488262307
466 118.74453268257241 32.346880537049884
467 118.575336541931 32.36424158671179
468 118.95125399986108 31.71918488623335
469 118.78234064383997 31.651492448320404
470 118.71130914449978 31.859338856329142
471 118.74397786478647 32.06507719804471
472 119.0433572275185 32.02053394393469
473 118.79227514782633 31.951942121280943
474 119.12193682141914 32.329060308872
475 118.60218197692048 32.0574234580946
476 118.77374574725485 32.34177768802333
477 119.10792010580157 32.05055336624618
478 118.9154396901163 31.740582642588617
479 119.00161374384727 32.38433741346935
480 119.08933961061484 32.38785752633173
481 118.86147962867072 31.9586576536639
482 118.59759111095651 32.204239634781196
483 118.71827356412909 32.11461830273557
484 118.66511357562383 31.74274965868822
485 118.61110457024674 32.05954518667915
486 118.91690928024978 32.120964168063445
487 118.65092959851783 32.07897250397125
488 119.0842128967534 32.031226110718286
489 118.8204927967794 32.07011851600863
490 119.06392379831318 32.166616631690026
491 119.08409275881749 32.21497506495005
492 118.97531669003719 31.684008170719704
493 119.06423250726854 32.32636192472231
494 119.06459542528336 31.96481074600876
495 118.90599937179768 32.16023717090633
496 118.73946716551067 31.91108337597801
497 118.79401623821842 31.64475902685198
498 118.71505300222404 32.12900671806021
499 118.82482169428282 31.89857390410208
500 118.77507086007998 32.044255613373736
501 118.72891952103248 31.809102010201066
502 118.57598361655221 31.764558323355704
503 118.7751387873556 31.81900431008967
504 118.59101017104385 32.28658584746183
505 118.74900417614504 32.33521617417741
506 118.57721888154816 32.37357869617129
507 118.76030554580757 31.94160036927776
508 118.87994182156433 32.22513347322979
509 118.54340268895923 31.73375125285396
510 118.67213940620675 32.188885394009276
511 118.79648688278465 31.944609906706994
512 118.68529098393952 32.27391184742875
513 118.89411762966492 31.756667085551655
514 119.07294407916781 32.248691123128665
515 119.053358296682 31.663712510107974
516 118.66836099278068 32.29151480855052
517 118.6411490744021 31.935516602930626
518 118.89251101868206 31.706777366295206
519 118.76740707006888 31.829966589150292
520 118.53469885690144 32.178205804003696
521 118.65960906170339 31.952490162847212
522 119.17174483632994 31.789583371256256
523 119.16418177155514 31.794670562824294
524 118.74958625873919 32.14978126334868
525 118.5359297055714 32.10999808479735
526 119.07156439235766 31.64820116766729
527 118.69405816913961 32.25838433220355
528 118.53593148535192 31.70556634995301
529 118.67073982440925 31.7876010455727
530 118.59623151397224 31.61554470007247
531 119.12489383654292 32.01827034776666
532 118.63100618332777 32.27462316691499
533 119.03622643346529 32.33213089013654
534 118.5964551186784 31.964789402220124
535 118.55332931261093 31.680226746513068
536 118.76652541327232 31.993590993583208
537 118.93387227909264 31.831325399103633
538 118.87029722351527 31.850604333508606
539 119.0735839746798 31.786325459256762
540 118.79687261556417 32.3568929147782
541 118.93419879969426 31.913305310332152
542 118.53475582881154 31.59990442683394
543 119.02002463114717 31.996359191138588
544 118.97871267377174 32.15293179113591
545 119.0592524361302 32.24738396529153
546 118.57057873898478 32.2023798466035
547 118.81636703400306 32.15520314918464
548 118.95985778893973 31.75643415764511
549 118.499201218673 31.871724636904734
550 119.10295481589407 31.965933553753548
551 119.06632917421372 31.731873045008257
552 118.86323769141588 31.933795909500194
553 118.74787858085077 31.68043853536452
554 118.9999154590892 31.66394111060479
555 119.11470402468726 32.2594919249127
556 118.8436848747198 31.73310655231268
557 119.11473315531778 31.97368986717351
558 118.61494537101208 32.10141445073534
559 118.72133670072799 32.36079835299552
560 118.99408441494464 31.852234196904035
561 118.75528609796797 31.7549704210374
562 118.85574348860905 32.303175338764234
563 118.9602351511673 31.849615279664594
564 118.91692995793643 31.809526212986817
565 118.81152356024522 31.715447217057378
566 118.6017438787446 31.961646873208572
567 118.78709300941756 31.779911253706647
568 118.65643030402713 31.888370636441703
569 119.05188843717366 31.865635910152225
570 119.05668148795218 32.09938794141463
571 118.65154954498496 31.950854822726708
572 118.90590447495977 32.13786653200425
573 118.97130790885765 31.841523191089497
574 118.81060390767725 31.86999738309073
575 118.56267521099723 32.393976327572695
576 119.00221813213466 31.79696667497588
577 118.54139508857905 32.21128427027858
578 118.96846302897293 32.16153370726196
579 118.56526298307236 32.112667311154844
580 118.92597294460344 31.690176760355275
581 118.69150832792346 31.599366970214316
582 118.78062646108104 32.20143571491329
583 119.18715104431519 31.672437969706266
584 119.1574511144544 31.795664899527065
585 118.90070055874001 32.38867889977133
586 118.97552798334108 32.372732710311496
587 119.05969735964749 32.34126919759903
588 119.0039818091563 32.064042084823186
589 118.586044225215 31.980900286036455
590 118.80830272739554 31.96089126210726
591 119.08521952762709 31.869272246985986
592 119.02660628928459 32.36434034236674
593 118.64138026541116 32.252217300021115
594 119.09571103179141 32.40682743678594
595 118.92789871377428 31.838722172657622
596 118.70312091901759 32.071180884901494
597 118.53077931544864 32.141532616060466
598 119.02153363337077 31.901336745183904
599 118.80302278293959 32.059952945952254
600 119.18058044838045 31.747450645952302
601 118.67274950294797 31.85980960670639
602 118.5542602689601 31.720245817138792
603 118.66409569053529 32.1146551790795
604 118.78821830110729 31.868933983296053
605 118.51876006562478 31.93233340031118
606 118.76412448770085 31.895219760729052
607 118.67289970021815 31.648373202873948
608 119.19708364102007 32.31572846340579
609 118.62335028249295 32.17670279503661
610 119.0991382677818 31.852156198481534
611 118.60441738441574 32.30734464145243
612 118.90875817626049 32.144407908423965
613 118.95993040908017 32.39352722609479
614 118.88291077616887 31.98548762025662
615 119.16500582764336 31.689069879437806
616 118.80353298616045 31.69489549272657
617 118.9483180211822 32.19945645011884
618 119.10614005398142 32.05721842253985
619 118.66705481551645 31.770682338760036
620 118.87293595793568 32.035665817289434
621 119.17874183249043 32.02066651792939
622 119.03134062386712 32.29684331506895
623 119.00180779815305 31.639057212955574
624 118.77782661024212 31.686596490131585
625 119.09646782258339 31.943835173071466
626 119.07617946960973 31.70806424521653
627 118.80709452813035 32.39314815743396
628 118.89434850236415 31.759817702794372
629 118.97186824577271 32.08513178074736
630 119.04392469519979 31.9531195595946
631 118.81722733114279 32.22965534884724
632 118.74413870302538 31.636600273777137
633 118.60177222853498 31.855689574765506
634 119.01150219037966 31.981749918284333
635 119.02929941740292 31.68817724177848
636 118.63176829746575 32.10570510764044
637 119.10586840997725 32.025878115617154
638 118.60175717854197 32.26173619820972
639 119.07510530333214 31.955271467042373
640 118.5964150198167 31.83791937385811
641 118.94957746623473 31.848834663479913
642 118.87704451032192 31.791403583293512
643 118.60090782339219 32.349911405940276
644 119.01552449587886 32.23820320491644
645 119.03523820174979 31.879490873391436
646 119.11992530737757 31.954426891908156
647 118.8439593061302 31.680185534211702
648 118.87310627716121 32.07402032148633
649 118.95065560665705 32.190210123816996
650 119.1318022990763 31.796207433825266
651 118.77237073741058 31.96378460763322
652 118.96978247992713 32.13485542806108
653 118.92157511661043 31.97211480486619
654 118.62569304871089 32.036560395814796
655 118.97354488406069 31.758502572232775
656 119.10004694144754 32.230585377965006
657 118.83145010015173 31.680226760734257
658 119.1763378670441 31.978022068475703
659 118.89105778838012 31.83785032809802
660 119.11698080190598 31.68313658288144
661 119.03964092892473 32.281755466855195
662 118.7836037064076 31.74895641007662
663 118.72042027531536 31.97305315432379
664 118.77636528454448 32.09130244941173
665 118.73916137849207 31.828250301657565
666 118.53423747195289 31.98591778540355
667 118.51711802486828 32.02833332360244
668 118.780909079116 31.942403157066636
669 118.63522403869024 31.885188548337304
670 119.09436238415849 31.799605834882204
671 119.1660587051932 32.34329464998313
672 118.69934002572003 32.0100401869195
673 119.01046455024198 32.158683727082355
674 118.76076765802806 32.018129731851744
675 119.10349872300445 31.840507584607206
676 118.81555595064336 31.986523166145723
677 119.15709065536767 32.25913770439498
678 118.96768043944496 32.29266342139014
679 118.5857407190616 32.34891843991292
680 118.60274424743335 31.779159581104324
681 118.78513768050323 31.889421192043503
682 118.90513942438747 31.69097361309493
683 118.85656580921355 32.39103523781051
684 119.11279213969743 32.10177067635269
685 118.5019477834494 32.171430159455824
686 118.57868478983082 31.95337628757983
687 118.71682888371858 31.7996492887444
688 119.09684332624566 31.92582542925925
689 118.50772935264833 31.83559948736464
690 118.88258587456575 32.01645572395083
691 118.49083518576568 32.24793723178687
692 118.88538645574664 32.261725327838754
693 118.83435802660031 31.83960722787706
694 118.59410764265395 31.742607902955697
695 118.91488268698069 32.18487021488616
696 118.93515814869602 31.93856835790762
697 118.82130793502033 31.752039682575276
698 119.05043676083945 32.094404824994996
699 118.54698684581835 31.687010016567125
700 118.72542134284419 31.68506716736623
701 118.84642117262493 31.604154547307644
702 118.72401248987661 31.743876019991955
703 118.5888229196227 31.98258303379206
704 118.57559453338294 31.737688059619884
705 119.03702136073963 31.650905613481
706 118.68703278225306 31.99266319889441
707 118.95896836749237 32.327724462857134
708 119.10076167598662 31.604759073531675
709 118.71409434066645 31.78137784613102
710 118.62931563763479 32.32211757201168
711 118.89824657478759 32.11540859125216
712 119.06336667706108 32.263336884758665
713 118.75395030909576 32.325006746642416
714 119.09047508377886 31.779454074606097
715 119.18911655189228 32.20604913618818
716 118.97177231326216 31.805915854730905
717 119.13093851939004 32.354031113349365
718 118.56988077442854 32.37042669912316
719 118.77200668010379 31.732696285072556
720 119.10463529205957 32.25774921163911
721 119.00363240914442 31.643690566427903
722 118.57250815154102 32.080319513740505
723 118.65967356271226 31.982883388472253
724 118.73318037259943 32.07397330951246
725 118.952261329638 32.20286962831133
726 119.0231316104055 32.2980942192016
727 118.83383618829916 32.005684889507265
728 118.51774421767097 31.65278215938759
729 119.11861430306132 32.33443952230435
730 119.15333482688331 31.644479709506022
731 118.74476534413009 32.24347297080059
732 119.06423017332656 31.7030627806658
733 118.86664671532142 32.33029074139446
734 118.81816205986644 32.107248836286495
735 119.14684368804733 31.845865037927375
736 118.5107112153924 32.28959165362462
737 118.7924411978087 31.734316988345274
738 118.65773404582292 31.774412969135515
739 118.8350763369067 31.85040457286394
740 118.82626143143146 31.92832438753891
741 118.63058085724028 31.78098198143344
742 118.89858371770923 32.33071603189558
743 118.77527582265549 31.95492593878233
744 119.14931031545267 32.356842150261016
745 119.15493064167765 31.811274186728042
746 118.76774347953389 31.966383630518376
747 119.03455991934774 32.260203220168165
748 118.93728686600289 32.403227745906854
749 118.76639740745989 31.966155135361422
750 118.67689428770608 31.978064787889817
751 119.14709452579997 32.367867288006096
752 118.6411922119039 31.937104943841582
753 119.04634101466706 31.947917351583836
754 119.0379884109574 32.36681491542257
755 118.6465136147214 32.00251694003241
756 118.75398027775074 31.69718255466281
757 118.7979816530803 32.36789761623976
758 118.84789601612745 32.006305872188605
759 118.91672621554649 31.880419045017483
760 118.7463221467633 32.32449400834995
761 118.91990515028724 31.615591491885755
762 118.7944206915057 32.36706830825885
763 119.17174049493686 31.66937120464092
764 118.9712686358639 31.664398728011328
765 118.87647692368208 32.34433769431283
766 118.90688293515461 31.972025693973325
767 118.58613711650759 31.738604177259145
768 118.6902243190949 32.39070546450224
769 118.99403098223976 31.855000347054172
770 119.20094586420163 32.347979268650484
771 118.72123633907034 31.96852413674934
772 119.20339510086144 31.894629669585264
773 118.7464256081156 32.05540072734369
774 118.81522747608403 32.3265707010962
775 119.18476451096146 32.38763333828943
776 119.07405464206502 32.14864052141715
777 118.86871686528266 31.891740947740367
778 119.18300664583133 32.27513428300814
779 119.18441729315361 32.33717906644857
780 118.60727392037298 32.04114284920271
781 119.04994326212419 32.17042779680784
782 118.68403095416629 32.301982297418824
783 118.70847641693037 32.152268687057145
784 118.81143330515818 32.111696080118804
785 118.8335941831614 31.91310784410549
786 118.60370339031519 32.084159890611936
787 119.03082339361335 31.785250560197134
788 118.50177916556824 31.702836731381538
789 119.17717931421153 31.79894371036703
790 118.67777263112777 31.95402735367414
791 118.99150759239694 31.86621922872574
792 118.87421174097078 32.169338078798745
793 119.08201257229396 31.906001757310253
794 118.64126417548216 31.99431203830963
795 118.524255227967 31.82047727807288
796 118.62232390576841 31.66728229086193
797 118.9820228105691 32.17562780951962
798 119.06703486630232 31.76733642638482
799 118.60607557427728 31.9750069994846
800 118.90331557500656 32.071896623224106
801 118.53282765042889 32.14303479798795
802 119.09082052520877 31.945992620414284
803 118.56857896180992 31.81159729095879
804 118.6240364513178 32.31316363902021
805 118.94646088715716 32.11813010384947
806 118.82321526032098 31.811250615436837
807 118.68575121390927 32.217115378313835
808 119.15858038738877 32.01821733251256
809 118.88068308733781 31.9334373539531
810 118.6127540241078 31.680021487788874
811 118.79348303834617 31.778126006744447
812 118.99763646614883 31.68663018001195
813 118.82521234350479 32.15050525269727
814 118.56873815742178 32.18735373667057
815 118.61355026477551 31.9620892394399
816 118.66794908688928 31.64511825460153
817 118.87123967659626 31.73624732575005
818 118.95212686532179 32.34469816284923
819 118.83092328467795 32.30581259644119
820 118.64424115960064 31.91838050015929
821 118.73909423989573 31.70117612511315
822 119.11180755878641 31.957020268864095
823 118.66755893267116 31.94750638322445
824 118.95880313534502 31.61049109715876
825 118.75637307106608 32.17166403846202
826 119.17832294039789 32.11535926030775
827 118.49688317119619 32.05992688811052
828 118.71444163758478 32.243223169706006
829 119.04294893082083 32.25486894443334
830 118.5243696472441 31.75885350212912
831 118.77164160621183 31.659198910353986
832 119.16521162970855 31.907131376894885
833 118.96254295991072 32.29530826569266
834 118.58761012764545 32.21779455558855
835 118.56145393746353 31.792650808808858
836 119.16587762748114 32.20927236581009
837 119.15006857477952 32.059376300080544
838 118.62701268094627 31.816829741893518
839 119.10903586573596 32.1683915368441
840 119.0227257709794 31.83717549526438
841 118.77441708178888 31.869537469856365
842 118.66038864131905 31.76438692157538
843 118.59405629628614 32.05061804037903
844 118.63130645450259 31.96939171491273
845 118.86428050196282 32.09231757605565
846 118.52519512555735 31.614763787668107
847 118.93043106809944 31.922873387978928
848 118.91471284056007 31.634742756369114
849 118.94539027351627 31.854545332008964
850 119.07527741091401 31.6691059449489
851 118.53737704305993 32.02518566330233
852 119.18977945425263 32.33425134606924
853 118.83750533314274 32.28649507672767
854 118.83474132950064 31.995123992908496
855 118.60828172476862 31.88344361314444
856 118.95549423187656 31.61567646437508
857 119.10951975881635 32.122026973564054
858 118.54678857324339 31.838995875554495
859 118.717286398016 31.919062477197933
860 119.0422081725344 32.10105938686705
861 118.51774862965246 31.746858323385084
862 118.90167582429773 32.034630277146654
863 118.66160345241703 31.96856974645352
864 118.86139015790718 31.9066444870109
865 118.59836702866598 32.26741396408419
866 118.73994886795724 32.19173202482284
867 118.74950144983754 31.71677366424419
868 118.78153181684229 32.319991920840586
869 119.1776627983107 31.60079551214044
870 118.60366925104981 31.78949110775682
871 118.68224536507647 31.716279850264343
872 118.97975248283403 31.86592735466974
873 118.75263457649167 31.708266745859458
874 119.15225642725134 31.816775523984234
875 118.76024538789885 31.907059626726294
876 119.17437325705913 31.9810801879287
877 118.6256010837423 31.821733820362212
878 118.8273149423151 31.655302547104338
879 118.86741310252663 32.019276164927184
880 118.90197497590661 32.09137736605894
881 118.76953884508865 32.12349983933281
882 118.8695792008557 31.614863806164504
883 118.66668971356128 31.686073715508755
884 118.6689253726117 32.12449019425692
885 118.55298176811193 31.69274430354109
886 118.87539995236445 31.669420810348864
887 118.84318459891621 31.953216896697164
888 119.1822454891232 31.891376802614882
889 119.0548130450872 32.13645423830739
890 118.99213479533195 31.626631961029773
891 118.70613877586146 31.795889072939175
892 118.66768841992457 31.82324095514823
893 118.97449194780295 31.8554697070205
894 118.65048998436004 31.608590181879713
895 118.54550365884873 32.04074832537011
896 118.7278904354378 31.60441499392422
897 118.87442126268836 31.8403515522735
898 118.62908236389622 32.33282837533394
899 118.58782702951954 31.733303166213673
900 119.12134564722191 32.111333404997524
901 118.83513632648334 31.971922095684786
902 118.51320307995896 32.33804779466058
903 118.66667170310164 31.94426316952623
904 118.54044323948214 31.760685021422017
905 118.67105172750975 32.389007406790874
906 118.79679371570296 32.17434884648749
907 118.59583768946004 31.704711004152202
908 119.14545922500744 32.02891641702475
909 118.84184099213824 31.84709731894865
910 119.09924712808247 32.30077561639422
911 119.08563521749339 31.730573760976842
912 118.57876127658137 32.11274913712493
913 118.55581544893748 32.361828669827396
914 118.90088260920486 32.339869873625965
915 118.50706538008312 32.32853613969944
916 119.0528595511339 32.1301421065476
917 118.72065041061 31.84627645504561
918 119.00365318124766 31.657739541740305
919 118.63792316803185 31.73469684636994
920 118.72778337077048 32.32123740825515
921 118.94465062064539 32.17148398166834
922 118.64942475404564 31.67221365108291
923 118.64669139968241 32.37839825900029
924 118.75830164361612 32.004215123122606
925 118.50426414916369 31.742563942610627
926 118.98032883031992 31.977090277913746
927 118.58698858777751 31.929503493646862
928 118.66154500044797 31.77447254470242
929 118.54310340609148 32.09656212881742
930 118.81592295847314 32.01927586978612
931 118.68042229234503 31.820530768149858
932 118.86462375376732 32.22553905326617
933 118.96585708673591 32.02688856020945
934 118.6469914209648 31.87058047192263
935 118.73687744864709 31.735907744746008
936 118.88879707786268 32.0127677623004
937 118.6698679335645 31.717918791559377
938 119.14014207751286 32.32605602709486
939 118.53170588528351 32.003839228964594
940 118.59951551307032 32.342707244962824
941 118.70716882122424 31.854401066722517
942 118.96511117245056 31.964153796944597
943 118.56540062633476 32.02740908303473
944 119.12173847165178 32.30917104308382
945 119.13049531552161 31.699176227174988
946 118.95862491862603 31.916681209392355
947 118.76296336429584 31.66499242230947
948 118.69366508435337 32.33754741358806
949 118.73348006651803 32.26824914271318
950 119.11467672134175 31.91502216980686
951 118.86645805880096 32.125733943840615
952 119.15232771689797 32.049870676709745
953 118.83576027545132 32.09115822474349
954 118.65134732352986 32.268000344635055
955 118.56167589759067 32.383019711917456
956 118.97704153829132 31.663224229524843
957 118.71218785389364 32.0504236158676
958 118.947912200966 32.323860219660126
959 119.14850939945858 31.91250130865379
960 118.51230676155593 31.80375210083239
961 118.55039055796797 31.698023019849156
962 118.73899592884061 32.10674816208016
963 118.71674030609528 31.773072406974233
964 118.76771790023837 31.90145500072723
965 118.81044404108428 31.917893362526993
966 118.79104935398034 32.08593487262463
967 118.56638585280095 32.36193233286863
968 118.73077310407777 32.39053581258111
969 118.58711260105589 31.838241641839698
970 118.63386807337832 31.814990345375474
971 118.91630201624763 32.18573866822673
972 118.53751863835235 32.158987191395966
973 118.69927127140019 31.824204826283484
974 118.91821457872972 32.359156794309094
975 118.69443821482224 32.24913194609774
976 118.86135117336241 31.762610228330004
977 118.79917431540659 31.993600163916504
978 118.92707628036294 31.663864496393728
979 119.0954726353027 32.0161159643187
980 118.70053983471347 32.046459067029865
981 119.13036673500068 31.760732965351092
982 118.96061121502207 31.677011645381356
983 118.78763917613425 31.746032209316002
984 119.07144913043764 32.008421141885734
985 118.79220999045413 31.6483806340991
986 118.97287125583347 31.748516153755986
987 119.11712404319837 31.745418081071783
988 118.71296021223344 31.938826418161955
989 118.83730037903089 32.02415629365588
990 118.77547552220872 31.8867645090021
991 118.57955733374496 32.109855685988414
992 118.5706289783812 32.33485824794904
993 118.58188532774034 31.789580116335042
994 119.10707257440173 32.390943659966396
995 119.12898078094224 31.872779755275168
996 118.74471129514187 32.083088193276815
997 119.1291685335498 31.889284923661034
998 119.16365288185811 32.146750469881816
999 119.0380931375928 32.29227660524951
1000 118.66074790892783 32.24184465111969
