1 118.9442987526011 31.951314324560173
2 118.89835146118817 31.618653081313678
3 118.6098292524062 32.03752877548308
4 119.07606053024048 31.964570094743852
5 119.1813817677078 31.945017155214813
6 118.95777259837409 31.86679084232251
7 118.90521586972501 31.757362419592543
8 118.60672347983126 32.0815414467668
9 118.68806591981429 31.836667061115648
10 118.76526711215325 31.807282866848155
11 118.63477416793037 32.09459405763964
12 119.19700231893619 32.02701776166863
13 119.14576711222774 31.71344179806762
14 118.75655808905117 32.010360838061594
15 118.6004256531966 31.747682632789147
16 118.77986014286103 32.2289079850329
17 118.6218347845875 32.297187239362266
18 118.8742152419781 31.994772021782794
19 118.6424224351305 32.286880651714284
20 118.54576094415977 31.652657108714802
21 118.92839815201681 32.001167127704626
22 118.75756945882613 31.648337600033727
23 118.97502358150803 31.944558347348284
24 118.86842010070934 31.670106993136137
25 118.93909578308842 31.695910440758382
26 118.72024640280702 32.0764470572926
27 118.89469990392354 31.786921789718445
28 118.83689670492133 31.680796060370795
29 118.9118293007565 31.772482680417564
30 118.51204400296822 31.873759560633687
31 119.17351313541332 31.960036046283896
32 118.67275254952253 31.759334847533705
33 118.55937658399257 32.102385037875955
34 118.69876879000184 31.987910259291798
35 118.98792816967425 32.012859179052846
36 119.14464638998146 31.896055318592065
37 119.09551983707532 32.236598077845386
38 118.7179656113904 32.060511972216894
39 119.09060518071803 31.722067989308353
40 118.5488078700293 32.164543391781656
41 118.55643222853418 32.37295971889934
42 118.62356050950837 32.009972612530355
43 119.0507874080941 32.30179418841478
44 119.01576151531808 31.881038648921226
45 118.58594879986002 32.052575125753435
46 118.99561247638795 31.94138122887685
47 119.03355369992704 31.950830417697837
48 118.60517812534877 32.23257110822723
49 118.95660254371366 32.027024976948496
50 118.77399100948858 32.36487297507309
51 118.54430876030958 32.04637076184033
52 118.86809717196006 31.677148347311615
53 118.8317060282809 31.890958186627373
54 119.1009094227259 32.27084503269967
55 118.90749650765945 31.930276786513453
56 119.09739181477671 31.626025123874552
57 118.82857334597576 31.80909537281081
58 118.99928741912491 31.643198987653673
59 119.1769932847814 32.376802684037536
60 118.5137747899532 32.38233735426191
61 118.80444784376724 32.24277810996609
62 118.80175931177419 32.09065008800417
63 119.0420053384606 32.20603818931213
64 118.51263368380852 31.73833326170375
65 118.89108017520877 31.832710171432495
66 118.68327366229818 32.016031429161835
67 118.82740497153323 31.88816414816585
68 118.99182579897632 31.640982289848953
69 118.93557186490517 32.37310683926977
70 118.66046790394606 31.969370736923853
71 118.6396398682664 32.00660756674149
72 119.0868033883579 31.867606758660543
73 118.84740742889053 31.815715827918318
74 119.17302227526302 31.90005341271029
75 118.95515768052618 32.26603185267949
76 118.65874053299193 32.204776936906654
77 118.6094072652789 31.894279883305316
78 118.72433106482322 31.616515642796525
79 119.02752115658811 32.23943678691827
80 118.82463509744038 31.810031233220815
81 118.89674736934651 32.071547718116285
82 118.91019529689723 31.605027844949607
83 118.63255153652723 32.12347250403827
84 118.73877088598424 31.911763729245436
85 118.70612295871258 31.993703637623433
86 119.14684362811256 31.931684087958338
87 118.52175957131067 31.873620040297563
88 119.17456538797462 32.03788469611564
89 118.60106794975952 32.38030327523518
90 118.87014880299512 31.700823003022183
91 118.69432578374023 31.861392448589495
92 118.7114244395242 31.622433289216264
93 119.03328447583084 32.19836907645302
94 118.99234131177352 32.12473167400125
95 119.04206046565933 31.780901164444177
96 118.62903419845956 31.91954376831142
97 118.64461224312245 32.13050680205451
98 119.02253418935291 32.12887828034661
99 118.58458261401307 31.73552780640196
100 119.11472378228244 32.29921696255593
101 119.1359823720628 32.22756665698479
102 118.85157294414067 31.697300344107852
103 118.98151110902391 32.29984509614976
104 118.72865702587336 32.19456016841161
105 118.95145489709233 32.2326043999499
106 118.5263353495814 32.02848965354841
107 118.67198033039297 31.78165580483933
108 118.8024011975797 32.327577722217114
109 118.85204747656468 32.0784026579388
110 119.18814152891397 31.868214380296784
111 119.20402738829857 31.814944784687924
112 118.5864607121613 32.31560202348072
113 118.6954895229278 31.950844569902674
114 118.55451573565817 32.03857238394293
115 118.73433203201525 32.09717484681919
116 119.16375916412849 32.26292154444791
117 118.9040022559052 32.08961209668014
118 118.5288524543759 31.744931990873006
119 118.86559219549851 32.072529772047716
120 119.16152464665514 32.000087952214564
121 119.18842880761743 32.04887927251089
122 119.14485428451181 32.15892902434694
123 119.03687147907051 31.793855257756324
124 118.67440605112591 31.762431710018845
125 119.12227908839452 31.685952204627178
126 118.71863964325462 31.826120509710815
127 119.11609626307528 31.60549033749268
128 118.52378487842437 32.09652977129136
129 118.53968134526892 31.837280877856543
130 119.06219894830126 31.758655701731534
131 118.56486345074222 31.67229913051302
132 118.794935720222 31.824875443462282
133 118.73518169308545 31.765828797501246
134 118.68162123151082 31.839415444168463
135 118.7534879264353 31.96812807842527
136 118.83636816903733 32.046770467914335
137 119.10021466016931 32.275093225878415
138 118.93568884510601 32.3918488590098
139 119.13528755000605 31.63319368088771
140 119.09224344378713 31.7955604633167
141 118.59836178130061 32.11248167885963
142 118.78532870317534 31.742378105652605
143 118.87738513983331 32.29379419335439
144 118.67663596682215 31.76583715108615
145 118.88530584440434 32.189382154774414
146 119.17992156703762 32.11968475612335
147 118.64628542316608 32.22638194249301
148 119.03995739930023 31.633102077014648
149 119.19958641927822 31.788320884657058
150 118.6795715176777 32.17005848218631
151 119.10497126024656 31.67897013986129
152 118.6218824768323 31.62459206382501
153 119.15385879279022 31.883395117167
154 118.71046508230029 32.07916430474863
155 118.68915844024446 31.634583943334555
156 119.13637045898932 31.65399700693081
157 118.69899204335682 31.6355238180578
158 118.65202738921373 31.92828156762363
159 118.71464925362227 32.142582164895714
160 118.97626451414499 31.762567385998135
161 118.51079471994747 32.290699358153105
162 118.61056742959474 31.953232505135126
163 118.58177184229021 32.099375415150135
164 118.8618277188976 31.834189249274363
165 118.5320847116697 32.09207710465142
166 119.14696400590871 32.37763882685448
167 118.83256808106566 31.96086001958869
168 118.92817875655015 31.77838542084729
169 118.65501568559034 31.938365504058517
170 118.98290755571146 31.95236053473824
171 118.51395457547113 32.017423592976904
172 118.56549831300015 32.01493079034872
173 119.12551058240739 31.627408525723084
174 118.63981101792689 31.727478154895827
175 118.84018207335428 31.9587130290522
176 118.87306351215405 32.17045851984392
177 118.62424119454342 32.23383544854062
178 118.90388045088778 32.2136573535425
179 118.68894661719565 32.01744980521143
180 118.96412258439562 32.36767762703435
181 118.68846446141603 31.862030954282996
182 118.79669610990088 31.978100807031367
183 118.84257514862288 32.1958329999291
184 118.51195456156742 32.27542597537874
185 118.5667346339021 31.92192510492959
186 118.54305793611096 32.2869930157514
187 118.81029752561346 31.960639325430087
188 118.88305357204172 32.17433357910166
189 119.17722697990348 31.615750381245437
190 118.74748112071971 31.609219325831507
191 118.62802295602991 32.34574406271534
192 119.1709232109991 31.683016233792795
193 118.87917394225346 32.135549993513386
194 119.16549998672315 31.825228553063972
195 118.74447232121796 31.76579751327249
196 118.54923596097254 31.908046475719143
197 118.81177960890884 32.343678861388575
198 119.1939404280713 32.05375302279938
199 118.54669910641263 32.331990878256114
200 118.8414381292338 32.16611150182153
201 119.0879066595418 31.98941571089738
202 118.63982429721696 31.999977578987913
203 119.05442965157849 31.774571903993312
204 118.55490186416044 31.59883789897627
205 118.73223872303538 31.93641344908731
206 118.63039580687548 32.036777226299925
207 119.17792517669734 32.299948313606144
208 118.93252444040148 32.128242394288726
209 118.69705055170758 32.26822045089734
210 119.14500714478103 32.337520384048496
211 118.89552905701878 32.352359475936204
212 118.75689485465875 32.256974945628535
213 118.9878743963606 31.712771332918212
214 118.97192328709579 31.879075144486766
215 119.18095152798544 31.75434042108363
216 118.53541502817703 32.29275864806321
217 119.1159717058338 32.22683827291512
218 118.9578610110565 31.88558698263594
219 118.60429941962715 32.05408334754469
220 118.76659078677396 32.24714244851447
221 118.52795345753766 32.283665510778604
222 119.09782142081727 31.774879035813484
223 118.58610500548514 32.188260224723585
224 118.65122533290075 32.244411545068424
225 118.99967237404631 31.63553930401916
226 119.03166785753304 31.67829847432018
227 118.67452483305945 31.937468963040853
228 118.61357495604668 31.76514018553384
229 118.51917005674072 32.30433973637209
230 118.54470937407822 32.174284426840565
231 119.12074301260715 32.17761183171368
232 118.64445481868502 32.22777472046295
233 118.77988118127806 31.85934364202652
234 119.04711264574641 31.795180007974867
235 119.18277465512223 32.08365686854278
236 119.12235262317739 31.92865688852587
237 119.1278113455577 32.33770556431863
238 119.08537313610515 32.12366140422104
239 118.74428715771417 31.90772713109323
240 118.95204347094946 32.284403264415026
241 119.00132825961771 31.919436970696687
242 118.79701284371305 31.738264112722142
243 118.9294759503411 32.22358601734586
244 119.17260397249996 31.97832713972693
245 118.71977381727147 31.808537212237308
246 119.148097000648 32.1556019294022
247 119.18786557191231 32.39265878049976
248 118.90575439668609 31.797130183548667
249 119.13629548279081 32.23358689546822
250 119.0180667558103 32.20846705406183
251 118.99580064111197 31.684981389784834
252 118.57818266667262 32.26777236418449
253 119.01554220873686 31.966008815532906
254 118.6141829825537 31.69251951292362
255 119.0223077546238 32.03943751200609
256 118.53074435586387 31.84694919160989
257 119.11717847615671 31.720641685216922
258 118.63198328709551 31.65817683531405
259 119.09202700314434 31.749688769126216
260 119.12088696762015 31.94618972771676
261 118.57421734912424 32.1111075888981
262 118.57086744165248 31.67139139912971
263 119.1731818515547 32.168713087246424
264 119.18901756289469 31.680233651717966
265 118.54966301767635 31.74413659103179
266 118.92916709050306 32.17779663386091
267 118.76083793135338 32.293958523709726
268 118.53819817148997 32.37184049495441
269 119.09519393812084 32.133375637537334
270 118.96981556810111 31.97415489538749
271 118.54520012622929 31.678685746355946
272 118.82429237174982 32.0433426022914
273 118.7831683805066 31.743357164066882
274 119.19361194696539 32.01433558793841
275 119.18775976641506 32.08561590656014
276 118.66527278236984 32.27236926750975
277 119.03300681088902 31.850369127451756
278 118.9592702651954 32.38556159416348
279 118.8075747639209 32.377709163163864
280 118.89418099294416 32.265903608736316
281 118.7753223259675 32.159499657873305
282 118.53843610060574 32.17842460960619
283 119.028789741444 32.31685701361487
284 119.06458153098832 32.360800093461926
285 119.15924535902103 32.271907530542904
286 118.86431948408672 32.10984261406316
287 118.55109635723248 31.665072252158485
288 119.15813307635007 32.10508918133151
289 118.69002917796286 31.889848335577756
290 118.58726181489989 31.71214071815277
291 118.5980856445205 32.315404134986885
292 118.9122771560364 32.26264340448555
293 118.75725803147932 32.00791217990553
294 118.97901934425211 31.970760486885684
295 118.5448811239022 31.996158344251626
296 118.51441277474117 31.803788434256017
297 119.17071178981925 31.91543937667993
298 118.55832509829494 31.940976207925885
299 118.73101368467383 31.610328535118317
300 118.51115478196365 32.318155456369674
301 119.12513160069977 31.632598598803124
302 119.09094375817716 31.90298489544656
303 118.90493507553994 31.687146050267728
304 118.60912818445806 31.76111775020135
305 119.05562789020468 32.35735675660656
306 118.54170352347963 31.888744883086634
307 118.82158910323422 32.1875191296941
308 118.73028183565751 31.696053982538896
309 119.20486591210144 31.790255749133404
310 119.17965927989079 32.30390262021659
311 119.08524311639161 32.31798277335772
312 118.81720458428194 31.820092872607354
313 118.8518960107915 32.37477997141881
314 118.88330264554631 32.13319681508371
315 118.88902631282055 32.003720040766304
316 118.61693980827859 31.889609643190948
317 118.66160468581528 31.881839665021456
318 119.00264491858242 32.35807670001377
319 119.08543888504116 32.15940891017482
320 119.1659841045523 32.014525364865044
321 119.02119242560407 31.625594546995217
322 118.89619124856647 31.798004629078704
323 118.56330030032048 32.34805082499679
324 118.56238575816033 32.036001595031266
325 118.614626551011 31.88506298337838
326 118.985929169956 31.618983051892965
327 118.69571467683555 31.807195190408507
328 118.79040481616111 31.802090294226186
329 118.61015516525494 31.747129390953965
330 118.65541789416916 31.880842222924773
331 118.771692213145 31.751828465685495
332 118.94823550340678 31.654941964076574
333 119.20189939868875 31.68442752467832
334 118.58361533699367 31.9937298431099
335 118.71066598880981 31.650576755460875
336 119.1909553505207 32.34683319842109
337 119.10793891104419 31.759668453036056
338 119.17196077262399 31.984139085331595
339 118.85993334714979 31.928644455607458
340 118.66008359206486 31.842763453809866
341 118.65672004957011 31.85271239714671
342 119.06713688481535 31.78081072731187
343 119.16496116427922 31.82820695970414
344 118.93591934890009 31.68392971527033
345 118.96871108076482 32.149464875607855
346 119.11957639930054 32.10356862393236
347 118.68023728817123 31.857812280993006
348 118.9154532673717 32.31896653086248
349 118.89535393837483 31.904087494577787
350 119.14458548790785 32.09299099466471
351 118.72761724126835 31.99686013153592
352 118.5950770185579 31.866678514912145
353 118.57080187719082 32.33539714779333
354 118.69200200699811 32.27546894356024
355 118.55679825039009 32.27338487333318
356 118.72713584425004 32.36441309924141
357 118.90483035587228 31.610572388827553
358 118.81108521338115 31.988281575416245
359 118.9491783716722 32.35705541239402
360 118.8649733981454 31.70233713286054
361 119.0340513423985 31.804099663328458
362 118.82044560806774 32.00196166657899
363 119.03969340104348 32.12817708714137
364 118.82291555127493 31.864665452567657
365 119.01320732737994 31.83652694751649
366 119.03716737520304 32.22640056405252
367 119.09109777259293 31.610331335320385
368 118.61439519328123 32.23211500715595
369 119.01247192111823 31.940132492316714
370 118.50077954048764 32.100546793992415
371 118.78170505505595 32.16552615260275
372 118.90465841245125 31.691320381360867
373 118.52544071117885 32.326790754892905
374 118.52637517750972 32.25329002746459
375 118.651815651716 31.89219095857499
376 118.76503332025294 31.74086803051533
377 118.99301760026388 31.655923006083977
378 118.6354147688086 31.836965833095025
379 118.77936020765432 32.178048824355585
380 119.13090887157811 32.26683291730861
381 118.7377569219607 31.855110423024254
382 119.03597080936434 31.776788811064375
383 118.91517796204063 31.855905552206803
384 118.54230126505149 32.37257362430924
385 119.17834058614467 31.679750683258312
386 118.57755396473627 31.742194641793976
387 118.74955028688736 32.14978053410435
388 119.17938187458653 31.713509590990125
389 118.66648641078 31.80664569214876
390 119.15992047227627 32.2430344008581
391 118.97150534158172 31.841082626435583
392 118.62179585846322 32.073466998094126
393 118.59696533449593 32.04579188096011
394 119.17492587199388 31.820158275956747
395 118.8207253382351 31.801168152799153
396 119.02467913000955 31.82208394685348
397 118.5976449100429 32.29643134861571
398 118.85516851033975 31.621178644814268
399 118.56394842937361 31.686769132513376
400 118.83818129305183 31.87704659559456
401 118.49783685517701 31.778268071261103
402 118.51918013834286 32.050414655798015
403 119.13825694466522 32.03079759208863
404 119.10780448786738 31.992599265967204
405 119.03310478507044 31.8375185475615
406 118.86079383001766 32.005885902892395
407 118.62809741944835 32.216632383731394
408 118.99694387381537 32.238222240619834
409 118.66141149128384 32.0377135513205
410 118.5290988379973 32.24989732698415
411 118.72840899656057 31.65178670768624
412 118.91003913205093 31.737129541650816
413 118.91156325613115 32.19259001690019
414 119.08082665557335 31.910474556058766
415 118.77466750332373 31.856386185013363
416 118.60144519100986 32.06413496961376
417 118.52876306714278 31.911119672143396
418 118.63626003823397 32.331837217465704
419 119.15118908570494 31.914330000722867
420 118.51598791996031 32.2620996009381
421 118.94788562807513 32.08171414456793
422 118.81174791623135 32.32240944199333
423 118.63164172566147 31.98460225589593
424 118.99367230685405 32.3740326962235
425 118.91400772573623 32.05387907914305
426 118.54717919893599 31.632698934574996
427 118.97627286698166 32.183967467612575
428 118.54290995481706 32.29640545392927
429 118.64991303906574 31.680336114803463
430 118.89700068372437 32.354719003057504
431 119.01792005776687 32.05847675480843
432 118.89443218946248 32.19333443039361
433 119.12973977003483 31.76587201329632
434 118.99092103320986 32.34080304064351
435 119.17112717356983 32.117246332033154
436 118.68774067370123 32.033238950219506
437 119.18684785750696 32.37324739820038
438 118.64958086998378 32.05338084285614
439 118.61796116848903 32.01379114573231
440 118.62326283950422 31.644648625231067
441 118.58167646829992 32.04582616087212
442 118.93805706897788 32.192574963020434
443 118.50131353781585 31.88562073334497
444 119.07889776787839 32.139548524257116
445 118.93483900434654 32.05242997383954
446 118.70293290717622 31.77448540966413
447 119.12937846027593 32.04016898542498
448 119.10106856612255 31.981943940497615
449 118.94239829687312 31.864093926063838
450 118.5554232588625 32.134739423194745
451 119.18546069582354 31.65660579954977
452 118.91993987754653 31.887388652493676
453 119.12460096360721 31.943556033125976
454 118.60256482538443 32.38717501467421
455 118.52591352540773 32.166643751989405
456 118.71383472742237 32.09595505882396
457 119.05530647162034 31.71546690107548
458 119.06253708871651 31.955193194406075
459 119.11903605031486 31.901386430022953
460 118.73559892656564 32.35570083577613
461 119.06432152630843 31.9610960101469
462 118.60129110038733 32.2898426868165
463 118.87847919352444 32.11961983706514
464 118.53415670656055 32.292565732804334
465 118.9912419952834 31.60483144507503
466 118.74620315255986 32.34420237315396
467 118.57438760604195 32.36269007712711
468 118.95055665082177 31.7230114440228
469 118.78242040543175 31.64971731917631
470 118.71464430783867 31.860357991235304
471 118.74162145840869 32.06442480676404
472 119.04185716177875 32.01716338818692
473 118.79216655193437 31.953674817277147
474 119.12106443755017 32.332143877172804
475 118.60393571307681 32.05640689739275
476 118.77249138794183 32.33997867553184
477 119.10869778027369 32.05202485344258
478 118.91747213011044 31.74221382133747
479 118.9997902547197 32.38591001561488
480 119.0889225311535 32.38659483209599
481 118.8600534065164 31.959356288871348
482 118.59969632972367 32.20338580545529
483 118.71807648662784 32.11571587237876
484 118.66401773000796 31.741919263524522
485 118.60877249729148 32.057807472862414
486 118.91599497701736 32.11906644956948
487 118.65015606259432 32.0772496783618
488 119.08363603086647 32.02799737870547
489 118.82101001911444 32.0706277869423
490 119.063934359107 32.16626803074989
491 119.0841227146152 32.21416398524899
492 118.97538322450426 31.68284901318839
493 119.0642955030713 32.32755112733733
494 119.06264426968556 31.96677644078985
495 118.90399141901729 32.15894359516869
496 118.73519475913925 31.911671220529602
497 118.79392969514193 31.64521706594698
498 118.71551288872017 32.1301115913603
499 118.82330444624098 31.897097057117445
500 118.77417961020657 32.04331128403043
501 118.72966443862867 31.81251553559848
502 118.57709481756996 31.765095240424557
503 118.77849501935819 31.819754948891163
504 118.5893390068982 32.289399738406125
505 118.75116345194557 32.337185660507096
506 118.57447339441927 32.37355351280211
507 118.75876809099336 31.940655773463327
508 118.88072323196972 32.22622623711146
509 118.54341010864378 31.734796832347325
510 118.67011190672324 32.18629120301139
511 118.79854810722829 31.945010693474867
512 118.68420177749756 32.27698204465216
513 118.89430207217936 31.757305750236693
514 119.07506420126333 32.251617510488835
515 119.05271541551146 31.66133208341104
516 118.67120075052748 32.29105978717543
517 118.6396035541186 31.93567145374152
518 118.89179140986639 31.707773665697644
519 118.76699111435369 31.829476133967017
520 118.53661474270716 32.17665479954458
521 118.66094805862598 31.953319925928145
522 119.17065862658669 31.790550216005776
523 119.1665255507697 31.79514513209401
524 118.74976509919823 32.14779908723165
525 118.5380051757678 32.112157966666594
526 119.07219624860286 31.647688508075458
527 118.69384334440716 32.25666415517139
528 118.53630382883591 31.70532355478036
529 118.67115058997773 31.78706101967852
530 118.59704409354829 31.617007138848923
531 119.12313988280833 32.01790081206979
532 118.62940678584847 32.27505594571028
533 119.03551027884205 32.33042936291051
534 118.59611404252695 31.964202929517114
535 118.55283159399764 31.680120673024053
536 118.76888365013224 31.99380463426608
537 118.93306838787575 31.832576877502966
538 118.87108975115751 31.85047963640641
539 119.0714682581397 31.784732301833948
540 118.7951144322142 32.355654183436144
541 118.93450309847768 31.915114176982748
542 118.53536618181353 31.59811813200265
543 119.02029668088579 31.99429341638912
544 118.9778287675129 32.151520654346214
545 119.0595544991314 32.24659270846533
546 118.57099775218447 32.19936766454083
547 118.81601949536167 32.156611101153835
548 118.96271214339927 31.7572038625463
549 118.49855901032983 31.87108409243298
550 119.1042777976534 31.965774948556078
551 119.06833094491715 31.73190857811673
552 118.86553082993919 31.93660274359099
553 118.74435680263123 31.680168262260104
554 119.00116427511897 31.66689229610708
555 119.11406314782269 32.26168482883126
556 118.8447892119366 31.732613947974258
557 119.1172068680886 31.974403783672134
558 118.61537754347972 32.10126204103442
559 118.72062727678535 32.362118142585125
560 118.99439180408656 31.85046600469426
561 118.75382015730908 31.754711247595125
562 118.85380050506161 32.30303223921576
563 118.96073074915091 31.850169208888918
564 118.91779382798386 31.807796556893564
565 118.8100313443998 31.714782299184876
566 118.6026292461503 31.960260354332203
567 118.78801413986726 31.776903376310827
568 118.65646859207177 31.889246298852694
569 119.05208500514212 31.865666565255317
570 119.05838061039242 32.098386982954324
571 118.65033874002756 31.951136060269786
572 118.9061130127417 32.13762853054415
573 118.97140873318382 31.840485642016375
574 118.81041347061824 31.87009482615206
575 118.56348199689144 32.39477544475797
576 119.00079211131332 31.791634892205163
577 118.54315568865307 32.21220267979141
578 118.96713073989001 32.16542072407373
579 118.56556209292587 32.11321687532992
580 118.92539435061391 31.688297081102277
581 118.69244014052168 31.59893531349023
582 118.77854317992576 32.19909762850869
583 119.18688712135042 31.671736063525593
584 119.15607845151993 31.794620176428783
585 118.90021216044045 32.387584049148984
586 118.9707671199678 32.3731936959995
587 119.0596273539373 32.3377534536638
588 119.00447534961279 32.06336730482351
589 118.5876537083975 31.982576253171956
590 118.8061852174901 31.959774107873756
591 119.08645010235249 31.86869389301541
592 119.02520147084545 32.36410254819635
593 118.64127635809193 32.25431313661794
594 119.0978014649284 32.404209623384816
595 118.92625572186887 31.837089093868418
596 118.70369904750913 32.072105655220746
597 118.53146207060047 32.14437871106083
598 119.02202425392267 31.90262980318018
599 118.8043092583991 32.060379532431014
600 119.17933199513875 31.747547239907526
601 118.6729157806586 31.85814418904743
602 118.5536912946247 31.722692448048086
603 118.66719903068558 32.1149356241704
604 118.78746515044139 31.867877809527613
605 118.51931861591042 31.931092566356146
606 118.76644776791399 31.893221293372303
607 118.67109137489354 31.6467460515062
608 119.1962595092599 32.31364893052246
609 118.62607221657073 32.17909584982077
610 119.1015269810653 31.85107441908423
611 118.6032151843246 32.30745648225328
612 118.90865860877335 32.142193591358186
613 118.95800911263416 32.39303399266424
614 118.88351867181053 31.987396643044626
615 119.16307446324596 31.688050328783635
616 118.80107262339247 31.69485896793354
617 118.94534222936058 32.19877191914826
618 119.10635180158955 32.05376830530469
619 118.6681445305537 31.770885074019873
620 118.871188831314 32.03612241791747
621 119.17560924031109 32.02130041428931
622 119.02797823437855 32.29672398402118
623 118.999477125069 31.635000654995075
624 118.77774442193073 31.68708219322577
625 119.09606876594893 31.94650589324787
626 119.077006372337 31.705027575406266
627 118.80837519735145 32.391407867660675
628 118.89196581796087 31.75919117127451
629 118.97304658193502 32.08715054429598
630 119.04429112874715 31.950671637343852
631 118.81813205691427 32.23008654957889
632 118.74380026756982 31.633578866165635
633 118.60293975639978 31.854526293530377
634 119.0111625882786 31.982954041988947
635 119.02925855692173 31.690817242385513
636 118.63096022992933 32.1063064996268
637 119.10507577613718 32.023809426770526
638 118.60308582605651 32.2599494386686
639 119.0736303231939 31.953640545775002
640 118.60075841332579 31.841287728773317
641 118.95133738669692 31.847270166106842
642 118.87877232092643 31.79143977379037
643 118.59939349058129 32.348870294087824
644 119.01467855128352 32.23802003955311
645 119.03485469810485 31.878492831269025
646 119.120299497525 31.953474633783088
647 118.84670765242846 31.680595208357627
648 118.87336781847532 32.07255786985848
649 118.95036587140942 32.19026587418719
650 119.13204059512563 31.797188609418587
651 118.77531762835261 31.96234238277884
652 118.9674827621454 32.13361919805786
653 118.92140389188886 31.97241993685091
654 118.6272815082479 32.03407085965289
655 118.97525526629386 31.75869700480497
656 119.09848948067642 32.22750383858743
657 118.8329476875698 31.679728143443725
658 119.17814935484354 31.978333268771227
659 118.8913336657844 31.836361309505193
660 119.11584410679446 31.682823141314383
661 119.03640373355786 32.281223366443484
662 118.78417739820686 31.746978103335984
663 118.72105514774348 31.975076663790244
664 118.77620685875593 32.091992001432395
665 118.74237681642639 31.827870467942628
666 118.53380139705588 31.9873293756335
667 118.51481827880339 32.02600679683016
668 118.77897451466032 31.94507365311079
669 118.63685263327478 31.88642403190525
670 119.09411937745723 31.797150761377868
671 119.16743701312926 32.34244169183975
672 118.69807910055957 32.008252123856764
673 119.01071130733871 32.16156028906546
674 118.75929138448524 32.01546076512345
675 119.10280654283548 31.842576679748554
676 118.81493304081175 31.987694410122156
677 119.15814784375335 32.255764367397774
678 118.96650911730126 32.292787094776926
679 118.58639391594093 32.34776339008026
680 118.60165038230471 31.779669437643285
681 118.78326512692357 31.8890559102207
682 118.90575903556903 31.692930100368958
683 118.85657721441422 32.39326718703811
684 119.11458973077627 32.10174079093246
685 118.50527075052705 32.17092446545563
686 118.57785125766367 31.955188944190812
687 118.71752811504889 31.799929433518784
688 119.09559942297581 31.924138170872023
689 118.50653894053845 31.83694954280206
690 118.8860851094219 32.01601760129047
691 118.48913195631114 32.2463319624646
692 118.88379938674322 32.26303637190348
693 118.83331620580887 31.842169510889484
694 118.59248734905844 31.743217851577448
695 118.91519424691093 32.186494041472116
696 118.93405328286414 31.936689360792858
697 118.82187040026366 31.750141222125478
698 119.04846040049908 32.09509016992191
699 118.54800692345283 31.687289178759
700 118.72222547488651 31.68369088240694
701 118.84698193535213 31.604746633614795
702 118.72379693373024 31.745375137378012
703 118.58923939573623 31.981404797700993
704 118.57612232213738 31.739310403242897
705 119.03841794608189 31.64865440167183
706 118.69015306178758 31.990771673586025
707 118.95894501761627 32.32597951655889
708 119.10023504786906 31.605025200950845
709 118.71240211239557 31.78088371051874
710 118.6310486600845 32.324084001535034
711 118.8991209048951 32.114251134641826
712 119.06203329855772 32.261516089760725
713 118.75506315041376 32.325684913383064
714 119.08901976853622 31.78143323505106
715 119.18871174812618 32.20618583697444
716 118.97263454506934 31.805023709990248
717 119.13142308511898 32.3563621080879
718 118.57066467446997 32.370476971311696
719 118.7726690159283 31.731391803689963
720 119.10337495779802 32.25817129539168
721 119.00214300942605 31.642545760576915
722 118.57426562846997 32.08107417491234
723 118.6608867050128 31.98208873160653
724 118.73110940323795 32.07254428311926
725 118.95073954167458 32.20099323003944
726 119.02153948260356 32.29572170673537
727 118.83732968113652 32.0048240389527
728 118.51947565939507 31.651046884860193
729 119.11977368640177 32.33461810560045
730 119.15427609497218 31.64525999480254
731 118.74457221443663 32.24417313834816
732 119.06466435291982 31.700938376910003
733 118.86585929564755 32.331070834283715
734 118.81821889288558 32.10734161636755
735 119.14861884053835 31.846065750201582
736 118.51211369941248 32.29217061538531
737 118.78965238874751 31.735554176377896
738 118.65629088845284 31.77239704839018
739 118.83553921466348 31.850531727256374
740 118.8276706342639 31.93111238887725
741 118.63084418729633 31.78121581163586
742 118.89542673974574 32.32816345220232
743 118.77534519903068 31.95562862364304
744 119.14859578077507 32.35677667181667
745 119.15813747664929 31.810431348944892
746 118.76810607234351 31.965648513622604
747 119.03493897241475 32.258923779825494
748 118.93910832871353 32.40457232244035
749 118.76655787991434 31.966513032314626
750 118.67710338890132 31.9774164376185
751 119.14854575633481 32.367742278541314
752 118.64391705135554 31.93628854610234
753 119.04699569918051 31.94842402422796
754 119.03728549517578 32.3685598425236
755 118.64504220053429 32.002973508011806
756 118.75375134908333 31.69561616834929
757 118.79642409102273 32.367660285485165
758 118.85012275360157 32.00328807624994
759 118.91674673178682 31.881958701786058
760 118.74650541047846 32.32717145098821
761 118.92096087317356 31.615003680706486
762 118.79357366720801 32.365648906361486
763 119.17217872479725 31.668643061357255
764 118.97016100773894 31.663456648810996
765 118.87538334519192 32.34384299186788
766 118.907114169143 31.970176845597603
767 118.58789342816297 31.741317642233128
768 118.68985101466166 32.392598728425256
769 118.99750885926088 31.85408272562865
770 119.200607085669 32.34773371310941
771 118.72002822199994 31.96708262987764
772 119.20176374913895 31.8952576675548
773 118.7482439942181 32.055260240850195
774 118.81580552917467 32.3283482448184
775 119.18342102779489 32.38553084772157
776 119.0719326675924 32.14946253767703
777 118.8726399801349 31.894364814160546
778 119.18549463905357 32.27350299187943
779 119.18493300611206 32.33623514426945
780 118.60922927415234 32.042203493167584
781 119.0502893346844 32.17051446796052
782 118.6826916592731 32.30333206652735
783 118.70775617058497 32.15333612290025
784 118.8110168028644 32.110969634907164
785 118.83416669598824 31.913697267114216
786 118.605399670804 32.08409825674172
787 119.02966594138994 31.782517982325025
788 118.50519779121159 31.70583421818246
789 119.17711995723666 31.7988484782851
790 118.67563266955345 31.953771434045642
791 118.99121154934221 31.867574937470668
792 118.87244511221735 32.16657820051255
793 119.08203895524811 31.908258453536835
794 118.64172507635523 31.992130554640514
795 118.52151328333791 31.819618306575066
796 118.62151880382173 31.665494676609974
797 118.98129223800925 32.17573575722541
798 119.06782530112444 31.763438335650406
799 118.60465605756951 31.972773795332614
800 118.90098554051218 32.07528136894794
801 118.53379303191346 32.145157053700935
802 119.08746974571513 31.943496164235068
803 118.56845502460453 31.81068750266256
804 118.62439235437668 32.317259407401906
805 118.94900879163544 32.121481894915156
806 118.81840989469787 31.81147477071747
807 118.68954032697738 32.21816919076625
808 119.15915372514324 32.019891479743556
809 118.88070677872706 31.934676270016396
810 118.60959031510178 31.679632097902232
811 118.79422966329811 31.781536390321453
812 119.00001407478146 31.689057354107938
813 118.82625686660569 32.151111164030574
814 118.56941188058651 32.188396741420306
815 118.61394838628739 31.961310767776027
816 118.6674261427527 31.645573978725388
817 118.87077768885294 31.736350278434536
818 118.9512023908385 32.343866154459434
819 118.83340142158563 32.30560825239516
820 118.64414028867614 31.91683012073852
821 118.74014083486418 31.702868076287324
822 119.1113838448328 31.958203301704078
823 118.66851636505328 31.946963963699663
824 118.9571599529761 31.611068861698598
825 118.75504053727802 32.171641791892874
826 119.18079414557488 32.11811470741423
827 118.49526880373855 32.058802232309525
828 118.71333755147403 32.245262481971224
829 119.04199733966855 32.254617742275165
830 118.52405043161463 31.75893757379513
831 118.77264819871559 31.65948911829841
832 119.16527011969549 31.908487890392426
833 118.96252190307933 32.29695000225127
834 118.58548090284192 32.21527983900867
835 118.56519514849451 31.795182670383326
836 119.16534105779824 32.21167664676069
837 119.14817636912457 32.058795042289745
838 118.62717707207639 31.818367210336483
839 119.10753522215232 32.16831702438776
840 119.02401314309223 31.83814978112025
841 118.77668618401817 31.872217720668758
842 118.6611154901005 31.764890474224853
843 118.59120618932447 32.04824724996003
844 118.63485212331825 31.973601607837782
845 118.8621465279439 32.094024290872724
846 118.52561076947254 31.61516699443616
847 118.93295319016775 31.92465097300333
848 118.91689749038278 31.635821203471046
849 118.94561398450904 31.8578366135727
850 119.07636243070496 31.667373483467163
851 118.53656654180516 32.02875281964726
852 119.19016077248743 32.333424547173315
853 118.83980519468889 32.28544958905849
854 118.8328863798873 31.992992610372614
855 118.60546952630838 31.883923684679488
856 118.95420683840959 31.617593323578348
857 119.10810530888409 32.1214763561042
858 118.54618670271816 31.839203606974497
859 118.7183916139015 31.916733539904733
860 119.04584609488033 32.100127718077275
861 118.51697333590559 31.747027295396613
862 118.90333808453163 32.03889785013408
863 118.6627956547695 31.967700098895396
864 118.86219295101765 31.906723034554876
865 118.60080367857294 32.26785001672831
866 118.73928688761642 32.19256958344154
867 118.75051775700197 31.7169675721299
868 118.78145877127523 32.320874846809964
869 119.17693920960366 31.601953330105005
870 118.6052115810176 31.79265040235851
871 118.68185468903411 31.717924910685007
872 118.98036312814713 31.869606356280123
873 118.7560421682739 31.706290147959127
874 119.15290046433257 31.817780809718734
875 118.75839186666784 31.91062085984758
876 119.17389466397671 31.981352487965278
877 118.62422047475658 31.821132270457234
878 118.82947085430405 31.654039519490123
879 118.86709383999877 32.01846486386487
880 118.89802863377012 32.09036389131366
881 118.77111030010619 32.122467252200735
882 118.87131684999129 31.613580819232972
883 118.6677243599471 31.68930513399671
884 118.66957119916886 32.12638253128882
885 118.55186026807857 31.69518262256866
886 118.87302226785926 31.67198045295609
887 118.841898997968 31.952358049297498
888 119.18569117171309 31.8930342430009
889 119.05381298265985 32.135661473068595
890 118.99001205063773 31.626601239216747
891 118.70785397661352 31.794551334570304
892 118.66827377752803 31.822973612324784
893 118.97706062922737 31.85478847463808
894 118.64870861877726 31.609452992218255
895 118.54243908714861 32.03842988472549
896 118.72581183338912 31.605825488784816
897 118.87396605830816 31.83910570134059
898 118.63257418698318 32.33263620622006
899 118.58806549249546 31.731915169848897
900 119.12278437313975 32.11253750530252
901 118.83453417169996 31.973634473134933
902 118.51351262390544 32.34038813499284
903 118.66620464478625 31.944916132883115
904 118.53648773697633 31.761032469303725
905 118.67403332085178 32.38995337879607
906 118.79715222545768 32.17419176764164
907 118.5975130953489 31.704959257003868
908 119.14729479071875 32.029089450662866
909 118.84257742967647 31.84789412518599
910 119.0966259689727 32.30183440959058
911 119.08392655529174 31.73077621159045
912 118.58112360803791 32.11151643590749
913 118.55541846631564 32.36285168460821
914 118.90157606185335 32.33903267670132
915 118.50867215322224 32.32925256011443
916 119.05247021606108 32.13053085441427
917 118.71836197571932 31.84434720084447
918 119.00510953045281 31.658090234505238
919 118.63501058216883 31.733657576192062
920 118.72904051949482 32.319638194980634
921 118.94770262982549 32.17121396414272
922 118.64839355389584 31.67179436575769
923 118.64816741515345 32.38005039694749
924 118.7544219374799 32.004049256552264
925 118.50490928375922 31.741317082696778
926 118.98053663489657 31.97782091306458
927 118.58512001687478 31.928727814871113
928 118.6611718099916 31.772014238190835
929 118.5467928332146 32.09406553715658
930 118.8179078345539 32.020818777994855
931 118.67903738653004 31.82111819256687
932 118.86314818268399 32.223970341478314
933 118.97165403943183 32.023129993838744
934 118.64842265878826 31.871478736721247
935 118.73512258708742 31.735618178110908
936 118.88894044999316 32.009850549426474
937 118.67183441640726 31.71740837743933
938 119.14111142332798 32.32372543708984
939 118.531577004928 32.0051354229395
940 118.6001938065843 32.34001995684224
941 118.70667662132327 31.85650468513876
942 118.96344690894473 31.965247135626512
943 118.5648286518265 32.02876886896956
944 119.12272240886134 32.305703750206575
945 119.13090764618359 31.70031762920983
946 118.95811242753499 31.915230136859293
947 118.76259062533222 31.663665583194046
948 118.69204597539375 32.33959141283342
949 118.7333003904788 32.27073990359477
950 119.11545333858547 31.915654521348298
951 118.86567640761982 32.12667024556363
952 119.1516756145623 32.04932287091736
953 118.83855587639145 32.0907642632819
954 118.65380989934683 32.26726143309024
955 118.56305452849395 32.38107823609221
956 118.97672754503668 31.662654095985854
957 118.7120331026961 32.04936003108599
958 118.95075264671719 32.32574959928612
959 119.14727560018488 31.912826015448015
960 118.51049812837365 31.804253552080443
961 118.55043759020855 31.696650192802213
962 118.73620330944955 32.10711478680526
963 118.71728598978065 31.77126104722909
964 118.76554868432112 31.90130898500772
965 118.81043396435435 31.917067207165577
966 118.79120049699466 32.084320689667834
967 118.56885431639938 32.362431708768796
968 118.73045230432453 32.39214413652629
969 118.5851909357654 31.839157819146596
970 118.6332938585307 31.813302146762297
971 118.91708044433587 32.18671397315661
972 118.53487466779337 32.159120572658956
973 118.6986729748986 31.823909928185163
974 118.92004531028029 32.35932196874177
975 118.69394399745202 32.24886648758984
976 118.8606769739019 31.76266506241883
977 118.7984713946729 31.99386614848406
978 118.92947265465565 31.664389010248023
979 119.09549036650212 32.01517806801679
980 118.69806917227037 32.04743536336494
981 119.1307675592317 31.757920732546992
982 118.96202827889717 31.677254374185274
983 118.78904274622572 31.745452217087358
984 119.07010920207264 32.008466891264945
985 118.79078387474154 31.65011314784729
986 118.97194353147223 31.747803078218322
987 119.11852674639742 31.74569722054642
988 118.71471300418527 31.93847113817654
989 118.8378285957986 32.02452696631669
990 118.77601498385829 31.886730322386885
991 118.57895034467825 32.110281882624655
992 118.57094252762036 32.33359923558137
993 118.58016950196354 31.788282296211094
994 119.10625527034522 32.390273736574436
995 119.13228991306507 31.87220540435514
996 118.74423688839389 32.08490871359945
997 119.1311805895596 31.887588652885647
998 119.16391817744804 32.14763619926151
999 119.03847151458181 32.29155085072581
1000 118.66307671132692 32.241594487881976
