1 118.93950837578737 31.951992951997486
2 118.89546682901715 31.621983612508018
3 118.60752111206952 32.03653421242961
4 119.07539791466981 31.964076108357343
5 119.18516697542493 31.94066488234466
6 118.95007130243305 31.870888125027555
7 118.89563982029384 31.759760985308098
8 118.60065306926344 32.08210212586669
9 118.69048939817733 31.839488833980685
10 118.76664784100223 31.81308998568464
11 118.63799420066552 32.095856582257774
12 119.19725989723666 32.02835996073332
13 119.14365883707126 31.708777366504368
14 118.75029817999292 32.00966104646475
15 118.61001355520595 31.743929360236066
16 118.77078426950796 32.22813069083819
17 118.62105778471307 32.289354558808924
18 118.87761173002907 31.99704411961624
19 118.636862527855 32.28593622822061
20 118.54607777506209 31.654938192269093
21 118.92535779867205 32.00331514010409
22 118.7682235153178 31.652592706953804
23 118.978600386201 31.943671985397042
24 118.87115851329528 31.666169757199203
25 118.93137724427095 31.70296855905482
26 118.72035938286395 32.07648437266256
27 118.89455883271202 31.784400232880852
28 118.83666895333651 31.680633811081375
29 118.91344453306617 31.776679301673152
30 118.51356591090496 31.87732403763911
31 119.17440732789264 31.960238880177553
32 118.67250296232245 31.755138535662997
33 118.55667430639015 32.10823292713566
34 118.7011449243491 31.9796504189586
35 118.98243382344816 32.01083746884267
36 119.15323723947444 31.89501756606995
37 119.09439416571955 32.23622525099586
38 118.7228619330761 32.060001731788645
39 119.08816888731866 31.730471344508707
40 118.54547479389424 32.16045910401463
41 118.55935483696503 32.37388504210657
42 118.62942925554577 32.01053490531251
43 119.04544060340251 32.31306493132597
44 119.01333936650009 31.873656249425657
45 118.58801885084394 32.056374249679
46 118.99396796574833 31.93952208742204
47 119.03547179642868 31.950878302196404
48 118.6160564025498 32.23600842737669
49 118.9602049121972 32.02889880967018
50 118.77809280731199 32.36580596359106
51 118.5537596490772 32.04250820074566
52 118.86645030557754 31.673047235306196
53 118.83744326300305 31.897602679344274
54 119.10937164538743 32.275553448793694
55 118.90361460997663 31.924866136697116
56 119.09183823200736 31.633133685518278
57 118.82372394790131 31.804735209385132
58 119.0017596333535 31.638256084006603
59 119.1800677432135 32.38571721504952
60 118.50961118488668 32.386239478094055
61 118.80553398789937 32.23812241792835
62 118.79992450161964 32.08880251651252
63 119.03962100334131 32.204671345122165
64 118.51200417633602 31.734836392208415
65 118.88825214522048 31.82640158678174
66 118.68459693176091 32.019230514538414
67 118.82897720545013 31.88149281630358
68 118.99746655173821 31.64025815227571
69 118.94157928033597 32.376999335129405
70 118.66695344459478 31.96034772727606
71 118.64312881730463 32.004972710550796
72 119.09460714893294 31.862049046426787
73 118.84990134386209 31.810828557864937
74 119.17395846637139 31.900032629536025
75 118.95839808614764 32.26731705518997
76 118.66248606165878 32.19896935386216
77 118.61383020121026 31.896748100151758
78 118.72332221806177 31.610393456131547
79 119.02475740823854 32.23846448896421
80 118.82352290691155 31.80843231331283
81 118.90162406481406 32.07473810547756
82 118.91077800888937 31.611546164263366
83 118.62152917251946 32.12764985046122
84 118.73646219573384 31.914026326269152
85 118.70499442893689 31.99350312169248
86 119.14869701049247 31.927963560807097
87 118.51809904183564 31.880333312237916
88 119.17266836303276 32.03820067847253
89 118.59918322100266 32.38295949685863
90 118.87527794523032 31.698392865660864
91 118.69567920424987 31.860214854822196
92 118.71844611980592 31.62512398586003
93 119.0345356476035 32.19139937170969
94 118.98493247100706 32.12891990002092
95 119.04550573608566 31.777913146914454
96 118.62657221777157 31.924843750310572
97 118.64397926643994 32.127567658349996
98 119.02462277072122 32.125231123893016
99 118.58961628840072 31.737865519565492
100 119.11440719590978 32.29912974157159
101 119.14106643352399 32.22231209496841
102 118.84770843979688 31.70733544279229
103 118.98246945857876 32.29859990601477
104 118.73103012276718 32.20115816937237
105 118.94760335925214 32.23713527433881
106 118.52182471055002 32.030666974662005
107 118.66432734133052 31.779114187601074
108 118.80518234382708 32.33179232388852
109 118.84271582773631 32.071849743132795
110 119.18874129842946 31.868275653302256
111 119.20807200694794 31.81297322206285
112 118.58399661276809 32.320459453396644
113 118.69262765304885 31.94341664120518
114 118.55492962178306 32.03690308212242
115 118.73238420522699 32.095766223255026
116 119.16421901054984 32.26260535368153
117 118.90740828291237 32.08896987361506
118 118.52698093189406 31.741603152275914
119 118.86513326781058 32.07173079903015
120 119.16380706922133 31.998802547601137
121 119.18935041133093 32.044159309517966
122 119.13779538311599 32.16265245365776
123 119.03426832334233 31.797401862418685
124 118.67474281637585 31.76203421345164
125 119.13037611787416 31.68992291870186
126 118.72183063322532 31.824277430264864
127 119.1140598123181 31.605001511563998
128 118.52966052891996 32.10067427963804
129 118.53269274379012 31.829968248112014
130 119.06268836080515 31.7565083979971
131 118.56707502115486 31.670343290937787
132 118.79646871023229 31.828104792810034
133 118.73510998846444 31.762161488423818
134 118.68780009463228 31.83609729882585
135 118.75633269291107 31.967688888036136
136 118.83353063444673 32.047798238946555
137 119.09678407182592 32.28072952222325
138 118.93837941779722 32.39484062261107
139 119.14246239704693 31.63218952003997
140 119.09022787488988 31.79280170929189
141 118.59383280073816 32.118210939335356
142 118.7935215701028 31.730808848836496
143 118.87250642452304 32.293186076229546
144 118.67872409174826 31.765200330877185
145 118.88970024537323 32.187725253849536
146 119.17820279114001 32.117880431896765
147 118.65105900002601 32.235401040404746
148 119.04380643651834 31.62916464749669
149 119.20435528734909 31.792317346054755
150 118.68025132752499 32.169439899140585
151 119.0976876325414 31.67577392424522
152 118.61895436828182 31.625788264468724
153 119.1522626237512 31.885184118404855
154 118.70797045484167 32.07036570458864
155 118.69025444161267 31.638694348967466
156 119.14085375510231 31.655504100738952
157 118.70105953387831 31.634584398205334
158 118.65680523105753 31.92486261144464
159 118.71848177363644 32.1403888674938
160 118.97243730755767 31.76555583928793
161 118.51455057198815 32.289653297129135
162 118.61574946659915 31.953140805475226
163 118.58179587173669 32.10393861713412
164 118.86225622786709 31.834844435463168
165 118.53464030584605 32.08527280096136
166 119.14674828058249 32.3706651548945
167 118.82879844999151 31.959268598979673
168 118.93427143636312 31.771342009804226
169 118.65255957973696 31.936316476280645
170 118.98205887079273 31.957035506737842
171 118.51147749881828 32.01526658452563
172 118.55904603970656 32.015079980598465
173 119.12406037599675 31.627331551643227
174 118.64957524165195 31.72618077684668
175 118.84089763389575 31.953711782685794
176 118.8649011899952 32.17442297986891
177 118.62643597818315 32.22975729224615
178 118.90894934487478 32.21663404834073
179 118.68959613352345 32.0081635191367
180 118.96530694215117 32.368391453634224
181 118.68581958447567 31.86142707238507
182 118.79470685276993 31.987095159024786
183 118.84446174255005 32.19458115119734
184 118.50927147948629 32.27791154166661
185 118.5699508592406 31.923525775289765
186 118.5492750378706 32.283007905528095
187 118.8131764366256 31.955142048986737
188 118.87886778195934 32.17303185686166
189 119.18112503971712 31.618622460099118
190 118.74410983827025 31.614097784626534
191 118.62656682892153 32.34760878113843
192 119.17551037075201 31.687908781627222
193 118.87596590904569 32.12875236854693
194 119.17018677669896 31.817362227108198
195 118.74416003092645 31.7640391479433
196 118.55614211853333 31.90922079710738
197 118.81892781759595 32.34508095771283
198 119.19059355676418 32.05451802662426
199 118.54679906913982 32.335495883129305
200 118.83435860083013 32.167956019782274
201 119.09131440526782 31.995320090287183
202 118.64689023093214 32.0055395243452
203 119.05403473990873 31.774536382375032
204 118.54592328459614 31.600101106716746
205 118.72598167270189 31.929649285454893
206 118.62780167692003 32.043707075617654
207 119.17788233708988 32.30335424954587
208 118.92914443932126 32.12670512433581
209 118.69720166349775 32.27283647252736
210 119.14723012486789 32.3333132885077
211 118.89072670485223 32.34841900404886
212 118.75802430849876 32.25653822133386
213 118.99081811082426 31.706020461656294
214 118.96869625231189 31.878477624894582
215 119.17964810512099 31.755853396718518
216 118.54018001505213 32.29247158546137
217 119.11154178123105 32.2304020892023
218 118.9612648516376 31.883597416157517
219 118.6008779460779 32.05563694336247
220 118.76591259809501 32.24313599595918
221 118.5331799778646 32.27882561731176
222 119.10172543358567 31.774191727156587
223 118.5820591760122 32.19354084096199
224 118.65074448853052 32.2474404240854
225 119.00222599206917 31.6350299191264
226 119.03127447531877 31.67883529995169
227 118.67267641779196 31.938555411284142
228 118.6130850016609 31.761778937304143
229 118.51449398635161 32.30272275178621
230 118.54953150809743 32.18141209505915
231 119.11885233769296 32.172389946716294
232 118.63347335243425 32.222721216455525
233 118.77928318544288 31.862338383575416
234 119.04256312336217 31.79817094760939
235 119.18610713489497 32.08876337786032
236 119.12050374209889 31.932361481182053
237 119.13280452504647 32.34310672448394
238 119.08233905879284 32.11347982751029
239 118.74152263166518 31.90845906877609
240 118.94876689096975 32.28189437397135
241 119.00381104286834 31.91464569932972
242 118.79029177660276 31.735410936691594
243 118.92615423020278 32.2275040250007
244 119.17604095500936 31.978998719863245
245 118.72143387952732 31.80941503398586
246 119.14916065147848 32.15667515992251
247 119.18373161841973 32.39975784271141
248 118.90819752458803 31.79488756036642
249 119.13888124206592 32.23100037035252
250 119.02344511758471 32.20611617579867
251 119.00215221423194 31.691858908406253
252 118.57738652521458 32.26989216790789
253 119.01939771096441 31.96316052497068
254 118.6183695451974 31.697760697674433
255 119.02096546218311 32.03530713873012
256 118.53126382311723 31.84382923033015
257 119.11611270744861 31.727314087034827
258 118.62483012366089 31.65944143890175
259 119.08881527426404 31.74847879404326
260 119.12202721192726 31.943363483996116
261 118.57983288416403 32.110850083830854
262 118.57771323758634 31.669277069893838
263 119.1803269147142 32.172645177246984
264 119.18418597087744 31.675734785341522
265 118.55245792826257 31.737561196086624
266 118.93226371388072 32.17615541977284
267 118.76318562509032 32.30435328759221
268 118.53888163966788 32.3822279172834
269 119.09896745736785 32.12840053351722
270 118.97120408489414 31.980223413880434
271 118.53934113438243 31.678669143237688
272 118.81714522086743 32.04668893351584
273 118.78438055502485 31.747566998057295
274 119.19498467938986 32.01545254106026
275 119.19228258838668 32.08703131714591
276 118.66155298266253 32.27311452736502
277 119.0341234656453 31.85159681922509
278 118.96360091185049 32.392074633203706
279 118.80560343213166 32.38225535444826
280 118.89553493278608 32.266417307860955
281 118.77482115843429 32.16212722761011
282 118.53179838465215 32.18163568231701
283 119.02997091634921 32.31012724276687
284 119.05997060214948 32.356451610637556
285 119.15949318101062 32.27354663065538
286 118.87100022652702 32.11286698030435
287 118.5547085322602 31.665378206902712
288 119.15767397175468 32.103472366957995
289 118.69028654775147 31.894179286947402
290 118.5909142507836 31.721306792912074
291 118.60469246395712 32.31338826073981
292 118.90950920052633 32.26271255684562
293 118.75908168434798 32.01478903776635
294 118.98140938093327 31.963730573287176
295 118.54822132193857 31.993125329272353
296 118.51522571537348 31.804636292781517
297 119.17392206193226 31.91686502958205
298 118.55859461136775 31.941536119273778
299 118.73849931966224 31.603410259425182
300 118.51520856849207 32.31681641854163
301 119.12509226524612 31.628635793655423
302 119.09057596918082 31.90325183370966
303 118.90885163065182 31.67814038538074
304 118.61032050761834 31.759367343143527
305 119.06177029266817 32.35704343799367
306 118.53913873108043 31.892600531403037
307 118.81767121484317 32.18484533673677
308 118.73315451141002 31.700559633080776
309 119.20673415989422 31.793203813897268
310 119.18324236136449 32.299989817396586
311 119.08537339101403 32.318287854366666
312 118.80933607398853 31.820883033767238
313 118.847671932016 32.37478844104098
314 118.88691624379199 32.13832709211791
315 118.8848259598321 32.006065030847665
316 118.61732203285456 31.889768252335962
317 118.65881055917971 31.883113862572877
318 118.99911703209479 32.36489654040173
319 119.08532145646649 32.15929940879451
320 119.16955064777586 32.014844133061274
321 119.02231923599732 31.631876492296545
322 118.89100591228369 31.801884141504548
323 118.56808206404796 32.34888616146017
324 118.56061766616502 32.036759876325135
325 118.61395281468874 31.88982157740709
326 118.99264997542392 31.613501407636903
327 118.69614235504656 31.80103907298978
328 118.78813837571359 31.80281003844452
329 118.60892988153097 31.746733279856272
330 118.65734200837697 31.88162169663068
331 118.77045515283523 31.753620185774356
332 118.94272668072126 31.65320714082651
333 119.20133493613478 31.681578416870238
334 118.58943137776342 31.99617634024414
335 118.71125335319779 31.655988742341137
336 119.19194760283754 32.348563757043664
337 119.10909410051443 31.75860739871857
338 119.16891735549491 31.980066803265533
339 118.85895790666173 31.926051097841075
340 118.66279663008399 31.84213263969858
341 118.65518028452635 31.853386105428147
342 119.0647392976405 31.782675256347005
343 119.15284456220786 31.82524309821274
344 118.93435780366543 31.684100539204856
345 118.96971158155657 32.14812260630175
346 119.12075477759545 32.10947010060679
347 118.68266495341047 31.860920910878452
348 118.91075039677703 32.310962317747105
349 118.89483012893984 31.902267692335048
350 119.15002701763721 32.091236833691354
351 118.73252549727763 32.00076987787212
352 118.60152096372077 31.85932117984682
353 118.56627790351565 32.34396153919953
354 118.69369001534339 32.272041429323814
355 118.55021888829039 32.271904160847036
356 118.72206150500804 32.36285469511055
357 118.90232638150674 31.606912313118624
358 118.80770955645785 31.98726830520462
359 118.95028950427015 32.36104751879571
360 118.86555527040278 31.700261300197308
361 119.02893904094701 31.79974429678551
362 118.81764060268817 32.001609589593464
363 119.04072607049281 32.12718534243758
364 118.82767454782834 31.86449426822825
365 119.01240629474454 31.836899748338237
366 119.03526637307777 32.22628239475831
367 119.09035857713502 31.614112068475535
368 118.61801754644432 32.224844324421234
369 119.00229117336612 31.943596952512006
370 118.499234256005 32.097697396006446
371 118.78295140553995 32.16231328966452
372 118.90142059041847 31.686366214174473
373 118.52595317329794 32.32284810334795
374 118.52699027648127 32.25100893935245
375 118.65515278641867 31.89296482798825
376 118.7599099542709 31.745441999822813
377 118.9926776709766 31.659390372613355
378 118.62823043738733 31.840439577679124
379 118.77757065151643 32.17989750296765
380 119.13177451595304 32.25786129957046
381 118.73707519608364 31.85661009494352
382 119.0370813226996 31.776374564174006
383 118.91874659883898 31.861959439278067
384 118.53642751043643 32.37396131696912
385 119.17338781715358 31.67479685679781
386 118.5790079116152 31.745700700648097
387 118.74973124876486 32.15697178766084
388 119.17533047691882 31.718566599152023
389 118.67127865253795 31.8074223183964
390 119.1595980944818 32.24220491750575
391 118.97070825343577 31.836467541810748
392 118.6249898124956 32.0707899735442
393 118.59266863693567 32.04372207713278
394 119.18923731279492 31.808722967873372
395 118.81836647223477 31.794054165082642
396 119.01485791129988 31.827960181566223
397 118.59221367033639 32.30324547899839
398 118.85602418096263 31.61743794928568
399 118.5668732096942 31.687141936282924
400 118.8419230881423 31.88299472205607
401 118.50175181623328 31.78096784775436
402 118.51975550751385 32.05333458090512
403 119.14304877623896 32.03542858633938
404 119.11404148796652 31.99520201409711
405 119.03196463891672 31.842351282225053
406 118.8632345604608 32.00556565731663
407 118.62660258614846 32.22242291746894
408 119.00352977823113 32.239200019469656
409 118.65732524939583 32.030878782825425
410 118.53302325374695 32.24869243217549
411 118.72999989337396 31.640646308101136
412 118.90693579605585 31.728846119907686
413 118.91516681705542 32.1954225912653
414 119.07485998105592 31.907143149107203
415 118.77512793578687 31.855400241518566
416 118.60181215065523 32.06574408506545
417 118.52827549984772 31.905950538759306
418 118.63511381907392 32.32802962810957
419 119.15433523485684 31.916251580158214
420 118.52025495016669 32.26849606891585
421 118.95242658403804 32.08185127103257
422 118.80932283525881 32.31805559421643
423 118.62886796748637 31.988521325970307
424 118.98823662249487 32.37332385205356
425 118.91118253094383 32.058715032978135
426 118.54659300671656 31.6281836596777
427 118.96890692441163 32.18607133424828
428 118.53960673144186 32.29347394679346
429 118.65400267077273 31.685925066235583
430 118.88995366595628 32.35620538002187
431 119.01103547191313 32.058194072022424
432 118.89345993472953 32.190785260151465
433 119.12610060602702 31.774120002534364
434 118.99232349739786 32.34511519849756
435 119.17122971788449 32.11908565847404
436 118.68111914944586 32.033885194365226
437 119.18186648497081 32.3671098544755
438 118.64921994549363 32.05103249531312
439 118.62245081610985 32.01535253161645
440 118.62656351699056 31.653561290842507
441 118.58157487411766 32.043229846415976
442 118.93200435590606 32.19176154664616
443 118.50149012793474 31.88886536591149
444 119.0735032077915 32.13947427332226
445 118.93274135591481 32.04941359887441
446 118.69658226420931 31.767439261343068
447 119.13257200241183 32.04106995072321
448 119.0943286965325 31.983310442043027
449 118.95122257284201 31.87492125840403
450 118.54896443167955 32.13259658482154
451 119.18172696255374 31.65808367501467
452 118.92218970100177 31.891553165511873
453 119.12159063975854 31.93981873248406
454 118.60806134368414 32.388974737256966
455 118.53123847740576 32.16203891680548
456 118.71536955764421 32.09475843371539
457 119.05727195519778 31.72033426671136
458 119.0661875697519 31.950428905950673
459 119.11453713472484 31.89842305455009
460 118.74109740536802 32.350804973476784
461 119.06429027657181 31.95954346417901
462 118.60629148127195 32.28576026960744
463 118.88112659999926 32.1247501073113
464 118.53924901635371 32.300427900038926
465 118.99176245676951 31.607057020996663
466 118.74634801522693 32.33981252426875
467 118.57471714795594 32.36584032693011
468 118.94876324844824 31.72469211955335
469 118.78566237735764 31.654332087630717
470 118.71568077878058 31.86305186170483
471 118.7501416775767 32.071487655215755
472 119.0346042932674 32.02441955037519
473 118.7916519353876 31.946132250863048
474 119.11766744494885 32.33468501973937
475 118.60067043402861 32.05551531294205
476 118.7714393217377 32.34692155217221
477 119.10676222435508 32.05325721620401
478 118.91611700101075 31.74143598493295
479 119.00334204713519 32.384231641055614
480 119.08778359235578 32.38419981976686
481 118.86779462032227 31.959680576241432
482 118.59371519260479 32.20476806636392
483 118.72019335926177 32.11546918070545
484 118.67358636539359 31.747490778647514
485 118.61157598966254 32.05871033330997
486 118.91834366698824 32.12408692208502
487 118.64881125831504 32.081680242963714
488 119.09693543942385 32.029774730047706
489 118.82208908049036 32.069773525904274
490 119.06159054734998 32.16526411946449
491 119.09073532880402 32.214550161688315
492 118.9767576743388 31.67906145918606
493 119.06808497103528 32.333552752821504
494 119.05884337144914 31.96258333416023
495 118.9038876061717 32.15577577099953
496 118.74279493162673 31.90936413758664
497 118.7932931972623 31.648101031539856
498 118.71896688632381 32.13198914267709
499 118.83066020134711 31.898575487851357
500 118.77481998099805 32.04782302738904
501 118.73008044806939 31.806933630820893
502 118.57201216213146 31.768623017987977
503 118.78453205434752 31.8251310294205
504 118.5952269208174 32.28454620413237
505 118.75163887895197 32.34112491317767
506 118.57969987665376 32.3724056359154
507 118.76505611325783 31.93705829571371
508 118.87911535216283 32.22584603894995
509 118.5427687328315 31.735716063119412
510 118.6754193197386 32.18953095489029
511 118.8005587782353 31.940770537023734
512 118.68834377481014 32.27740317138664
513 118.89736373802226 31.7571222424341
514 119.0670993661898 32.25327508825588
515 119.05229593702231 31.66319717907851
516 118.66075605296514 32.28513364011431
517 118.63639734681821 31.934679204577034
518 118.89480452025717 31.70257235503082
519 118.76679067422779 31.834714225563232
520 118.53544020814114 32.17196182163758
521 118.65956782352657 31.953421614953125
522 119.17286129871286 31.788525578042798
523 119.16625597434896 31.79291760604524
524 118.74886559069262 32.15000921322713
525 118.5396672278039 32.11096567424598
526 119.06846062416942 31.65178742543779
527 118.69379333018897 32.25631085567368
528 118.53244697977712 31.71467811463391
529 118.66969486271023 31.791460769733803
530 118.59721545083593 31.609573833211574
531 119.12944721773209 32.01466637160376
532 118.63228262392647 32.27575623577098
533 119.03553331101818 32.33609267175722
534 118.59850260095125 31.96329868411569
535 118.5582250843047 31.67771140976168
536 118.76192050629959 31.993267753814138
537 118.93153205883628 31.834397584768652
538 118.87097152317746 31.84888706978842
539 119.07295918319208 31.788718362894762
540 118.79567984392803 32.36022749063833
541 118.93219661637181 31.923497883502733
542 118.53729390577008 31.59624891354061
543 119.01919021320704 32.00112874088101
544 118.98185415534526 32.155258450860096
545 119.05904886062815 32.24916430848504
546 118.57313026702394 32.194672121139504
547 118.81377517129636 32.15387737403475
548 118.96047468067222 31.75733756856921
549 118.50056531155118 31.88300739281681
550 119.09853942469736 31.967749009237252
551 119.06582658261104 31.73242143773139
552 118.86402862362883 31.937859382894768
553 118.74695095187681 31.678040203454895
554 119.00403623926024 31.659972763639175
555 119.11376252065952 32.25531644869259
556 118.8397164441841 31.730562293541876
557 119.11212248866443 31.97388438478852
558 118.6125862185891 32.10065681906713
559 118.72515102285286 32.360063794738856
560 118.99714377078726 31.84878673513015
561 118.75693482300656 31.757920732394137
562 118.85782581443888 32.30640506396001
563 118.95885133218506 31.84986012366779
564 118.9124466343205 31.811665900793248
565 118.80304284312442 31.718763855931904
566 118.59761480706791 31.955782948444774
567 118.78155535295481 31.780206418723733
568 118.65842203684079 31.88756503549882
569 119.05447719911982 31.865802214675632
570 119.05862017877321 32.10022055456289
571 118.65632119447534 31.952264676969694
572 118.91022860703627 32.14109949256831
573 118.96810919722523 31.843694042552624
574 118.80757892830351 31.867582975167252
575 118.56163589733814 32.39433129092711
576 119.00331447331494 31.79615215409509
577 118.54848768267128 32.21411694318988
578 118.96873199941513 32.158783997891064
579 118.55781328444087 32.1172448702937
580 118.92329844222392 31.696178779563514
581 118.68930347873584 31.601758716844056
582 118.78130997380747 32.203467222205354
583 119.18734958753282 31.67517880235931
584 119.15465968895762 31.79457852280918
585 118.90589162899153 32.38759319255841
586 118.98264320511706 32.37473179973334
587 119.05672417441568 32.33730883825611
588 119.00356479537561 32.06644820520121
589 118.59003387316712 31.97871952444955
590 118.81101129549215 31.969183854128012
591 119.08416097650473 31.869459915251852
592 119.02303832064761 32.36179274006137
593 118.6452232105047 32.25162516178125
594 119.09903063038931 32.40167104574018
595 118.92654780251738 31.835375845644922
596 118.69916372202431 32.06975953644581
597 118.53199393990239 32.14117796104526
598 119.01801466549777 31.90238035434143
599 118.8058174254468 32.066711650804166
600 119.18421569332851 31.74937198804398
601 118.67832750211068 31.85673737683051
602 118.55377084241798 31.712041944200585
603 118.66606447395424 32.115089099416664
604 118.78946697394257 31.867047713529562
605 118.51972730064523 31.933291007755866
606 118.759189324843 31.900277042440727
607 118.6740789046309 31.647684740108037
608 119.19808209759842 32.3102891023823
609 118.62381036957969 32.177579758373085
610 119.10073454269096 31.847006118629455
611 118.60771908140414 32.30970412835734
612 118.91337831681236 32.14645988290742
613 118.95344988607587 32.39405053480628
614 118.88178905988899 31.98065772884698
615 119.16268640438864 31.683747996745264
616 118.8006351582033 31.695761130167785
617 118.9484758952588 32.19828652194464
618 119.10452591162937 32.06154174956064
619 118.66545886016384 31.77555792031411
620 118.87421322586873 32.033565575159024
621 119.18075301033394 32.022143701423616
622 119.03220490693806 32.29476154776828
623 118.99921116723584 31.64213568486842
624 118.77631418556425 31.68873665388916
625 119.09661470983127 31.946606337862352
626 119.07880194249168 31.710289574308657
627 118.80610747098285 32.39217563180712
628 118.89710844660495 31.758459642882762
629 118.9688117791809 32.082486972583396
630 119.05177606462784 31.957451992132555
631 118.81503085400496 32.22869579227137
632 118.74488910810294 31.637664693498632
633 118.60091686968575 31.857483033315432
634 119.00839522246366 31.980633562470516
635 119.0323896444583 31.688232605903043
636 118.63235518841994 32.102935003975865
637 119.10833941632096 32.03145604132906
638 118.60894694556278 32.263662714114275
639 119.07440766429245 31.952113512251188
640 118.59502022277053 31.833688744682675
641 118.95174608619001 31.845433075019066
642 118.87356703093906 31.792162480395984
643 118.60161153112165 32.35317294079619
644 119.0147396560792 32.245706395228574
645 119.03732890601972 31.87890410606155
646 119.12073988300989 31.95575969652207
647 118.84344184967425 31.68037528335504
648 118.86966708507875 32.070502255768986
649 118.94851854495118 32.185845615211505
650 119.13035842655559 31.794453327437292
651 118.77365200788908 31.963445491032648
652 118.97323684054778 32.127465826934724
653 118.91919607979872 31.967481481702674
654 118.62999853100347 32.040893828906256
655 118.97604081871006 31.754053789971856
656 119.09019705249781 32.2335080155909
657 118.82476585973515 31.677720550109477
658 119.17304871711525 31.981697931364153
659 118.89763256878197 31.836918371325993
660 119.11920043262133 31.67828802218892
661 119.0357048758711 32.28648515041937
662 118.78890412286383 31.755200007055084
663 118.7202008549186 31.975639967686146
664 118.77806061991888 32.09600935493648
665 118.7464983075308 31.823998653370023
666 118.53095567019231 31.98280374161986
667 118.52052482857582 32.024519144557004
668 118.78156855760102 31.940752024391777
669 118.6344522372981 31.885955922810364
670 119.09484608106763 31.798510606542276
671 119.17277862431534 32.33720828287788
672 118.6974527029557 32.00707978360359
673 119.00974514592852 32.15603422351882
674 118.75705912957166 32.01522291647215
675 119.10359703373894 31.841820586276164
676 118.81116440758007 31.981353918995957
677 119.15796888064946 32.25826864831339
678 118.95916854262208 32.300561645820245
679 118.5839618000676 32.34997090205053
680 118.5965366324885 31.772940312221117
681 118.78369174190054 31.886294647987757
682 118.90682447941158 31.69128765140933
683 118.85865660630057 32.39218195030173
684 119.11332792571038 32.10563416691358
685 118.50369945969211 32.16704774173698
686 118.5802940739798 31.950758848031143
687 118.72039116546065 31.797250742293894
688 119.09597442507665 31.91912315678906
689 118.50915953078281 31.835315232522134
690 118.88105094842118 32.02161365630583
691 118.49271411352277 32.24989270417822
692 118.88180464251211 32.263083890243145
693 118.83472054822386 31.837551609041032
694 118.59408378235085 31.742120713962795
695 118.91147665926574 32.18657546182525
696 118.9368819580402 31.937448266614524
697 118.82159261661192 31.753098701783294
698 119.05129823921719 32.08811364491772
699 118.54256036757074 31.683806442169256
700 118.72859235839005 31.681196330975006
701 118.84147594064532 31.60976608095576
702 118.7239367662922 31.75203877348327
703 118.59012923696771 31.984370338653903
704 118.577044538121 31.735097146086176
705 119.03582638421251 31.648400601988367
706 118.6834109935226 31.994873415477556
707 118.96337260174464 32.326435136934705
708 119.09858946673893 31.607628369075098
709 118.70606592634304 31.77752456039393
710 118.63037155518789 32.32118589181917
711 118.90320168231696 32.108780998942706
712 119.05529726450118 32.261933232806406
713 118.753406499569 32.323168317947
714 119.08891474995835 31.78207924975538
715 119.18836633139519 32.19646921117656
716 118.96275238655575 31.802744008967633
717 119.13234095310291 32.354115050877084
718 118.56981237971104 32.367206578220504
719 118.7722454440912 31.733618365439533
720 119.10126831398617 32.258728511716185
721 119.0074740068536 31.64725906256379
722 118.57045155825723 32.08042051939104
723 118.658566343885 31.98390633295823
724 118.73113447684993 32.075805097930186
725 118.94938902901212 32.20663719102903
726 119.02288840889128 32.29558318895574
727 118.84236664540153 32.0101662745436
728 118.51755816581955 31.655034013078602
729 119.11593789170288 32.334287802245456
730 119.15321258427552 31.65203450816521
731 118.74545940022985 32.24764219516115
732 119.06628194183344 31.69989150199368
733 118.86294140942671 32.324266606393465
734 118.82176680579637 32.10923158906702
735 119.15411828042707 31.843428809174426
736 118.509585734595 32.29355553743655
737 118.79340676594276 31.730148518673417
738 118.65818587162728 31.773100030146075
739 118.83815838519571 31.85360710137092
740 118.82886125082065 31.925101874281783
741 118.63061849886238 31.779096692101927
742 118.89964514622143 32.33454288620999
743 118.77814264040023 31.956018807387274
744 119.15048367736513 32.359978916436816
745 119.15376372599468 31.812674164052172
746 118.76450218182141 31.970325590770347
747 119.03146724034555 32.2519750137333
748 118.9407141393305 32.40257880607214
749 118.7626766240845 31.96544202217958
750 118.67568717221313 31.973413692156168
751 119.14706905079505 32.361532769726445
752 118.63819677576127 31.94445060122338
753 119.0506357017225 31.948549080318376
754 119.03392361504288 32.366153314296426
755 118.64681351294509 32.002645427981804
756 118.75638343707698 31.701837919756088
757 118.80306480288507 32.36250510792179
758 118.84710506303907 31.997323888549328
759 118.9199134199464 31.885482655285323
760 118.74621739799332 32.3202877091175
761 118.9249348634483 31.61482339377082
762 118.80062265676362 32.365856056169626
763 119.17346199474558 31.67045659894207
764 118.9749149765655 31.659072278123435
765 118.8716417840074 32.34701578509645
766 118.90134866114303 31.974511757450642
767 118.58406884165056 31.74100008955989
768 118.68920757954525 32.386493458159066
769 118.99960497068494 31.858333044814014
770 119.2021292075934 32.35027875461452
771 118.72335942688031 31.97100409114068
772 119.20788369220101 31.897278085113374
773 118.74626605399854 32.05655578763455
774 118.81055716862127 32.3305048359162
775 119.18280472179119 32.384703614454416
776 119.07841693791087 32.15170725258089
777 118.86900748616833 31.893623058106087
778 119.18095332065802 32.282547854100656
779 119.18663490049906 32.34097321839379
780 118.60699710893246 32.038809386007784
781 119.04611736923172 32.17107376477747
782 118.6835311897683 32.30757119199736
783 118.7090035513724 32.148612885671724
784 118.81285391344464 32.1115189065219
785 118.83634337356126 31.908612657468012
786 118.60882389135743 32.08209074431098
787 119.02903032456288 31.78851286741435
788 118.51047561477583 31.7045154922836
789 119.17441778598247 31.80385121427044
790 118.67924995441633 31.955817073856085
791 118.99684009079712 31.872121138590863
792 118.87127694517581 32.16834169174444
793 119.08377011882988 31.90114243328277
794 118.63964726060598 32.002147731694954
795 118.52637515775022 31.82166093147391
796 118.61891415050236 31.667895645652393
797 118.98251636982901 32.180849435940466
798 119.06541285461482 31.764117657460165
799 118.6100809999253 31.969874206831516
800 118.90678523238617 32.06596337619056
801 118.53817138792583 32.142019008186935
802 119.08716909938418 31.9388172108637
803 118.5653915715883 31.81514712098606
804 118.62343577087763 32.3103163605264
805 118.9473317273622 32.11947827279168
806 118.82246699421978 31.80707925044093
807 118.68563449114467 32.22693461292598
808 119.16078321437227 32.02188269832619
809 118.88350556743353 31.93165824139246
810 118.61062405494108 31.68381684804882
811 118.79088266598492 31.77920850068833
812 118.9969147777259 31.681810248281003
813 118.82491735066668 32.15043131247041
814 118.5704398505319 32.18650265049598
815 118.61736298698236 31.955508273020776
816 118.66733445543689 31.64363869233435
817 118.8718058558214 31.738368867218327
818 118.95556743217222 32.35202837134641
819 118.8284170114106 32.31552690833221
820 118.64259010924549 31.922579771924266
821 118.73870869381848 31.69964168094183
822 119.10952716315033 31.95672735874815
823 118.67460319611388 31.942466941425554
824 118.96209584376886 31.613850302331763
825 118.75606455160722 32.17552281847776
826 119.17539534004305 32.12242982538458
827 118.5017640058989 32.06113918493416
828 118.71445134509239 32.24470785820421
829 119.03631723398338 32.255263905991086
830 118.52585122345288 31.76254016644205
831 118.77478631045108 31.65426925548885
832 119.16831247735917 31.902342289967233
833 118.95780590090624 32.30102030687338
834 118.58991588189248 32.219606108113894
835 118.5640648342547 31.79164280050608
836 119.17175251145083 32.204490978537756
837 119.14638526597095 32.06240692480411
838 118.62521850508675 31.817600407347886
839 119.10513698783927 32.16999989128518
840 119.02649480910073 31.833673091531736
841 118.77322144147841 31.87306184182593
842 118.66055561476449 31.761254506230923
843 118.59648080976906 32.05235960049883
844 118.63622354164252 31.966216137322828
845 118.86332874542465 32.094291709647436
846 118.52063773879449 31.610385379643986
847 118.9341682801701 31.9215542406124
848 118.92224446692035 31.634960879754853
849 118.94517482740217 31.852329959524944
850 119.07974383543157 31.668407016844785
851 118.53801530947183 32.02799219562144
852 119.18629290278747 32.33069416889962
853 118.84094186118176 32.27985844687872
854 118.83784778500896 31.99918833009447
855 118.60405711256982 31.883744597787103
856 118.95871185171609 31.617618054987503
857 119.1057094909152 32.11427833467082
858 118.54191157095863 31.84289475857929
859 118.71598318980313 31.91722795558546
860 119.04381077577557 32.101462761238416
861 118.52236779712267 31.746931318494234
862 118.89911431793482 32.03997923926991
863 118.6586918627062 31.965841856668284
864 118.86422824533712 31.90534732268928
865 118.5998886522615 32.27336429342498
866 118.7449492933532 32.19564520041242
867 118.75458478769097 31.718125769979714
868 118.78297755338505 32.32361625957587
869 119.17955364295334 31.600535770397137
870 118.60571166921464 31.794559587127964
871 118.68232809563578 31.713042733744327
872 118.97863030365663 31.864084716814176
873 118.75611454810917 31.71133749461096
874 119.14856023954954 31.81928557403158
875 118.75977270616303 31.910773454577754
876 119.17634226205608 31.98109000648369
877 118.62424893798084 31.815922684016645
878 118.83083528335715 31.659134427875497
879 118.87062827496848 32.024845373721575
880 118.90202383163114 32.09512596675153
881 118.77603894563386 32.12145229910344
882 118.86885154132773 31.612863743345983
883 118.6699434522122 31.693947406702545
884 118.67088639646943 32.128412604288535
885 118.55038923896966 31.69097433918242
886 118.87991930883395 31.664665355591747
887 118.84297869375905 31.960064833493323
888 119.19004731047495 31.891963817587353
889 119.05011950316037 32.13896476730641
890 118.98476774224098 31.629409507665574
891 118.70410215843444 31.79060123087763
892 118.66475540955983 31.823802163068013
893 118.97826326938697 31.856099387959954
894 118.65410807511228 31.6134319037793
895 118.55003374190903 32.04156850605212
896 118.72762912197915 31.607257393708533
897 118.87715034039944 31.835359371274638
898 118.62860327322277 32.33299515638714
899 118.58478901339784 31.728030033928366
900 119.11478469158932 32.10693723158532
901 118.83074592031593 31.972267313313743
902 118.51000154771855 32.337687803773576
903 118.67116768209578 31.93897597396325
904 118.5414884321685 31.763272220813942
905 118.6754844909532 32.38857811913851
906 118.79171120989058 32.18065452315852
907 118.5994644308069 31.703133990730255
908 119.14853491249846 32.03116213336526
909 118.83664966563703 31.841172103974902
910 119.10642966748094 32.29974236957154
911 119.08445414895627 31.728436337286833
912 118.5828831850491 32.11963604109356
913 118.55566483777206 32.36556740270876
914 118.8991320775622 32.342485868690936
915 118.51361500471063 32.32626088808191
916 119.05777080224314 32.131643467278586
917 118.72458850437192 31.838449866409782
918 119.0009325106268 31.66326274554935
919 118.63972785455861 31.736917131074
920 118.72489947169943 32.31895093619415
921 118.94504171101828 32.17195083873031
922 118.65344848741701 31.676198272205596
923 118.64234176533574 32.37601132511937
924 118.75867334592179 32.004380666973674
925 118.51023496811891 31.741740409668658
926 118.97967274115973 31.978345222814983
927 118.5846433515395 31.92305488695516
928 118.66444377154082 31.77171574664291
929 118.54256393064024 32.09924607791625
930 118.8162555264911 32.02383611217588
931 118.68132239189343 31.817531991264644
932 118.86659280501394 32.230394233241825
933 118.96921773083693 32.02556414022259
934 118.63715433498305 31.872125529741634
935 118.73993969392819 31.72927951191605
936 118.88782825361601 32.01065833640856
937 118.66669130458136 31.71574262320254
938 119.13570691485639 32.32957202246748
939 118.52987961825117 31.999521688924837
940 118.60245499174589 32.336599535902955
941 118.7099648512898 31.852147620272653
942 118.96703524345425 31.963372519670624
943 118.56466507193491 32.02466797869071
944 119.12313955099269 32.317806122272934
945 119.13042248754579 31.702095989483986
946 118.95797851953422 31.91665690674397
947 118.75785529759892 31.66800591741838
948 118.69418666453086 32.33497399528011
949 118.73718397452407 32.26436733528703
950 119.11655127830417 31.916102126424278
951 118.86635560881672 32.132994688031935
952 119.1483516488754 32.04477001859182
953 118.83421692216997 32.08933709398224
954 118.65611187845029 32.26613366096121
955 118.55834488636957 32.38389413372604
956 118.97467244754479 31.67131113271074
957 118.70964715126219 32.050478048913305
958 118.94398863127155 32.322607845087084
959 119.150059478662 31.90943018484614
960 118.51343629650063 31.801705249437408
961 118.54358160481466 31.698466132211983
962 118.73722697352761 32.10138720411438
963 118.71710262275607 31.772986167675615
964 118.7673495045737 31.90612646056579
965 118.80943584038971 31.915860440403495
966 118.79025078899852 32.08303682832852
967 118.56318588373465 32.35870470814584
968 118.73295087232421 32.38714170089166
969 118.58336884058568 31.829721722459706
970 118.6336269040582 31.816540994889674
971 118.91392908862633 32.18412761694232
972 118.53776272465419 32.154015869180036
973 118.70201813020974 31.827626757072583
974 118.91820088223454 32.362848740274124
975 118.68986726607768 32.24890106868431
976 118.8664576908041 31.756162146208915
977 118.80596375264044 31.992634086318642
978 118.9286852885025 31.665344114782968
979 119.09446271565862 32.01610906961751
980 118.699342154353 32.05019355509646
981 119.12652205800411 31.759496019507463
982 118.9600930104923 31.675381416551808
983 118.79197595401797 31.739405516721177
984 119.06891346815041 32.00611333954072
985 118.79265301868193 31.655295481343696
986 118.96581736727175 31.74853036830826
987 119.11609073444045 31.748651367989265
988 118.7168960290005 31.93964469204038
989 118.83241672274751 32.021479098348614
990 118.78407185214651 31.89008711993097
991 118.57760709823948 32.114445610279944
992 118.5674185799937 32.332434752343
993 118.57624967236801 31.79069749730448
994 119.10953101362996 32.39607341335692
995 119.12298159162533 31.870022861897535
996 118.73579779827796 32.0820373557281
997 119.12615986145308 31.888782524748972
998 119.15965740445647 32.14314690862865
999 119.03839362188657 32.29258025679652
1000 118.66109661778043 32.23802225097765
