1 118.94737117154506 31.956254955892195
2 118.9019849782704 31.616082787546148
3 118.61138844894512 32.06111139579267
4 119.06160058054978 31.974356847842316
5 119.16104616103274 31.95509785088275
6 118.95258726555994 31.860177224612062
7 118.91002998947069 31.746963463796835
8 118.62475975932738 32.07034654120063
9 118.69352912996743 31.831638923378417
10 118.74998650948065 31.82256906231807
11 118.6302276844498 32.096766999705494
12 119.20327978808172 32.03286358914535
13 119.14658731013965 31.711746771529434
14 118.76251055481875 31.983749024005395
15 118.61498246802239 31.74076047204112
16 118.76601125968904 32.24016363652772
17 118.63030730592257 32.304358591461266
18 118.8710395938287 31.998785175781315
19 118.64577572354808 32.290292031351576
20 118.539072015423 31.681647150530008
21 118.93695633103799 32.01105299362936
22 118.74230245520583 31.645253614553486
23 118.99827599831406 31.927802451927874
24 118.85319716004297 31.67984337298274
25 118.97575360400272 31.686259707467993
26 118.74184241024797 32.0941145167048
27 118.89610453743393 31.792539890052435
28 118.8437626412076 31.667063547682886
29 118.92045477347556 31.789251355099665
30 118.53687872728999 31.864311018410568
31 119.19325227550118 31.982787068867154
32 118.6673518537677 31.754918819722324
33 118.55117777477554 32.11265241940467
34 118.6922990918674 32.00494531326543
35 119.00323712471949 32.036014101633256
36 119.16459139734503 31.92203022745214
37 119.0983515862979 32.209037207788946
38 118.69944178636506 32.06403769549544
39 119.10349100527176 31.702998586713598
40 118.55709243621135 32.15542220076003
41 118.56688846592908 32.37226926131312
42 118.64066159761512 32.01842166961244
43 119.04066955090669 32.304211305179415
44 118.97317270374269 31.869257116943768
45 118.59417497405738 32.064424667673
46 119.01703605119295 31.926768856304115
47 119.02708402340558 31.91583984420667
48 118.60659277809611 32.2296111975567
49 118.9577895277775 32.02252661712615
50 118.78934960031593 32.35701778806887
51 118.54540548612205 32.036816001850006
52 118.86187847899467 31.684492600547863
53 118.83681487174753 31.899454965744976
54 119.11404194011146 32.28562777329661
55 118.94610971148634 31.96296939738573
56 119.10374470733832 31.60535197615398
57 118.85820027633629 31.810190861492767
58 118.9828690451467 31.65416363183762
59 119.1695146446996 32.382217117283595
60 118.51622447447794 32.38155475992393
61 118.78875309073376 32.24342221028564
62 118.81523522460466 32.07355405144828
63 119.04180069674777 32.22050862356353
64 118.52186918293064 31.74520067849143
65 118.89706379455659 31.839664475507536
66 118.69294361785792 32.00937437325347
67 118.79416920198751 31.881436643616045
68 118.96646182543621 31.662901008948655
69 118.92490963985108 32.34660608830165
70 118.66550510913459 31.97356287080668
71 118.62481713659277 32.00124563437439
72 119.0769833375755 31.880673064983014
73 118.85297509270448 31.82253633695579
74 119.17114285802691 31.887751645330884
75 118.9610394105184 32.2734854731459
76 118.63962899256026 32.218509130404314
77 118.6252588012341 31.880574014726367
78 118.72771551264742 31.631800044816924
79 119.03677352582629 32.22985170202051
80 118.8326739071265 31.813751690903985
81 118.89877237950007 32.076747951582774
82 118.91208551263 31.6084854506463
83 118.6565542571827 32.11576801551519
84 118.72885309589115 31.931061395289614
85 118.69467394017326 31.977085671633084
86 119.1409982465741 31.947733628695797
87 118.51206698267012 31.89255309704224
88 119.189895653509 32.01223180717946
89 118.62040796498175 32.38638126002306
90 118.84270794401101 31.710582191986852
91 118.68434206422602 31.86854201910081
92 118.69421025683857 31.61475557830869
93 119.03066693566868 32.196918924969495
94 118.99298975681538 32.13583700220211
95 119.03431944583492 31.76030190015829
96 118.61299350731481 31.913669706745754
97 118.65732024871329 32.11864530631261
98 119.03372690776871 32.14127158819131
99 118.5585504976071 31.72242565897154
100 119.09586140234954 32.33343164598459
101 119.11907205321789 32.24825434112417
102 118.8498722847246 31.678758864041516
103 118.98034557553424 32.29176866649083
104 118.73219185936276 32.20864089949971
105 118.94395817171635 32.26232443913553
106 118.521925925564 32.00956219273477
107 118.67885508714681 31.79930648690387
108 118.7929275072798 32.36476869855571
109 118.87104013785229 32.08525814844147
110 119.19736479511133 31.879465306955453
111 119.20561163379209 31.835714935145617
112 118.58868815222122 32.32587074466225
113 118.71924505145051 31.951699954935783
114 118.55458837052562 32.04871545967563
115 118.7274941648522 32.12310058239416
116 119.1571498377152 32.277557524089126
117 118.91705876017838 32.08872949852646
118 118.52367195113695 31.75230755032678
119 118.89057466212677 32.05554835494047
120 119.17230624904099 32.00656511561653
121 119.19114322705163 32.027975022348315
122 119.13332568038575 32.14598351274836
123 119.02774644700996 31.788610143431868
124 118.65999381155079 31.741471262838253
125 119.12501791465353 31.681326723482535
126 118.725107232697 31.841126498659357
127 119.11345776422263 31.61010667622892
128 118.51686833770712 32.088437624893444
129 118.55404796775633 31.831901481477175
130 119.06692201720693 31.753739888885463
131 118.54724112719367 31.680275604258764
132 118.79584028586464 31.81127284488864
133 118.7559948868196 31.783553439766727
134 118.64685699039728 31.820255427848885
135 118.7654183239139 31.96634643967446
136 118.83341454977224 32.040961699899846
137 119.10773596538091 32.24605366100333
138 118.93706255620923 32.37315251202729
139 119.13602479833274 31.64403865959418
140 119.10531864428918 31.795158084981434
141 118.61254653214088 32.09940027459783
142 118.77291988772424 31.759346081226056
143 118.85505155094685 32.29346554724678
144 118.68522516714886 31.744930914595553
145 118.88685245864636 32.19049197422638
146 119.20107230897518 32.08920920791169
147 118.65911952507192 32.21645518543326
148 119.06722943044869 31.62908262618237
149 119.2107732005751 31.796547720324707
150 118.65532880703253 32.17762789515398
151 119.11563486248794 31.69875362579534
152 118.61512164612843 31.635754564874844
153 119.1552668429106 31.894771190020435
154 118.69394140312416 32.09261828570039
155 118.66693342899252 31.604982282299915
156 119.13106173782143 31.690381439615297
157 118.69211662223692 31.609341421649574
158 118.64713389358724 31.91722559525259
159 118.7187282780827 32.14977613643764
160 118.99737951856802 31.763539678237535
161 118.51642016272714 32.27015841336003
162 118.62679856991198 31.944186593754466
163 118.58281378763823 32.09232273697605
164 118.84415726100256 31.837846390592226
165 118.5249935799905 32.11524048673654
166 119.15695448397692 32.395102039320655
167 118.82923142798255 31.9649746021576
168 118.92590817036182 31.76481572461016
169 118.6518586961965 31.965492100285054
170 119.00801667598108 31.94074316999553
171 118.5126939809576 32.0039025102122
172 118.55457903334879 32.01943856571627
173 119.14940592348555 31.638863059026644
174 118.61880290847948 31.71469161292744
175 118.83880264884333 31.9805800531608
176 118.89009987712828 32.166932375037476
177 118.6087375276574 32.24219264327736
178 118.92592136556654 32.19319464330257
179 118.69948621894329 32.01132266989579
180 118.97527564512393 32.36163326598714
181 118.69624033240117 31.860542884435652
182 118.78382909425858 31.97466781009173
183 118.84005435426585 32.23571589261909
184 118.49248897310024 32.25400793617572
185 118.59227186632977 31.910198653399146
186 118.55309178740771 32.28023622039488
187 118.79412101983833 31.95540567684872
188 118.87730069095363 32.18254222728621
189 119.18287645225405 31.581336277322713
190 118.71810747876204 31.607558297147342
191 118.61740239662971 32.34626995642034
192 119.16029626252565 31.690550443771485
193 118.87777697692292 32.16982753350782
194 119.1631506567098 31.84126419374753
195 118.72510422741948 31.748261643114283
196 118.54363153157396 31.89306459064438
197 118.85197081778293 32.34838087930323
198 119.22438831523179 32.0710298238758
199 118.54715477204496 32.33025156972538
200 118.86288699437863 32.16072725282467
201 119.08291793041624 31.9787844156348
202 118.66879048070763 31.991830978296026
203 119.06161576436328 31.78359369863102
204 118.5406915081923 31.62796272698541
205 118.70920374084513 31.90620926011002
206 118.62155743830432 32.05041818101409
207 119.1699503031026 32.31790119439379
208 118.94483574026525 32.128685804749594
209 118.71407263900905 32.26475090144039
210 119.15268272686288 32.313687949507504
211 118.88594821906939 32.31459248863375
212 118.74199134264757 32.24435877878362
213 118.98915332016144 31.70272092341744
214 118.94885137406041 31.862932410427774
215 119.18437092281903 31.74588489093356
216 118.5223309370533 32.30308349679662
217 119.08388823499202 32.21129891768316
218 118.97663016799947 31.9031400841043
219 118.59472052861523 32.05033415352621
220 118.75072181411261 32.27182407950543
221 118.51374299120286 32.28057477743849
222 119.08112910987273 31.753092658203165
223 118.5658903740562 32.202546035475066
224 118.64354120174102 32.26192125379409
225 118.9694830103459 31.6766875290001
226 119.04105695228836 31.676842012328702
227 118.6862101461147 31.949136370257513
228 118.63299530983906 31.777746570870587
229 118.52469813692788 32.28742644003604
230 118.55352026555789 32.190788763384695
231 119.12224531028224 32.17791827443821
232 118.67538708661087 32.1987781045037
233 118.76748681433789 31.83011319099792
234 119.04415611146985 31.781400685525686
235 119.16239320895463 32.089378845245484
236 119.12413878281227 31.918145823846416
237 119.0956705044839 32.34784743546435
238 119.07598051551282 32.139703211233744
239 118.75535329947648 31.894365606259512
240 118.9556932108844 32.26172796053218
241 118.99967795489339 31.93305998254023
242 118.80101463664433 31.726147205218798
243 118.95042450532675 32.21338316319093
244 119.18404528193186 31.995810190917997
245 118.71650022178099 31.798882438491187
246 119.16028950157765 32.14428182464461
247 119.17322757520549 32.37640372328392
248 118.91395060346947 31.792549697502547
249 119.16428634185657 32.233027954290606
250 119.01413845753328 32.19463576348259
251 118.9819034428346 31.69402733120604
252 118.5765588655825 32.29706894865371
253 119.03838693927155 31.968144315744905
254 118.61165519272446 31.673221455243528
255 119.04500922630356 32.03052888166674
256 118.52920528608468 31.87022241824709
257 119.13658329701666 31.719852467919498
258 118.62464821303982 31.66010029781301
259 119.08173443413126 31.770023393836546
260 119.12584097152579 31.954464526148232
261 118.53307989079384 32.10688121915857
262 118.57536106900083 31.66298475465659
263 119.16191469424275 32.151877628267975
264 119.17692420495597 31.69502145510152
265 118.54432869822718 31.729643833653668
266 118.9411611543103 32.19469167489221
267 118.77016222284344 32.28411579919648
268 118.5317790930337 32.34794500035811
269 119.10394112617458 32.11976356576961
270 118.96197151847034 31.966981333375735
271 118.5795384089955 31.686684646983114
272 118.8069504919191 32.06595814423603
273 118.78809313007572 31.7219144788183
274 119.1811837385356 32.00817858332637
275 119.19412634486055 32.08142553334285
276 118.65942114185587 32.267572473287
277 119.02222811345084 31.855168514521562
278 118.94975444801894 32.393597816069665
279 118.83263585573843 32.365796435628084
280 118.88694648065206 32.29240496393371
281 118.79583475126304 32.17662271060127
282 118.51933824400756 32.15264822536241
283 119.0337118867016 32.32307388077676
284 119.0352892518001 32.361993596704096
285 119.12822324306156 32.25659818109064
286 118.8392209305077 32.13435746838667
287 118.54723833153524 31.70646886948306
288 119.16191902840848 32.0972012427358
289 118.68784606783463 31.864538591483736
290 118.57785614735718 31.71746638076352
291 118.60623926114529 32.308325213151015
292 118.93178609940921 32.24714443372883
293 118.76456697657962 32.01702813488818
294 118.9816840685994 31.97062439138257
295 118.52513183667429 32.011633662398154
296 118.52101183116284 31.82834264824047
297 119.18769769493436 31.90652252039261
298 118.53773110047821 31.955022374243836
299 118.76443977420243 31.627364175174147
300 118.53116142561272 32.304916846935505
301 119.1390400591012 31.64833438344212
302 119.10203367623787 31.921337256179278
303 118.8963319032822 31.704908405536152
304 118.58035515079831 31.78296232266038
305 119.09013325249808 32.347524154540714
306 118.56083058209563 31.895080832261986
307 118.79573337411577 32.17304352114772
308 118.72791423538821 31.693347516918138
309 119.22208779186963 31.78392000748741
310 119.18035135762682 32.29822060726405
311 119.08309258028544 32.32065917175526
312 118.81114628176933 31.799219038099974
313 118.85042972826453 32.3790494334082
314 118.89339433618571 32.14814697020224
315 118.88314043506803 32.01855711945962
316 118.63608442496032 31.878776016093262
317 118.66824077247098 31.865833935527057
318 118.99788975743589 32.38779711775825
319 119.09353369870291 32.16743233944255
320 119.16070589301539 32.00230051260903
321 119.03457986434123 31.623757455107537
322 118.91695312864229 31.78965694295264
323 118.54843064405034 32.35244231260521
324 118.5617085740697 32.03724932077706
325 118.63443762917818 31.86810386434214
326 118.9728617646287 31.63503438641209
327 118.69313708928493 31.82555451763571
328 118.79465228702452 31.7862296600384
329 118.59855412953047 31.728524874076225
330 118.65570575628564 31.882260865336974
331 118.7505694323184 31.735731672096858
332 118.93604526677187 31.663373757057645
333 119.19783729644638 31.707027164465025
334 118.60450311963221 31.97391700135807
335 118.7169481722644 31.646789429965388
336 119.20157824893576 32.35905642007851
337 119.10518267734793 31.774778578217646
338 119.18327441657941 31.995086845936385
339 118.86577503355592 31.92320446382784
340 118.6614646891865 31.847577579607346
341 118.64039869049833 31.864960711417915
342 119.06904741723393 31.804391071731335
343 119.16758697510654 31.83816717442297
344 118.9258036014359 31.699178749188345
345 118.95033560868283 32.142763043564905
346 119.15260956443744 32.094191201260905
347 118.6711368236889 31.85304925797935
348 118.89178422347965 32.31950604539909
349 118.89255013949082 31.917666458991
350 119.12891055870962 32.10911081574054
351 118.72108347144933 32.004547660293504
352 118.59598233013378 31.862104892258035
353 118.59364836406894 32.315566536072886
354 118.68316700819639 32.2819369313869
355 118.55288414329834 32.26986139349917
356 118.70281792947452 32.3780492458548
357 118.87317145766282 31.62886985862005
358 118.81054172589084 31.98014518112655
359 118.94414360416084 32.358743490022
360 118.86745531197107 31.7015371284284
361 119.01977351479363 31.79512482459493
362 118.81842634980237 32.00449098232401
363 119.05433926665958 32.10755934075198
364 118.81328886493259 31.87002126950559
365 119.03217605067077 31.8420618504203
366 119.00787276116793 32.227075723722265
367 119.10916470087626 31.61667042369312
368 118.60934963677572 32.2434128317605
369 119.00043885102114 31.95253252154914
370 118.4909779149044 32.12348091452256
371 118.7731294157806 32.16884805252419
372 118.93499752977434 31.675498223735023
373 118.4864328760281 32.33594601024726
374 118.5357856221391 32.25846387517363
375 118.65159500310595 31.875718391176115
376 118.78686894822577 31.768039820561594
377 118.97670921840273 31.669183971441914
378 118.65194304791738 31.839228389352442
379 118.78330658977339 32.17613919051934
380 119.15314887764812 32.292748168303355
381 118.7223187284564 31.85091602475079
382 119.0323752612658 31.785248185723898
383 118.92569007934397 31.853199910392398
384 118.55092838002851 32.38592038245061
385 119.18080094211912 31.656479571133602
386 118.59915120164283 31.729138638344324
387 118.76218316082489 32.1664487461872
388 119.18369950686953 31.692316823913856
389 118.67673972381499 31.78366363911991
390 119.1518814295111 32.27218182875121
391 118.95581747852721 31.854988131076983
392 118.61008409993391 32.09323782271108
393 118.60125921138797 32.04161332613547
394 119.18167666565739 31.83440842285766
395 118.8141237034984 31.79275616513836
396 119.05105551710523 31.80173507531672
397 118.59457321627461 32.30828764553972
398 118.87099807089524 31.62073409582099
399 118.57311625077116 31.699088615237294
400 118.83539187534679 31.88119635654042
401 118.51315199765803 31.76342801942547
402 118.50269173710647 32.03114715954087
403 119.13505870980399 32.02799483898481
404 119.12904469908456 32.009450142444685
405 119.01196417711424 31.84347114928157
406 118.84241882774994 32.01835284794084
407 118.63724276099133 32.21352508478478
408 118.99535364875935 32.24632268450321
409 118.64381703160892 32.0395376344518
410 118.53516393975869 32.24412231735729
411 118.71344168981331 31.67540882669053
412 118.90923192125122 31.723936582469367
413 118.90820786891666 32.20316243378767
414 119.0679853628837 31.91191177315501
415 118.76475458910562 31.880518122611953
416 118.58988021786661 32.058150174167366
417 118.5361031980132 31.922648671381847
418 118.64975068206316 32.33257822428644
419 119.16974524372961 31.901904099961907
420 118.50055249754493 32.249165375429776
421 118.94130267878015 32.10929983762329
422 118.81653815443661 32.34009419844632
423 118.64829394640324 31.986746736386802
424 119.00242397853783 32.36254054993777
425 118.89895241852939 32.044159592754134
426 118.56025890314145 31.61640350663015
427 118.96974440916672 32.192598811553225
428 118.53023091887385 32.28928548654041
429 118.67068944153301 31.661211606403207
430 118.88999080866837 32.37086018469752
431 119.00760511083368 32.04445794596113
432 118.87830048078864 32.19372565822133
433 119.09690770228275 31.784652258398378
434 118.97749466972957 32.35479498367741
435 119.1760022362812 32.121999468782484
436 118.69419753304665 32.05846719340952
437 119.19309399777555 32.35717867685978
438 118.64830194406085 32.04500171757042
439 118.63484690277005 32.026218283200954
440 118.61423846491435 31.61110810962237
441 118.5905701283704 32.03570496415004
442 118.93818864027742 32.18142288347791
443 118.50202005984616 31.89772707379399
444 119.0747012564735 32.160756682597814
445 118.95735449333363 32.042064942677854
446 118.7372839329448 31.778429855564937
447 119.13167673275397 32.03609376668582
448 119.09741803629748 31.998423816952585
449 118.93112534658924 31.862994130926733
450 118.51785533012684 32.13398489894976
451 119.18467580916266 31.659463004913633
452 118.91140208728552 31.89451873371908
453 119.14000399419798 31.95580616170345
454 118.60072517797727 32.39117791557941
455 118.50861534605116 32.16294227673949
456 118.7135640879689 32.11493558258737
457 119.03058428665666 31.73873091919244
458 119.06530200638187 31.962056404481608
459 119.09678693749865 31.914546504368374
460 118.72107803779348 32.349318158537095
461 119.03936207510876 31.9664410490063
462 118.59694597592325 32.282440765145765
463 118.89561913901098 32.14357487977164
464 118.52086158661076 32.274553213770936
465 119.00270893688892 31.578373784590244
466 118.75794428909634 32.3337165229462
467 118.56210663959256 32.359628122513975
468 118.9875539933693 31.718478202643404
469 118.79529466066606 31.641941913271946
470 118.71111208660803 31.861240965266603
471 118.73473800853134 32.03053521275376
472 119.04492842502867 32.03289368382563
473 118.79533043886629 31.970104028113283
474 119.11993649046623 32.32228056938308
475 118.60615819535003 32.02574783056152
476 118.78965976748273 32.34192486261834
477 119.13725395495929 32.06548570771199
478 118.91644989786971 31.758133255583154
479 118.99092454518659 32.38586081610974
480 119.09748990188916 32.389343618539364
481 118.87130829521374 31.950535142557815
482 118.60070587912382 32.20987276870984
483 118.72314981028356 32.123906137094146
484 118.66925325875764 31.75454776905039
485 118.63055401749902 32.07687278541185
486 118.89554426961494 32.12129162796338
487 118.64348057189261 32.082772521220605
488 119.0770530660099 32.038230339628406
489 118.82821981233023 32.078154931443535
490 119.08143831893139 32.16527508636075
491 119.0893598570774 32.20155815951944
492 118.9702270943414 31.67275676671564
493 119.05268774203716 32.345791421828636
494 119.0716098615775 31.98931919679704
495 118.92434460145175 32.16544731220258
496 118.69887524985506 31.90571701306512
497 118.80051218041622 31.674752332348046
498 118.71775003851648 32.12527728140647
499 118.83013858807982 31.910937649731796
500 118.74896886584362 32.01696991744069
501 118.76190803028545 31.79493416530346
502 118.568045021991 31.775242404790088
503 118.78320361615694 31.832371967070284
504 118.59667459232466 32.30991277397615
505 118.76590266997147 32.34738140179604
506 118.5731199923923 32.348097941077725
507 118.76648060180217 31.94574545891857
508 118.88428057450577 32.22579665965435
509 118.53444369942545 31.748316633727473
510 118.66633097471502 32.18254131699632
511 118.77065053314628 31.93319986852444
512 118.70457135794348 32.25003494049408
513 118.89165392882356 31.768862944300174
514 119.0706270552442 32.249009539370604
515 119.03824618224608 31.68679179184268
516 118.67829477754223 32.29914833993376
517 118.63079553801431 31.951848697300896
518 118.92027421766295 31.75312766488222
519 118.78391224382506 31.841346249298788
520 118.55684231964423 32.1743876135029
521 118.64295882668024 31.96347130150989
522 119.1715201336432 31.79014290262366
523 119.1376400120038 31.805782811703818
524 118.73687070388003 32.15121507168402
525 118.52605767606038 32.10665191381687
526 119.02583611223295 31.65485491357155
527 118.67959780570288 32.27213471363634
528 118.51876633786401 31.69913184711685
529 118.67572159136886 31.777882507761454
530 118.57625348564021 31.62059178625934
531 119.1252189321649 32.03019436974722
532 118.6351440098051 32.30612208371828
533 119.02020717488477 32.334522659234956
534 118.61548492850773 31.973795193671766
535 118.56714296818691 31.684974969555412
536 118.78310324237076 31.998929056705094
537 118.94071701471078 31.829632545298963
538 118.89112093935705 31.839269641993965
539 119.04206567118001 31.76687226696998
540 118.7765547950583 32.35329281117907
541 118.95169505111977 31.91274448687079
542 118.54343855351617 31.5996403984757
543 119.0260341059096 31.982556497524527
544 118.97291354577528 32.1207310113972
545 119.07061070259664 32.24182112949883
546 118.5531588313801 32.18806624577097
547 118.82451269433373 32.13825549648453
548 118.96400582031295 31.798680108271444
549 118.47597164405605 31.864627556162972
550 119.12375407371732 31.934886129141777
551 119.07123871570607 31.734016539137283
552 118.86009038309332 31.965554101692245
553 118.74831810110425 31.68945266786805
554 119.00510087873549 31.67666052422313
555 119.12755067183473 32.253630088333196
556 118.87169217884824 31.726835792676802
557 119.13420644817846 31.956166608237574
558 118.56971721038389 32.07786885000996
559 118.72662439518267 32.35688346614279
560 118.98724771974891 31.860230237029022
561 118.76148218938685 31.724408434472117
562 118.85464903198053 32.294837427253896
563 118.95265761056271 31.840101108070943
564 118.90901867185556 31.81770017048383
565 118.82164718131568 31.72469289564919
566 118.62298153835843 31.94221486285909
567 118.77827415018618 31.77218501507101
568 118.63670433449923 31.90759965655211
569 119.03225179224249 31.860922032553653
570 119.05978209709764 32.11720559813122
571 118.6403756500606 31.953069921068987
572 118.92423918041362 32.11046165669298
573 118.99670990889823 31.83614429621992
574 118.79990651800267 31.889106247146735
575 118.55020313893255 32.38639085469525
576 118.95503781970841 31.799536082433587
577 118.56541387272712 32.199436691150126
578 118.96339233462757 32.15416355882689
579 118.57056378029795 32.10056900215645
580 118.95836225570889 31.689499310022992
581 118.68399076030872 31.60259607590212
582 118.76200023676212 32.208371324999
583 119.16934895336367 31.648534308168852
584 119.17772255609437 31.794588280789043
585 118.87286164017242 32.37014200868579
586 118.9606120908426 32.38514675570012
587 119.06663566739817 32.352217797765675
588 119.01459847525732 32.04820556614554
589 118.58100708031265 31.97905718953479
590 118.78958769193963 31.969261937207577
591 119.08997940237205 31.88602227426674
592 119.02913123110196 32.38671013137798
593 118.6277079515825 32.246350828476196
594 119.08672149640385 32.4224143060766
595 118.9382851531278 31.843930633323186
596 118.70463997764939 32.077311724308586
597 118.5374459054223 32.12208626587781
598 119.01158905264053 31.919030750793308
599 118.83202116490189 32.06305652004365
600 119.17738709964004 31.73250496435493
601 118.66458993430608 31.84038889488664
602 118.56680826342323 31.723147552577103
603 118.66442857992583 32.07470087511854
604 118.80707473344886 31.879718607566755
605 118.53104455232874 31.94245912881158
606 118.73502043313495 31.899632827065687
607 118.65542304305127 31.63046501151417
608 119.16758355233179 32.32180157480509
609 118.63829602710167 32.162948178767934
610 119.10978490350303 31.85547904139088
611 118.55804355807491 32.34000830741978
612 118.88673696989419 32.14760382129824
613 118.9300540645275 32.40229415218631
614 118.8934265973608 31.98869414332846
615 119.15819284806393 31.684418834788644
616 118.79960799380544 31.687640310318226
617 118.93954058772714 32.17323059583063
618 119.11583761130296 32.05814042787821
619 118.66521634011153 31.773113448145445
620 118.8672356424399 32.00974036694999
621 119.19026265185066 32.033153845907094
622 119.04114504784295 32.29523217688904
623 119.0126375521049 31.620792012831583
624 118.80152948195179 31.70162660917813
625 119.10771366481931 31.91214544990205
626 119.07782304618813 31.685980963172398
627 118.79785072271955 32.38412570169185
628 118.88291999474346 31.76704531225695
629 118.97516714662837 32.09283586784935
630 119.03099608982843 31.948276560229854
631 118.82880477063648 32.231870127454215
632 118.75329420800043 31.633012276915146
633 118.62290322836182 31.870445206963034
634 119.03502016072767 31.976145729075775
635 119.02165040519108 31.68858037398852
636 118.62967547647295 32.07702563346394
637 119.11465718096701 32.01349040685636
638 118.60809670750466 32.27589150368043
639 119.08270117120871 31.965282121462625
640 118.6122350632539 31.861311312954115
641 118.94098280985827 31.85447949982352
642 118.8633332619352 31.818108360455145
643 118.60477679924443 32.3420495976115
644 119.03188968820986 32.23529575887016
645 119.00113200074517 31.866255013997726
646 119.11178482990506 31.945362427738768
647 118.82461451619609 31.67704479112216
648 118.87366661598827 32.06473760396699
649 118.97281806592059 32.18898288625314
650 119.09988938034299 31.801009245862584
651 118.76195051272558 31.965187514838195
652 118.98509678491222 32.13718039129568
653 118.92161792264946 31.98423128702968
654 118.64029783488002 32.02964619422797
655 118.98139686883349 31.762145312861023
656 119.07618206574676 32.218613498448235
657 118.8319943403748 31.686250841444803
658 119.17588424496445 31.968477951874316
659 118.86907739155352 31.83075205405838
660 119.13107555031574 31.6950339011667
661 119.00513786846977 32.301099869935875
662 118.78588420433324 31.758576779167186
663 118.718077973677 31.993454083565023
664 118.78212986884687 32.10356694351376
665 118.74597991681823 31.837506765650808
666 118.51955872813475 31.99296979261402
667 118.52981007893536 32.00693824639758
668 118.78321589327014 31.932960769217328
669 118.6165302158075 31.876849231673386
670 119.07912806470623 31.7999579348915
671 119.16502950318404 32.32352088927477
672 118.71272757303538 31.980269086182822
673 119.01820403618015 32.1500541810726
674 118.74475974512306 32.01508177298902
675 119.10477452598019 31.857739664404747
676 118.82026230838727 32.00610018973973
677 119.14192734710954 32.24360840504707
678 118.99462340502467 32.28531978184511
679 118.58645145360249 32.36257012678389
680 118.60440787489053 31.793568777281532
681 118.82830672794006 31.88225326928952
682 118.91000420519468 31.687492201718243
683 118.85292927600844 32.40995237433672
684 119.13545829439818 32.11058059137894
685 118.50604274273725 32.146162641069736
686 118.58545383107473 31.95899382613233
687 118.69176569901167 31.813500250236583
688 119.14354141676304 31.925617222702748
689 118.49891761397477 31.833872404916715
690 118.87451570679059 32.025337489708654
691 118.4933669218688 32.257816873704705
692 118.88976148288245 32.26874065114874
693 118.83055022851175 31.852353496572736
694 118.58670260923189 31.733490071864026
695 118.92641860587011 32.194020573618225
696 118.92874549934407 31.93655427121919
697 118.81823962063896 31.741446298823334
698 119.04434463535415 32.10436317977602
699 118.55068483605052 31.68281926409351
700 118.72104619149438 31.677989818866845
701 118.83694368394953 31.574775627692937
702 118.7139695556398 31.75018884468758
703 118.5847261144691 31.97502268840378
704 118.57677261327606 31.751482801846986
705 119.03667137390778 31.630727646908014
706 118.69516837183855 31.990845256874014
707 118.96460051572396 32.32336594351577
708 119.09528954680724 31.623566702830523
709 118.71414229942444 31.794138016357834
710 118.62549236552965 32.34943044302244
711 118.89747283806825 32.11145436498398
712 119.08737724387963 32.24453083760255
713 118.77657070060401 32.30820735772902
714 119.08192953059688 31.770005280477857
715 119.19830386531454 32.21491370314242
716 118.96808437311519 31.81490912768912
717 119.1236065793936 32.32378032976173
718 118.5554918015257 32.3363695971822
719 118.78203794622281 31.72324065689776
720 119.102826531698 32.29171881850287
721 119.03383949040085 31.63737514284078
722 118.5800676475463 32.07331513282407
723 118.66966170305977 31.97830932981702
724 118.71763824805922 32.0946105301213
725 118.94649913318587 32.19752206454098
726 119.02691123879593 32.30492153061845
727 118.85252836175322 31.994512951116686
728 118.53225857265114 31.644859074698932
729 119.14235303281562 32.36129722047854
730 119.17946618746923 31.64717037780601
731 118.72863040101728 32.2387133710379
732 119.07467875798227 31.70601287424792
733 118.87369556951884 32.31959844794811
734 118.82471804334494 32.10067164620618
735 119.14229007729048 31.85234913490255
736 118.4938157325219 32.26908684107762
737 118.7779742116548 31.735804843855753
738 118.6410688848213 31.78382560217294
739 118.82356137117156 31.82684645217214
740 118.81566074506658 31.91368521138105
741 118.63656286411774 31.798937574269186
742 118.91188481035194 32.319029579735954
743 118.75131067735808 31.949724037918735
744 119.12189095689828 32.37119782981077
745 119.16597699528107 31.83854425792235
746 118.7545463871436 31.966659352594196
747 119.01881967784799 32.2745412944111
748 118.94518903754788 32.39211864435559
749 118.76753998225784 31.971355723065415
750 118.71974838413678 31.978934056445343
751 119.15313783823645 32.36122197427739
752 118.6604362280503 31.93271535906575
753 119.06927733355622 31.952964102277022
754 119.03814161109409 32.392819406309236
755 118.63519537013643 32.00342890889343
756 118.75811699771536 31.68658975420435
757 118.82275004171572 32.36919327972925
758 118.84727092241617 31.9493900889839
759 118.93317871869371 31.89188069419225
760 118.77037990680671 32.30513703066483
761 118.94138039553812 31.606128468957195
762 118.79804919664275 32.36327341968684
763 119.17563645402662 31.661259938620617
764 118.96331055445806 31.641847595543975
765 118.8254019884699 32.32581547625375
766 118.88854905388143 31.961104261322923
767 118.5820198754873 31.72600550953477
768 118.67427917787812 32.382747537679634
769 118.99803063037261 31.84183050509521
770 119.22309096183642 32.34955926690247
771 118.75027841339664 31.990859931653038
772 119.21484844645116 31.91000203183254
773 118.76145437499473 32.051920756290315
774 118.80260416953806 32.327682658726054
775 119.17220324898909 32.39099816645176
776 119.0610162003637 32.13119750733879
777 118.87637807994868 31.90480240724955
778 119.18569066051613 32.270587951290636
779 119.20417131806758 32.33790302197367
780 118.61905934377803 32.00923667205316
781 119.07099733707894 32.191299209540475
782 118.68441866395787 32.33184671087453
783 118.71118105493866 32.166541031988814
784 118.78999716181796 32.10352861970873
785 118.84465344673369 31.878095815093626
786 118.58813847152787 32.09039553308968
787 119.0306248184124 31.771994487235304
788 118.49572991242944 31.714819130698015
789 119.1914362705157 31.79549036737718
790 118.69504348332211 31.929754544450155
791 119.0002389234382 31.870531253454498
792 118.84743478717012 32.15620781139623
793 119.0792439270224 31.911199102804297
794 118.6101079204027 31.967013527745628
795 118.5197273468789 31.816359401039314
796 118.61171109775938 31.699193170510487
797 118.9663514187489 32.17496597945273
798 119.08073833916 31.784948900557502
799 118.60369563285383 31.972355466517964
800 118.92470048780206 32.09035321884633
801 118.52104622945018 32.132722002378735
802 119.06083280405025 31.949901323660963
803 118.5750313181798 31.802424349986822
804 118.6385220505832 32.31007441651412
805 118.95376163511094 32.14350573694704
806 118.81007975953025 31.780589018930723
807 118.69401505467569 32.242087075984585
808 119.17267254373978 32.03458713497631
809 118.8815535622505 31.954862470526795
810 118.60591483173371 31.70031621219717
811 118.80165679250078 31.780747176531918
812 119.00472022171375 31.68906497116799
813 118.80734612521678 32.123598399034854
814 118.59128561603143 32.17892204817906
815 118.61609531385393 31.97220983133918
816 118.66515224490566 31.64440975649038
817 118.88277008063262 31.710837772566993
818 118.92817876369729 32.33850301256554
819 118.82502137819203 32.31826646006511
820 118.62835341848118 31.922646150254177
821 118.72704110471348 31.703224595013026
822 119.12675845403967 31.970213760435055
823 118.67761479244834 31.93823800706724
824 118.98712814108637 31.60791581618705
825 118.74155925727163 32.18770648965623
826 119.19383921832193 32.09826289419134
827 118.50572552561545 32.033171551295105
828 118.70361753028968 32.24254029740756
829 119.04409574931012 32.28559768459882
830 118.53475501342533 31.770502168875918
831 118.76222346901766 31.650993531276885
832 119.16018282623314 31.906803328471643
833 118.98290494616327 32.26992373482122
834 118.58672547257004 32.20821572401132
835 118.55286855500228 31.794633366238898
836 119.17569954640717 32.215806362134664
837 119.15195552056042 32.06409475185793
838 118.61003669068388 31.794297664569434
839 119.11484173233738 32.1465255300922
840 118.99756188964827 31.838169918862427
841 118.79708844791433 31.876273239884224
842 118.65461416600166 31.76540512390784
843 118.59933587245246 32.050597165113885
844 118.65196237326097 31.986465821948357
845 118.81658596427421 32.102844627840476
846 118.52342160006222 31.597803323881298
847 118.94520152645701 31.9268568794737
848 118.93630504435146 31.645063840845445
849 118.90476010499258 31.844070277289102
850 119.09328121078696 31.676601922390955
851 118.56499956852774 32.069005475762815
852 119.18316820805195 32.34160103551897
853 118.82197998517232 32.27249080353867
854 118.83257499147356 32.005154160420716
855 118.61936606775225 31.8736409255574
856 118.95996744436385 31.613244737202294
857 119.13471809774556 32.13446435297405
858 118.55557950546198 31.83297545477535
859 118.7127012031797 31.94205146013268
860 119.05310930254308 32.09230323405995
861 118.51747434788678 31.737074253004735
862 118.90365075332133 32.03909697400399
863 118.64656907460447 31.970522439826905
864 118.87254200765159 31.902623588598928
865 118.61216918562424 32.27878020113025
866 118.75175048756434 32.199026210949434
867 118.73031377665414 31.683665664674002
868 118.77526236198021 32.31336242586298
869 119.17122557072888 31.57760576338489
870 118.58886347132675 31.782699910100856
871 118.67938242134649 31.704193273140906
872 118.98366435220937 31.864529772623495
873 118.75889426113095 31.69802765785175
874 119.14270134195455 31.81285179347914
875 118.73404471454117 31.93594512572446
876 119.15672204828806 31.971568242693955
877 118.59259371476809 31.82944525812075
878 118.82236622635828 31.660290071738387
879 118.86785972732956 32.01985388046349
880 118.94255587168419 32.0749740640998
881 118.782397178269 32.10907276164086
882 118.87232980657866 31.59760647548536
883 118.64121713598074 31.682316685301142
884 118.66805437562518 32.128067687181115
885 118.56746313126114 31.733464279754415
886 118.87437709121188 31.696844899636744
887 118.82874527542494 31.94501597377554
888 119.19603001932616 31.90281628433105
889 119.0564199337376 32.132921987699994
890 119.00018020878044 31.636507356844838
891 118.72312828010753 31.79259805938176
892 118.669207084789 31.7958231063137
893 118.9763807340206 31.84685494698799
894 118.66862170202812 31.593311680062445
895 118.5214476956858 32.04091696612608
896 118.7189568643849 31.593570234293693
897 118.86684707299975 31.82232123098245
898 118.62344552583734 32.31978189462286
899 118.5793700233553 31.70627696234457
900 119.13452539923009 32.14450182856411
901 118.82401855885111 31.96945808490378
902 118.50546458361242 32.31653613684264
903 118.66302260339019 31.966773248874244
904 118.53650364047165 31.774707126152673
905 118.70360302844583 32.41330223255989
906 118.78537728634032 32.174839967661406
907 118.58689946480295 31.717452555125973
908 119.1388779789776 32.04327421873204
909 118.83171201914548 31.862074111344633
910 119.10058471867029 32.31215156617551
911 119.05968810115552 31.727973201004446
912 118.58983099596325 32.10238767051177
913 118.54152581251296 32.348002091458106
914 118.91156629526583 32.342787263593806
915 118.5300201524972 32.304512505656035
916 119.06946601508542 32.10110230100078
917 118.71212923324656 31.85545728016378
918 119.03660691000778 31.64639854707814
919 118.62780023226063 31.75251384602874
920 118.71702901494022 32.30904555615292
921 118.94406174915083 32.15855497319961
922 118.65178030536234 31.6739244343167
923 118.66562383930814 32.376970708341396
924 118.74694787510391 31.999352226693087
925 118.54647903598057 31.743746224944083
926 118.984218510845 31.97401467682576
927 118.57693398351734 31.93759015986608
928 118.67534714502305 31.78011155865485
929 118.53434221651959 32.11678837997188
930 118.81946718540449 32.03517338309556
931 118.71519143161395 31.824678726076108
932 118.86479306395769 32.20585234205902
933 118.96019505872746 32.033488000160254
934 118.638900731216 31.884060198267704
935 118.74263648765783 31.715933490436978
936 118.85765316648622 31.988709218394916
937 118.6700812328589 31.726301104332745
938 119.13959929060535 32.32526648465712
939 118.54608689759952 32.013486294739266
940 118.6143966811006 32.332672010486164
941 118.70310827630422 31.85314253802881
942 118.94129544352809 31.941285812076387
943 118.54231861093844 32.03458386092717
944 119.14002004952638 32.3105001133526
945 119.11735855961047 31.71126101488651
946 118.95697222361875 31.909848221873563
947 118.75882442466539 31.68434561640857
948 118.68944163244919 32.34292415647509
949 118.71369559808646 32.25835426737692
950 119.12241250468402 31.922751935378486
951 118.88013947964734 32.112981884654715
952 119.1654919036295 32.057551852180225
953 118.85652871769973 32.07234790223063
954 118.64484189093221 32.25019168418351
955 118.57810705330895 32.36769838192239
956 118.9638639633932 31.650188435959347
957 118.72215323816509 32.04219118629906
958 118.96166357539512 32.3254382318026
959 119.17423894061693 31.915813473339977
960 118.5189448848366 31.780038946317678
961 118.58327865009451 31.67505555957178
962 118.71041516009582 32.121669829682034
963 118.71006030346601 31.73253695503412
964 118.76948947311713 31.89097863200118
965 118.79973940311807 31.90125838769239
966 118.77758345452314 32.098481159389195
967 118.55447318739046 32.385412892850574
968 118.73045055332071 32.39425751678512
969 118.60631939962924 31.849113620883646
970 118.61589615299884 31.814498302946856
971 118.91981634568582 32.18275849286919
972 118.52742511925337 32.1498974667075
973 118.6921662397329 31.82733371079616
974 118.93308453297098 32.36262101020111
975 118.70017663960198 32.24330383637632
976 118.85677039453569 31.74794979221674
977 118.82984896226245 31.98564198496694
978 118.92970019149813 31.655776281492084
979 119.0761738251463 32.033680040730374
980 118.6878805873599 32.04527122621745
981 119.13313496396603 31.777429068868816
982 118.97318565891014 31.662023025223686
983 118.79067578951151 31.714717512212466
984 119.08826309685928 32.02737792322701
985 118.78045046048882 31.637994233652588
986 118.99522084478036 31.754512232663842
987 119.11716090018241 31.731560897786892
988 118.69680329274176 31.924570723439654
989 118.83447196216571 32.01858457542421
990 118.77162249558404 31.878066039781057
991 118.56094118093719 32.095735475093974
992 118.57103590209908 32.33746934190719
993 118.56738768250412 31.801091889551667
994 119.12963108802525 32.38783165648997
995 119.11937701766387 31.87434872326584
996 118.74062735094431 32.08984098395021
997 119.08319453564627 31.890121412726188
998 119.16257007333432 32.16141420973361
999 119.02887538275755 32.2886189523757
1000 118.66979278110703 32.24137842352587
