1 118.94648644714441 31.95611015921057
2 118.90980012448051 31.62381192078037
3 118.61491981426475 32.061510524434496
4 119.06667362917005 31.965471571672428
5 119.15746193382179 31.95712855983151
6 118.94522341528214 31.86277375038696
7 118.90800544118211 31.748448035917495
8 118.62579041115629 32.06796933128374
9 118.69687476765675 31.83396162927627
10 118.75128317940307 31.82077877096415
11 118.62960034450643 32.099025348576056
12 119.19768983491537 32.028833155945414
13 119.14876500774082 31.714372815358395
14 118.76304958333647 31.983428305559205
15 118.61613454400349 31.73802585554812
16 118.76469712439234 32.23746659548894
17 118.63061839148016 32.30500566452022
18 118.87195881933526 32.00119826208781
19 118.64292963512517 32.28834917221715
20 118.53748078268278 31.68176102063599
21 118.93486774924285 32.0083920675368
22 118.7442328736019 31.638095112087647
23 119.00441132117315 31.93163116808835
24 118.8480284671338 31.68295681892887
25 118.97858768940203 31.690420617073986
26 118.74318555649425 32.09491011180373
27 118.89558233901958 31.79037315816032
28 118.84347289758384 31.66565136159747
29 118.92138006222083 31.785896112374942
30 118.54253031410423 31.869712454964763
31 119.193742772069 31.984198942394446
32 118.66782124858692 31.758060690200697
33 118.55728134758346 32.11474677171214
34 118.69757042146036 32.0056756757037
35 118.9990292529296 32.03510547780913
36 119.16380657283308 31.921381996839113
37 119.09831546579758 32.21215438806903
38 118.70142616284262 32.06579109671087
39 119.1018700469437 31.71017728083954
40 118.55251924610451 32.15542252899937
41 118.57107096706052 32.373973287050006
42 118.63888837628113 32.01824301490623
43 119.04513899364044 32.3042792615165
44 118.97534379054484 31.868434426722587
45 118.58830787902791 32.069129900467225
46 119.02084322554302 31.929898929912447
47 119.02738252126377 31.914463517104455
48 118.6048048831713 32.23012275883022
49 118.96066934504854 32.029075149190604
50 118.79023759899819 32.35387745248353
51 118.54519401113205 32.03944388153953
52 118.86409847676302 31.679458756969066
53 118.83806688552274 31.89488387661988
54 119.11635610177525 32.28545223756875
55 118.94768985145267 31.961057179035755
56 119.10202624919614 31.60211866712571
57 118.85647863513958 31.81214437126268
58 118.98535404616038 31.65417326923876
59 119.16142708556512 32.380571929225226
60 118.51859421123824 32.378192305062015
61 118.79124609732158 32.247403772790086
62 118.8111713297901 32.07244700294425
63 119.04339195078542 32.22414586922923
64 118.52382699906804 31.74528130327478
65 118.89820556116894 31.838190088578678
66 118.69466926990876 32.015858585153936
67 118.79173854564216 31.882464646629657
68 118.96581543027895 31.659565607002666
69 118.92601502730751 32.35229853867406
70 118.66173280441821 31.972285380637036
71 118.62188049633062 32.003368648109046
72 119.07365163514748 31.878724778613922
73 118.85811141427686 31.826196557684952
74 119.16914244617432 31.88892245823086
75 118.96490289552578 32.275757174220324
76 118.63586094469039 32.21775856231887
77 118.62582943060713 31.874934714886216
78 118.72806829879224 31.629581518946143
79 119.03573450429762 32.23351454931847
80 118.83083305591978 31.81398323911617
81 118.8981040542303 32.07673957579455
82 118.91014972446088 31.60436707421896
83 118.65154017648445 32.117635133692225
84 118.73144521942721 31.925425082014318
85 118.69268495666098 31.974799039322885
86 119.14157626115944 31.94705393176225
87 118.50748807949094 31.88758387326037
88 119.18933574316607 32.00839804513813
89 118.61998988886015 32.38904340021797
90 118.83817908100494 31.716798450408895
91 118.68066420731121 31.86972747522461
92 118.69424603171517 31.615405753188234
93 119.0324504245709 32.206617349671866
94 118.99313859428419 32.135465876851
95 119.02932490603786 31.762836259827747
96 118.61055804876393 31.906125139696403
97 118.65531143222177 32.12367588665078
98 119.0323650128649 32.144718915870534
99 118.56543350871156 31.721950063956758
100 119.0952833335289 32.32956440136118
101 119.12157637938691 32.24934721667839
102 118.85087120912823 31.67943264819513
103 118.97756177766489 32.29117576796269
104 118.7283230743853 32.214295773763595
105 118.94666797417577 32.26013333461984
106 118.5263115907213 32.00767383333067
107 118.67922386045925 31.7948652041843
108 118.79720500586173 32.365888673435556
109 118.86990672542782 32.09011097122927
110 119.19790458311174 31.87964501494208
111 119.19928839236583 31.83641494180856
112 118.59158052870715 32.322543498276914
113 118.71681970221368 31.953958979716894
114 118.55620133269065 32.048136149987414
115 118.7205508939105 32.11905754757543
116 119.1531682821808 32.27698681083859
117 118.9177664523855 32.08702054962779
118 118.52425217661694 31.7538877281749
119 118.89679680130591 32.062495879008104
120 119.17271347239159 32.00657826913373
121 119.19526821545202 32.02417902483046
122 119.12914658806767 32.151764076190396
123 119.033533506038 31.783399094736946
124 118.6562670408372 31.748242255357148
125 119.12139964344419 31.679024706154312
126 118.72823132649386 31.834005946955862
127 119.11832136817922 31.608099261803517
128 118.51962075868991 32.08316585022735
129 118.55700485870888 31.830769008263914
130 119.06818261485333 31.755051172169125
131 118.55053942055989 31.683649075914186
132 118.79812344339126 31.80816828635451
133 118.76144937941875 31.781695281805735
134 118.64405245524374 31.816288996177903
135 118.76607102118292 31.966301264789017
136 118.83639754388157 32.04443875917669
137 119.10688044283404 32.24142587930999
138 118.93023782326858 32.37562089693426
139 119.13602636966333 31.646435220281035
140 119.10964673622276 31.798420140970574
141 118.61472373143742 32.09924750708327
142 118.77589248820209 31.761458161771056
143 118.8489735956349 32.29359403870494
144 118.68374898106745 31.74208995951964
145 118.88544971435728 32.19017743449487
146 119.19993224967374 32.08534601532519
147 118.66022319767826 32.21449101944828
148 119.07360918006782 31.627897515652204
149 119.20908056796497 31.79748474186011
150 118.65318871892435 32.17333926982901
151 119.11431472250078 31.694631385044136
152 118.61317262724559 31.6325495207629
153 119.15716773452742 31.89669247850575
154 118.7011076722579 32.09791959521241
155 118.67009047786084 31.605827020686736
156 119.13184763203739 31.68540010027861
157 118.69255875947624 31.610055736633157
158 118.64760279880046 31.91333735589562
159 118.71998090308433 32.15068434080405
160 118.99404118763164 31.764728819093587
161 118.51504726924371 32.27348806446368
162 118.62629755113197 31.94190631613434
163 118.5846267196502 32.09470805239854
164 118.84772684303906 31.839323595845297
165 118.52487358888291 32.11817737352847
166 119.15646221240793 32.39381772966754
167 118.83080083461022 31.96781219825928
168 118.92583746263507 31.762897004508783
169 118.65261439476392 31.95797843452672
170 119.00157839451181 31.94388551939203
171 118.51747644300366 32.00166779611945
172 118.55172556991438 32.01850258618606
173 119.15105806145453 31.64187107765811
174 118.61740350685724 31.710534316588955
175 118.84139221757214 31.98013007495431
176 118.89392911032516 32.16796921644658
177 118.61220714631521 32.24334984030811
178 118.92922629238014 32.1856627475945
179 118.69922950340968 32.01616923796622
180 118.97317640844028 32.37165117608302
181 118.70370132568098 31.859066523440475
182 118.78347087617223 31.97823349825185
183 118.84585996274195 32.23263429948101
184 118.49876097621068 32.25694105307786
185 118.58891039526416 31.918235217365687
186 118.55508003571335 32.28040347826601
187 118.796340880649 31.956991430140167
188 118.8807060618651 32.19069148806681
189 119.18325500696123 31.582602209899328
190 118.71661873691141 31.60833136713353
191 118.61722855388602 32.34349616829356
192 119.16071253980957 31.69113487808469
193 118.87792032043167 32.1676055692419
194 119.16410873129098 31.840246349809476
195 118.72250112203184 31.744024001404124
196 118.54746508039757 31.891561626880108
197 118.85082028751702 32.3487969373091
198 119.22567069442525 32.07662927195503
199 118.54560758475978 32.32690973930743
200 118.86520106956642 32.16557317405888
201 119.0790052279874 31.97475855315534
202 118.67057372264621 31.990129391942393
203 119.06258434232205 31.77145474895524
204 118.54133374518393 31.63211592248131
205 118.70701733124857 31.902778468178248
206 118.62369954150383 32.04582967169498
207 119.16595553187895 32.32439988223371
208 118.94557867144688 32.12835799081784
209 118.71847927590385 32.26164827404134
210 119.14783099342934 32.308160332343405
211 118.88604669167235 32.31668282860066
212 118.73895281980651 32.248738844863176
213 118.99205608408957 31.70691598452647
214 118.94182637570681 31.86664246473411
215 119.18812183630831 31.747793973373753
216 118.51776917744874 32.309112962642224
217 119.08684299752392 32.21356017678683
218 118.98240477130588 31.895529964145478
219 118.59724361186561 32.05101095265511
220 118.74639008422358 32.27230080912058
221 118.51494655716247 32.283115776169815
222 119.07867342500332 31.748803132293638
223 118.56885813329903 32.202239775778665
224 118.64555183957587 32.26555486430364
225 118.97189625412747 31.675759984479694
226 119.04114248429244 31.675522304678378
227 118.68566186375284 31.94738096394151
228 118.63404533298215 31.77691816977794
229 118.52414919140192 32.29218506791143
230 118.55192605018824 32.19229562255692
231 119.12248408268759 32.17735827709082
232 118.67573840354649 32.19795172537346
233 118.76293595256907 31.828583280222695
234 119.04011901861432 31.77609236852527
235 119.16166664873329 32.09664151444757
236 119.12477342441208 31.910374446753366
237 119.09476831257095 32.34622232597131
238 119.0818115237226 32.1387437686273
239 118.75682916933171 31.894837831456243
240 118.95692723395818 32.26276368186955
241 118.99636983031387 31.932677826263507
242 118.80238944989262 31.72638520530278
243 118.95416930118091 32.213381876325684
244 119.1809408557945 31.99444629059703
245 118.71522946365418 31.798025500637145
246 119.15845004187516 32.13784735866753
247 119.17669338759514 32.37754860428135
248 118.91087666569261 31.792132593751695
249 119.16684537355138 32.23015384316645
250 119.01059885742805 32.19294949209293
251 118.97917399359906 31.697234023494534
252 118.57763685641164 32.29536908841938
253 119.03650784550291 31.967684170167058
254 118.61173507263203 31.67171827976785
255 119.0495057041506 32.02897676509219
256 118.53238794596861 31.87614435461551
257 119.13681408780191 31.718630370628677
258 118.62653962282127 31.655200220099978
259 119.07899225687616 31.766125327586618
260 119.12730486280286 31.954036896408006
261 118.53589757626692 32.11206631600796
262 118.57394562350744 31.664402506977094
263 119.16271695675145 32.15452428194699
264 119.17580584223319 31.691364006868895
265 118.54085849668364 31.72737598104972
266 118.9425314505302 32.19889062274206
267 118.77207324385377 32.28953837131597
268 118.52829572111713 32.34790232852834
269 119.10198941319514 32.12426440576325
270 118.95862225894756 31.970998271076617
271 118.58076171329638 31.68302442247316
272 118.80771598457271 32.073072461468385
273 118.7855960184199 31.718986490110346
274 119.18660468140524 32.007251429659924
275 119.19507622147405 32.07910274629588
276 118.657561029252 32.264723750675
277 119.01803089654302 31.855644304851385
278 118.94773284284723 32.395786754204025
279 118.8284826229049 32.36680696272116
280 118.89318105070026 32.29750701148205
281 118.79742584911676 32.18274532319862
282 118.513974169227 32.151023149934
283 119.03484865095044 32.31845162784063
284 119.04388876814203 32.3640190068171
285 119.12586253394738 32.254499954063434
286 118.84362624421745 32.136442107626294
287 118.54890334891843 31.702191404762857
288 119.1631617306176 32.09727060891561
289 118.69927094558662 31.86570310296238
290 118.57745913814239 31.713078312522345
291 118.6018139389837 32.304762759913004
292 118.92947668341185 32.247479845569984
293 118.76311185847072 32.013353290217765
294 118.98066068526151 31.972161304586788
295 118.52535225857825 32.00635079704231
296 118.51285693528072 31.827511942507712
297 119.18339166456269 31.914888722665893
298 118.53730464476511 31.94992151685434
299 118.76956038864643 31.627805695195534
300 118.53152085839912 32.30234086477143
301 119.14068869098296 31.649108762145502
302 119.1063736227362 31.92073769043718
303 118.89972287765613 31.70572454426769
304 118.58225460277691 31.78537041046268
305 119.08596757914474 32.34628745965177
306 118.56144769014568 31.893001549481585
307 118.78885339779343 32.177361376238665
308 118.72770625816564 31.701105334525202
309 119.21860795177572 31.780979776257514
310 119.18631422070736 32.30161439314004
311 119.08482188025484 32.31610437488452
312 118.81404469787721 31.803217182857598
313 118.85240941334257 32.37586193348032
314 118.88899825064698 32.14879811224492
315 118.88380717398881 32.0159687933107
316 118.63948253785236 31.883352828166153
317 118.66954823256545 31.862146996642995
318 118.99871679555471 32.387211093749855
319 119.09457504450894 32.16175387745907
320 119.16273574173 32.00770736919665
321 119.03478730877856 31.628461467377498
322 118.9196220197628 31.792007957405573
323 118.54025232910328 32.3510026680595
324 118.5609827920364 32.041662326526634
325 118.63180751657947 31.86845415183569
326 118.97399304524771 31.63170660974887
327 118.69696247559597 31.824152596624796
328 118.79427854046358 31.78852506359835
329 118.59988150423112 31.727014573633664
330 118.65585481674624 31.88121064747787
331 118.7523912857232 31.738911585312284
332 118.94059305986192 31.66270521126694
333 119.19681112528133 31.705871611864033
334 118.60549022354638 31.970023460623164
335 118.71426590993399 31.64685415820876
336 119.19787727146645 32.360610985215494
337 119.10563196581501 31.769601271608714
338 119.18194589145651 31.99279511987217
339 118.87166724138 31.918560537070167
340 118.65720030302425 31.84966971693648
341 118.64093374108042 31.867261253338192
342 119.06822753296535 31.805981217776875
343 119.16594510927034 31.833169334193165
344 118.92076886601828 31.699571465544786
345 118.95370616081254 32.143111617961225
346 119.15259172665505 32.09080597049583
347 118.66482005519002 31.850069893682555
348 118.89151676229163 32.319127206290666
349 118.89112108587769 31.921135150734077
350 119.1266734504038 32.11165532252071
351 118.72456088669719 32.0028300804938
352 118.60117339847491 31.858170360447915
353 118.5987329229 32.312329598617296
354 118.68218530831234 32.28298303786229
355 118.55200182680292 32.26897361495579
356 118.70535866635794 32.37615208383182
357 118.8792915734028 31.62832260220509
358 118.81066914727035 31.977476098821825
359 118.9423269724594 32.35801000085306
360 118.87214556285433 31.70172743170301
361 119.0184959132771 31.789009701415903
362 118.81502637617339 32.01143271172527
363 119.05399512348863 32.10796910681097
364 118.81211869466279 31.87319004110155
365 119.03048581227804 31.84410490892108
366 119.00321032637153 32.23057281815086
367 119.10031951232574 31.613242519984063
368 118.60869922762352 32.24392527162421
369 119.0012653179979 31.95151983168967
370 118.48918762483967 32.123103012933306
371 118.77419063044643 32.16756503711793
372 118.92888815807446 31.674466202798133
373 118.48935949387172 32.33916688123622
374 118.53351987134612 32.252036534204166
375 118.6490890327756 31.874854637043946
376 118.7827727527605 31.76260790725951
377 118.97575625901202 31.665449849341677
378 118.65178505070415 31.85566782912527
379 118.77937703893359 32.17227484282437
380 119.15834517572172 32.28789477785921
381 118.72241029611995 31.85006025077855
382 119.02845288802753 31.78576355156459
383 118.92742850709227 31.860730171017664
384 118.54586052308075 32.38337113477964
385 119.1813776913672 31.65687941385488
386 118.59867182346865 31.73180567769954
387 118.75974654778518 32.161262397429404
388 119.1853223141873 31.69521983575931
389 118.67257308404828 31.777856546536714
390 119.14906229729752 32.272793268097956
391 118.95960251176592 31.856888887437602
392 118.60708376687724 32.091863897403236
393 118.60087370474157 32.03978286957224
394 119.17581434922305 31.830147974487417
395 118.8109458974463 31.788540619495958
396 119.0572864919998 31.79808780356721
397 118.59173973173154 32.308296279790895
398 118.86967584745858 31.621953323900897
399 118.569517322407 31.698197803032688
400 118.84085117176679 31.88127389445318
401 118.5131410485102 31.758873499858023
402 118.50036223699263 32.02790888773956
403 119.1349298763635 32.022377099606636
404 119.12418495723789 32.014055551204606
405 119.01401092402898 31.845557182029776
406 118.8438192961515 32.022316704644496
407 118.6371439914243 32.22182628664335
408 118.9928941793672 32.24033541069374
409 118.64076399452672 32.03672347082437
410 118.53628719476268 32.25079757835185
411 118.71280416301258 31.677305236045548
412 118.90320829623529 31.72180954048598
413 118.90530465367668 32.20117300519191
414 119.06997987483545 31.909661782972655
415 118.76274908203686 31.882929489679007
416 118.58900767901257 32.05733551073033
417 118.5393306511201 31.921839275086217
418 118.64859163405774 32.33706040610567
419 119.17359727730773 31.896736823730258
420 118.49484822432048 32.25373849078922
421 118.94167910837466 32.11149263732876
422 118.81486955640045 32.34792204452014
423 118.64638670915564 31.98411695710845
424 119.003109525301 32.36060261015452
425 118.89839403280071 32.0372968402778
426 118.56097489627867 31.616994090442663
427 118.97609801206742 32.194245095737465
428 118.52675849273942 32.283790605742816
429 118.66950965015165 31.663718701069904
430 118.89187470216858 32.36624014526257
431 119.01199624673623 32.04721132511941
432 118.87536204400482 32.19168537491014
433 119.10026829347962 31.783448351176393
434 118.9780341908079 32.350131072330115
435 119.17275756138123 32.12222607407828
436 118.6964390878724 32.06073713596987
437 119.1854425402697 32.354503526724656
438 118.64900947604667 32.041270942224266
439 118.63589255798506 32.02038247903253
440 118.61799039939088 31.609018940533137
441 118.59185475236582 32.03490464272484
442 118.93890372075333 32.185579318263805
443 118.50301872005679 31.902071432012054
444 119.07457576046205 32.155762379776846
445 118.95806557532524 32.042657843267605
446 118.73882289649247 31.77296931225439
447 119.13180883701976 32.035660541954265
448 119.09939669445467 32.00396568375904
449 118.93812053466577 31.86751011321052
450 118.5205955255141 32.138960048615225
451 119.18670724805341 31.660496891101108
452 118.91392898783668 31.896620648947007
453 119.14504090254617 31.949559562245025
454 118.60392892385931 32.39218258432276
455 118.51373967857216 32.16520410507437
456 118.71621841121177 32.11061252590258
457 119.02674463332848 31.735083696630195
458 119.06476623244322 31.95708729578055
459 119.09792316202004 31.910824842511033
460 118.72511406288345 32.353175568761465
461 119.04486805733892 31.965735376511635
462 118.59558347548627 32.28353273148551
463 118.89524923507723 32.14885516133201
464 118.52710011241629 32.28094377531105
465 119.0047841248895 31.576718792609434
466 118.7581486732966 32.33000748410975
467 118.56099897389537 32.363364895449195
468 118.98431856690306 31.722958830711416
469 118.79618271336417 31.642089593321323
470 118.70659705821451 31.861328897984468
471 118.73417296720493 32.03077766854602
472 119.04534532618763 32.034243725550375
473 118.79480646471131 31.97344406237855
474 119.1193247364314 32.31883213317356
475 118.60541024949802 32.0267018370162
476 118.79022831238544 32.33901544259065
477 119.13815532734377 32.06961651260946
478 118.91186249358437 31.755162534460382
479 118.99571670900293 32.38920005244564
480 119.10085753509254 32.38954297202413
481 118.87006844295573 31.953957474741756
482 118.60097427595265 32.21531147439782
483 118.72887750111711 32.123990668604854
484 118.6743837998666 31.75785710812927
485 118.62613080993945 32.074742488438204
486 118.89967394437892 32.121249844247494
487 118.64224342546596 32.081996267971896
488 119.0787564467962 32.04198601476991
489 118.82845292663646 32.07537920205905
490 119.08034400974083 32.167084819765584
491 119.09195965508614 32.19907510378929
492 118.96805372347609 31.665479608426526
493 119.05021063135456 32.34249129129484
494 119.06876938061676 31.994731379606737
495 118.92548021029803 32.16201080109701
496 118.69951000103175 31.90949065476726
497 118.79336427253494 31.66945685621036
498 118.72067760127625 32.12708845832161
499 118.82970802787376 31.91081924488939
500 118.75166892263803 32.01440248994374
501 118.76503027702402 31.799351636889483
502 118.5678186732928 31.778119589270055
503 118.7823301911108 31.831224871603915
504 118.59630915717509 32.3107378299226
505 118.76638072140717 32.352737179113404
506 118.56958800362489 32.35211897670433
507 118.76694849729638 31.951554151986443
508 118.88886772816537 32.22814256344838
509 118.5348224573063 31.750369660579832
510 118.66964020556853 32.184367137303376
511 118.77458752573604 31.939377004088197
512 118.71250353940064 32.253676347384335
513 118.89162641080796 31.766224201415586
514 119.07111915575749 32.25045947786444
515 119.03901601429165 31.686933305682075
516 118.68192395489663 32.303003202098495
517 118.62634466761648 31.948320247876254
518 118.92011048150125 31.751386686945672
519 118.78466945401026 31.842326733902205
520 118.56033273200329 32.17838128195873
521 118.65042868819305 31.96558579582345
522 119.17196929183619 31.792254701697757
523 119.13140515069384 31.806361467982292
524 118.73738582552377 32.15200925976997
525 118.51830928769272 32.11264271554531
526 119.02904696061934 31.65812011147721
527 118.68319990961052 32.2739512239437
528 118.52230585121926 31.697340981882853
529 118.67606277666539 31.775725991170464
530 118.57156559469283 31.622428964831126
531 119.1293114919555 32.03420031054981
532 118.63725306594488 32.31276635018399
533 119.01733154011305 32.330948275413846
534 118.60715579409086 31.977335282819627
535 118.56635158226858 31.68635677213811
536 118.78733855689592 32.001281813504306
537 118.93700062481643 31.828494252377958
538 118.8890609423776 31.835574506644395
539 119.03900264017112 31.76385492826049
540 118.77251031572126 32.35246231852334
541 118.95465739361204 31.913357679293817
542 118.54135597768831 31.595686653917028
543 119.02563263639979 31.982028579190803
544 118.9690661677664 32.11694509770105
545 119.06884353844035 32.23755051904979
546 118.55052742612342 32.185901796566625
547 118.82864437068956 32.13815557262171
548 118.9657567447168 31.80169498212647
549 118.47380412902532 31.86650493118278
550 119.12271384686204 31.936235235164514
551 119.06764058331552 31.73201609136109
552 118.85996153779388 31.970167882759792
553 118.74713545557739 31.685474055818432
554 119.011714246602 31.678928474415585
555 119.12409782921394 32.25054319191285
556 118.8702743609855 31.7258869230476
557 119.13659874077689 31.954409096028776
558 118.57231456728421 32.077642255843514
559 118.7228988847733 32.35278038391854
560 118.9903441820143 31.858652667738586
561 118.76593145754191 31.71485386418127
562 118.85972453366901 32.29815019616567
563 118.95099729727357 31.84351399099771
564 118.90601247198136 31.815621034858673
565 118.81839318325085 31.72425989548092
566 118.62457085952573 31.94395517620314
567 118.77909926256467 31.768748914397246
568 118.63044497704097 31.91049998232885
569 119.0263198305619 31.857143559658688
570 119.06455473625391 32.11905539731732
571 118.64045745081143 31.946647166473586
572 118.92496685016991 32.10644426676189
573 118.98364836336219 31.836090983015374
574 118.7992166460224 31.892178959910694
575 118.5502170493476 32.38597058269828
576 118.95671627125633 31.800477240708506
577 118.56545720353478 32.1959591570296
578 118.97345840353155 32.15459332043176
579 118.57671779689272 32.09650429984839
580 118.95519991669995 31.68502205970758
581 118.67893690047094 31.603848250071163
582 118.75624153398181 32.208634632478656
583 119.16955844676318 31.646820139511846
584 119.18095761400846 31.795629008407683
585 118.87668927201112 32.368678114310775
586 118.95897433521537 32.38792144669343
587 119.0673951221883 32.349429425900524
588 119.01303314351368 32.04299517378277
589 118.58562766190522 31.977010379099077
590 118.79146665850065 31.971580709039365
591 119.09087488471089 31.89424244396245
592 119.03039980210917 32.38972645651878
593 118.62132375745011 32.24544622673187
594 119.08483012815255 32.42069777997249
595 118.93731950552039 31.837203947525815
596 118.69672338202008 32.07728546948045
597 118.5324631750862 32.122974533906095
598 119.01178168452377 31.912951762112936
599 118.82351962655336 32.059746180777026
600 119.17539944855591 31.73401412185639
601 118.66489226665071 31.83999644973718
602 118.56372323735117 31.71934983505373
603 118.6629912415423 32.078923679775784
604 118.80242224992578 31.876380280345
605 118.53220913295793 31.943254632393895
606 118.7373268041723 31.899903908857784
607 118.65231426935732 31.62702239076318
608 119.16058209257879 32.32461669311492
609 118.63396885146284 32.161660586182336
610 119.10536946010619 31.853712241157854
611 118.5570737295702 32.33762860414555
612 118.88747603879038 32.141628916139325
613 118.92787410120725 32.404904534343814
614 118.89514241762622 31.98558122458878
615 119.16038669055042 31.682255633041
616 118.8036333372941 31.68895668117455
617 118.94183245517105 32.17125493987695
618 119.11384138245774 32.058247590288666
619 118.6636510841043 31.770318790951745
620 118.8634935939976 32.00590877023932
621 119.19296390468763 32.0289371784443
622 119.0308096398707 32.29099536685273
623 119.00568554771839 31.617323667506202
624 118.80306558077598 31.699010532503216
625 119.1088919862359 31.913780317445383
626 119.07196331333652 31.68853360685574
627 118.7930451933178 32.38444888669122
628 118.88671755406703 31.767280627283768
629 118.97258549324141 32.08555301807673
630 119.02803595513969 31.952298347147945
631 118.83470183454727 32.23351594782115
632 118.75228399543906 31.636935113287826
633 118.6174564150333 31.869374172136265
634 119.03793698121603 31.971549622241124
635 119.0284179239978 31.684145856491966
636 118.6298587684195 32.07533613211262
637 119.11225921611465 32.01396040882713
638 118.61428839723813 32.27181261089836
639 119.07843539303421 31.964688116635983
640 118.61243061969412 31.866568694334585
641 118.94284222634236 31.860539406374272
642 118.86725254214787 31.822720919454323
643 118.60878549785394 32.33863365314508
644 119.0315233429053 32.233584949255416
645 118.99760513073484 31.86597320865904
646 119.1075894802455 31.942491594919176
647 118.82439978936748 31.677196303666836
648 118.87651188147224 32.06428843803575
649 118.97626228288159 32.18928698116864
650 119.10613010370362 31.802656086604955
651 118.76402760833932 31.96708353843032
652 118.98934096139303 32.13895706543137
653 118.92177253064258 31.98654489178089
654 118.64178673906899 32.02946166007445
655 118.97947660257098 31.76249159491938
656 119.0776506545285 32.22375753519194
657 118.83034190717214 31.68964876399465
658 119.17857692187386 31.965710166939925
659 118.866467563953 31.832043637262533
660 119.12674623236205 31.69509942449908
661 119.01013954471102 32.29935506009908
662 118.7815976649376 31.75667913611384
663 118.71655457149996 31.993574205533164
664 118.78516102708691 32.097437000099085
665 118.74534816963933 31.83478915105891
666 118.51019311822652 31.998673936464918
667 118.53061916552872 32.006979384790576
668 118.78265135907205 31.93684405257218
669 118.61396416060931 31.873777763540772
670 119.07936931012317 31.801759002350742
671 119.16223342530016 32.32323656643878
672 118.7159142466033 31.976874227038806
673 119.02357109077609 32.14933036846402
674 118.7434211973371 32.01545889000158
675 119.09968129949961 31.861618303219867
676 118.82108534297511 32.01093253626015
677 119.13892786327507 32.242975008473095
678 118.9915143155893 32.28358105963314
679 118.58446049440991 32.36398084618205
680 118.60906173529628 31.800187964530956
681 118.82671683261286 31.87637420354311
682 118.90806331648086 31.68325021850515
683 118.85119527429394 32.41132214292403
684 119.13945511685839 32.10736361082156
685 118.50434146800889 32.1529672853889
686 118.57859850786409 31.960295942583127
687 118.69552501810163 31.815718149780185
688 119.14499570488081 31.923133201326056
689 118.49813269648612 31.83899382298239
690 118.87378744191385 32.02689619161064
691 118.49141608982188 32.259761994957124
692 118.88822773626828 32.267003894040045
693 118.82936973005627 31.85144718510498
694 118.58568886930362 31.7363414543129
695 118.93191212264101 32.192111680455106
696 118.92847677795173 31.934419407744812
697 118.82085321605405 31.735100654188308
698 119.04976071094892 32.10213158585334
699 118.5467184832297 31.679348475454113
700 118.71955493601993 31.67598756911888
701 118.83517223551979 31.577636779877807
702 118.71532974145906 31.750082854259965
703 118.58207017431346 31.97894922384531
704 118.57910419432093 31.75414930431241
705 119.03962957135631 31.630792188512494
706 118.69923943741938 31.99025365510227
707 118.96286387048735 32.3201999439006
708 119.09494254654241 31.624938742141744
709 118.72157611651609 31.794291180749024
710 118.6285544222273 32.34807647500918
711 118.8977918418603 32.107231610011894
712 119.09129976299475 32.2446382856252
713 118.7743515484406 32.30986668633936
714 119.07940257208732 31.76670105260725
715 119.19608323923234 32.21369866510324
716 118.97104279525934 31.81722840651056
717 119.12756602365744 32.317983774368024
718 118.54966002958201 32.34189703689688
719 118.77862245423304 31.721751348707638
720 119.10181489315069 32.28980118070287
721 119.03689862682157 31.63708110259577
722 118.5876751783208 32.07059608488889
723 118.66991214525625 31.97763042525038
724 118.71489073587487 32.09578391853212
725 118.94590503654273 32.19831673289034
726 119.02466564347114 32.30284481078308
727 118.84809935149676 31.99589714565088
728 118.52874276846619 31.645101171905164
729 119.14225099779203 32.35752940923105
730 119.1742753177691 31.644324321212576
731 118.72590499365526 32.240757420161
732 119.07953262486264 31.706114453708853
733 118.87297626003473 32.31184943579397
734 118.82518491327505 32.10438886965259
735 119.13962648828084 31.85207208906406
736 118.49312941512687 32.26579076832774
737 118.77784454905958 31.735734664978633
738 118.64214251953376 31.790118042485044
739 118.82071408717174 31.827977303220052
740 118.81261228504951 31.915596286313544
741 118.63659419106804 31.79311377493318
742 118.91165212198206 32.319766821536106
743 118.7532546950357 31.95022996386552
744 119.12494000276615 32.37396657778441
745 119.1604075087703 31.83904833012829
746 118.7492534351693 31.975431092244676
747 119.0153295863338 32.27608294515451
748 118.94431570528593 32.396716624311765
749 118.77011113432758 31.966607715169285
750 118.72518441027076 31.982250116025632
751 119.15454199142718 32.36187316724575
752 118.65566710075016 31.927952058812178
753 119.06750622589936 31.948070375018798
754 119.03632872250024 32.39452900761467
755 118.63635667719979 32.010044539052174
756 118.76364332297129 31.685497686720876
757 118.8213330882682 32.372572662210175
758 118.84230174314067 31.945397638070784
759 118.92786382951702 31.893875308624327
760 118.7683890166887 32.30720546908465
761 118.94318820866489 31.603237089264667
762 118.80490420294728 32.36843692146479
763 119.17376646029264 31.662983851867256
764 118.96292343638538 31.640466746659367
765 118.82628399731173 32.32634122396323
766 118.89361859368562 31.96306363101784
767 118.58657995191975 31.730607135339486
768 118.67939136189506 32.385063335578394
769 118.99663479710699 31.835157070793645
770 119.2221567497341 32.349103865397154
771 118.75196500818693 31.99243645041497
772 119.21266131489321 31.910372359214705
773 118.7601833438304 32.05530798083576
774 118.80767352615979 32.32947068771895
775 119.17394929734898 32.38963687711743
776 119.06045905770895 32.1291297862571
777 118.88301595743513 31.903544729422304
778 119.18702155989594 32.26868942407034
779 119.20949712579517 32.338764184735474
780 118.61361228152519 32.00672458344176
781 119.06905091520095 32.18351732397901
782 118.68408781340226 32.33426059028215
783 118.70958865516613 32.16543804939977
784 118.79172822094282 32.10272718778378
785 118.84498653740329 31.877502665682073
786 118.59436884554452 32.095435899120346
787 119.02542404233965 31.769803870034032
788 118.5020546603246 31.712325364895324
789 119.19156597192331 31.79712654159552
790 118.7031113972594 31.935031917772214
791 119.00073223491961 31.86959910361818
792 118.84982738651817 32.1528118795703
793 119.08284440927581 31.910376091492704
794 118.60485157988859 31.967552316914034
795 118.519306314782 31.818787552979384
796 118.61812241594583 31.700577030460728
797 118.9647951699587 32.175912337404036
798 119.08202500304724 31.7822890212174
799 118.60293224972055 31.97293674858825
800 118.92046413149423 32.09349680160908
801 118.52296380617685 32.13269666306528
802 119.0625930594216 31.952491294853054
803 118.57275907528853 31.80384192040057
804 118.63892907824273 32.31419757636909
805 118.9556583334459 32.144435415840974
806 118.81557314808445 31.78601668144361
807 118.69252337435353 32.239350922068226
808 119.1730338690187 32.039695097353984
809 118.87877422274182 31.961081222915656
810 118.60663668286428 31.70574545629322
811 118.80195497987047 31.781082911305173
812 119.00213270805965 31.69263215407343
813 118.80422332530587 32.13287510918251
814 118.58698615198074 32.18200895252166
815 118.61716306621946 31.972862862368952
816 118.66549195691064 31.64622812518503
817 118.88944643448167 31.713549181915376
818 118.93154118287909 32.337127057513925
819 118.83013499366464 32.314466198208045
820 118.62392787229935 31.920261153450337
821 118.7303332213455 31.700108438276576
822 119.12715362965127 31.967763081590395
823 118.68319125022195 31.932097797560722
824 118.98347632760277 31.60503637131507
825 118.74190108348238 32.187341689679144
826 119.19617302932824 32.09803073181249
827 118.50711875921715 32.032631982435745
828 118.70627769427924 32.24296974531034
829 119.0415965517352 32.28531525511732
830 118.53388640573581 31.773639442786205
831 118.76527622452714 31.653462386942223
832 119.15632180005593 31.90453656215309
833 118.98483599147343 32.27874995108442
834 118.59172551914912 32.210729286861685
835 118.5468329985116 31.798892735474976
836 119.17276383812343 32.211336834970005
837 119.15307709874183 32.06711342137631
838 118.61075885215534 31.79732165371837
839 119.11187992063154 32.144241142975055
840 118.99725735137626 31.830707052132077
841 118.79888616362733 31.873377704405076
842 118.6517568685214 31.76023666101822
843 118.60016123625576 32.05763541129537
844 118.6499601185712 31.98523603631914
845 118.81431688227597 32.106338427404886
846 118.52270428027946 31.593766962373596
847 118.94352474484862 31.924544447320148
848 118.93456454059289 31.649038078140705
849 118.90544712905728 31.846967882652958
850 119.08955022107396 31.673669829929544
851 118.56476797241903 32.06983352963504
852 119.18388980944479 32.345533833314995
853 118.8271498507122 32.27255150577902
854 118.83369482843113 32.008498552885655
855 118.61859343833393 31.87279678655682
856 118.96477024053128 31.608114407470435
857 119.13859265057549 32.138432230612786
858 118.55375480221034 31.832441793552526
859 118.71472525109543 31.93850040391745
860 119.05609279547869 32.09263357659373
861 118.51226863582917 31.736604466609066
862 118.90596108526572 32.038095173743265
863 118.64884252039494 31.971153692971267
864 118.87398058415877 31.899492428035593
865 118.61038444133062 32.27696026333182
866 118.74955239537083 32.203620689445074
867 118.73121110097271 31.688895148845642
868 118.77487344214575 32.31489712725357
869 119.16972713226589 31.574092896449137
870 118.59155577207052 31.782770061938674
871 118.67519069077579 31.702094917503338
872 118.9803884464524 31.863970884908227
873 118.76008617905671 31.6975497275175
874 119.1448589019964 31.81558183397065
875 118.73033915388544 31.937555091262546
876 119.15990608711593 31.96615850509949
877 118.59486384143035 31.831101876434722
878 118.82428725686562 31.65873287471765
879 118.8683814382714 32.02294084395669
880 118.9358037105586 32.07539159086124
881 118.77959502760675 32.11456979504873
882 118.87680529972731 31.59952002831108
883 118.63969675818119 31.686175140553203
884 118.65927881395888 32.13031811438747
885 118.56995870253787 31.73443197411961
886 118.8721104927854 31.701290848207744
887 118.82626910082475 31.946204081980394
888 119.19226320074863 31.902293722942865
889 119.05713468991269 32.12592622533288
890 119.00001677473453 31.63288979841352
891 118.7201380477568 31.789568247282233
892 118.66996888651997 31.790053227323977
893 118.9779044414652 31.849874705602602
894 118.66557620115702 31.589088717165144
895 118.51455110820568 32.03434039204894
896 118.71968783503281 31.592940599958194
897 118.86954661124945 31.830102444992303
898 118.62266039543975 32.319133095361174
899 118.58300110641852 31.707709594613604
900 119.13729300807114 32.148096364731884
901 118.82869485294505 31.96733977547523
902 118.50455236286417 32.31540895702515
903 118.66409205493186 31.960245070617848
904 118.53732273422513 31.77996786006666
905 118.70499374590305 32.410550403893936
906 118.78973249911832 32.16871184220062
907 118.59416617357479 31.71866990742842
908 119.13779319022893 32.04215338909572
909 118.83317994359751 31.855920677252236
910 119.10302732672623 32.31612514614173
911 119.05834015643305 31.727212901349976
912 118.59094904179555 32.09855983687189
913 118.53912220851004 32.34546334858925
914 118.913003811499 32.34413303552556
915 118.53678724136755 32.30599026331031
916 119.0687708803237 32.098241351064615
917 118.71748089107018 31.858624658301764
918 119.03777872396758 31.649273801316802
919 118.63132378575665 31.745314152599757
920 118.7115739876029 32.3042826442362
921 118.93917908561178 32.16048067222457
922 118.6552605336672 31.670957761425107
923 118.67078186138704 32.377045037460135
924 118.74600287715485 31.99633425481952
925 118.54341801361907 31.749993196908797
926 118.98449812259854 31.971182925402132
927 118.57704594727052 31.941949981101317
928 118.68026003915118 31.78013035154358
929 118.53223634700544 32.11503511643421
930 118.82054443297858 32.039903489727486
931 118.71376222985319 31.823535675964926
932 118.85865535816217 32.20603555303234
933 118.96352467626787 32.03349313865403
934 118.63761343477665 31.875745821358574
935 118.74329666672823 31.708673545129763
936 118.86635012851245 31.98813742393416
937 118.6646837933858 31.72829150417757
938 119.14489922879795 32.32621871088935
939 118.54289022082456 32.01237293808345
940 118.60998773248609 32.33150941848771
941 118.70442540046659 31.854941173124985
942 118.93966505777247 31.943351629646116
943 118.54196862315462 32.03430908335659
944 119.14154684327369 32.310152724841345
945 119.12059342960805 31.71317862582523
946 118.96149203923544 31.909758486872416
947 118.76196173898676 31.683586474801256
948 118.6888473926449 32.34067694064827
949 118.71182542001554 32.25382072377555
950 119.11619447908905 31.920264805916055
951 118.88153551236255 32.11396114271347
952 119.16200861740762 32.05784665659063
953 118.86051472153933 32.077176907491285
954 118.64073017236426 32.24441170536132
955 118.57877914361802 32.36893607520268
956 118.96678455982149 31.64982242618373
957 118.72334757442354 32.04587318057449
958 118.9627685093411 32.33180665401851
959 119.1707912379279 31.91321627357159
960 118.51714058320663 31.783116660043664
961 118.57310266258304 31.67393656611083
962 118.71173210901662 32.12201491260516
963 118.70955145172967 31.737728685870678
964 118.77567291881633 31.892397453909155
965 118.80214266313115 31.89968828184534
966 118.77741819172579 32.1001501104685
967 118.55815016445119 32.38160096614487
968 118.73036141905106 32.39242196837537
969 118.61095900247501 31.849235105431905
970 118.61944329925811 31.81151209121685
971 118.91552567158679 32.18326523523109
972 118.52913129200219 32.15088280516161
973 118.69077429277102 31.83018719829285
974 118.93602991561836 32.360751450744374
975 118.69798625023654 32.245403509735695
976 118.86271553337701 31.753679077623556
977 118.82989176697839 31.979375221694987
978 118.92456635118872 31.657311558326146
979 119.07727199147456 32.03884087336457
980 118.68778186640179 32.03994005194219
981 119.14746941509209 31.776802023281732
982 118.97339675884157 31.66492915584517
983 118.78459394235986 31.709287771176914
984 119.08651901474751 32.031998063216996
985 118.78472429075924 31.64287948156807
986 118.99796591823232 31.74981165315213
987 119.11971060105309 31.728086112000103
988 118.69737603954808 31.92278478437898
989 118.8348360523032 32.01826471523419
990 118.77608144056141 31.874676709543206
991 118.5605921543089 32.10156649403907
992 118.57098192615169 32.3377136327891
993 118.56767030186988 31.799413188173297
994 119.1269484552379 32.391873815335295
995 119.11966885052978 31.87855748038716
996 118.74311322997242 32.084032775408815
997 119.08553935196319 31.888808752703127
998 119.16626089371023 32.15569734767173
999 119.02439034918042 32.29002717081656
1000 118.67150549387841 32.24125748292416
