1 118.94041473081484 31.948307941820122
2 118.89247300025113 31.60594992494997
3 118.61751779234541 32.046482570166035
4 119.06104317429927 31.975089962086923
5 119.17443499871185 31.95040160187189
6 118.95194072951473 31.86898597711037
7 118.89968015692574 31.756333177230697
8 118.60825535491546 32.07706540767374
9 118.69783219444206 31.84197943169485
10 118.75163408614755 31.804892742236802
11 118.62253376097054 32.09422323198612
12 119.19743544200358 32.02598913885157
13 119.14179482771036 31.729678435539522
14 118.7594131891158 31.97733467967825
15 118.60057011636012 31.730928167486166
16 118.77342331669271 32.22958311228518
17 118.63172766103456 32.30450135397824
18 118.86520599212068 31.99668867004244
19 118.65688647532001 32.28033826093192
20 118.54685553667294 31.665923312904773
21 118.94163615181716 31.99852842097326
22 118.75706957252903 31.65385701882585
23 118.98515675379595 31.941583727106288
24 118.86214677589042 31.676370253851037
25 118.95666217604324 31.69086460280448
26 118.71655232737861 32.083863327694985
27 118.89939362576884 31.7712642370898
28 118.83139545570373 31.660925428977478
29 118.91109425814909 31.77769479769281
30 118.5178677476191 31.879550685166436
31 119.18894651771912 31.96988963613979
32 118.67339275505927 31.75943451060521
33 118.56278839344549 32.106085963498884
34 118.7048293976496 32.0061795077857
35 118.99129716689717 32.019949380241215
36 119.14572795078637 31.916823771807735
37 119.10350584407432 32.22372190061144
38 118.70527715861847 32.06983072252121
39 119.09099780711628 31.71556263357861
40 118.55434197167553 32.15732010616903
41 118.55489538355616 32.37019072345263
42 118.62569905401796 32.01284588107062
43 119.04664760598682 32.300876032705425
44 118.99656276186538 31.869626038010864
45 118.58695695934966 32.05229495779464
46 119.00129041106787 31.940760355995668
47 119.04259423749753 31.933705428639215
48 118.60058301627397 32.2410116876147
49 118.9596757432187 32.02193004575757
50 118.79009898566551 32.358911959648665
51 118.54020786815862 32.03207506244152
52 118.86689619094076 31.6680487531447
53 118.83579045471049 31.910462017012172
54 119.11170971081718 32.26378799054754
55 118.92931243797945 31.937060544288954
56 119.10551519644143 31.62512986107876
57 118.85231353238389 31.810703574629443
58 119.0012304326351 31.639641035877812
59 119.17772147744876 32.37864723511912
60 118.51687019463616 32.38199012728399
61 118.7944099595169 32.23699629226648
62 118.80846365144464 32.09254436832351
63 119.04386832952922 32.21779598342186
64 118.51930589529006 31.72989677611343
65 118.8929525834871 31.830645840170483
66 118.68062513811115 32.00649851371528
67 118.81540879595424 31.880905284318114
68 118.98068411586928 31.634108912195888
69 118.93161815970826 32.36564259488938
70 118.66377946809538 31.971507234714096
71 118.63631614917371 32.00886015177588
72 119.08642452001051 31.873972931038768
73 118.85275589728408 31.815806849854763
74 119.17404470716886 31.88653800453397
75 118.95982402197728 32.270457669844006
76 118.65495925711045 32.218362259128526
77 118.61489220222882 31.88202984669225
78 118.72605874790126 31.608032001254433
79 119.0388509258612 32.223634207643265
80 118.83525935233986 31.795589500178327
81 118.89172802055049 32.06976128116008
82 118.92222236236142 31.60857646409307
83 118.64395367417579 32.1117547211297
84 118.73110501911597 31.923908880061074
85 118.70513702795802 31.9820605276423
86 119.1361516025825 31.937992242201826
87 118.51367451135901 31.88124962424922
88 119.17397579105729 32.02970277478123
89 118.62303223232033 32.3890615093766
90 118.85001722684959 31.706813151408294
91 118.7028823071064 31.86881940577234
92 118.70776890378632 31.63274676344714
93 119.04025391179742 32.19178885953345
94 119.00852079345795 32.12566994683422
95 119.03694039656605 31.765435500874936
96 118.60822161010276 31.906058310413403
97 118.64414321341448 32.14365938377783
98 119.02618833774832 32.13504090190574
99 118.57497927577249 31.73478415318979
100 119.09686781869333 32.31070500349865
101 119.11707127414086 32.22733271490965
102 118.85704464857072 31.680211505034876
103 118.97796303345892 32.29950884993494
104 118.72344444298209 32.205073036614685
105 118.9653254284793 32.25327389299401
106 118.52236425166738 32.031846811331754
107 118.67546737852952 31.773179024962694
108 118.78841383224551 32.35929251402986
109 118.87195002352829 32.07197456464237
110 119.19714829549622 31.865252037694837
111 119.21767276497692 31.836926241691458
112 118.59390323146899 32.30396877372494
113 118.69600590616464 31.956996026267184
114 118.54828011287846 32.033262758502254
115 118.72907111221429 32.09901574121651
116 119.15316474274299 32.27345637745213
117 118.9070204771801 32.09579014103067
118 118.53229885556888 31.744555906855297
119 118.87653887482574 32.07465664404115
120 119.16978260356274 31.998194966596234
121 119.18447557424696 32.041731461692336
122 119.14354220669773 32.16603000012573
123 119.03042045811571 31.790675779057402
124 118.66610503497817 31.74752093013254
125 119.13091055394088 31.682660390773673
126 118.722196970196 31.826788963388633
127 119.11826505837735 31.60896969256368
128 118.51885233675927 32.08710666250034
129 118.54574716191807 31.83903048315245
130 119.0602447597956 31.751524011532762
131 118.54886914618297 31.677069926567857
132 118.80744923749289 31.81101853277299
133 118.73293424662205 31.78341502912257
134 118.67692429447041 31.827683116026375
135 118.75053154296943 31.949765958317002
136 118.83760024967147 32.02578109824574
137 119.1116045689429 32.262891001650885
138 118.94084035137175 32.389328968836026
139 119.12817627008874 31.64677357087406
140 119.10349060080954 31.793478675928778
141 118.59629966723695 32.11222703590244
142 118.77208374403332 31.749498049531518
143 118.86481723663053 32.30691117866088
144 118.67724479703412 31.760313023981407
145 118.88203804351966 32.1707723737366
146 119.19365951150014 32.093703003135076
147 118.64095659146336 32.225430407796736
148 119.05421418365377 31.64266928197324
149 119.20594872292095 31.780642026847886
150 118.66628311771174 32.16888090438846
151 119.11109766145746 31.690818617638207
152 118.62600564132521 31.629387479770305
153 119.14991891333001 31.88653506597049
154 118.69615621384236 32.074921042070834
155 118.68635065248196 31.61090183698513
156 119.13087280493086 31.669381714106038
157 118.69682511422752 31.630017544167654
158 118.64177111720997 31.924524688729264
159 118.72247082900407 32.14776601449171
160 118.98465102289407 31.7582144673829
161 118.51619377973088 32.285894794710764
162 118.6177510703198 31.951929512084295
163 118.57219741713415 32.090920398143936
164 118.84831291583198 31.82846995760827
165 118.52534188008579 32.09422208280094
166 119.14743878741223 32.38665697769093
167 118.82787907114074 31.96900337442297
168 118.93064694590981 31.769717865200903
169 118.6533046840611 31.947284958712963
170 118.98968244466784 31.943239662659696
171 118.49542733384665 32.009507886932305
172 118.55099092421412 32.00944450671925
173 119.15111799217043 31.643459527237244
174 118.62191165408264 31.722587851665065
175 118.83341122807636 31.960413355507193
176 118.89333195615875 32.15770821526954
177 118.6283316502332 32.236176922489726
178 118.91542242691968 32.20873146574069
179 118.68034676984122 32.01951855940329
180 118.96368000090351 32.37797586516795
181 118.69903908132578 31.84965663772993
182 118.78457806802155 31.97274959519759
183 118.8391938749535 32.22594395511887
184 118.51429670757791 32.256540160038334
185 118.5858225266229 31.918198179070664
186 118.54456232372067 32.28789670661551
187 118.79820747619708 31.971579563243626
188 118.88037215705573 32.179538458020915
189 119.18979829259878 31.60744890814675
190 118.74426518180213 31.602368053499653
191 118.62593577963315 32.33188658329106
192 119.18011157045407 31.69379804553794
193 118.88534272909988 32.14938006379631
194 119.15429326096393 31.834464668681303
195 118.73950172988242 31.761928014321015
196 118.5477671339155 31.901073917484126
197 118.84676891089501 32.34670662657537
198 119.20955669059761 32.05957961563682
199 118.5440585449448 32.33115954029337
200 118.85988835844483 32.173152779534355
201 119.09955307268291 31.985244117479507
202 118.65565416590616 31.996677749188425
203 119.06236972475817 31.782939166169225
204 118.54192815473782 31.613122872204933
205 118.71910092524905 31.92136572819585
206 118.62172757766076 32.03824970073867
207 119.16904231831656 32.29924794204984
208 118.93344910457544 32.128494440928534
209 118.6999924274874 32.26337111685661
210 119.14630231093008 32.31757897793966
211 118.89614409435424 32.33732853539557
212 118.76799966286299 32.24576652940812
213 118.98894521784733 31.700653888400698
214 118.95246539845638 31.873673192062864
215 119.18323566312444 31.74729427085327
216 118.52537247112477 32.29170343268505
217 119.09733312424396 32.22202597411923
218 118.97312809555443 31.889210756782113
219 118.6087345147987 32.045499177469765
220 118.7704991618381 32.251497234840606
221 118.51860639178079 32.276852855082794
222 119.09715942681078 31.756882343761298
223 118.56455438588438 32.20071176412175
224 118.64275983279438 32.24646782051446
225 118.9875418935416 31.655620645333826
226 119.03527998165231 31.67331565565271
227 118.68563118785696 31.939683048543994
228 118.61815581636093 31.77121462955092
229 118.52375986407466 32.3005637008708
230 118.54151509686648 32.184430726330014
231 119.12039647749883 32.17374854290924
232 118.64122421610062 32.22227501390963
233 118.79114628310573 31.853331258478615
234 119.05151384939465 31.793635263192733
235 119.17652380804513 32.090352646170835
236 119.12394840572668 31.921699969724923
237 119.10413665641495 32.33199011135911
238 119.07223335671696 32.1317429588619
239 118.74114255521202 31.901787497618358
240 118.94659762219398 32.25914348579671
241 119.00239779675088 31.902862053805723
242 118.80290138390566 31.728681207955194
243 118.93738695271163 32.21342889402779
244 119.18564662642673 31.984980809082032
245 118.72643104653689 31.7961141719599
246 119.15012490353408 32.148114970938046
247 119.19184950160555 32.38819712779909
248 118.89893257731981 31.79877799609609
249 119.14583410200896 32.230910918795516
250 119.01246860026308 32.207103094664554
251 118.98860974899947 31.69303063822714
252 118.58087652175429 32.27673065329142
253 119.02355304825565 31.979721704336313
254 118.61573068653163 31.683225092087977
255 119.02550904151475 32.03082915973235
256 118.53043104104415 31.862122466715306
257 119.12518342313676 31.726854942960635
258 118.62275702085219 31.654828655899188
259 119.10022085105471 31.752015595600298
260 119.12172291131904 31.946569422338506
261 118.56978581542475 32.12372045248192
262 118.56817013264016 31.673268932181333
263 119.16469709270531 32.15915745300226
264 119.18718399935398 31.671840016553876
265 118.55037096159309 31.743294493286623
266 118.92746165862819 32.1808990541928
267 118.77939854372671 32.29513909241219
268 118.537805011978 32.36270866330821
269 119.09583096165602 32.13214363562104
270 118.9699278042666 31.974536761082604
271 118.55397787717263 31.685429973008866
272 118.82148891591623 32.054235024777874
273 118.78809307317673 31.72762904438341
274 119.18435831422424 32.01028690033317
275 119.19522239649851 32.09032225350364
276 118.66244434436904 32.27940069441652
277 119.02706081652809 31.861034224548423
278 118.95673242793906 32.376097860554665
279 118.81793214326528 32.37267650299608
280 118.8922029176606 32.271229566277725
281 118.77459728487493 32.17596514196322
282 118.52956804818479 32.173474175115885
283 119.02922931259269 32.2982446437077
284 119.05469390365752 32.35615094109993
285 119.1395373783599 32.27005514713094
286 118.84350362978833 32.11337363076817
287 118.54497624126085 31.691280478020666
288 119.16937582659168 32.1037748448496
289 118.6870179250444 31.87174838273592
290 118.59146538974714 31.706176249506147
291 118.5919038301494 32.30582522642816
292 118.92573317560222 32.263547876944685
293 118.76357363672615 32.000143662026666
294 118.96429650007622 31.97188751139599
295 118.53882590569059 31.99820158952044
296 118.51288303026244 31.811939982033614
297 119.17791155010521 31.90415198337625
298 118.55280391839224 31.951047720100593
299 118.73340606202486 31.616782563308266
300 118.51317057981248 32.314116519386275
301 119.12603020882113 31.635252011578032
302 119.10106139731043 31.91283962633075
303 118.89593764148805 31.690680472348706
304 118.59774014084083 31.77361883579779
305 119.0742200584203 32.35683939077466
306 118.55296976068128 31.897723244702178
307 118.83309970678502 32.1553890339396
308 118.72070117833567 31.686426546934566
309 119.2058834421126 31.77517278787714
310 119.1721777000852 32.29887908556925
311 119.06364087312353 32.302624540849855
312 118.81774714727197 31.79292601582871
313 118.85107153629633 32.37604570938598
314 118.89397277524358 32.143946627709546
315 118.88726456976514 32.01200814835645
316 118.6253655864128 31.88301190746532
317 118.67843977584381 31.880725421284467
318 119.00477969683115 32.3650770228988
319 119.0932221233808 32.16516178194326
320 119.16901364008669 32.01080453881245
321 119.03621128779858 31.636237598984565
322 118.91022638935581 31.792978732770653
323 118.54108691265348 32.349826223838924
324 118.55039605812513 32.030143301316976
325 118.6235094235392 31.874830604719186
326 118.98877961620734 31.63017506837588
327 118.69884715408777 31.816173012260748
328 118.77608121565491 31.79617956487525
329 118.6068276472153 31.727651230174246
330 118.65990898601821 31.877518312219177
331 118.77081669396294 31.74953724423944
332 118.94488506621926 31.663672597751667
333 119.1989939938054 31.698980799553812
334 118.59938055335373 31.980347593755813
335 118.7266727008968 31.653024712209636
336 119.19218541720176 32.34368680417057
337 119.11282168797503 31.757559292288903
338 119.17911376014484 31.99657605035441
339 118.86180782181663 31.921427476476705
340 118.66041831676092 31.836982158868754
341 118.64871269538241 31.869448757088257
342 119.06769304082493 31.789523394118167
343 119.16034471569611 31.810684124006126
344 118.94178576832726 31.71157398500406
345 118.97830216703761 32.15432612486068
346 119.13517931035679 32.085125206950686
347 118.67948632692249 31.84275559904193
348 118.91920921249726 32.31948779577379
349 118.89163557892206 31.907933446333196
350 119.14127394727963 32.0921772026495
351 118.72936297427526 32.002279986355035
352 118.59713794894066 31.861460681555727
353 118.58704161065289 32.30936343828936
354 118.68662598581041 32.289114394480706
355 118.54992133567796 32.27575095505853
356 118.72737430685704 32.392353392042686
357 118.88882531857394 31.62511522822318
358 118.80206293463144 31.985485542752166
359 118.94400605624138 32.358066781241845
360 118.86028895839563 31.70061906358579
361 119.01830321344721 31.808510681055203
362 118.82398316472485 32.013928194895314
363 119.0488288893332 32.11616744068081
364 118.81693679153058 31.884990744624385
365 119.02092242912758 31.85019617174572
366 119.01346662740559 32.227056470574496
367 119.10013512901925 31.619053965458487
368 118.6146985592698 32.24154110487014
369 119.01293781003548 31.92998848128351
370 118.49588394171954 32.101892829260294
371 118.78155211678248 32.16138493981379
372 118.91047889164784 31.684953277070363
373 118.50372082142358 32.33999072923837
374 118.54359451074691 32.25012047770516
375 118.65865138047222 31.88597669094504
376 118.78124831492417 31.745831164784615
377 118.99500156148079 31.657570477751786
378 118.64232300652753 31.83758613550363
379 118.77510499168979 32.18030453364042
380 119.13321059681637 32.287914929479165
381 118.7417365871557 31.83442759428854
382 119.04325876558904 31.785164336490737
383 118.9124498528506 31.86479007001378
384 118.54160176328294 32.37510158245844
385 119.17721487503367 31.675250547367053
386 118.5805730774478 31.742575861403797
387 118.74740289671387 32.15400973357789
388 119.18603226559229 31.709898732362056
389 118.69014157002454 31.78684482531098
390 119.15059356730283 32.261625888622184
391 118.96578003418476 31.85514611439206
392 118.6326410106936 32.07803523628311
393 118.60089031672727 32.043588999512906
394 119.16883014623284 31.832246676784774
395 118.82265083271946 31.80067607604283
396 119.02516301332882 31.805660061262788
397 118.60021531564564 32.301665560501014
398 118.85326326110565 31.608631023122797
399 118.57323794879734 31.689143519876055
400 118.82381564802724 31.877552428741613
401 118.50057253291544 31.771170784182917
402 118.51331589094033 32.04440389124766
403 119.13703240371856 32.02136714749839
404 119.12430344380526 31.996118927794097
405 119.03275749906598 31.84314956053839
406 118.85261224965954 32.01236325342064
407 118.6387529161024 32.22739357798021
408 118.99866255696287 32.244066735604825
409 118.64216951545296 32.03488029557175
410 118.54156944510477 32.23951832978793
411 118.71207839856626 31.66019772402312
412 118.90830855111376 31.738868967403544
413 118.89946933215417 32.196551250670936
414 119.07224049518275 31.911642567791343
415 118.76005360780518 31.84851870100335
416 118.607734740718 32.06174709680711
417 118.54281916594275 31.91203581336116
418 118.65129927294952 32.333216146373076
419 119.15293640532224 31.90597759762185
420 118.5115524454625 32.258810778088964
421 118.93379919384923 32.08232380555828
422 118.81925959322217 32.321971760894954
423 118.63674977074167 31.99320464822686
424 118.99783009342663 32.375742401063135
425 118.90156339047614 32.04579555345958
426 118.56616645910304 31.628239784344384
427 118.9708829106367 32.17972267678768
428 118.53774632930019 32.30382439091219
429 118.65987564432265 31.662291159136473
430 118.89332129262725 32.37386189386169
431 119.0098827946059 32.057257278315255
432 118.87722003368904 32.198011564111944
433 119.1103772905273 31.7696236862888
434 118.98478032229241 32.34580934242815
435 119.18040532604529 32.120811523915535
436 118.6821735600319 32.03342863481216
437 119.18745426267337 32.3779191743627
438 118.65732235006553 32.05002073157795
439 118.64362272154611 32.00557571954468
440 118.6105821332693 31.632523605298946
441 118.57957650258388 32.0480236638453
442 118.9380357832599 32.19977844614904
443 118.49616753894175 31.891920611595477
444 119.06627438937339 32.13981636557384
445 118.93720334479796 32.035928929307936
446 118.72256569684173 31.76196769062861
447 119.11315866630324 32.03596936091191
448 119.09025716847492 31.982745787942356
449 118.93150255414628 31.855798776056798
450 118.54074446202985 32.126071369349674
451 119.19377190623389 31.658771150708525
452 118.9146683043217 31.88791073165401
453 119.13668118827447 31.961123837563193
454 118.6002150182149 32.386684732783856
455 118.51402150846386 32.171229245459955
456 118.71164783607527 32.09202566478485
457 119.05019641987558 31.73160205326457
458 119.07526641025727 31.949650640787805
459 119.11149797242932 31.90253612256516
460 118.7238910318502 32.35165354001833
461 119.06099097695004 31.954628088551974
462 118.59314744713511 32.28262313472817
463 118.87946997123741 32.1364581986791
464 118.52803442797439 32.28371172198715
465 119.00458543123924 31.5960558165776
466 118.75170481758977 32.35446286022222
467 118.5736441193754 32.36728031415078
468 118.96559899734011 31.712207440589697
469 118.78220670865352 31.640809229856544
470 118.70644645741122 31.86632260192899
471 118.74149922219553 32.04018692332255
472 119.05009004719814 32.00778324672913
473 118.78419421570405 31.962798674059663
474 119.12344658318963 32.31352266154983
475 118.60809647219585 32.047168268841325
476 118.77983823351256 32.340623225989816
477 119.1240658831395 32.052198584227526
478 118.91716792785472 31.742713570957488
479 118.9961150505834 32.402347786255355
480 119.08511752724422 32.393852845045636
481 118.86395987444314 31.9564610347046
482 118.60309017467074 32.19916575241484
483 118.7194881375664 32.119160983067516
484 118.65248390832079 31.736626515356452
485 118.6315765597397 32.06274262713221
486 118.91766526697045 32.12537053633178
487 118.64731956070133 32.07205546436083
488 119.0802734103675 32.0252176142383
489 118.8143248875074 32.06941136966402
490 119.07421520201395 32.169861290721116
491 119.09668989849183 32.21727401194691
492 118.97716796275661 31.677333458401133
493 119.04381318695393 32.33733899796617
494 119.05553353551888 31.986890853461023
495 118.91527800071714 32.14827349482809
496 118.71605273585693 31.913895735329927
497 118.79734253712869 31.656692806159743
498 118.71548484095118 32.117575275369866
499 118.82899942726775 31.901296181854924
500 118.76459637314206 32.03234817396852
501 118.74830794357432 31.80277220407243
502 118.55639493598595 31.76364562435458
503 118.78485113262151 31.820637746720962
504 118.58446193379383 32.29855432215141
505 118.75006695130752 32.351495876945364
506 118.58973325619246 32.36437758758468
507 118.76156153595998 31.93339498188594
508 118.8797100883521 32.23305724104996
509 118.547800625982 31.749484458820294
510 118.66623475415716 32.187173829158354
511 118.79259540203293 31.938702087524195
512 118.69173251395411 32.2698421829923
513 118.8823050174201 31.77097782994139
514 119.08545362399691 32.250341585682065
515 119.05092588835143 31.66819079758132
516 118.6829573750708 32.29751534386965
517 118.64194325593009 31.939515128440227
518 118.89052993524159 31.72334894114389
519 118.77859918937824 31.838154112392548
520 118.54690163282845 32.17667769995201
521 118.6535327072777 31.951988892484458
522 119.17321904256566 31.77734777553885
523 119.15328194805883 31.816945213049753
524 118.74531958492885 32.14330622590568
525 118.52307164419013 32.1214781552837
526 119.04746052781438 31.650965893099684
527 118.68047442639266 32.2609260489913
528 118.52160858139786 31.691804224572074
529 118.69350629159753 31.77509955348406
530 118.59298169081609 31.621934889883164
531 119.12516760965411 32.031153559830095
532 118.6337974465739 32.28798129518329
533 119.00890711596881 32.3419063726215
534 118.60548294170147 31.96966374672449
535 118.55892598722488 31.69176736084333
536 118.77710428998688 31.997376051956692
537 118.93525034024259 31.824910820044582
538 118.8817604283234 31.844194557836154
539 119.06245353930483 31.773368858000097
540 118.79505312100098 32.346915698457686
541 118.91908499329789 31.91367096972314
542 118.54880889783647 31.590541961333688
543 119.0134402626289 32.00083505429383
544 118.98106501003652 32.135667145490345
545 119.0591337737146 32.24458669908969
546 118.56790852173695 32.20562423054965
547 118.81447614781871 32.15486186695611
548 118.96547543020424 31.77545959864464
549 118.4934221815229 31.865563971534833
550 119.11138059617927 31.949200466692805
551 119.07201353950354 31.726546507579858
552 118.8653456806838 31.954742773107984
553 118.73780115625846 31.68121118322245
554 118.99627222697069 31.668514523981838
555 119.11531936489969 32.26219672381627
556 118.85341988864933 31.72359726497915
557 119.13393692547358 31.968863393021387
558 118.58402130021675 32.085493259009255
559 118.7296839732091 32.356806916890775
560 118.97605055245076 31.854130206789097
561 118.76427267384547 31.742942386195264
562 118.87292391679092 32.30085117527554
563 118.95331484676142 31.837852508523987
564 118.91469782998445 31.827627903287393
565 118.8139352979518 31.728591733531772
566 118.6139770248422 31.957594121631583
567 118.77240127953051 31.757502455801486
568 118.65387606341034 31.90419794638435
569 119.03472464509292 31.862738340802597
570 119.0557928218295 32.11486764173045
571 118.6395381433718 31.955277548811047
572 118.91155854731527 32.119713116020755
573 118.99184780471086 31.84024091640593
574 118.82049949252672 31.898101654216624
575 118.54737677222425 32.37578118053239
576 118.98477559227584 31.793623194543606
577 118.55295485429147 32.200430411476276
578 118.96427888859232 32.15434031115191
579 118.57283650211753 32.10447603416609
580 118.95254954229148 31.7005425247028
581 118.68353587499844 31.580684000529693
582 118.75971536173422 32.19195900177097
583 119.17823248644858 31.657245553805183
584 119.15819425007568 31.80473510535927
585 118.89576237113099 32.37596010057007
586 118.95032064640691 32.370702170813104
587 119.06496942680047 32.341976272411465
588 119.00228960151627 32.052958708410586
589 118.58594215986423 31.955182755581426
590 118.79574628643309 31.970185295540247
591 119.08557906347198 31.86397901662993
592 119.00857979192394 32.38609239927416
593 118.6206277929969 32.249480805014876
594 119.09200251176081 32.42030814048529
595 118.92637894877176 31.847901380704304
596 118.71133607399207 32.070465460355926
597 118.5246605890001 32.12132449766734
598 119.02672474554088 31.9130812040202
599 118.81533949571963 32.067975714515384
600 119.18024208074237 31.7320452165859
601 118.67894227551257 31.846803809579136
602 118.55054963433001 31.713590372472865
603 118.6611331606243 32.09581245060354
604 118.78963071291025 31.868898202833556
605 118.51736996111471 31.930626490113504
606 118.74112664819287 31.899621859887983
607 118.65683123128215 31.650594595455185
608 119.18010385520105 32.321224503761044
609 118.6316113581968 32.1651127515154
610 119.11463150419969 31.853174681314044
611 118.57958745943529 32.30507480460478
612 118.89907401010439 32.16671075300923
613 118.9474321759934 32.380614584936744
614 118.8849304910392 31.988047615212796
615 119.16547949358673 31.69388297524006
616 118.81046428134727 31.692414279995337
617 118.94233597263721 32.186047694997484
618 119.11311365907262 32.04769049049603
619 118.66050408794608 31.774433210908516
620 118.85898284571664 32.019222158885675
621 119.18359663834289 32.021348580562304
622 119.04304692728375 32.29844997508389
623 119.01091518155562 31.621329201250976
624 118.79265342714606 31.692271551835965
625 119.11126324588103 31.937810615151673
626 119.07258523347878 31.701993973376517
627 118.80634372902934 32.373970665921924
628 118.88457720730018 31.771116674161174
629 118.9612094340605 32.098731025014146
630 119.026235175442 31.955115525992202
631 118.82375590734608 32.22535584742412
632 118.74344231744095 31.634987684530966
633 118.60632071144849 31.854580039524713
634 119.0183512726882 31.985737432100038
635 119.03316610398433 31.68699207974915
636 118.62050528563162 32.07705947780683
637 119.10884513675622 32.01547482343841
638 118.61112905620874 32.26798040689356
639 119.074753208056 31.967527163933894
640 118.60638593040224 31.84484917582001
641 118.94718184069102 31.836462362799733
642 118.86694394950959 31.814314681685513
643 118.59753769820446 32.34657707727599
644 119.0122527790801 32.2323031851647
645 119.02475406043541 31.87414519507032
646 119.12093357564032 31.949669321535094
647 118.82953921101705 31.685880146976892
648 118.88507994187 32.08237471993536
649 118.94986935741373 32.19290266519409
650 119.10938337008965 31.799100849106264
651 118.78748978561886 31.972561104101143
652 118.968572848007 32.12427488154878
653 118.90954319097418 31.976092349962254
654 118.64162596500002 32.026493760983634
655 118.98132574810359 31.755412896541674
656 119.09350641847546 32.21479146429568
657 118.81645213610751 31.686212529814227
658 119.17761959014715 31.983608303170225
659 118.88287637579697 31.85231006906771
660 119.12128364086763 31.69614576199263
661 119.02101296118927 32.29271448665383
662 118.77069952109922 31.748401543491095
663 118.72529549731625 31.973368315414834
664 118.75522477462681 32.10535583884272
665 118.74309024925593 31.836598142773074
666 118.51817087057563 31.98917537619221
667 118.50800138719832 32.01010126678762
668 118.7882578159389 31.947410748850412
669 118.6334454153193 31.88870793323102
670 119.08995136084292 31.79002622731556
671 119.17321817960297 32.3282291191626
672 118.7068735146055 31.991892085922192
673 119.03147823299564 32.16427361117415
674 118.75381044064864 32.013723388363424
675 119.0987131769931 31.84143983998898
676 118.81802562196103 31.993298138764622
677 119.14684828950334 32.255412798099634
678 118.9787457678028 32.281503756403374
679 118.58379187735187 32.352733340473605
680 118.60133283689159 31.791715098950718
681 118.80776267643236 31.873143062980024
682 118.90718212506613 31.686706913063066
683 118.87292039672627 32.40676274053931
684 119.11712363481178 32.114572322585985
685 118.51734998641456 32.15529047743717
686 118.58766596304694 31.957017367496796
687 118.70454271980086 31.81187435656283
688 119.10607419500766 31.929382379441194
689 118.49773557801454 31.850892487593455
690 118.87577620334707 32.02631832086592
691 118.50590604180105 32.24399262185376
692 118.88530261680943 32.262535041029544
693 118.83562628469431 31.84493680200902
694 118.58876558212901 31.738679785380466
695 118.91778683436682 32.1979451756139
696 118.92823230825742 31.935739753475943
697 118.81687637682379 31.744000399413117
698 119.04381055469071 32.111402542749495
699 118.541520217893 31.682311629655008
700 118.73577490431431 31.67849882213192
701 118.84433823599362 31.59587620864903
702 118.7210080957959 31.74520388423675
703 118.58173017247668 31.97000807895088
704 118.57871164920347 31.74384797667659
705 119.03775572752852 31.644088588169687
706 118.68304996743085 32.001166385491764
707 118.9603431238811 32.31952895132916
708 119.09543197386158 31.598199379117514
709 118.71157282084934 31.787644053392558
710 118.62327996041427 32.33964412079989
711 118.89611822404724 32.117072508899746
712 119.07846836930675 32.25586830577534
713 118.7581106265354 32.31549460345924
714 119.0885296949687 31.783830126148395
715 119.18564788158665 32.199926909585905
716 118.98696283554422 31.813395222904813
717 119.12001756862037 32.337074981972556
718 118.55650462656678 32.357732198859146
719 118.77904549993599 31.733545713381254
720 119.11351213051589 32.281690118769056
721 119.01486175075803 31.654803359428616
722 118.58221951950033 32.08641269673034
723 118.6708005642312 31.979790301247636
724 118.71998212127045 32.063904769862226
725 118.95359201126652 32.20603839479174
726 119.02087065436386 32.308519322383006
727 118.84722533102742 31.99231365519956
728 118.51924262280325 31.64378803993006
729 119.12921012061008 32.34682914177842
730 119.1607757957647 31.636498837470324
731 118.72987123170684 32.233471551556
732 119.07703075982725 31.718412476445167
733 118.85839313854866 32.330861776637676
734 118.83109009608998 32.09418386459358
735 119.1702843013201 31.838065486662646
736 118.50192140107096 32.27715297234523
737 118.79746744614057 31.73443041254232
738 118.64195779785207 31.776472653914126
739 118.82395670281325 31.83760090527545
740 118.80425064605176 31.917745714479057
741 118.6217440313514 31.793349813591288
742 118.90756496744623 32.32165465328031
743 118.76534481758483 31.967617971780953
744 119.13855083219511 32.360757094087916
745 119.15547020840201 31.830899555584175
746 118.76379564278187 31.969071228944042
747 119.03216507562527 32.26422297620027
748 118.9386888809108 32.38189500990463
749 118.7656327144138 31.96524685157696
750 118.68758177941918 31.983503132700065
751 119.14633312244653 32.352122757068656
752 118.65684362033669 31.94604350400635
753 119.03803639212585 31.94878909365293
754 119.04665012215273 32.379122046177855
755 118.63125134844718 31.998025403578847
756 118.76167869544298 31.69530796601382
757 118.80031025618216 32.36008581590361
758 118.8565115608911 31.972117647667137
759 118.92751658308592 31.886044533912905
760 118.76210091000635 32.321177509059694
761 118.93046136441959 31.608047756307805
762 118.80432368226109 32.36939065156109
763 119.1635769254076 31.66602320235538
764 118.96179567303493 31.65800022348699
765 118.8671995022375 32.32744535601
766 118.89802001942384 31.960602738282745
767 118.57997455459429 31.731609506586505
768 118.68194900575573 32.38092013770606
769 118.99171800882574 31.85153949304778
770 119.21577100447881 32.3366298594468
771 118.72523747503483 31.976009386886883
772 119.21110132041129 31.91594995357595
773 118.75013027667494 32.05306490072463
774 118.81557422025568 32.32140611973688
775 119.1741836178178 32.38497625447839
776 119.07197746400857 32.141468651381665
777 118.87842925432844 31.902585416261193
778 119.18273065871567 32.258411786188724
779 119.20465384478995 32.34140253304655
780 118.6176688969171 32.04904451324538
781 119.03836033695649 32.179399355411746
782 118.68568605253196 32.304619876861835
783 118.71318047184491 32.154411096342926
784 118.80969819987929 32.10050542945133
785 118.82492584682295 31.888891996907855
786 118.59982966236687 32.08591609235732
787 119.0208249909657 31.77527285233679
788 118.5109974320086 31.707646730686573
789 119.19818461364683 31.80459168762352
790 118.67240048838538 31.950795037564053
791 118.98828629925261 31.876943369165744
792 118.86594100059081 32.177544532337244
793 119.08608916584858 31.91230843335764
794 118.62696388608063 31.97199043028695
795 118.51723438550638 31.811665234785856
796 118.61870356971724 31.66542804588346
797 118.97945507083178 32.16755424483379
798 119.07046515794356 31.777252264609135
799 118.60166278951777 31.979034192828912
800 118.91446411925541 32.08141029426859
801 118.51384089362655 32.14708793253413
802 119.07168789470828 31.939294141946224
803 118.58148654179834 31.802274515552398
804 118.61870582032722 32.30642195352189
805 118.9515010416924 32.14240737746121
806 118.8251543368581 31.807286253376404
807 118.69283121671053 32.22801531528408
808 119.1658583001312 32.0369157294219
809 118.86997104431019 31.94344463854674
810 118.62109900665993 31.696050512245915
811 118.7862699445827 31.783465867841905
812 119.00414398159425 31.69691564305256
813 118.8259103048504 32.15145133726005
814 118.5867030289862 32.17558009165041
815 118.61215291986694 31.97177931512386
816 118.66315819577332 31.639999379589714
817 118.87905110354804 31.725340973119206
818 118.9426803422751 32.34627790224232
819 118.8415333148706 32.30459580627187
820 118.64228437130905 31.91961342038561
821 118.74073831443387 31.705326924537705
822 119.11475153022147 31.95868743420823
823 118.6711330212825 31.942157246272842
824 118.96963667992593 31.61404033868561
825 118.75929786640467 32.18887377277339
826 119.20639280733924 32.12153488312173
827 118.49269719959676 32.045534013592984
828 118.70731322737505 32.24915973650711
829 119.04815084213257 32.27273155129968
830 118.53442372216068 31.76235589958939
831 118.7720628406634 31.663648800674533
832 119.17221766130041 31.905202179737092
833 118.97614616726933 32.27969368172049
834 118.5886915102158 32.21533822434141
835 118.56282999113422 31.794394314477042
836 119.16846349414902 32.208919653624264
837 119.13841310902086 32.068271030353024
838 118.62316419489223 31.823639066057037
839 119.11754854610875 32.15464361158993
840 119.01652348543494 31.84325500638781
841 118.7781387397758 31.853301702522437
842 118.65854173124075 31.76723857301453
843 118.59932059396887 32.056096855974445
844 118.65677426396485 31.981072793271593
845 118.84256285730456 32.090063273837934
846 118.52843049826453 31.61976737384947
847 118.92894732996679 31.917203992163667
848 118.92222455766496 31.627627221752572
849 118.92883658703953 31.85563148525406
850 119.07813588423912 31.674806393493597
851 118.5532108541293 32.04707561220908
852 119.19271571954896 32.34136321850886
853 118.82129207076945 32.27656161499501
854 118.8442361118004 31.992752048017234
855 118.60760526340573 31.898249611784404
856 118.95509731737758 31.618374751667773
857 119.12680978913146 32.12736717321624
858 118.55221646392069 31.844757603133793
859 118.71273868088366 31.933865604913752
860 119.04883364808765 32.09834758387193
861 118.51313132019952 31.748217096980436
862 118.9034390456247 32.039677967772064
863 118.66479176621505 31.96921727297574
864 118.8598531407441 31.91468294912764
865 118.61047422709999 32.277710636618615
866 118.74056932386333 32.19678016682347
867 118.74375437341469 31.705168532172316
868 118.7736694085925 32.31800857900395
869 119.16458220353194 31.593362696393196
870 118.59113875588797 31.78221630682913
871 118.67946772255378 31.705234273807783
872 118.97214654990158 31.862526548793607
873 118.75295064605454 31.686389937381104
874 119.14997654489927 31.825174220791173
875 118.74262472287639 31.90799635821009
876 119.15674943115428 31.986474083303044
877 118.59297096106266 31.831587618191847
878 118.81383744163537 31.656527571045338
879 118.85086538579442 32.00405928375118
880 118.92244588508566 32.08149051215043
881 118.78004210708873 32.120822501066925
882 118.85940012398936 31.610247887670493
883 118.6541182784033 31.68160047370756
884 118.66368404202463 32.133739519591245
885 118.57472076042885 31.713642888753096
886 118.87659732122083 31.67866203317646
887 118.84567186691439 31.94693989957693
888 119.19998162831558 31.899859879013714
889 119.05906789367006 32.123158378128274
890 118.98963286504889 31.62834088681775
891 118.71546704609119 31.800070446392237
892 118.67061525323317 31.81846133174038
893 118.97711829786239 31.861264329683586
894 118.65321553776862 31.610269092216214
895 118.54003595483478 32.03287145106678
896 118.70610299141877 31.594841387176015
897 118.86464796536781 31.83476527451114
898 118.62307486502205 32.32170433784198
899 118.57872740290632 31.72390012421698
900 119.11736935199448 32.138118277667004
901 118.8398654424133 31.993822214102085
902 118.52022334329888 32.3273238152502
903 118.66475221604274 31.94853657816885
904 118.54109480659652 31.74393554867712
905 118.68532656125187 32.40294456829895
906 118.80483836079988 32.17356026612707
907 118.59004207878824 31.700786057753458
908 119.13839703284708 32.02274163957384
909 118.83941883645932 31.86889894602033
910 119.09034378834 32.30657511443816
911 119.06093867630076 31.74015040139969
912 118.59312776623956 32.11960602487628
913 118.5485142949698 32.36081511052699
914 118.90677563744352 32.342096787154524
915 118.51020599998813 32.322565750235114
916 119.05504626054913 32.12179956686393
917 118.71645525169397 31.852794331721718
918 119.01482229345821 31.65228775912853
919 118.62640575399482 31.745081242720065
920 118.71689062371186 32.3104366887251
921 118.94228758411407 32.16531025179261
922 118.66305155770497 31.668515329588327
923 118.6614527980464 32.37440002758057
924 118.74765145583493 32.00029199880397
925 118.52581501962415 31.75445273919019
926 118.98470116427049 31.976719951771383
927 118.57782207541452 31.937270652566685
928 118.66406682592961 31.783727509995444
929 118.55412026617954 32.10422312040674
930 118.81760908250772 32.02557104865517
931 118.69248640095857 31.812159501552753
932 118.85846186332219 32.22231775329955
933 118.95887498901139 32.03438480088504
934 118.65257284847642 31.87991150787894
935 118.74064931399005 31.72383189962072
936 118.88736524555536 32.00425971958559
937 118.67020310338285 31.716881579005424
938 119.12386011740249 32.317048742354636
939 118.54782829611743 32.01021443485666
940 118.59864561254419 32.33806801418278
941 118.71732646978052 31.857891828507142
942 118.94933829655385 31.94948390309224
943 118.55133503487446 32.031368440977786
944 119.13945129251483 32.30256711608409
945 119.13650957268895 31.69404805725798
946 118.95948587901145 31.912386274574192
947 118.75713870494992 31.681381108157744
948 118.6854819799765 32.35313617425816
949 118.72955275574314 32.25607276055175
950 119.12932217898891 31.929762224287067
951 118.85782420993232 32.130081801390155
952 119.16033347121443 32.054855468850604
953 118.84574743373177 32.08055336039453
954 118.64516828882743 32.25707066205966
955 118.57758002245988 32.37864805812041
956 118.97603185678386 31.658718852957296
957 118.71221928670626 32.05487990763647
958 118.95540657964312 32.32881681205751
959 119.1610088000245 31.921510480570998
960 118.51400966893243 31.78965606014155
961 118.56042984235738 31.689494499671934
962 118.72841950033009 32.11518766613354
963 118.7161392699396 31.758029066106378
964 118.75970758749776 31.890794281241927
965 118.81669299390035 31.902908819643415
966 118.78778908391958 32.096379975055996
967 118.56457501920622 32.3623830967501
968 118.72279522032865 32.399380583139504
969 118.60192018960238 31.83191480292505
970 118.6271356738349 31.814808719547084
971 118.91066662399511 32.189983735447186
972 118.52608541435164 32.16044963040147
973 118.6897320206085 31.831876492949018
974 118.92519539348822 32.353078231749585
975 118.6938640504211 32.245599730521775
976 118.84886582419576 31.74742857699345
977 118.81636366989119 32.003169761740715
978 118.93383386646842 31.669941903729388
979 119.08438180798517 32.034914703369076
980 118.6909837020213 32.046966947253644
981 119.12874346234814 31.757821923163075
982 118.97115103264589 31.65850826311138
983 118.78520900482276 31.72935949507921
984 119.08555998432875 32.011720723258954
985 118.78971938674161 31.646820573777344
986 118.97712001088908 31.741385431094194
987 119.1283213164585 31.747998445829907
988 118.69296534670204 31.920676178601337
989 118.84067882844491 32.01978200989833
990 118.77064461474384 31.876871765535224
991 118.57506663227512 32.09956153600273
992 118.56799644064016 32.33003917053286
993 118.55214781637831 31.79279198176159
994 119.12382867785763 32.386796336900446
995 119.11898098600324 31.85968303023997
996 118.73675026387141 32.09143274776871
997 119.11177019659776 31.890468242743626
998 119.16895814286872 32.14736060036155
999 119.03019251862143 32.29296529289855
1000 118.65721610412957 32.23889689586365
