1 118.94026726151664 31.94411606228712
2 118.88878914278382 31.610825524300527
3 118.61349886717413 32.04548809224877
4 119.05930868282053 31.975664971735586
5 119.17322879637264 31.940973626786207
6 118.95624968128945 31.86925107281601
7 118.89300166960514 31.75765503654634
8 118.6046421027171 32.07070027240024
9 118.69874615750457 31.837104897098797
10 118.7467867712148 31.807502552277583
11 118.62025331499125 32.09596918435611
12 119.19477147308784 32.023722826941615
13 119.14043691760453 31.72622887746444
14 118.75822907317296 31.986521526033254
15 118.60433773744974 31.73438669320185
16 118.77993425818465 32.22644941075917
17 118.63265357999782 32.30408826907672
18 118.8708918285988 31.99956284819059
19 118.6554021216789 32.28556267560473
20 118.5394492613187 31.66511907275273
21 118.93288771588462 31.995122994137915
22 118.75864579186211 31.651752318824986
23 118.98267255418166 31.947421283261203
24 118.86223434142998 31.680299286439165
25 118.96102619836819 31.69566865237878
26 118.72731139153284 32.08813764996463
27 118.89885621883757 31.76909613564726
28 118.8341743951053 31.65820038321161
29 118.91954710115739 31.777725380142137
30 118.5144557155501 31.877473408608676
31 119.1830483579904 31.971775726185758
32 118.67806366800481 31.75781842736826
33 118.55993610451623 32.103727863721936
34 118.70568983878906 32.013087181211134
35 118.98990625070425 32.01468717661527
36 119.14163557772905 31.91261928636465
37 119.10316848448724 32.21960026065633
38 118.7059180533854 32.0575821325376
39 119.090296268568 31.71370028297928
40 118.55849519914123 32.148926212325236
41 118.55420176928008 32.36776944404165
42 118.62439241554506 32.013843694541734
43 119.04487305060533 32.31029792890991
44 118.99712890725051 31.87324895961313
45 118.58836947058639 32.06076776216236
46 118.99546435208536 31.95095760045613
47 119.04049003598713 31.926390785200482
48 118.60371802037449 32.243116518252606
49 118.95948476719995 32.02779801548249
50 118.79443022787999 32.356522904954176
51 118.54264842652395 32.032103729047556
52 118.86900543610845 31.674782537183876
53 118.84334794632468 31.90660508906915
54 119.10190635953832 32.27668762642941
55 118.93148274140174 31.940496354749023
56 119.10956838147513 31.622422272550324
57 118.8511444292775 31.814542708657072
58 119.000608906848 31.64089409589113
59 119.17079444978548 32.37653332267455
60 118.51556592729419 32.37406165643925
61 118.79438461055429 32.24732547394741
62 118.80449366885857 32.08490346754709
63 119.04381869854956 32.21274147547039
64 118.52468830836978 31.74125268361611
65 118.90140900806094 31.83135274339444
66 118.67984070493249 32.00284237083966
67 118.80601573682854 31.88078577420958
68 118.97865777589709 31.64349842011916
69 118.93573567757123 32.3568407645699
70 118.66554030120977 31.974288425636253
71 118.6377928988645 32.01010698907738
72 119.08280944165992 31.874307571754834
73 118.8506486322348 31.82493480273249
74 119.17231116418505 31.883484952006665
75 118.96398131166059 32.273159216125705
76 118.65585815327033 32.21816347576557
77 118.61507196088534 31.875471452925662
78 118.7287584422084 31.60951306844778
79 119.03522046855124 32.219396467332906
80 118.83346933894897 31.794943890620004
81 118.88715228183797 32.07443707992833
82 118.92554551773236 31.605770273567874
83 118.64485138374943 32.10714635969341
84 118.72620184821031 31.923894980018208
85 118.70882600234705 31.98591997859669
86 119.13550670975091 31.938106627376396
87 118.51476204841967 31.882680081493987
88 119.16995937958369 32.01998142380609
89 118.61801098850688 32.38949696054948
90 118.85551608870307 31.70074759311288
91 118.69544120312653 31.86855834706628
92 118.70280453460288 31.63602789840476
93 119.03322681723208 32.201155797308516
94 119.00517904228245 32.12870969770462
95 119.02999427555785 31.7662233731486
96 118.60307942979574 31.908815984206445
97 118.64484195919329 32.14101545075819
98 119.02618841477278 32.14316690576496
99 118.57575678467639 31.7357354679738
100 119.09958004701744 32.31960373489568
101 119.1072523185937 32.22689449218165
102 118.8523408258185 31.67725889804358
103 118.98385977837914 32.29468002289777
104 118.7250867193427 32.202063951630315
105 118.96265940795371 32.253392512999476
106 118.52658006457978 32.032163017246205
107 118.678556696309 31.77778699443211
108 118.78182588380187 32.35919907340042
109 118.86545233378631 32.078584787699754
110 119.19850661557832 31.871404651144527
111 119.2144003233833 31.834810912434197
112 118.59165860872245 32.30930881884218
113 118.7050564814971 31.96270435527344
114 118.5541507696493 32.03869098081792
115 118.72916106045253 32.102193346957485
116 119.1589473942769 32.27446118670788
117 118.90949689541239 32.08426670214822
118 118.53342570790365 31.739377769276548
119 118.87133728386603 32.06892003972437
120 119.1649572147207 32.00149957892049
121 119.18499148160086 32.04037116298281
122 119.14051838197138 32.16421634427334
123 119.02981661442139 31.792055406742737
124 118.66410052324207 31.749935907288144
125 119.12848352541445 31.686474100897946
126 118.7236279162674 31.830866700863318
127 119.11510698924455 31.607529797367903
128 118.52164882345502 32.09083971685566
129 118.54833097125905 31.83607637398787
130 119.05750036391423 31.744924267182363
131 118.55868608918126 31.67625387782443
132 118.81402896337644 31.814255930625578
133 118.74155321145159 31.783586162068445
134 118.6746989822719 31.81993816613904
135 118.74653420820194 31.95657687167894
136 118.83565648212334 32.0210484413348
137 119.12084294881166 32.25886298500284
138 118.9381034404869 32.38290624523346
139 119.1364909134375 31.645350974379596
140 119.10651817235484 31.79466335141681
141 118.59247787542667 32.110968927864604
142 118.77002621327026 31.760581535454012
143 118.8618270500252 32.30573061434741
144 118.68460326408629 31.753011169724648
145 118.87774185735971 32.16961294111507
146 119.20086074013447 32.09807232992138
147 118.65089253780594 32.23010086013385
148 119.0529207425793 31.6351017243027
149 119.20557049360222 31.781561163975017
150 118.66543812779359 32.17457331248863
151 119.1143538367008 31.71010504043664
152 118.62197666843969 31.635109125341664
153 119.14841663973057 31.887056928097245
154 118.69246930740358 32.0756305549998
155 118.68708002972734 31.60892893783845
156 119.12417231336957 31.67126307944298
157 118.69565606664759 31.62471675732953
158 118.64956804169161 31.918587709213174
159 118.7250506290153 32.14711984652827
160 118.98823535616677 31.76524684215644
161 118.51550316747834 32.28166232043833
162 118.61723372438605 31.946427202546055
163 118.57510879580217 32.09865250196984
164 118.84813151679289 31.83087321771706
165 118.52787097663035 32.09796201375088
166 119.15128098031809 32.38465374397173
167 118.82200149713137 31.972507256483514
168 118.9244284216011 31.769662973939894
169 118.65223521516371 31.95465471908155
170 118.9932195627725 31.939961907697597
171 118.49213904881185 32.013940711868024
172 118.55356951994592 32.01364507376972
173 119.14852524560158 31.64904760863192
174 118.6177644634386 31.723255061406334
175 118.8390522527584 31.962611543503844
176 118.90114937208747 32.15563182397594
177 118.62226050456997 32.237089855173174
178 118.91910863104349 32.20809398474113
179 118.67934486753653 32.022561842864654
180 118.95934009060431 32.37318110502288
181 118.70509808436448 31.844843750609076
182 118.78133936724392 31.970175728321646
183 118.84461857374838 32.231816315235605
184 118.51827120106392 32.25250453511345
185 118.58211159745949 31.910678792794567
186 118.54221665460085 32.281120199810324
187 118.7964022394823 31.973990001655178
188 118.87943736298988 32.17585083741479
189 119.18641938649215 31.60474617960897
190 118.73969295799587 31.602759450128044
191 118.62463979343781 32.329494271460064
192 119.18294014740896 31.698271890071585
193 118.88304118216857 32.15136743262238
194 119.15405622957836 31.829838054707693
195 118.73626444733213 31.76175782183854
196 118.54941148855501 31.887357338660802
197 118.84449403657604 32.34579093879459
198 119.21446460757065 32.0625562821371
199 118.54958477347445 32.32271938250504
200 118.86093738972619 32.17206872913108
201 119.09460947938754 31.98589907412211
202 118.65154370417875 31.994750111852888
203 119.06448703875122 31.788144194345502
204 118.5467753059371 31.615132266428997
205 118.71422946444012 31.9148327115457
206 118.62214683272806 32.04040066163083
207 119.17176764231209 32.29927861068506
208 118.93602972808571 32.13230750561584
209 118.69629459413332 32.256105685731555
210 119.14477783844269 32.31790215018622
211 118.89401660929548 32.33837474826288
212 118.76804782694758 32.23564080066189
213 118.9865108465875 31.706656253547923
214 118.9619104864181 31.878566642445385
215 119.18636394879712 31.740622205817612
216 118.51787782612348 32.29307339767253
217 119.09373036349966 32.211782322464714
218 118.97548233262432 31.890532602278935
219 118.59923108442905 32.05184654766574
220 118.76376790804551 32.25866711583615
221 118.52515181394574 32.272858432242664
222 119.0976504491463 31.760129971866466
223 118.56017114090669 32.2094501453085
224 118.64353488495188 32.2490579789985
225 118.99115239031667 31.65900550590223
226 119.03278981677626 31.673645130621555
227 118.68626186031462 31.93610474378738
228 118.6274652232438 31.77169512577567
229 118.51689111476836 32.30245522354744
230 118.53627331116863 32.18703690560439
231 119.12578609166431 32.17205012817813
232 118.6419939745998 32.214677306556275
233 118.78922588078389 31.84134358561264
234 119.04764611658125 31.782918640297936
235 119.17149346778247 32.08734575124433
236 119.13152808264945 31.92020088885623
237 119.10452995238664 32.334989185421136
238 119.06842008896672 32.12728365486702
239 118.73609412381018 31.906157695958562
240 118.95228756904346 32.25549150490449
241 119.00533959961575 31.900431032425093
242 118.8010578992678 31.732766810602225
243 118.9377313042422 32.209517107334236
244 119.19154599579775 31.986015017892203
245 118.72061564000896 31.803395622469203
246 119.15554695972003 32.14687401982182
247 119.18925628312728 32.385367677460025
248 118.89422357103216 31.798005396017118
249 119.1514677756044 32.22636135201041
250 119.01520462636067 32.196340070319955
251 118.99145906036007 31.697994225840542
252 118.5762020537439 32.27158645196483
253 119.01933989558685 31.976931256474757
254 118.61504746024193 31.679810791917976
255 119.02909168061815 32.032550658779456
256 118.53259686998686 31.86285230448553
257 119.12697443123476 31.721247018504737
258 118.61892130313971 31.655918822239663
259 119.09472777328418 31.76128526555688
260 119.11833071696546 31.948636263346433
261 118.5652512587009 32.125280209158355
262 118.561927845808 31.670906860870975
263 119.16137570060533 32.16585941819758
264 119.18383092953758 31.68174431802558
265 118.54898868238385 31.743572743128013
266 118.93500522525754 32.18955014454651
267 118.77832736209578 32.29019025840154
268 118.53975026489682 32.35564675806388
269 119.09448506476659 32.12392916446224
270 118.97243146682945 31.977583730184275
271 118.55183415878359 31.690148107143763
272 118.82761836244437 32.06029255894894
273 118.78654154682481 31.719249858750246
274 119.18691161712826 32.00403461267329
275 119.19466482267774 32.08381155429693
276 118.66199994903602 32.27208641817809
277 119.02718590221366 31.854678789302703
278 118.95658459620911 32.37696673932472
279 118.81754908817723 32.36773267377789
280 118.89311259854804 32.26898005202889
281 118.7696917037556 32.17853191540636
282 118.52349604530016 32.17640937144835
283 119.0319630735251 32.30437156762393
284 119.04772822024195 32.36180102100906
285 119.13366589317035 32.26563263088768
286 118.84532404366945 32.113618533217625
287 118.54655840151374 31.69750079098488
288 119.16517025215924 32.105347874580715
289 118.6872580714551 31.878422448577425
290 118.58802585461706 31.711578772122483
291 118.59868001101243 32.30881100612127
292 118.92290117506849 32.25792310731838
293 118.76068127723651 32.006439225837624
294 118.96463472132058 31.973782803032442
295 118.53763933057901 31.99723627139581
296 118.50917473763812 31.820378377946106
297 119.17891738077986 31.898483605222847
298 118.54901768441292 31.961712232959076
299 118.73756196944146 31.62257918785043
300 118.51897036137846 32.30928786606258
301 119.13379476584414 31.634488797057138
302 119.10900140810605 31.90994989363175
303 118.89656651362561 31.69405415609294
304 118.59315827335148 31.778208561347515
305 119.0814808822168 32.35876744841291
306 118.5499344309702 31.90207751267336
307 118.82545597637687 32.15972648251624
308 118.71652516722244 31.68683075577571
309 119.20750205741697 31.775871313832894
310 119.17712234903796 32.30360139211617
311 119.06999466875024 32.302810451491055
312 118.82071476588712 31.796522193178472
313 118.8508103387925 32.377309914277625
314 118.89760895769898 32.14818943725256
315 118.88756929653496 32.010996121541766
316 118.62902482556147 31.88085112282503
317 118.68433948658594 31.875251150365226
318 118.99488435561027 32.37506761145966
319 119.09740480441558 32.1692038768836
320 119.16606008586557 32.012091117312984
321 119.04223150721174 31.63285164637306
322 118.90781914736779 31.797313843407196
323 118.53859761954583 32.34612080659229
324 118.55730013598395 32.03140540518157
325 118.62199511932323 31.873771020281783
326 118.99174184715946 31.633250005753958
327 118.69937065888932 31.81384594252471
328 118.77477257829814 31.788690082814785
329 118.60754813433009 31.728234482577466
330 118.65869122411439 31.876975697522532
331 118.76535688111291 31.742270536098232
332 118.94514421327396 31.663375449543295
333 119.2023811863052 31.70225322777453
334 118.59467458609521 31.98514216633454
335 118.72565525797118 31.64925836935953
336 119.19385255245705 32.340806725752124
337 119.10058664620432 31.763109774975444
338 119.17922229473616 31.991664349097253
339 118.86698837409996 31.925873245502235
340 118.65880561831615 31.838697029170387
341 118.64803311769587 31.870119280570847
342 119.06103556922072 31.78580967372791
343 119.16304720064782 31.813298097243383
344 118.9389075493688 31.705582471920664
345 118.97525708543539 32.14909491621797
346 119.12871945881105 32.090765533511096
347 118.67332050687213 31.846155488768268
348 118.92080029850803 32.31603555984886
349 118.8887631577374 31.91538601956491
350 119.14258276397742 32.09555277665862
351 118.73747499769388 31.99293174201096
352 118.5925947591629 31.858367087311386
353 118.59377480480558 32.301977720537366
354 118.68849200943562 32.28830592199557
355 118.55282511557131 32.27769186462814
356 118.72953516607694 32.39482353706898
357 118.88266273609628 31.629519362739643
358 118.80602239918566 31.982237641913688
359 118.94748256957173 32.36754684010565
360 118.86368993023683 31.704339461427743
361 119.01431596532747 31.80413340280056
362 118.82307991836824 32.01500634761468
363 119.05489809127317 32.112016738396655
364 118.80151288746417 31.882138964031768
365 119.02137684424214 31.844916325962494
366 119.01242325910255 32.23120839842717
367 119.09448449148638 31.620139306621045
368 118.61705032220013 32.24447633158817
369 119.00511825118497 31.92874700191309
370 118.50384714171378 32.10357762737831
371 118.77461045375755 32.168392387632764
372 118.9136837573961 31.68904657927482
373 118.49810343248376 32.341580334037275
374 118.53858310543194 32.253825587985666
375 118.65716870182345 31.885519826876745
376 118.79064955168099 31.749670832723897
377 118.99051355766585 31.663077160762867
378 118.64418220708427 31.83888283777136
379 118.77775567361077 32.17796649810403
380 119.13364375716735 32.28657620152273
381 118.736893744751 31.839929423965124
382 119.04168218179208 31.789020462118703
383 118.91286584212607 31.86114168170091
384 118.54766291838351 32.37512980569056
385 119.17994350016569 31.67372442107292
386 118.58477240211978 31.735881401808914
387 118.74366108279317 32.15541580707365
388 119.19194877864498 31.707707883132375
389 118.68734197378659 31.78339328940703
390 119.15364257627162 32.25707702298638
391 118.95859723510921 31.84744511527146
392 118.6269163385712 32.08387590687966
393 118.59874702645781 32.02774253762351
394 119.17453478133591 31.829332503317662
395 118.81396298270747 31.80249288632737
396 119.0281303630267 31.79952620227816
397 118.59426929455583 32.30045214639798
398 118.85848255427796 31.606598828281
399 118.57513090601778 31.689919877535036
400 118.8179643094337 31.8734906712258
401 118.5026173704736 31.77124225783323
402 118.5100758388117 32.04235687942664
403 119.13163900735329 32.02291626434123
404 119.13234126253084 31.994835459224724
405 119.02890103116552 31.837913784569054
406 118.85266959897432 32.01225442289517
407 118.64669481733337 32.22683756708787
408 118.99874890525815 32.23977239431412
409 118.64463349199566 32.03668209612091
410 118.54763965885415 32.235591761608106
411 118.70983567175364 31.667272098494323
412 118.90578374614476 31.736550291519617
413 118.89562836998067 32.19796532706896
414 119.06297647065102 31.913534837103185
415 118.75874085153565 31.85059316516835
416 118.59847037373434 32.06369408341974
417 118.54534761685962 31.90969520959877
418 118.65424150177677 32.33204882349312
419 119.15632369586068 31.904101321984264
420 118.50678587324569 32.255495785312476
421 118.94211557321067 32.08955960915027
422 118.82224958294312 32.32318940931533
423 118.63964177888681 31.994691540115845
424 119.00303826212821 32.37784515861083
425 118.90018019416895 32.04351961015957
426 118.57118281202943 31.62545113202026
427 118.9681917170784 32.17523992176943
428 118.5373490719707 32.303749050557876
429 118.6636766859407 31.659658859993886
430 118.8939161869984 32.382610582105734
431 119.01097871681434 32.06638846383415
432 118.87949632858307 32.202759783216
433 119.10906091151999 31.77852148489617
434 118.98110938129967 32.34907120705236
435 119.17770569191472 32.119448135618335
436 118.69105161329712 32.03837761890063
437 119.18248310974529 32.383966995492024
438 118.6587350051893 32.04856557589969
439 118.64045705154858 32.005431644744576
440 118.60884385648849 31.63430001855039
441 118.5839246124115 32.057094539667915
442 118.93599488641321 32.194212652871016
443 118.50491747818025 31.89668260333101
444 119.07166556386959 32.1439273250852
445 118.94162033035812 32.032286360830255
446 118.7297111094558 31.75836715859952
447 119.12295341918178 32.0285433408704
448 119.08506436539125 31.97641618474825
449 118.93544396170968 31.850734400274508
450 118.53697143002857 32.12680640906603
451 119.1923355288745 31.654096051274323
452 118.91546091554902 31.882984815924598
453 119.14711568638221 31.95283263808267
454 118.60102618634437 32.384480929261095
455 118.51819497579035 32.164990235062795
456 118.71148696799894 32.10036687155372
457 119.0487274518225 31.73138632662419
458 119.07443594905335 31.9518668755139
459 119.11124484099061 31.900544442055953
460 118.71824614704624 32.35997091408137
461 119.06113072969484 31.959389543560054
462 118.60018216690777 32.28177450651162
463 118.89125858392984 32.14150178985917
464 118.52956512953509 32.2804091242151
465 118.9972089128678 31.588514027626502
466 118.74875182234754 32.35112599706517
467 118.57140561669483 32.36892306985733
468 118.97390938088327 31.71799110807532
469 118.78011117619502 31.641419972817555
470 118.70263694452932 31.862506541135474
471 118.74526284898148 32.038229023517395
472 119.05086954588667 32.00995169968737
473 118.78983946519854 31.961648614444155
474 119.11628977122396 32.31929274720747
475 118.60956434523871 32.0478923143329
476 118.78160532786875 32.33329981510722
477 119.11870982420369 32.05952657320373
478 118.91813043189796 31.74841020126857
479 119.00931179941526 32.39719682137723
480 119.08386726447824 32.40179328656531
481 118.8677531267028 31.955428510290314
482 118.60591770657562 32.19687408626406
483 118.72372196607908 32.11868386236763
484 118.65286622101311 31.741126288559702
485 118.6350488628457 32.05670522811021
486 118.91960159403172 32.12032354239502
487 118.64193184547369 32.07503686924368
488 119.07735208543998 32.02835762833809
489 118.81506056065243 32.07377163074672
490 119.07621492686725 32.17892561776236
491 119.0941146614439 32.21139204640958
492 118.97829430688299 31.678822045637304
493 119.0436461793611 32.34219551269733
494 119.06055187055058 31.991108414705693
495 118.91860255135703 32.150938482954295
496 118.7229153892638 31.913180135243973
497 118.79306429424399 31.649345686696588
498 118.70812662743931 32.12013773311595
499 118.82111788472285 31.90204919224181
500 118.75827597340525 32.02659787519843
501 118.74973085436645 31.806863441416727
502 118.56009636915884 31.764845724492776
503 118.77938290678547 31.820472138959243
504 118.58637696985996 32.30039768704222
505 118.74976510027598 32.345589546559616
506 118.58929539701589 32.36884480492351
507 118.76328969758842 31.93901720020438
508 118.87904782717861 32.23186558532047
509 118.55210632413109 31.754992633320143
510 118.67204431445752 32.189143344905325
511 118.78543344536968 31.932907956069066
512 118.69628800079442 32.26516402008601
513 118.88052747644419 31.771214854055483
514 119.08633577697587 32.24424626101217
515 119.05035222190621 31.676042822807158
516 118.68395633269313 32.30199401007659
517 118.64512536640522 31.949367561621717
518 118.90115547123314 31.73191528154044
519 118.77923343871055 31.846991414669038
520 118.54573052823719 32.17848387632656
521 118.66126586635916 31.95067250683071
522 119.166495417271 31.7793291224206
523 119.15383937211679 31.808720091446716
524 118.7552768219453 32.15348495454564
525 118.52422833054776 32.12327578988153
526 119.04873303152092 31.651094183440502
527 118.68067958950773 32.26332807621797
528 118.51495611231854 31.693043573535512
529 118.68918571008076 31.776838357626932
530 118.59308432062075 31.623537059318632
531 119.12347994293735 32.027763020064214
532 118.63584208552761 32.2874280504191
533 119.01622926544 32.341566226503744
534 118.6124909803012 31.972618504075818
535 118.56308532711108 31.701309376650016
536 118.77829057859572 32.004097396349415
537 118.93665104848878 31.832325412652168
538 118.8808889083429 31.83976648317689
539 119.06242343338427 31.77477690003415
540 118.78622577958657 32.349148925422256
541 118.92218695359662 31.914563657016302
542 118.54592276025116 31.586225575309236
543 119.01878860815219 31.9942586974881
544 118.9794171475096 32.14051334692586
545 119.06208852770298 32.23756047984114
546 118.56384743013 32.19704432571064
547 118.82091161517954 32.15371210981922
548 118.96340353717495 31.7747211720788
549 118.49620126381244 31.868168530439654
550 119.11325690568123 31.944824348332805
551 119.06609975310509 31.7234433142232
552 118.86010348563849 31.961508786202003
553 118.73484996561842 31.67514273490305
554 118.99988365593195 31.667734743188813
555 119.11802699330445 32.25746854322445
556 118.857767373375 31.716868486882863
557 119.12732195760839 31.96019947889545
558 118.58402000438342 32.08572815317263
559 118.73096774550824 32.35582925123463
560 118.9798124067244 31.85894871472023
561 118.7553730008876 31.742285503973505
562 118.87091736539381 32.29319859863612
563 118.95981473662731 31.83357944025642
564 118.90853941862952 31.82467427030754
565 118.8100888633619 31.729248229090217
566 118.61865750529059 31.955448769286942
567 118.77147362053071 31.757719169404098
568 118.65226262790313 31.90536712714144
569 119.03141210404435 31.8616085704276
570 119.05027425368257 32.11339916449497
571 118.6455324521802 31.954739530238566
572 118.91105884367325 32.12599337685096
573 118.99410156916535 31.842207047843573
574 118.82242373122223 31.89634582109378
575 118.55508484475152 32.37805943255312
576 118.97474371539715 31.79822685834176
577 118.54883046599716 32.20368569723875
578 118.96963014385604 32.1529696065759
579 118.57199108307074 32.10196253445765
580 118.95212520329592 31.693107615534643
581 118.68357770570583 31.596071076984757
582 118.76360067725902 32.19054316320068
583 119.18131491204548 31.656018099766293
584 119.15296272635358 31.804438186324543
585 118.88811125156526 32.37516331202356
586 118.94765672281747 32.377020828624325
587 119.06523727746738 32.3407763239237
588 119.0063211134214 32.051070809290536
589 118.59130534432623 31.955630723758677
590 118.79805264990486 31.97325441371969
591 119.08829099736535 31.871384105773455
592 119.01032538904603 32.38553164104426
593 118.62008168417228 32.24944730563416
594 119.09310172278842 32.424212354947414
595 118.92495114479046 31.847594140701084
596 118.71062158402503 32.06807964830244
597 118.52637263268392 32.12663884783349
598 119.03375453592056 31.91427417021501
599 118.8218203878849 32.065620605488746
600 119.1879231720105 31.733435751493655
601 118.67653827108485 31.850214554374237
602 118.55609406216065 31.705251851432536
603 118.6670018274294 32.08621808827827
604 118.79045076927841 31.876534707377058
605 118.52295363807825 31.928593442862976
606 118.73652849830441 31.904033338319216
607 118.65603560227648 31.64798927688793
608 119.17375290561648 32.324653299490905
609 118.63172018228369 32.1583921645798
610 119.11596602718065 31.84746934974698
611 118.57634462722432 32.29890751325672
612 118.90475688198161 32.164393376428464
613 118.94277992013913 32.38163364305791
614 118.89011255182781 31.98970257426138
615 119.1702403816998 31.692641219803832
616 118.80716088061148 31.69323567760318
617 118.94256336247237 32.18225466173406
618 119.11278013442279 32.05013474971362
619 118.65443375269733 31.77527656191005
620 118.85688342971677 32.01299111843841
621 119.18026153603803 32.02059427134307
622 119.04498510815333 32.304939836827934
623 119.00691818363107 31.609138895385012
624 118.79225975936471 31.69409728279376
625 119.11036101385953 31.923695589767195
626 119.07103829218924 31.709174930005982
627 118.80864678991001 32.371261680157005
628 118.88744254380434 31.769505451286836
629 118.96249607071216 32.098322343223636
630 119.02698710571036 31.953301228029304
631 118.8152557790317 32.222034587360724
632 118.73916172554607 31.632777764724867
633 118.60673515009216 31.85276847955698
634 119.02224803079032 31.984862045781508
635 119.02712681898662 31.684701160790976
636 118.62231811549972 32.077771913354624
637 119.10626092052317 32.01414681359443
638 118.61214182540826 32.26771541774229
639 119.0721497249992 31.9737929033633
640 118.60942658653751 31.85284673404339
641 118.94709826384914 31.835327800826672
642 118.8660045092556 31.826417316271566
643 118.60066617556859 32.34510838938086
644 119.01216520936106 32.232637034547714
645 119.01461075262554 31.87551280348938
646 119.12208545360554 31.949040504045193
647 118.82009918680363 31.686307962435645
648 118.88299786365621 32.07819234512805
649 118.95558040720974 32.19153344040939
650 119.10611536014862 31.802948104324457
651 118.7830065922772 31.974352224796952
652 118.96647011103654 32.12557546880617
653 118.90537858940498 31.977129684767522
654 118.64352080465677 32.02503010177723
655 118.97949659062252 31.753792966208753
656 119.08016592384072 32.215118820285575
657 118.8215686116589 31.68725474442979
658 119.18105414491339 31.976657529288985
659 118.88471856648499 31.84973549392454
660 119.12715419040683 31.698267062476337
661 119.01512354316074 32.29221928156693
662 118.76791306061088 31.754846135270334
663 118.72963298089309 31.97194588170111
664 118.75460409416452 32.10242808118978
665 118.74169606887885 31.838434831496
666 118.52225358039682 31.992299474786016
667 118.50484591092253 32.00845132023677
668 118.78841279376155 31.939323625078412
669 118.62949852339482 31.886335157524478
670 119.09178315013375 31.78772582763814
671 119.16885622228288 32.31967897931482
672 118.70358501031697 31.987142359095305
673 119.02858484686979 32.15940280343264
674 118.75303971764441 32.016225182144574
675 119.09999070040965 31.83948488200529
676 118.82051770385557 31.992793092896825
677 119.15061792549919 32.25238352782611
678 118.97992208393896 32.28997129288423
679 118.5859560148517 32.3492454240423
680 118.59639419060684 31.794960217112394
681 118.80430563346796 31.87487312398821
682 118.90285774416898 31.685714442136295
683 118.86336529590474 32.412457551363886
684 119.11177583834956 32.1215862726634
685 118.52007963230777 32.155725392854
686 118.58796806443537 31.964667136258374
687 118.69757960196893 31.817084829292902
688 119.1077092252761 31.925998696343367
689 118.4912605243965 31.85689481438219
690 118.87220724038632 32.03000362222469
691 118.50518793128727 32.242727378025855
692 118.88729409178565 32.2684438605749
693 118.83520153619763 31.847775972296287
694 118.58629778701336 31.73410849792161
695 118.9183705541725 32.19069163989528
696 118.93179208890571 31.936860419411083
697 118.81307322010369 31.74364217319804
698 119.04415620637924 32.10799397648376
699 118.542420371699 31.68481614461089
700 118.73087042100639 31.675473785642605
701 118.84425291932367 31.592085272357842
702 118.70982311925246 31.74354104414116
703 118.58942330408718 31.97422657212393
704 118.58073517569677 31.740755229865165
705 119.04636976304928 31.640831842799386
706 118.68437972914933 31.993960088102476
707 118.95754713937583 32.317152697045806
708 119.088954795566 31.610418366620987
709 118.71521887345651 31.791333546562974
710 118.62013254233182 32.33291599421139
711 118.89022403439836 32.11984520268916
712 119.07002263673569 32.24850287872637
713 118.75822422429165 32.31666213040109
714 119.08667987015059 31.77003386460257
715 119.19418191733962 32.204615794928806
716 118.99250818636119 31.816143635652452
717 119.11890679703839 32.33461667449897
718 118.55828913328413 32.351800092120484
719 118.7689939759161 31.729305340570665
720 119.11627749489482 32.28473057202453
721 119.017530131724 31.657957619643614
722 118.58584108908661 32.08289099729129
723 118.67343839461799 31.970621364380005
724 118.71770684773622 32.063170716595366
725 118.9506559732215 32.207849375301954
726 119.01752667108362 32.31171663657253
727 118.84337496004005 31.99655583611662
728 118.5244370616043 31.64263278591716
729 119.13024645946861 32.345202669805076
730 119.16380427878605 31.641888769940103
731 118.73237687376162 32.23378676881907
732 119.07551455577753 31.72118245481773
733 118.8589076411946 32.33924035364103
734 118.8276862863135 32.09635808941902
735 119.17239106114737 31.835902907993997
736 118.49312250690191 32.28066794224328
737 118.79870324876339 31.732797152143007
738 118.64360393896736 31.77660154342512
739 118.81941345394978 31.83126797296603
740 118.80998509030813 31.911399950601012
741 118.62442250452277 31.790197600426307
742 118.91493572681053 32.328349460421485
743 118.7631551398965 31.96248014345667
744 119.13217052758132 32.36622507546746
745 119.15405565630536 31.831206366435243
746 118.76450634045642 31.97363198146229
747 119.02856240862549 32.268230091178616
748 118.93912418579426 32.38223621287703
749 118.76147797370582 31.965105348593692
750 118.69874699338972 31.97651444196069
751 119.14994671075608 32.3545378202141
752 118.65034827719325 31.94055229671266
753 119.04492293549825 31.95300366131043
754 119.04638166324472 32.37595479610342
755 118.62585499438273 31.992272495951326
756 118.76064401757287 31.684081183241773
757 118.80436474152846 32.35430382276649
758 118.86255415932236 31.9631134590857
759 118.92062888807743 31.88024989161056
760 118.76908406451565 32.310768853421465
761 118.92975536682135 31.60471421897545
762 118.80149568206313 32.37259700664971
763 119.1665637839391 31.66882063811335
764 118.96076633083045 31.654187465782627
765 118.86842382909575 32.32584280269157
766 118.89141305642772 31.963146146054076
767 118.58256105341316 31.727326460912757
768 118.68017214251843 32.37791964940115
769 118.99357118270034 31.84698514669509
770 119.21502563435877 32.34632887196503
771 118.72770303132565 31.97749001119228
772 119.2078904116219 31.92261847471148
773 118.74697624488374 32.054564774856566
774 118.81428822358536 32.32080948168204
775 119.18250375334415 32.391520490625616
776 119.07192136935623 32.14191976271021
777 118.88735046270473 31.905552115347618
778 119.1792901588402 32.261314372212475
779 119.2021169815402 32.3430566525031
780 118.61753980289642 32.04534665731057
781 119.04172226374915 32.18323009252178
782 118.68322349275441 32.30908453876721
783 118.70605397451018 32.157120672025336
784 118.81783237057529 32.102126376651185
785 118.82790102694511 31.888181100539807
786 118.59905687479073 32.081086500846496
787 119.02418592528748 31.771650980053867
788 118.50967481944149 31.71210652952212
789 119.19919771293875 31.80332046698586
790 118.67228375483704 31.94347259681899
791 118.99060923522735 31.87525913107387
792 118.86457316276287 32.16908058661207
793 119.08238892651441 31.90928383149085
794 118.62302663359984 31.978618907463694
795 118.51875453613185 31.808794644293183
796 118.62306907180869 31.664815166687102
797 118.9823323397606 32.17148631628184
798 119.08227985297957 31.776324998367265
799 118.60516728302865 31.974952540746624
800 118.91457236604539 32.07765654392572
801 118.51479707409088 32.14095621862147
802 119.07587891275146 31.93747208865339
803 118.58573052814792 31.803574038100788
804 118.61995745335301 32.31324817945027
805 118.95085416745175 32.13798639809955
806 118.82027710324002 31.79997699884068
807 118.69430179166227 32.23946365571764
808 119.17669327543958 32.04343422637234
809 118.87001301441258 31.952159425079046
810 118.61288104489256 31.70083394009315
811 118.78842789003109 31.784098080605638
812 118.99481851112176 31.69374811004717
813 118.82223293767893 32.14379760746762
814 118.5798670729558 32.17455172795648
815 118.6138863828986 31.973536546163043
816 118.6555847716353 31.644199139568656
817 118.88056807323713 31.718703122417818
818 118.94142774544653 32.34148643856911
819 118.83490672475752 32.3081179872107
820 118.638088965591 31.91956193445349
821 118.73494419957079 31.71347919016733
822 119.11613671872195 31.959826904215806
823 118.6780651367128 31.945611354751858
824 118.96853177255502 31.61614379537671
825 118.75897069747597 32.18497982677908
826 119.20134906948996 32.10885548122418
827 118.49508947905605 32.04724026567681
828 118.70379825443834 32.24490122988672
829 119.04130499322164 32.275234004508015
830 118.54049435114003 31.767484597380363
831 118.7705497077874 31.65600721481546
832 119.17182166806114 31.901366130927837
833 118.98239054515848 32.276239679685524
834 118.59676543632317 32.21966087842093
835 118.56608015182474 31.801583799337717
836 119.17560168321914 32.217739191828706
837 119.14190609550532 32.065834287974866
838 118.62225871338397 31.821484348506615
839 119.11211014679076 32.151107132450406
840 119.01847468108407 31.843958907899175
841 118.78726327042281 31.85689555113951
842 118.66112827118113 31.77262429955637
843 118.60129144776334 32.051033314295154
844 118.65787875736602 31.98649659525196
845 118.83787516846357 32.09175347281378
846 118.53217158797986 31.610345782443932
847 118.93692750369445 31.923523830536855
848 118.92219580481542 31.623401094475216
849 118.92467817308346 31.846188411035854
850 119.07805613185256 31.677054769387095
851 118.55600591780684 32.05253504203242
852 119.18869966867146 32.342738390161585
853 118.82057674373905 32.2742697551065
854 118.8526213580377 31.98812233073981
855 118.60866733754857 31.897684136047964
856 118.95613260907201 31.615229903829192
857 119.12931725905435 32.12607949135191
858 118.5511290147232 31.851301690489237
859 118.71099582373748 31.941408142682665
860 119.052203816823 32.096947315855815
861 118.5084374813818 31.750255306653745
862 118.90774277046856 32.04425298156176
863 118.6581913466061 31.96084520198093
864 118.86757582612724 31.91952731892909
865 118.60233319380868 32.27388246665936
866 118.74602873693881 32.19997778189081
867 118.7401520232662 31.697028971248447
868 118.77783387274899 32.31997933637103
869 119.16604283100051 31.59496412440603
870 118.58575099730983 31.778730623399607
871 118.68957075155946 31.70233809814435
872 118.9757282213954 31.8635514889482
873 118.75598190551696 31.686874372061865
874 119.14841567162134 31.827395817795672
875 118.73605447947484 31.916685146389455
876 119.15612612873853 31.98195804551757
877 118.59592835500388 31.831721498020542
878 118.81725852000211 31.656494524281307
879 118.85615218075233 32.00508377217694
880 118.91865861156585 32.07247345777158
881 118.77897377137894 32.117490197493346
882 118.86167917974383 31.60579550207037
883 118.65360620890144 31.68242087627591
884 118.66727652305612 32.13182120621626
885 118.57266188549386 31.7196802208345
886 118.87888172261019 31.681977273833432
887 118.84668201251951 31.947885977409857
888 119.19887282233766 31.89627479815712
889 119.05008078481814 32.12048630316069
890 118.99558425750537 31.61680209163662
891 118.72028304170027 31.79659455177849
892 118.67231141365615 31.8166833484735
893 118.98252215894544 31.85300517275436
894 118.65695558449285 31.61226280271221
895 118.53835058871834 32.03691921525389
896 118.70017324796358 31.602418139873944
897 118.86061192883291 31.837883994239785
898 118.61876612185621 32.32296080994436
899 118.57523144357084 31.728027401827557
900 119.11878230200803 32.144286560839035
901 118.83365117096099 31.994702947458414
902 118.53005480263788 32.32438558431258
903 118.66160834306142 31.950739281801365
904 118.54350250570874 31.750106644712375
905 118.68061796389738 32.40251816987531
906 118.79491901616055 32.168048471469056
907 118.58596386712358 31.700284060292415
908 119.14198277084473 32.02595149681179
909 118.82952599318853 31.869112399914677
910 119.0899701282239 32.30890351502491
911 119.06767484740487 31.727451143257866
912 118.58980871082085 32.117588822194456
913 118.54706997406475 32.36019435301879
914 118.9071153409089 32.3428717795216
915 118.50971353758995 32.32169075545781
916 119.05444673747719 32.11811337274831
917 118.72013520992819 31.84991570478363
918 119.02058187360196 31.651027410361305
919 118.62530217615304 31.74980950611265
920 118.72229188280983 32.31017332601776
921 118.9419631934668 32.16431942622176
922 118.66338161259293 31.66096867803171
923 118.65895509975685 32.37317201818528
924 118.74591019185318 32.00122091802364
925 118.53249501432589 31.753313210841803
926 118.985695005179 31.97060923018489
927 118.57257868840588 31.931606691315526
928 118.65933235060315 31.78791766715525
929 118.55606948584301 32.10042833428274
930 118.81560768304165 32.03136504843888
931 118.70169483810663 31.813560868252264
932 118.8558020382751 32.22154102468544
933 118.95867275875602 32.032290426885844
934 118.65257461586657 31.884803829334327
935 118.73937477697123 31.72652064218148
936 118.88958001269957 32.00500579262293
937 118.67172927327756 31.712926714758233
938 119.12685806118921 32.32284278207393
939 118.54805698935826 32.01488025632244
940 118.6035584325258 32.329432793570085
941 118.71484845295802 31.85336444636968
942 118.95385829583421 31.951894100589666
943 118.54387810732213 32.028035094891344
944 119.14526390916315 32.29950318281464
945 119.13186649801186 31.700202975860712
946 118.95510189500611 31.914616020932357
947 118.75698578737962 31.68066177724825
948 118.68747226562927 32.35570701438591
949 118.72794296985474 32.25426018276474
950 119.12652455882193 31.923370597234474
951 118.85726445777732 32.12948282237568
952 119.15960401691169 32.05340270735641
953 118.84813400404603 32.081172198993805
954 118.64819410418485 32.259945574491326
955 118.57731978617508 32.38042208010851
956 118.97207036921361 31.66152141634056
957 118.71659391407408 32.04731915695226
958 118.94740789930411 32.32188502702409
959 119.16485826459613 31.929978981901673
960 118.51266057975322 31.787448236565186
961 118.5599151779793 31.691691083498597
962 118.73382555887729 32.112490887507285
963 118.71525099240095 31.754275000749
964 118.76547738198424 31.89409260536545
965 118.8209430110888 31.898924155387128
966 118.78496908651047 32.09436889486673
967 118.56881677071792 32.36425733455944
968 118.72098429274065 32.39568791545334
969 118.60693104148078 31.834018938043044
970 118.62361275596798 31.815542577186307
971 118.91011628195068 32.17898430978766
972 118.5209284613637 32.15074456122843
973 118.6837486719718 31.83265902016888
974 118.91823993224557 32.35602888568682
975 118.69163516554705 32.24661833461818
976 118.85330444260896 31.748137102867084
977 118.81313977449437 32.00117129349092
978 118.93474467895302 31.669179270607465
979 119.08875770581247 32.04253391436199
980 118.6855970547127 32.04432410255046
981 119.13251163211598 31.752696982352035
982 118.97503443604354 31.65772868304811
983 118.78465953192708 31.728036199525516
984 119.07992844227867 32.01976145694216
985 118.7894761905962 31.64651156235624
986 118.97863428763003 31.749618210981858
987 119.13115601336189 31.743552730094578
988 118.68927075244206 31.921353385623064
989 118.83739922334489 32.02257405923221
990 118.77239966430965 31.87554762265855
991 118.57437419779244 32.10294237840523
992 118.57167897215955 32.3298468839103
993 118.56157562729071 31.801619459800484
994 119.12581344845758 32.38671726828514
995 119.12102036459656 31.85937048593244
996 118.72974473450616 32.096080999736536
997 119.10874568610275 31.886351999756112
998 119.17480714644611 32.15633102825829
999 119.02972428409052 32.290319117250164
1000 118.65999577146054 32.23825286677412
