1 118.93750464905557 31.943006289344687
2 118.89254056233388 31.612368527683213
3 118.61621036060353 32.04065382892668
4 119.06768858942169 31.975563957214575
5 119.17396726549676 31.948524173616775
6 118.9498588409 31.869777447338283
7 118.89850262736603 31.754989489384634
8 118.60852101690283 32.07939501590329
9 118.69676034059533 31.833505405323322
10 118.75139147257194 31.80285351908559
11 118.62541317249817 32.097942098198295
12 119.19678840887114 32.02941094371033
13 119.13918753736543 31.731562398015214
14 118.7574083859246 31.97889920095949
15 118.60091129237685 31.73503029502807
16 118.77623961093384 32.2267341485715
17 118.62407585229705 32.301457940062676
18 118.8639711157747 31.996212796836147
19 118.65167460194112 32.285725135744656
20 118.5507375359125 31.667538836283402
21 118.94262692971655 32.00021210148684
22 118.75319839902164 31.653491802861236
23 118.98583695715502 31.950311804019442
24 118.85930439620186 31.674555146774665
25 118.9533065545123 31.691510511931707
26 118.72313167044383 32.086681139947096
27 118.89510411636526 31.774828785702283
28 118.83271005613065 31.662353279622394
29 118.9120601356945 31.770590518499684
30 118.52217135189426 31.881171056142023
31 119.18524987137559 31.967709830604687
32 118.67418309361341 31.757653495008174
33 118.56125935278251 32.10043789059927
34 118.70503721646251 32.00357803021044
35 118.99272594408878 32.01619511645429
36 119.14766488429918 31.912881579889113
37 119.1004374466264 32.22161431157762
38 118.71120139714867 32.072139567995684
39 119.08691769911292 31.721721887209977
40 118.5521151917646 32.16048382307727
41 118.54952277064758 32.37425387536771
42 118.63170691799662 32.00444890073932
43 119.05340141774259 32.30442020963194
44 119.00047056144108 31.876235351567864
45 118.58560601116355 32.0527800134852
46 119.00318804117612 31.945851489740825
47 119.04364583374733 31.93673759219765
48 118.60493643268518 32.24670613654552
49 118.96207057846411 32.02079709526289
50 118.79335132674619 32.362556729071166
51 118.53660416761338 32.031024658916884
52 118.8659659300797 31.66968024982203
53 118.83612471392543 31.90652553191963
54 119.1097519973559 32.26254838147768
55 118.93228515910181 31.9353866881419
56 119.10938770763242 31.6232933504843
57 118.84810203594206 31.810984062365968
58 119.0103673903347 31.639039113966778
59 119.17398039105746 32.380701729945756
60 118.51262239471556 32.38913402504505
61 118.79207983360565 32.23743247461081
62 118.81286027278081 32.08548473359822
63 119.04746595742077 32.21851865867186
64 118.51385602060232 31.725682176038568
65 118.8927861315823 31.832852903654672
66 118.67836910336015 32.00954838912625
67 118.8169932373529 31.88331575467842
68 118.97898612253228 31.636634712840145
69 118.93272369574514 32.3650213015529
70 118.66819559084892 31.972496597041705
71 118.6416986631798 32.011616005091504
72 119.08786522107845 31.874738030345668
73 118.85466870070675 31.81997391650228
74 119.17871943217388 31.896363420631676
75 118.95934672539977 32.26802873670358
76 118.65694262450343 32.2205388108589
77 118.61311588086875 31.878498202386982
78 118.72122513230295 31.606506159964148
79 119.03350229183874 32.224576463041345
80 118.82661909606033 31.799950844047377
81 118.89413292735387 32.063692850184204
82 118.92519611413925 31.60516950535267
83 118.6430670454768 32.113794514722706
84 118.72961548424253 31.92211439203821
85 118.70294066234516 31.99022802464031
86 119.1367656928076 31.93558862540382
87 118.51087288510203 31.88166899845907
88 119.17735319955219 32.03544510729908
89 118.61740887253296 32.383923923877354
90 118.85660329945556 31.71143784010504
91 118.70265320999279 31.865138674887042
92 118.70413010938951 31.630298938032016
93 119.03722988892781 32.191068369324434
94 119.00047466550777 32.12068246795123
95 119.03928656393475 31.768334626072736
96 118.60889173874673 31.908287341652905
97 118.64446021234494 32.145815504445935
98 119.02247074729334 32.13378049671584
99 118.58260672522765 31.74323995051643
100 119.09750749769417 32.308803494278465
101 119.11434237105163 32.226620374783074
102 118.85213025737362 31.68568251681755
103 118.97806635971955 32.29706513097537
104 118.72726472071348 32.20278955527068
105 118.96522564464976 32.25467547425267
106 118.52625866223835 32.04000548011413
107 118.67453355912711 31.778839490743195
108 118.7946035689719 32.35337095425497
109 118.87175078023374 32.07402908868372
110 119.19289755742196 31.873470232174604
111 119.21739357757575 31.83524888528336
112 118.59391542750727 32.30220919283985
113 118.69294078569487 31.95227400404685
114 118.54953024061928 32.03482780329879
115 118.73079770740468 32.10264658484225
116 119.15518606233604 32.27414909803478
117 118.90791320089896 32.098585618548995
118 118.53555667835982 31.739089099817665
119 118.87101505371083 32.07497546315202
120 119.17256477139385 31.996121235564853
121 119.18558570385814 32.04143379303316
122 119.13872133082815 32.16818714337113
123 119.03582193457225 31.78950086625736
124 118.66365025911003 31.754324484388903
125 119.13046467417155 31.69061166374131
126 118.72227416529026 31.83131250900364
127 119.12254036574889 31.60482593519793
128 118.51762552226687 32.091877298741444
129 118.54301805730384 31.834573507962624
130 119.06141633254417 31.74911994531349
131 118.55200915903973 31.670621664255147
132 118.8079075616478 31.81504735615787
133 118.73628320910089 31.772272797313164
134 118.67698613990929 31.835630693484976
135 118.74884557736333 31.955014735216096
136 118.83847396431887 32.029900681092585
137 119.11846972947747 32.26066655247625
138 118.9466249798779 32.38823077243378
139 119.1270214572638 31.642236944070376
140 119.10173137254628 31.791833671847723
141 118.59438976053842 32.1099964589529
142 118.77420829322267 31.750235096827524
143 118.85455738427477 32.302155794710245
144 118.67884779132811 31.768588890994593
145 118.88688398474712 32.170870393043465
146 119.19396754271921 32.09628472236847
147 118.64120791001197 32.22855872829887
148 119.05993764756464 31.644396041964416
149 119.2099809392073 31.7816593860821
150 118.67477313626922 32.16955322669456
151 119.11326893412614 31.68663209852423
152 118.626101497543 31.627373089842006
153 119.15368476989742 31.88265850484846
154 118.69617260582852 32.08239531079624
155 118.6892885774835 31.614429857493555
156 119.13142091550273 31.667194946188058
157 118.69642717120345 31.634100949128687
158 118.64253429076557 31.92589155125844
159 118.7280576709797 32.14302485384958
160 118.98869007275249 31.765966159061946
161 118.51890475795834 32.28204279048228
162 118.61860648153896 31.95323400252285
163 118.57493631455256 32.09438567071551
164 118.85276934952503 31.822385536279793
165 118.53168176084496 32.10206597172859
166 119.14929499134976 32.387730679707644
167 118.83021303229636 31.968707938726908
168 118.92689688516991 31.77103924900972
169 118.65570401868295 31.93985518912017
170 118.98640564503779 31.94403420870365
171 118.49467663703759 32.014906649119936
172 118.5554951481157 32.005232493280815
173 119.14517843896877 31.637388942192864
174 118.62649242966866 31.723887079598992
175 118.83370977417552 31.951638911391818
176 118.88677775877795 32.16377983386839
177 118.62890360876773 32.22848946213425
178 118.91141650610862 32.2039189475986
179 118.6818318907034 32.024708614191326
180 118.96444599883954 32.373620937532785
181 118.69815042761213 31.846473189741786
182 118.77942985372985 31.971394851684625
183 118.83999360688127 32.2277284035879
184 118.51612144406178 32.256780455263126
185 118.58439183944571 31.91472497698051
186 118.54420148346377 32.28793122054831
187 118.80150910140313 31.96439852322859
188 118.88218116791307 32.183247199781306
189 119.191223494061 31.606338940155585
190 118.75268504595248 31.606783973762397
191 118.62397749535184 32.333118396122146
192 119.17787273515508 31.697437536449524
193 118.88317212978819 32.15550068986579
194 119.16132928247512 31.832473357331303
195 118.73292689434629 31.765055170920466
196 118.55091875879707 31.900693734303175
197 118.84319275915517 32.34734569216814
198 119.21043938099801 32.0575513933728
199 118.54381735373205 32.33102934293168
200 118.85938138789585 32.169766781593125
201 119.0901507780064 31.9827438235286
202 118.65652665843655 31.99404368501409
203 119.05779620110103 31.781034187952955
204 118.53815348862948 31.611811665604503
205 118.72116233847167 31.92488207264383
206 118.62307392441664 32.03314191986803
207 119.1685396468488 32.30401167798131
208 118.93143364810987 32.124096034108746
209 118.70231546499866 32.265107805996195
210 119.1471155602025 32.323566698045255
211 118.8956710739305 32.34246747427864
212 118.76711016670706 32.24300848824492
213 118.98768593456225 31.703029517465993
214 118.95310901894527 31.88079670367603
215 119.19091702526907 31.745250037196527
216 118.52918459572096 32.29317644019257
217 119.10144101175946 32.22220832379637
218 118.97216489358871 31.88358130136997
219 118.60696242723618 32.054809164491616
220 118.77417036164493 32.25783356823114
221 118.51980368781453 32.280323791168705
222 119.1012803435594 31.762268024990252
223 118.56923033029676 32.190599254496185
224 118.64459640054821 32.24867447745083
225 118.9942263335274 31.65302100952611
226 119.03656955457488 31.68416746267599
227 118.69106429050231 31.938974562920702
228 118.61498604191357 31.773908489202537
229 118.5182001409866 32.300849830356455
230 118.54417027526739 32.17866972186075
231 119.12067102452185 32.171492205205695
232 118.63678340068189 32.22176836999165
233 118.78499519172978 31.863300025234977
234 119.05304357716494 31.79379268141589
235 119.18076746233658 32.09213284141658
236 119.1192162555184 31.91655859957432
237 119.10693897061012 32.32830479917054
238 119.0771812116099 32.12749912250721
239 118.73837942097185 31.90744373082312
240 118.94596265536096 32.26242657056681
241 119.00267810441915 31.908084288260874
242 118.8032679869496 31.734064511829033
243 118.93428366795588 32.21731584204808
244 119.18135385993152 31.986340202065946
245 118.72429706108653 31.804913288198147
246 119.1465687807482 32.148751262810116
247 119.19546790550987 32.38872547169401
248 118.90472166630659 31.79442288152307
249 119.14621650364569 32.22755984313843
250 119.01155967916436 32.208572787144085
251 118.99403034198214 31.687907532652815
252 118.58270529367735 32.27177690208138
253 119.02529922658903 31.980240074456553
254 118.6213590287527 31.689605826928506
255 119.02361344327777 32.02911372947407
256 118.5285484057875 31.863038386414807
257 119.12396235669682 31.72759467189278
258 118.62888709860742 31.661937748662837
259 119.0999000189808 31.750286512075316
260 119.11424824420891 31.946833873506293
261 118.5751454501878 32.11636443235892
262 118.56635575928556 31.674427474663425
263 119.1613299246662 32.15608324734978
264 119.18832212879335 31.670558935356166
265 118.54721125868225 31.744417637648766
266 118.92514209001251 32.177778488069166
267 118.7756523972155 32.29237336440633
268 118.53973580958574 32.36686726727687
269 119.09695770306311 32.14146960140576
270 118.97828487812058 31.96873702788429
271 118.55281698243486 31.68546181991637
272 118.82050923487043 32.0580099190128
273 118.79058960628811 31.723539377176362
274 119.18752085909392 32.01270491981988
275 119.19360360532048 32.08794506628772
276 118.66806445520695 32.27533773732847
277 119.03098289972274 31.86243467103824
278 118.95686351302282 32.37785999778352
279 118.81290549200939 32.37235011997342
280 118.8919406074556 32.272381995982045
281 118.77183092495642 32.171937225289795
282 118.5408733834963 32.17769020323329
283 119.03090382848646 32.3007664639769
284 119.05328424545273 32.35449520428049
285 119.14027005826202 32.27327072512057
286 118.84442397487747 32.11391962127698
287 118.54711865153332 31.686879039307765
288 119.16632175396347 32.10679383249022
289 118.68406487462339 31.879471067426
290 118.59219713238292 31.70388418581901
291 118.5870719710418 32.30809193935787
292 118.92542832526236 32.26482076115071
293 118.76472568105353 31.99589320166112
294 118.9668861032117 31.970804679789044
295 118.54352655454255 31.996183364139053
296 118.51309189980908 31.808948534179997
297 119.17543086956852 31.905148212318483
298 118.55498983804718 31.95211363538392
299 118.72998405709966 31.60857837418102
300 118.51858845777386 32.313411571294374
301 119.12559251571943 31.63413213041599
302 119.09893089327437 31.90762016661723
303 118.89622459876924 31.68817335802323
304 118.59798913947658 31.773133960157136
305 119.07426847823177 32.35649273464526
306 118.54767806351146 31.89901817147941
307 118.82634627995083 32.15549986102905
308 118.72169496681296 31.686798466421923
309 119.19836426522788 31.7822621318824
310 119.17664837283696 32.29668445075242
311 119.07033787555625 32.304827157244816
312 118.81890981911164 31.794512229981105
313 118.85133420289402 32.3679161226555
314 118.89088794600046 32.13609178815691
315 118.88620540393013 32.01140999920147
316 118.61690229830813 31.880905739588748
317 118.67777061222527 31.877755630455223
318 119.00587266249332 32.36125121460125
319 119.08750650816931 32.16711470829427
320 119.17564211109756 32.01222261666805
321 119.0351879720628 31.639919836149048
322 118.90669677879416 31.796213918930096
323 118.54957791877183 32.349481602830735
324 118.55028388841147 32.032939657040814
325 118.63074702410951 31.879293780426227
326 118.99250881381927 31.637664641924864
327 118.70158336096421 31.81217501723638
328 118.78455632705412 31.804227889381696
329 118.61347372459029 31.731526020769667
330 118.66295907154166 31.876602290263577
331 118.77170847544782 31.753571274433764
332 118.94624344499961 31.658636607962666
333 119.19614935014513 31.701497874711098
334 118.60112084422576 31.982131146981853
335 118.72608337540515 31.65462243668692
336 119.19004048757053 32.34663447661994
337 119.11768828024557 31.760249030241
338 119.18276963543273 31.99520542420921
339 118.85882668629017 31.92958452140051
340 118.65575634237365 31.837670440309857
341 118.64850529244089 31.87063546567131
342 119.07082756334168 31.78621450243406
343 119.16033241467461 31.812854407795466
344 118.94021320551163 31.70826733389586
345 118.97653473347937 32.16278800573959
346 119.13538549202818 32.08702120046639
347 118.68287481123242 31.838552353313318
348 118.9098889454316 32.31514814115222
349 118.88879913400245 31.90658574222515
350 119.13941506890944 32.090790492509974
351 118.73192321161837 32.00209729106059
352 118.60422947748185 31.863386506599472
353 118.58463857409306 32.31411897044458
354 118.68896463948475 32.28279657209561
355 118.55768201230195 32.27744867443422
356 118.72829408135219 32.384347697433796
357 118.89274270134979 31.63024019738775
358 118.80289517160465 31.987352896773107
359 118.94252804346016 32.36596378083146
360 118.8598488393966 31.702959011433958
361 119.01921877629094 31.813218960628454
362 118.82078225599673 32.01354098983449
363 119.05231439718234 32.12041810283148
364 118.81392555045305 31.87654675486571
365 119.02120921348195 31.846903083337306
366 119.01171678584925 32.221830972309625
367 119.10408705171106 31.613413763080317
368 118.61872826354293 32.23956075635604
369 119.01091616748506 31.929273891138124
370 118.48625746554778 32.104142857735425
371 118.77916557481535 32.16289064313554
372 118.9044405678442 31.68609522458131
373 118.50911447447815 32.33221969566197
374 118.54597518680896 32.24498082296206
375 118.65474480837803 31.886723612805635
376 118.77937682068551 31.743858868667875
377 118.9953751616303 31.651961160476727
378 118.63957081175751 31.84146430266737
379 118.77732317365385 32.17997972820333
380 119.1330925638312 32.28406379712886
381 118.74028593988069 31.837036209338347
382 119.04301589705726 31.779229744277853
383 118.90624752753695 31.862736048634215
384 118.54091353544024 32.378286608969894
385 119.17671102388678 31.67363995264781
386 118.58086827417658 31.74697823300814
387 118.74775530508298 32.154279583654564
388 119.18805549075499 31.70969497839264
389 118.68871207130942 31.786550237054236
390 119.14370025674363 32.26067800300394
391 118.96439814018736 31.850532950141947
392 118.62802892832298 32.080015728178225
393 118.59914721806634 32.03904111547228
394 119.17613556377019 31.829191850706742
395 118.82041330241604 31.800389230184045
396 119.03420410749108 31.801418914729936
397 118.60618578999697 32.302567453247974
398 118.85517696293331 31.608556660094404
399 118.57295164706909 31.690928798626732
400 118.82796923330469 31.877719988687005
401 118.50195092929138 31.766441708681104
402 118.51721984706423 32.04588703165587
403 119.13441295936457 32.02685184630053
404 119.11851689032301 31.99584166300703
405 119.02992492588606 31.84014665329736
406 118.85464859112939 32.01404253829084
407 118.63794500662767 32.22746397862685
408 118.9918192566908 32.24693956553654
409 118.64672410608655 32.02996199546282
410 118.53517146137727 32.23625244917567
411 118.71651107401915 31.659079978706096
412 118.90742763194083 31.736435726827676
413 118.90119578098994 32.19937350227089
414 119.07850107913605 31.907846450981197
415 118.76060430188011 31.850893507342867
416 118.60963264979493 32.05961895165412
417 118.5439381007421 31.91197483529909
418 118.64743054626615 32.33276807556146
419 119.1549432628864 31.909059487912355
420 118.51155185807592 32.26105976976095
421 118.92789543910511 32.089069697144424
422 118.81651223097313 32.32664393092539
423 118.63799024807517 31.990110548649405
424 119.00153154996484 32.379319253863216
425 118.89858912311404 32.04841188261581
426 118.56177808833552 31.635014578139632
427 118.96717996444454 32.18028934965151
428 118.54126062112343 32.300410036866104
429 118.65859873851535 31.66377659628245
430 118.8918288418886 32.37072772492706
431 119.00832188442006 32.05748495066831
432 118.88185939066061 32.19813665575326
433 119.10859131995389 31.77672678297555
434 118.98515823658144 32.33985276943646
435 119.1774040445182 32.11879631521183
436 118.67926379369894 32.03090903747364
437 119.18430337266813 32.376511022955206
438 118.65416028478538 32.05113554588432
439 118.64252431445851 32.01128293547327
440 118.61337284979147 31.634222091817264
441 118.57373160558697 32.04450940418032
442 118.93907865588265 32.205978381169764
443 118.49873939958918 31.893600370662497
444 119.07439885894345 32.139033063316205
445 118.9333759149191 32.03238944163572
446 118.71756525871402 31.7662036659725
447 119.11616897646931 32.03575400780099
448 119.09481718448116 31.98420968869452
449 118.93324665497754 31.85930373330197
450 118.54334020062586 32.128287109519086
451 119.1935945706197 31.661620790410485
452 118.91897372022461 31.884911057769493
453 119.1369463772764 31.96143906018487
454 118.60457113782726 32.38903801789955
455 118.51174991243225 32.167838862404324
456 118.71055102761633 32.094837096263596
457 119.0510114500223 31.733929146573203
458 119.07205320010794 31.9552080464824
459 119.11842972613296 31.90078602862951
460 118.72528572080837 32.355394919730934
461 119.05986014010473 31.958366671462997
462 118.59197814111371 32.281276578830344
463 118.87807439553067 32.13810907854206
464 118.53604631513987 32.279872826695026
465 118.99888890512689 31.58803212612462
466 118.74861582559379 32.35352910021975
467 118.57291985011865 32.36665699869249
468 118.96201813956468 31.713569226100738
469 118.78426417205443 31.642887021387175
470 118.71301255505351 31.865541942783288
471 118.73895162363826 32.047093245758056
472 119.05005756312774 32.01567810916848
473 118.78766318914896 31.96148597933602
474 119.11832358215672 32.31943895444908
475 118.60642695442426 32.04484527033884
476 118.7854424156345 32.348529534418645
477 119.12018688124667 32.04949158726413
478 118.9187419317063 31.74328760376564
479 118.99957917310687 32.398570224846814
480 119.08339917903457 32.392865968654604
481 118.86017726516846 31.955806831427196
482 118.60249057762204 32.1963654734583
483 118.71928200626519 32.119694458373914
484 118.65738096402914 31.737833088138313
485 118.6275316838074 32.06630750324461
486 118.9156618358588 32.1156995979348
487 118.6410814153741 32.06549606691549
488 119.08294286436725 32.02780594993057
489 118.80812834379364 32.063140218422284
490 119.0765433030096 32.168744531746825
491 119.09531208878315 32.21978932854705
492 118.9819405380887 31.68136788548109
493 119.04976131435144 32.327764397849606
494 119.05868433679592 31.985912562959253
495 118.91816206992439 32.14875677374366
496 118.71661704165619 31.908196579895115
497 118.79519232571202 31.655415428377278
498 118.71358123692023 32.12211465169539
499 118.82577166690595 31.89344008293629
500 118.76795168021955 32.03522203593823
501 118.74409994445878 31.804039798980305
502 118.55890269669628 31.765725884979606
503 118.78823226236545 31.815038724845987
504 118.57605906994519 32.29520874555997
505 118.75046780650847 32.34467178418676
506 118.59179940544524 32.368918916398634
507 118.75724640274831 31.93459027362071
508 118.88046332148917 32.23459877349809
509 118.54153364610406 31.746086193030205
510 118.65953120496404 32.185405651257824
511 118.78999525653349 31.939348566513853
512 118.68827575760976 32.278013158396945
513 118.87873773844142 31.768715521822962
514 119.08243223711946 32.246345513084776
515 119.04516447505618 31.6659643974709
516 118.68229991596681 32.295952699775626
517 118.64422370469624 31.93822982925005
518 118.88985863266682 31.721165948677065
519 118.78319408979972 31.836739946151365
520 118.54290128698858 32.17596649108772
521 118.65446332337518 31.955673705039736
522 119.17066274210379 31.78271203573346
523 119.15364608258727 31.81161627963038
524 118.75409142363439 32.14395254487327
525 118.52137685708698 32.11927034293245
526 119.04832434161543 31.647340818171834
527 118.6878936084328 32.26639677677057
528 118.51875794726337 31.697459412956988
529 118.69394793290476 31.78056671074533
530 118.59016132829952 31.62068583153323
531 119.12561573985252 32.03406460280795
532 118.63692216050799 32.290675363868594
533 119.01624836186622 32.34766257698151
534 118.59820425092761 31.967768307913794
535 118.55535348256942 31.69384635808502
536 118.7807427612885 31.99620205839538
537 118.93677566295207 31.828024464526603
538 118.88147928925052 31.84073450694494
539 119.0675226221921 31.773026336825996
540 118.7950363813918 32.34806818689674
541 118.92676365756118 31.915079693717814
542 118.54559562135508 31.59280513181573
543 119.01725382099802 31.997115783622345
544 118.98764248347976 32.141862577577385
545 119.05814107769551 32.24922095663417
546 118.57012514728314 32.204197081233694
547 118.81302736697253 32.15587646201613
548 118.96374823455629 31.77120146791164
549 118.49535004732395 31.864924240227477
550 119.10625879695283 31.953667390913132
551 119.06848362314298 31.721526213957855
552 118.86418858785407 31.949255947237543
553 118.73709586229704 31.68444310447485
554 118.99232838368714 31.670658366678815
555 119.11633733755183 32.26510102783966
556 118.84909896724207 31.723638053855442
557 119.12960741972304 31.964878450882253
558 118.58990397295976 32.08645712062951
559 118.7278251642418 32.35786195558547
560 118.97887921791921 31.848242392607943
561 118.76263054398774 31.75339099327468
562 118.8650243256674 32.299248289541474
563 118.95663986181363 31.834748664967243
564 118.91195118160636 31.82767456892997
565 118.81772951971284 31.726260053536024
566 118.61983838022415 31.960632476233386
567 118.77926774246167 31.75946041253306
568 118.65035936643423 31.89960651602318
569 119.0406574699523 31.862906360135383
570 119.05353411739371 32.10683397855609
571 118.64380486904177 31.949162507339082
572 118.91583961708596 32.12393441460881
573 118.99264250995884 31.841550437098164
574 118.81683904538787 31.895634086022724
575 118.54878151041592 32.382237018602524
576 118.98141477880257 31.790508822072088
577 118.54777350106801 32.204611778564995
578 118.96411675568186 32.152995317503624
579 118.57184366177829 32.10554323862239
580 118.94863747578681 31.70132731616443
581 118.68486850483002 31.585022819905923
582 118.76246379542823 32.19536528648773
583 119.18605738105838 31.657289891744348
584 119.15890763136107 31.808314447757684
585 118.88994247148962 32.372989186364464
586 118.95165693426372 32.37482801352505
587 119.0704014539446 32.33853287851811
588 118.99511709790124 32.05243616850147
589 118.59358966549239 31.959394666196808
590 118.79827585729623 31.96455827744524
591 119.08690919114606 31.8656283271881
592 119.00817137291816 32.38236489611465
593 118.62528848816326 32.252805558684734
594 119.10214992449167 32.41345698644968
595 118.93090595907366 31.84745468230832
596 118.70831058942657 32.06472937695353
597 118.52629484309814 32.128329525701446
598 119.02561223003346 31.914860924252476
599 118.81413372834155 32.06838011472431
600 119.1839311170703 31.735657971208717
601 118.67579949286704 31.845834767910862
602 118.55590266277947 31.713044510381525
603 118.65132362985665 32.09401651913299
604 118.7894807974941 31.872894428622118
605 118.52140389304452 31.932100822178704
606 118.7436537192674 31.900197706222524
607 118.6542940500863 31.642926007616857
608 119.17729108769532 32.324407557272814
609 118.63125213922879 32.16210293909988
610 119.11507007263869 31.856030006390494
611 118.58266436328208 32.30786987739531
612 118.9007937512338 32.16282377613615
613 118.94958920517804 32.381502820272814
614 118.88573369293381 31.994546741999528
615 119.1659032025495 31.698902675220385
616 118.8045734474188 31.688287560796304
617 118.93989958033272 32.19399910791353
618 119.1107825304175 32.04643602229923
619 118.66660721419449 31.776958411584467
620 118.86146387732394 32.017990724117666
621 119.1822613031425 32.016860995888074
622 119.04268405793567 32.30134428684659
623 119.01306568067092 31.629340765480357
624 118.78329839088215 31.6923102196034
625 119.10817737540553 31.94204939879714
626 119.07022159480022 31.708672270629037
627 118.80473859164081 32.38061424526653
628 118.88978065579354 31.770993754627668
629 118.96465660813834 32.09885834927039
630 119.03224378004239 31.95118877723368
631 118.8208166610441 32.223565198638994
632 118.74577892309813 31.6363149247153
633 118.60346412515328 31.849386034784505
634 119.01733834634372 31.987369026755445
635 119.03458505258652 31.691407163247195
636 118.61951442624536 32.08063510797106
637 119.11172693020906 32.01510768154692
638 118.61053466892837 32.26527336630944
639 119.07584422287303 31.96264263416874
640 118.60667049314827 31.843442670763544
641 118.9475463452466 31.834361291931362
642 118.8692677100876 31.80787374091034
643 118.59713491180165 32.34655187885208
644 119.01617056704917 32.23455329514308
645 119.02318903117106 31.87915807944001
646 119.11756656852928 31.94788766229625
647 118.83192870025154 31.684553954229475
648 118.88296421654243 32.08041014127455
649 118.9489683450623 32.18995992534789
650 119.11037919529643 31.79966532289269
651 118.79045870494618 31.973099170949823
652 118.97012885398128 32.12891122634217
653 118.91743119386686 31.973310827123555
654 118.64208450523395 32.03267929254964
655 118.98244166523165 31.755665613852337
656 119.09776851880943 32.2183247651611
657 118.81385691160865 31.68563359557598
658 119.17612454590319 31.983280693098155
659 118.88053000936661 31.851321834285088
660 119.12950451757902 31.68984212318757
661 119.0275583252026 32.290890473130894
662 118.77425880872468 31.747953612115683
663 118.7237811698757 31.96916770546217
664 118.75236662250174 32.10243166455348
665 118.74183081632827 31.833545602723873
666 118.51605968973573 31.983270612127967
667 118.50585451656957 32.01197394361138
668 118.78968835519905 31.94699593308083
669 118.63811368430704 31.88822678569507
670 119.09514698881411 31.789527013627204
671 119.17317372694114 32.32942272547406
672 118.71039113592596 31.99491267517623
673 119.02794324553457 32.158195048759296
674 118.75315720122474 32.01042663494988
675 119.1057932552103 31.835438236904945
676 118.82401451367885 31.993611061191597
677 119.15593790848975 32.254015058729806
678 118.98243571296413 32.2857814769074
679 118.58306172574274 32.3493988381871
680 118.60133166052343 31.785902654855974
681 118.79982534979982 31.875350190394723
682 118.91142264671915 31.690659080278284
683 118.87296782227085 32.40655287250102
684 119.11626671853696 32.116893338992604
685 118.5140281002165 32.16259375011347
686 118.58322751204068 31.958131335398743
687 118.70982284824491 31.81206234269699
688 119.10271719576224 31.928294914487722
689 118.50072533280178 31.849806125510984
690 118.87636103492915 32.026398800664204
691 118.50678830376098 32.24659768010398
692 118.8841453602521 32.26316454608901
693 118.83451120461781 31.847727737835548
694 118.58955924522525 31.740643455401077
695 118.91645253429405 32.19597296279651
696 118.92774074207436 31.93194472088042
697 118.82179689968338 31.741184479064344
698 119.04861909818372 32.11091445929817
699 118.5451677755733 31.678145636905676
700 118.7390399245847 31.68280954794002
701 118.84693814593945 31.598407619673207
702 118.72294646566421 31.749709678823542
703 118.5809324539833 31.967268213635528
704 118.57525577329069 31.74911680048676
705 119.0358957291323 31.641925685223256
706 118.67195543240639 31.996239126735144
707 118.95964050006704 32.320651847315894
708 119.09668352052014 31.59153994921245
709 118.71437880922123 31.785273444399184
710 118.62978498049996 32.34136441675321
711 118.89498058919528 32.115250456268356
712 119.08121057194333 32.2596046140522
713 118.76441539528854 32.31810604343171
714 119.08989732527563 31.784799961137754
715 119.19226297381563 32.20702555434546
716 118.97831041867116 31.815777260368627
717 119.12728988161801 32.3392513584404
718 118.5594399734076 32.36039112746423
719 118.78121707812862 31.729961008203695
720 119.11349041754335 32.27502018606
721 119.01257058246344 31.656840235815924
722 118.58157575656097 32.087197463058175
723 118.67719614730227 31.980982688684655
724 118.71703322837568 32.06427223108038
725 118.95501055274147 32.20489125297123
726 119.01762582331541 32.31010545632582
727 118.84532502993952 31.99422497149315
728 118.52094951885252 31.649330202655282
729 119.13627947537626 32.34686544555179
730 119.15792761846025 31.64015165733066
731 118.73253536492273 32.23514449327931
732 119.07012211416509 31.722504470135426
733 118.8629347445746 32.33050295454967
734 118.8366962613763 32.098282045416624
735 119.16817268944745 31.841921226301125
736 118.50507374751075 32.280081145455696
737 118.79438628278997 31.72837956275454
738 118.64276306360273 31.777411667478805
739 118.8263460242094 31.842088291760945
740 118.80216263573212 31.919124008792465
741 118.62577134584976 31.790474702818905
742 118.9029847684934 32.32352192357991
743 118.76562051104194 31.964397595848983
744 119.13848664512543 32.36290737872254
745 119.14353113626086 31.824912387304025
746 118.76868310657125 31.971835569804792
747 119.03090476084579 32.26496152975724
748 118.93789128545296 32.388352906532404
749 118.76347133027946 31.9660705875427
750 118.68609975495899 31.984035415610467
751 119.14532913513226 32.35862190179359
752 118.64953473602345 31.94892492551943
753 119.03418602338718 31.948002035998893
754 119.04016540644939 32.37690497429599
755 118.63177148915018 31.999615333646663
756 118.75980979033724 31.69444588263306
757 118.8008260502239 32.35354465322999
758 118.85763921354035 31.976645893549186
759 118.92626774082922 31.882433624953674
760 118.755688664793 32.319983828175886
761 118.9302480451003 31.607229008301903
762 118.80248463488095 32.3586472871212
763 119.16534778628152 31.66978112901252
764 118.96530100800318 31.659401658416275
765 118.86875034979113 32.327170022431524
766 118.89967480000891 31.96679526269727
767 118.57885667674867 31.740573265019346
768 118.68741856926576 32.3829454382874
769 118.98961215267107 31.852387012641504
770 119.20983599119451 32.34517254866044
771 118.72536581906259 31.965756303242888
772 119.20719197038946 31.91677781925683
773 118.75063570712163 32.0578753606551
774 118.81470627947591 32.32242936239184
775 119.17777361230867 32.38455241662895
776 119.0723576101023 32.145993504653624
777 118.88040993127431 31.90570399786217
778 119.17992834347471 32.25823360323527
779 119.20306446499245 32.339806762875234
780 118.61261462282518 32.05095786048161
781 119.03744795442748 32.17534040622211
782 118.68132721876276 32.30498447387746
783 118.71262415483694 32.15056317872731
784 118.80804923483204 32.09642055643439
785 118.82827203724146 31.895516030291173
786 118.59876429690476 32.08275457651657
787 119.02318395813981 31.772515614042117
788 118.51045362870016 31.709342165750094
789 119.19571698311096 31.798106547247148
790 118.67414065561785 31.958520460089282
791 118.98773489909509 31.870935361122246
792 118.86867707237045 32.17902230175311
793 119.08362819410291 31.91313183095956
794 118.63441131307003 31.966210437713023
795 118.52475264726043 31.81400200450979
796 118.62475522384082 31.657264746118994
797 118.973819860542 32.169879640188576
798 119.06809070970814 31.77915956185478
799 118.60245246206505 31.986220737270596
800 118.91823475565423 32.08061268713365
801 118.51673155405672 32.14072133585352
802 119.07021300084618 31.939630495120337
803 118.57980483557645 31.80737775590636
804 118.61875423491485 32.303813952159395
805 118.94908021669839 32.133152184958696
806 118.82446947573564 31.808685828649953
807 118.70156254517579 32.229949939385186
808 119.16222451236898 32.03315189909078
809 118.86888892117929 31.94897906232857
810 118.62278705519535 31.692626288733333
811 118.7895907601678 31.78043282773499
812 119.00964803276912 31.696660714437595
813 118.82684062416313 32.15176050232012
814 118.58030313785733 32.179203926461405
815 118.61091681238916 31.97028000650259
816 118.66334965902772 31.63752069184327
817 118.86889974176655 31.727745664782503
818 118.9391909334598 32.348272643213356
819 118.83935024786607 32.30679001748183
820 118.64714779327349 31.916599940843025
821 118.74291420795717 31.704416428019112
822 119.11907712578478 31.959333002431517
823 118.66847303725997 31.944405746246765
824 118.97364529069081 31.61861413151297
825 118.75799184483586 32.18141184919763
826 119.20035882459115 32.12752282119934
827 118.49600735843808 32.0464268014553
828 118.70900579796185 32.24662054312313
829 119.04959597089373 32.26424477344629
830 118.53280774462118 31.759028234150286
831 118.77560717059069 31.667933321863778
832 119.16718236872327 31.901235204099454
833 118.96678814371654 32.284673959596965
834 118.58480818709987 32.211006110935294
835 118.56552497342149 31.796211588221755
836 119.16331192878833 32.21277937608829
837 119.13770351371826 32.05935836479582
838 118.62644674376557 31.81932973192981
839 119.11445221397194 32.16175319871514
840 119.01763280371196 31.837756107885525
841 118.77940944145556 31.85173816444164
842 118.66181375011858 31.77169465909957
843 118.59841411787183 32.052560526566175
844 118.65113334771638 31.982109936336176
845 118.84164623198276 32.0927718889239
846 118.53032933493168 31.622010702361745
847 118.9291759209117 31.921222908190888
848 118.91731939555781 31.63597433338971
849 118.93382766759565 31.85547429137331
850 119.07870279451018 31.670347328485597
851 118.54523045969219 32.041671225557884
852 119.18593159701065 32.337323816915756
853 118.82796617528065 32.27758322740694
854 118.84005328323718 31.991489526320624
855 118.6088375753979 31.898959724418642
856 118.95770423676299 31.619671866981683
857 119.13012816074405 32.12577835940696
858 118.5548462042142 31.838743540017063
859 118.70957527669151 31.935809120526518
860 119.04592523147119 32.09663891003389
861 118.5172637787599 31.753370337495014
862 118.89977458624868 32.034573054961406
863 118.66724962833558 31.972548983485
864 118.86557558022766 31.910986872934306
865 118.61241681973587 32.275835442521185
866 118.74145214615055 32.196749032037935
867 118.74120477106332 31.70838656127829
868 118.77340093750453 32.32215674802858
869 119.16619116438963 31.593417986224374
870 118.59308129933993 31.784133535363615
871 118.68137574352613 31.704262166754468
872 118.97222481024649 31.85912843422777
873 118.75465515919242 31.6840685015482
874 119.15042075782567 31.823668487711487
875 118.75122318029953 31.90706206878135
876 119.15917078801009 31.9827710631028
877 118.60304596992552 31.83062578719018
878 118.8155697452086 31.651348005402358
879 118.85824310032027 32.00866792935883
880 118.92410056522607 32.08670454304049
881 118.78173704974074 32.11402466414277
882 118.85874669507797 31.61070535016611
883 118.65879395293089 31.68668401675627
884 118.66600179505703 32.13889769738408
885 118.56918662547083 31.712993754242138
886 118.87089457069452 31.68226845084558
887 118.84109046233065 31.953555789408316
888 119.20217914439203 31.89760604891086
889 119.06165350121371 32.1244504634806
890 118.98914538974418 31.62530200806187
891 118.71560008168977 31.801194692258687
892 118.67193459318776 31.81408876392388
893 118.9767652847393 31.869917518800275
894 118.65614690543438 31.610070721069476
895 118.53571067772599 32.032221911451074
896 118.70288551353974 31.600335400565488
897 118.87057871348806 31.84032210475463
898 118.62636327628158 32.32369139975668
899 118.5813405554261 31.724438648500865
900 119.11638665060781 32.129699988341436
901 118.8414397490864 31.992350427811882
902 118.51420645893181 32.33246001378793
903 118.66979273277154 31.948706282928576
904 118.53452238935273 31.741120527565766
905 118.68315236286799 32.39736372109132
906 118.80185264804074 32.1741697878986
907 118.58929786194031 31.700480253801036
908 119.14130257376004 32.02804372625169
909 118.84193859658448 31.865733808609527
910 119.09165310750424 32.303461240850815
911 119.0667231071688 31.744304567046004
912 118.59344255711112 32.113026972720725
913 118.54747265439092 32.366139274361934
914 118.90480260689024 32.340452666365934
915 118.51258569893884 32.327845758580835
916 119.05630398143477 32.11985203575115
917 118.71746649236664 31.85407694924882
918 119.01309004915504 31.65160831335636
919 118.62730766904939 31.742086376573862
920 118.71462762851395 32.31317158046366
921 118.93923740989983 32.1752726407329
922 118.6603062684999 31.669183753257375
923 118.658222830665 32.37900669630095
924 118.74825701375471 32.00084424945526
925 118.51986991022919 31.753674003116288
926 118.98332423841114 31.977242333612363
927 118.57652957262464 31.934750391019758
928 118.65744107565905 31.785652273372897
929 118.55239093093043 32.10045443827673
930 118.81607228940605 32.01310183286668
931 118.6857974541679 31.803929504713814
932 118.85522393594138 32.21855936025693
933 118.96052940120616 32.03133714891611
934 118.64855989261412 31.874187399780258
935 118.7314632720801 31.724594383933777
936 118.8881678431665 32.00197325976156
937 118.67344321486335 31.711330888964927
938 119.12452563630488 32.317011956001515
939 118.54432418069479 32.009331691853696
940 118.59751732061686 32.33791399730338
941 118.71598230389816 31.864784635725687
942 118.94645570431057 31.952357103308863
943 118.55181971753986 32.035741279989196
944 119.1389582778868 32.30547680756447
945 119.13641942262494 31.698895958525604
946 118.96132443678928 31.91475515630218
947 118.75343569665564 31.676736936048357
948 118.68368812200006 32.35013580994624
949 118.72838793817587 32.26078366629785
950 119.12892997422435 31.929880682615018
951 118.86043112505538 32.13068892655781
952 119.16251799871819 32.04897493495052
953 118.83962179042707 32.08066200962114
954 118.64672397668112 32.25783290919041
955 118.57891585786804 32.37619027773958
956 118.98053954163764 31.666016651253454
957 118.71316679536108 32.06240725604363
958 118.95262636738208 32.32817434203799
959 119.15925484562173 31.92363988046035
960 118.51538937445696 31.79517360314073
961 118.56698129864691 31.692523131288283
962 118.72821824874357 32.112516565617966
963 118.7153240197535 31.757943038516487
964 118.76520042822031 31.891989894652703
965 118.81453541059989 31.904652606877132
966 118.79300191298314 32.09127570270408
967 118.56250976874222 32.35852773160715
968 118.72582135072317 32.39921947086685
969 118.59672036495424 31.830484757356245
970 118.63019289015165 31.81436557859628
971 118.91627002478545 32.19060016228352
972 118.52536476750842 32.16210874266611
973 118.68731121074067 31.824892699150702
974 118.92410368068988 32.354646776517434
975 118.69982569312107 32.2416791552755
976 118.84643909786173 31.75184312409088
977 118.80834824778239 32.005032210638355
978 118.93649304060146 31.663735515668968
979 119.08506372978428 32.035453168976396
980 118.6928557259015 32.04314616386439
981 119.13415971723583 31.759446470688385
982 118.96835384098439 31.654093685306904
983 118.78397113600721 31.73421429642612
984 119.07981793894376 32.00917420968676
985 118.79206784247368 31.643886207348356
986 118.97704695707412 31.749501348320873
987 119.12697722157354 31.74639328830577
988 118.69514067879913 31.924166119803186
989 118.84207190622583 32.018103447952605
990 118.77223626460659 31.875365335944586
991 118.57525520660415 32.10011621142123
992 118.57100235667279 32.32869846353147
993 118.55223861472359 31.794771596683713
994 119.1188047909711 32.38699123029629
995 119.12422156271084 31.853810367288776
996 118.7403315036123 32.09488898287025
997 119.11178537079664 31.890077746527865
998 119.16723496614448 32.14723097121383
999 119.03871148916592 32.29138044560627
1000 118.65612819957923 32.24173870049433
