118.799924 31.968959 118.732728 32.005479
118.995949 31.691733 119.009088 31.687918
118.8499533420139 31.997743326822924 118.86228 31.95741
118.756618 32.019303 118.799208 31.967084
118.787248 32.053686 118.823952 32.095335
118.74628 32.13179 118.74675 32.13992
118.819231 32.101414 118.797399 31.970737
118.693003 31.862721 118.748416 32.01568
118.78745 31.94284 118.790549 32.055492
118.74172 32.0004 118.7348 31.99088
118.778626 32.041694 118.765187 31.985444
118.73935 32.21461 118.782532 32.055044
118.808521321615 31.9626554361979 118.78634 31.98936
118.810025 32.10182 118.868969 32.162373
118.824577 31.945621 118.817551 31.869522
118.88875 32.13155 118.983541 32.121763
118.779755 32.112361 118.799208 31.967084
118.77666 31.96471 118.832136 31.952085
118.889143 32.129177 118.893311 32.091972
118.834498 32.096098 118.810979 32.042825
118.837615 31.885717 118.799208 31.967084
118.769249 32.035139 118.763879 32.049947
118.951077 32.104728 118.98628 32.117723
118.598916 32.021016 118.769436 32.01632
118.735663 32.079363 118.776841 32.072564
118.770345 32.070765 118.80553 32.084321
118.891808 31.908974 118.892421 31.879481
118.79879 31.906449 118.799208 31.967084
118.929136 32.041965 118.896099 32.049288
118.688036 31.979608 118.719764 32.013339
118.844851 31.923083 118.827291 31.956569
118.833623 31.949616 118.870909 31.961227
118.664032 31.943519 118.691493 31.976519
118.785032 32.045195 118.769355 31.979033
118.621544 32.040077 118.722107 32.095915
118.775549 32.077524 118.750657 32.063277
118.692899 32.105746 118.719338 32.104857
118.825641 32.105551 118.912655 32.099715
118.74712 32.15271 118.698055 32.078418
118.755997 32.06485 118.763879 32.049947
118.77533 32.046209 118.777233 32.070761
118.794763 32.042046 118.777601 32.031881
118.88219898218642 31.990000972290137 118.85852 32.03591
118.725165 31.998411 118.762709 31.981769
118.789318 32.048456 118.775671 32.059215
118.751289 32.083468 118.790626 32.028564
118.790778 32.056507 118.780647 32.040559
118.80511 31.98279 118.799391 31.967172
118.781278 31.909986 118.775592 31.89251
118.738958 32.028618 118.722818 32.03213
118.825606 32.106855 118.796532 32.090198
118.732645 31.984647 118.727593 31.997293
118.700451 31.944146 118.657471 31.947481
118.815119 31.796862 118.828474 31.766077
118.861326 31.958417 118.867971 31.938211
118.778467 32.094546 118.766693 32.057866
118.88937 32.14547 118.852874 32.156816
118.896745 31.885521 118.892071 31.913981
118.7891 32.05392 118.89107 32.091018
118.819636 32.008297 118.835524 31.964229
118.88482 31.71254 118.881634 31.701422
118.698887 32.023455 118.78608 32.029145
118.908677 32.068899 118.916446 32.044805
118.782584 32.042036 118.765187 31.985444
118.776114 32.040254 118.783412 32.054494
118.661736 32.050032 118.799208 31.967084
118.71231 31.97979 118.71825 31.97062
118.876957 31.690385 118.881854 31.699859
118.815549 31.965564 118.796701 31.970421
118.729143 32.157694 118.795847 32.060209
118.878384 31.96492 118.845488 32.053918
118.776739 32.022786 118.740535 31.990396
118.74759 32.15656 118.70058 32.09586
118.844674 32.128733 118.813816 32.032674
118.742999 32.091583 118.712051 32.170144
118.731692 31.999845 118.753533 31.997444
118.69881 32.023629 118.75187 31.97358
118.807493 31.971636 118.825899 32.01937
118.76296 32.07703 118.761655 31.991968
118.868592 32.038651 118.864976 32.050416
118.69857 32.17824 118.695808 32.157677
118.826001 32.039537 118.745641 32.034851
118.905859 31.895354 118.836922 31.943457
118.743918 31.958924 118.728073 31.997938
118.823922 32.03691 118.89193 32.087388
118.806541 31.928614 118.755271 31.973943
118.774307 31.950946 118.783878 32.029094
118.707832 31.964872 118.738477 31.981991
118.73693 32.124475 118.746655 32.140073
118.720097 32.133943 118.799457 32.088821
118.800214 31.997584 118.742 32.060084
118.877419 32.13083 118.857026 32.145529
118.73782 32.067922 118.770954 32.059504
118.83079 32.02659 118.80203 32.02167
118.81541 32.0664 118.78659 32.09067
118.820849 31.915884 118.800943 31.906908
118.776114 32.040254 118.783412 32.054494
118.693103 31.966313 118.73257 31.983679
118.628863 32.088089 118.628092 32.058783
118.840611 31.90503 118.800943 31.906908
118.924744 31.910257 118.899084 31.934496
118.744286 32.080299 118.773883 32.110784
118.797797 32.028567 118.783807 32.029758
118.75657 32.01761 118.730372 32.033273
118.65831 32.06385 118.76237 32.06846
118.72181 32.01967 118.73674 32.01586
118.688417 32.100492 118.796683 32.08593
118.65878 32.06376 118.73926 32.09792
118.890502 31.965172 118.783085 32.071774
118.741716 32.238664 118.746402 32.24339
118.871154 32.14448 118.839206 32.11987
118.770734 32.022782 118.783621 32.039861
119.04507 31.64607 119.058186 31.632267
118.90477 31.93461 118.87702 31.9403
118.7618469246426 31.99191186017377 118.74531 31.99861
118.714408 31.960529 118.766786 31.975344
118.813071 32.023671 118.781736 32.038511
118.939663 32.052946 118.911302 32.07716
118.82638 32.10548 118.73949 32.08748
118.782433 32.015092 118.795847 32.060209
118.554147 31.954918 118.563155 31.975868
118.885223 32.153087 118.925831 32.127099
118.850215 31.998495 118.797362 32.030686
118.858564 32.035539 118.890494 31.989907
118.74967 31.988212 118.740612 32.091176
118.832273 31.914441 118.823468 31.913046
118.84755 32.10959 118.80116 32.08267
118.729624 31.997493 118.730524 32.010686
118.808387 32.010106 118.799208 31.967084
118.875013 32.155761 118.888498 32.124832
118.777296 32.074765 118.795898 32.040568
118.781515 31.887482 118.797757 31.86431
118.7115394132199 32.18348041941724 118.725178 32.108232
118.79147 32.022572 118.781294 31.992876
118.714909 32.185258 118.743812 32.221787
118.81581 32.02837 118.796655 31.970431
118.819971 31.965208 118.794152 31.969394
118.996391 32.137982 118.975816 32.11634
118.76301 31.97852 118.75064 31.919904
118.858257 32.123067 118.881921 32.089745
118.787297 32.05331 118.759072 32.080545
118.734264 32.011768000000004 118.718362 31.991096
118.90814 32.03669 118.791356 32.029282
118.702767 32.138265 118.723741 32.033662
118.802612 32.040306 118.772651 31.975088
118.887714 32.127835 118.872418 32.154128
118.781911 32.037608 118.771198 32.024133
118.921131 32.097135 118.933975 32.079037
118.91085 32.04749 118.89437 32.04909
118.914578 31.897296 118.899143 31.888883
118.798278 31.978243 118.815988 31.948587
118.86722 32.01039 118.84863 32.03752
118.75867 31.99721 118.80059 31.92703
118.78178 31.93722 118.77914 31.90086
118.797665 31.888398 118.834557 31.907343
118.778185 31.962699 118.780875 31.95211
