118.997861 32.165836 118.976672 32.116209
118.848923 32.048272 118.858396 32.035394
118.87844 32.13834 118.83659 32.13204
118.73471 32.03946 118.73609 32.08351
118.77686 32.058157 118.702144 32.173967
118.796712 32.085454 118.834219 32.015047
118.85908 32.02307 118.911232 32.031955
118.93067 32.099988 118.932082 32.124318
118.833962 31.952272 118.799208 31.967084
118.796712 32.085454 118.834219 32.015047
118.763088 31.980929 118.773939 32.006019
118.667402 32.074908 118.799208 31.967084
118.886517 31.927496 118.876867 31.937798
118.829429 31.961154 118.855889 31.959836
118.841279 32.006006 118.840085 31.908848
118.828726 31.858106 118.830288 31.887181
118.6089 32.056016 118.631272 32.065041
118.779747 32.08859 118.870324 32.047773
118.720239 32.136115 118.712666 32.160108
118.763871 32.113656 118.772593 32.087665
118.735566 32.078983 118.764092 32.076474
118.758156 31.971778 118.734526 31.96249
118.841728 32.052944 118.782829 32.044861
118.7104135751724 31.982073127140566 118.776177 32.050473
118.726771 31.951084 118.719788 31.965477
118.64486 32.06645 118.693186 32.087981
118.770534 32.01677 118.797399 31.970737
118.771299 31.971551 118.845606 32.019276
118.564881 32.106897 118.518364 32.088259
118.78165772008768 32.01954817257823 118.769025 31.999802
118.754684 32.060106 118.689166 32.087975
118.856036 31.957356 118.848312 31.927934
118.738581 31.989148 118.702478 31.941837
118.78571 32.043661 118.753084 32.011319
118.709528 31.991807 118.69041 31.981164
118.721756 31.897246 118.762241 31.976009
118.9036097152815 32.08447620733144 118.833708 32.036704
118.826134 32.091683 118.73462 32.13118
118.760011 32.015658 118.784332 32.086801
118.738345 32.030895 118.735266 31.96234
118.798328 32.056809 118.7504 32.08946
118.79612 31.92812 118.80717 31.937
118.75209 32.04444 118.786614 32.050949
118.775428 31.892746 118.799208 31.967084
118.69086 31.966369 118.734321 31.960161
118.915224 32.095524 118.877632 32.078816
118.820286 32.018441 118.754121 32.027804
118.77646 32.072023 118.707643 32.154966
119.052199 32.033944 119.05178 32.017765
118.725941 31.996938 118.743538 32.029984
118.81086 32.042763 118.784949 32.017979
118.80481 31.967413 118.821382 31.932709
118.843359 31.938569 118.862991 31.928669
118.760011 32.015658 118.784332 32.086801
118.78242 32.02461 118.735923 32.03227
119.071317 31.664304 118.889761 31.905795
118.731181 32.293851 118.726015 32.267819
118.733963 32.030453 118.792033 32.049136
118.703074 32.133484 118.697566 32.159498
118.756953 32.060748 118.690986 32.111172
118.79494 32.039547 118.804656 31.98063
118.820286 32.018441 118.754121 32.027804
118.861916 32.05066 118.771792 32.036118
118.985656 32.132472 119.142141 31.940249
118.747905 32.032034 118.74446 32.063242
118.697813 31.935738 118.719788 31.965477
119.02565 32.08048 118.788092 32.033257
118.786424 32.046311 118.778742 32.059051
118.843359 31.938569 118.862991 31.928669
118.698618 32.120397 118.735577 32.127992
118.709345 32.034821 118.741524 32.079105
118.721829 32.059447 118.718396 32.029389
118.812339 32.144048 118.741702 32.089988
118.732544 32.121309 118.813706 32.126753
118.725835 31.996646 118.694482 31.977891
118.814251 32.094544 118.784109 32.091529
118.818791 32.042136 118.782491 32.041741
119.045366 31.662497 119.095821 31.678002
118.754772 32.02825 118.728755 32.004082
118.730942 32.067229 118.78434 32.045718
118.88728 32.05045 118.91698 32.04232
118.6488 32.06511 118.671542 32.07093
118.833493 32.137178 118.809792 32.117021
118.912676 32.099918 118.922683 32.099246
118.986348 32.120507 118.932082 32.124318
118.819951 32.039189 118.84913 32.000283
118.767188 32.090692 118.78403 32.080609
118.789143 32.042758 118.751308 31.971118
118.816874 31.964367 118.788093 31.943934
118.957982 31.734284 118.852908 31.956224
118.735435 31.98303 118.714952 31.974201
118.668732 32.078962 118.638782 32.067198
118.814728 32.067373 118.792111 32.021833
118.747673 32.222987 118.733696 32.222187
118.926594 32.049818 118.810441 32.075811
118.694031 31.978649 118.772691 32.000125
118.785647 32.095824 118.826591 32.103226
118.795831 32.060171 118.787944 32.01298
118.89922 31.94785 118.866161 31.986238
118.785647 32.095824 118.826591 32.103226
118.77944 32.03623 118.8008 32.0606
118.779003 31.980681 118.809483 31.96124
118.661937 31.907544 118.708049 31.981741
118.781383 32.06127 118.77703 32.075107
118.842217 32.053165 118.784853 32.046836
118.795076 32.043201 118.781824 32.037624
