118.754412 32.059986 118.762666 31.981976
118.627372 32.064414 118.612669 32.059593
118.711217 31.868292 118.625425 31.824952
118.647069 32.031547 118.665062 32.057351
118.75196 32.04597 118.75811 32.08845
118.839068 31.898133 118.922373 31.89885
118.86933 31.93889 118.86959 31.91818
118.816711 31.946932 118.8255 31.91987
118.714239 32.21418 118.75813 32.23893
118.727536 32.124949 118.745133 32.128268
118.809113 32.072026 118.785928 32.019256
118.88655757176105 31.92724601771519 118.900839 31.912564
118.798492 31.97001 118.754809 31.96058
118.641437 32.03765 118.637047 32.063456
118.81129 32.01826 118.793197 32.021431
118.82044 31.87289 118.819378 31.929474
118.786498 32.045259 118.860934 32.035883
118.80829 31.9265 118.820039 31.930034
118.733473 31.977802 118.733307 31.992371
118.87965 32.001983 119.051228 32.028266
118.733473 31.977802 118.733307 31.992371
118.821049 32.045104 118.755626 32.094059
118.723951 32.001002 118.719797 32.013407
118.951077 32.104728 118.931288 32.089895
118.805764 31.95286 118.80359 31.94412
118.786615 32.036977 118.711699 32.187931
118.765791 31.962543 118.777854 31.973249
118.802127 32.012744 118.788017 32.019107
118.796099 31.988593 118.777563 31.982095
118.78094 31.95527 118.822995 31.914445
118.626543 32.026363 118.615032 32.044264
118.837642 32.10394 118.74584 32.055033
118.712446 32.136372 118.726403 32.137255
118.86529 31.963938 118.841644 31.938839
118.727625 31.997855 118.737292 32.030633
118.84914 31.95153 118.72256 31.98144
118.744041 32.091453 118.922056 32.100965
118.775963 31.988947 118.797013 31.975421
118.782425 32.055124 118.641076 32.037707
118.87725 32.1369 118.722856 31.998285
118.76574 32.04751 118.782304 32.025272
118.6537 32.096371 118.649342 32.066478
118.822971 32.038979 118.784668 32.023076
118.60527 32.046669 118.637252 32.059908
118.853131 32.020467 118.782712 32.03572
118.794166 32.038866 118.692406 31.98104
118.816775 32.115335 118.813761 32.100719
118.816809 32.037173 118.786411 32.013261
118.799194 31.976913 118.829735 31.953151
118.825976 32.039357 118.771715 32.051274
118.869419 32.039068 118.884151 32.039541
118.841957 31.951707 118.783289 31.947223
118.85916 32.02313 118.78876 32.011872
118.648878 32.06384 118.721432 32.019824
118.81475 32.14594 118.821635 32.137344
118.751221 31.96065 118.755383 31.954781
118.87684 32.014821 118.858548 32.035756
118.82743 31.96877 118.860954 31.937451
118.71945 31.99344 118.787944 32.01298
118.787173 32.057135 118.781304 32.111159
118.802369 32.021924 118.785186 32.037699
118.828019 31.964542 118.822388 31.943632
118.721334 31.999385 118.706483 31.990909
118.79597 32.0024 118.787464 32.053389
118.802127 32.012744 118.788017 32.019107
118.615582 32.047768 118.626866 32.031889
118.724484 31.998764 118.697721 31.967656
118.835429 32.049511 118.787741 32.013011
118.899612 31.884109 118.925008 31.893434
118.76517 31.96971 118.81583 31.84039
118.864279 32.137601 118.891472 32.123081
118.758293 31.909024 118.774492 32.005408
118.776781 32.070656 118.779991 32.035998
118.76802 32.10572 118.748523 32.086224
118.661796 31.968713 118.691561 31.976339
119.00451 32.16451 118.990585 32.123233
118.815206 31.952922 118.829626 31.973909
118.9263 32.103875 118.917613 32.091506
118.876685 31.927042 118.897652 31.909299
118.714848 31.966014 118.712181 31.989214
118.634482 32.06418 118.612556 32.059655
118.787548 31.942734 118.811002 31.956535
118.83032 31.89544 118.785153 31.944324
118.832411 31.909785 118.845593 31.936678
118.942463 32.124643 118.930479 32.098565
118.77374 31.89968 118.78315 31.94793
118.741987 32.126236 118.723099 32.134295
118.795716 31.971005 118.883806 31.963084
118.841728 32.052944 118.782829 32.044861
118.79195 31.95863 118.798329 32.026586
118.864279 32.137601 118.891472 32.123081
118.817355 32.145773 118.821814 32.137431
118.785682 31.822917 118.834137 31.829041
118.864724 31.928056 118.861932 31.971003
118.796518 32.046438 118.786931 32.070076
118.77602 32.02274 118.80828 31.96924
118.864722 31.943693 118.859641 31.935536
118.739179 32.027237 118.781119 32.087129
118.819971 31.952021 118.858651 31.966794
118.858564 32.035538 118.901516 32.023457
119.11695 31.707134 118.871656 31.73399
118.79019 31.96709 118.825547 31.96881
118.875438 31.879018 118.898512 31.916235
118.847598 31.927375 118.906104 31.895282
118.794247 32.090557 118.825753 32.092789
118.83218 31.89498 118.904177 31.903674
118.789755 32.011692 118.794083 32.022102
118.894522 32.034909 118.921667 32.002346
118.884169 32.093135 118.990536 32.138042
118.75156 31.97157 118.686757 31.94154
119.000353 31.719234 119.026718 31.657592
118.76578 32.07028 118.773299 32.05453
118.799131 31.970184 118.74576 32.02101
118.803194 31.962862 118.804656 31.98063
118.732173 32.137654 118.759865 32.084759
118.730088 32.015375 118.733697 32.057101
118.889674 31.933832 118.889761 31.905795
118.830698 32.115183 118.795448 32.039253
118.956883 31.380573 118.941094 31.356611
118.759171 32.048195 118.73028 31.99741
118.840937 31.930867 118.826441 31.94512
118.724021 32.137574 118.735155 32.221598
118.817831 31.915089 118.799208 31.967084
118.595585 32.008089 118.570249 31.965528
118.64857 32.06532 118.777783 32.067825
