118.829521 31.869783 118.828493 31.848844
118.830591 31.88736 118.876329 31.939457
118.800097 31.929357 118.798411 31.938715
118.698458 31.938254 118.792108 32.021836
118.73684 32.01845 118.637866 32.069384
118.78178 32.05014 118.74155 32.0226
118.73947 32.05691 118.73345 32.04586
118.83221 31.951875 118.821505 31.952329
118.73494 32.08759 118.776728 32.111112
118.770933 32.066808 118.774836 32.059061
118.835948 32.040035 118.860078 32.018989
118.892822 31.885131 118.899307 31.913191
118.783675 32.033836 118.784847 32.023418
118.90757 32.12296 118.79777 32.03344
118.937463 32.146219 118.848267 32.128605
118.977246 32.116766 119.022783 32.126072
118.940483 32.097294 118.889816 32.081121
118.830027 32.080026 118.806212 32.000728
118.7978 31.96514 118.910511 32.080165
118.79 32.062354 118.786991 32.05999
118.666322 31.944883 118.638931 31.925953
118.85632907668035 31.939199992538395 118.90106 31.88533
118.742602 31.991414 118.722493 31.995589
118.75279 32.08885 118.787987 32.023525
118.799342 32.05752 118.808102 32.054189
118.750145 31.936683 118.799208 31.967084
118.881988 31.930574 118.898401 31.913908
118.902988 31.335246 118.876113 31.323687
118.923067 32.044642 118.87969 32.040869
118.876601 31.939609 118.906394 31.933963
118.666322 31.944883 118.638931 31.925953
118.940483 32.097294 118.889816 32.081121
118.771867 32.02618 118.754231 32.06008
118.661978 31.968708 118.707802 31.963707
118.635722 32.064281 118.61085 32.067198
118.81105 31.91352 118.820746 31.960316
118.645052 32.066461 118.719201 32.104198
118.730681 32.126354 118.834 32.108928
118.729776 32.026766 118.728064 32.017546
118.793718 32.086815 118.78806 32.022418
118.741197 32.053996 118.730061 32.02035
118.816035 31.948767 118.806382 31.964329
118.80552 32.086824 118.81059 32.078776
118.784029 32.080497 118.772308 32.086253
118.69224 31.97559 118.703946 31.970036
118.820348 31.950075 118.862672 31.936001
118.815696 32.039553 118.74297 32.028392
118.725724 32.202303 118.713021 32.178905
118.767422 31.995686 118.746406 32.012457
118.79347 32.034113 118.826964 32.009627
118.947678 31.723041 118.977066 31.724491
118.761694 31.992466 118.75879 31.969995
118.781825 32.057454 118.78515 32.035334
118.759066 32.038382 118.707604 31.993362
118.645052 32.066461 118.719201 32.104198
118.881904 31.930629 118.904312 31.912864
118.696836 32.024823 118.776965 32.067819
118.78816 32.03559 118.83921 31.93101
118.741186 32.226973 118.742043 32.212757
118.764782 31.981008 118.789814 31.978223
118.76059 32.08278 118.684753 32.104324
118.830748 31.952661 118.787487 31.969061
118.81761 31.964196 118.83477 31.983151
118.786109 31.911062 118.818348 31.93121
118.877049 32.134882 118.848386 32.134241
118.725724 32.202303 118.713021 32.178905
118.977366 32.131024 118.885181 32.117031
118.644127 32.028624 118.797399 31.970737
118.72218 31.99886 118.784392 32.039201
118.630388 32.081315 118.666425 32.06966
118.964156 31.358475 118.924393 31.373751
118.762744 31.981603 118.789019 31.986681
118.799924 31.968959 118.776533 32.025452
118.791078 32.044149 118.675038 32.063314
118.851087 31.852172 118.849343 31.953697
118.868817 31.917925 118.910702 31.907031
118.748567 32.030591 118.738821 32.022587
118.748636 32.017798 118.735973 32.014459
118.906643 31.899051 118.806831 32.07941
118.751738 31.968154 118.721094 31.996404
118.975811 32.115955 119.003212 32.151878
118.977144 32.116737 118.992185 32.140637
118.988958 32.123696 118.942359 32.124657
118.823026 31.952888 118.824219 31.968784
118.781672 32.061009 118.733233 32.129695
118.877215 32.136952 118.77646 32.054157
118.819333 31.932588 118.798594 31.938726
118.866034 32.106847 118.880644 32.103391
118.8947509765625 31.93114529079861 118.885842 31.933542
118.741897 32.040035 118.68123626708984 31.976430892944336
118.72374 32.00101 118.764676 31.981631
118.784126 32.040467 118.795975 32.033733
118.803347 32.035802 118.786212 32.06406
118.863417 32.093748 118.862978 32.109855
118.777045 32.067638 118.838717 32.119165
118.718294 31.991207 118.710805 31.979054
