118.89027 32.08167 118.92498 32.12269
118.829257 31.97284 118.824525 31.929091
118.84319 32.02904 118.835447 32.040455
118.767008 32.003539 118.820124 31.965447
118.753701 32.028772 118.778354 32.040505
118.625691 32.067094 118.629984 32.076873
118.784851 32.095758 118.827196 32.11215
118.846211 32.346962 118.837135 32.355034
118.830592 31.887275 118.818971 31.930254
118.787066 32.057451 118.798996 32.103746
118.722285 32.139124 118.721564 32.105441
118.7894 31.93063 118.83187 31.95136
118.81186 32.08478 118.818432 32.067553
118.906077 31.898041 118.904054 31.912338
118.731088 31.98399 118.721094 31.996404
118.842516 32.340878 118.84237 32.316021
118.887949 32.084396 118.950792 32.061634
118.7871 31.97688 118.809113 32.013043
118.77245908442848 31.899334841807065 118.83247 31.86668
118.80133746563988 31.96533157529518 118.815521 31.949621
118.874684 31.332743 118.893411 31.333612
118.70542 31.9534 118.696299 31.944384
118.821785 31.986989 118.822325 32.095377
118.831721 31.989956 118.73644 31.987867
118.876388 31.940017 118.869278 31.952864
118.817099 32.096662 118.819482 32.070639
118.770534 32.01677 118.753973 31.962868
118.873355 31.935966 118.818726 31.93172
118.654109 31.919766 118.646364 31.909783
118.82146 32.125794 118.83663 32.13198
118.821785 31.986989 118.822325 32.095377
118.831736 32.037445 118.830178 32.020541
118.78411 32.072375 118.854645 32.1056
118.91401 31.89783 118.89239 31.885211
118.814272 31.791095 118.811871 31.771469
118.949865 31.795317 118.906405 31.910261
118.877031 31.940213 118.882272 31.964146
118.726693 32.134252 118.720977 32.118503
118.787736 32.019097 118.781766 32.039065
118.898844 32.031337 118.894357 32.049399
118.727165 32.134049 118.717012 32.129617
118.739801 32.028493 118.796701 31.970421
118.993241 32.124655 119.004436 32.142579
118.773832 32.005883 118.792091 32.021822
118.840992 31.914742 118.893318 31.931038
118.733393 32.005192 118.720639 32.019263
118.703074 32.133484 118.638782 32.067198
118.749803 32.139958 118.732754 32.126524
118.73609 32.01444 118.751613 32.015912
118.790888 32.053776 118.801494 32.057234
118.7662 32.03665 118.74376 32.030601
118.641437 32.03765 118.724248 31.988733
118.815879 32.023236 118.784241 32.040129
118.75561 32.04236 118.813964 32.067741
118.753101 32.029115 118.746901 32.035403
118.630361 31.915378 118.631764 31.899178
118.642376 32.037994 118.653092 32.061875
118.75059 32.0186 118.66123 31.90319
118.7518 32.15337 118.721054 32.119821
118.696269 32.15772 118.684184 32.126879
118.730474 32.04093 118.73568 32.025828
118.86514 32.0385 118.894848 32.050686
118.79786 32.0953 118.821379 32.047274
118.732605 32.007512 118.786518 32.036516
118.813385 32.144938 118.821814 32.137431
118.969354 31.864678 118.972063 31.873038
118.816191 32.022688 118.856261 32.034954
118.762387 32.105946 118.77954 32.112406
118.700201 31.985424 118.710684 31.97919
118.786346 32.022868 118.799625 32.017836
118.977144 32.116738 118.97526 32.125309
118.797381 32.04262 118.792137 32.021801
118.791438 31.91356 118.818348 31.93121
118.783976 32.032697 118.704391 31.989926
118.796578 32.062303 118.792091 32.021822
118.762268 31.962388 118.784949 32.017979
118.821332 31.791005 118.860859 31.775346
118.797985 32.040651 118.81896 31.96147
118.756902 31.957279 118.762201 31.978249
118.702982 32.030961 118.684005 32.009966
118.914545 31.936167 118.850108 31.923657
118.69604 32.15758 118.69858 32.1782
118.70561 31.98189 118.76057434082033 32.03187942504883
118.711481 32.150362 118.719574 32.164811
118.76774 32.0478 118.889317 31.875199
118.813874 32.308004 118.818555 32.315557
118.89009 31.93146 118.80021 31.92948
118.904054 31.912338 118.854456 31.915995
118.745762 32.140146 118.74206 32.12626
118.84894 31.95304 118.7993898035818 31.96717302175685
118.788228 32.01898 118.727671 32.030929
118.640996 32.06914 118.61238 32.073516
118.80445 31.98065 118.792296 31.96326
118.761642 31.992103 118.75366 31.98581
118.77325 31.82658 118.767007 31.871295
118.894802 32.049733 118.887368 32.043782
118.73349 32.05361 118.730781 32.042182
118.863313 31.937793 118.845608 31.938893
118.732321 32.067173 118.771102 32.047224
118.93879 32.103189 118.941421 32.132547
118.879091 31.946921 118.899171 31.914111
118.792859 32.020909 118.810026 32.035269
118.781734 31.907013 118.821951 31.897041
118.731827 31.982839 118.799208 31.967084
118.93879 32.103189 118.927758 32.122178
118.788684 32.013855 118.906735 32.098349
118.612236 32.058698 118.638782 32.067198
