118.74146 32.04501 118.71278 32.04623
118.841536 32.029116 118.771409 32.024639
118.708376 32.185969 118.73842 32.221814
118.8943 32.01376 118.99464 32.146858
118.78374 32.087148 118.787917 32.054098
118.831132 31.976908 118.815763 31.965371
118.802791 31.968911 118.872459 31.996269
118.85006 32.11842 118.767616 32.098186
118.686503 31.977165 118.722489 31.998673
118.8873662577652 32.16050205221058 118.89297 32.1276
118.890929 31.908878 118.850929 31.957849
118.879349 32.122479 118.799208 31.967084
118.779534 32.040079 118.774717 32.051394
118.912207 32.136148 118.92467 32.12356
118.735728 32.028859 118.725642 32.000191
118.63232 32.084019 118.666544 32.056971
118.883466 32.096489 118.886446 32.098368
118.820275 31.952031 118.848754 31.953315
118.79502 32.05872 118.765196 32.008983
118.925865 32.10374 118.787944 32.01298
118.79674 32.03397 118.827512 32.032393
118.73283 32.04687 118.69583 31.96564
118.738866 32.028574 118.836108 31.939863
118.798679 31.966746 118.800547 31.92663
118.830466 32.138046 118.797399 31.970737
118.742943 32.087052 118.746827 32.049066
118.903206 32.120782 118.899426 32.111562
118.779428 31.894918 118.809051 31.926893
118.81054 32.308146 118.751448 32.225812
118.805249 32.102767 118.834317 32.121733
118.771982 32.067787 118.783348 32.058411
118.785093 32.054076 118.807035 32.050281
118.904067 32.011732 118.839886 31.904019
118.756639 32.032868 118.750714 32.06218
118.81065 31.89457 118.85698 31.93627
118.895106 32.036254 118.908019 32.03592
118.774839 32.019413 118.848686 31.998318
118.777401 32.069038 118.797145 32.052033
118.93245 31.729646 118.888087 31.738016
118.71924808179682 32.019013744091794 118.65762 32.04042
118.962645 32.109598 118.988499 32.122929
118.74363 32.03171 118.72647 32.0184
118.85347 31.956546 118.896831 31.916237
118.783959 32.040456 118.776132 32.050536
118.884211 32.155854 118.878519 32.122606
118.823488 31.893902 118.821622 31.927532
118.755389 32.083847 118.712999 32.148832
118.734975 31.979591 118.730562 32.003272
119.044131 31.659415 119.05232 31.641621
118.771517 32.052808 118.749771 32.040958
118.78079 31.992652 118.75571 32.042407
118.778917 32.109056 118.783965 32.066158
118.877507 31.978448 118.841037 31.930196
118.809403 32.00113 118.804895 31.967278
118.71749 31.98743 118.63082 31.92494
118.853163 32.02264 118.857962 32.013838
118.8988 31.96821 118.877279 32.013624
118.771517 32.052808 118.749771 32.040958
118.85115 31.852762 118.827983 31.865322
118.82591 31.86795 118.837279 31.836517
118.981398 32.130258 118.811377 32.11588
118.821444 31.941038 118.800187 31.943492
118.79435 32.041318 118.82179 32.070885
118.880934 31.695803 118.856871 31.778331
118.73218 32.01912 118.71385 31.96359
118.798436 31.988589 118.842247 31.951832
118.76549 32.04768 118.78289794921876 32.08720779418945
118.71589 32.04561 118.74433 31.94102
118.778582 31.97331 118.809338 31.954465
118.95366 32.12795 118.892937 32.082355
118.73648 32.05691 118.781953 32.038011
118.801689 31.967013 118.784557 32.022876
118.823029 32.078699 118.834074 32.121724
118.9358 32.11621 118.927492 32.101072
118.798436 31.988589 118.842247 31.951832
118.795866 32.060254 118.853961 32.001969
118.759401 31.974352 118.765441 31.998614
118.916936 32.112989 118.817588 32.145916
118.771667 32.029052 118.69525 32.137743
118.835341 32.049496 118.782744 32.01562
118.650749 32.062963 118.62071 32.073582
118.82867 31.90513 118.81932 31.93045
118.88075 32.11359 118.98556 32.13221
118.81859 32.04031 118.7411 32.04431
118.841704 32.019811 118.745544 32.056611
118.830162 32.078157 118.790709 32.045162
118.859461 32.035731 118.779389 32.040064
118.738866 32.036696 118.793907 32.087137
118.907535 32.077959 118.916071 32.053746
118.845562 32.054074 118.94911 32.058782
118.763119 31.971191 118.727391 31.995631
118.718706 31.966626 118.769379 32.026252
118.70913 31.99278 118.77672 32.10976
118.687437 32.106367 118.640481 32.067337
