118.795329 32.039431 118.796683 32.08593
118.80073 32.08823 118.838401 32.031242
118.810188 32.102584 118.808623 32.116163
118.858477 32.107918 118.810617 32.099524
118.72078 31.99631 118.69523 31.9631
118.76583999999998 31.976759999999995 118.779978 31.991376
118.738864 31.983234 118.755914 31.98921
118.868941 31.976538 118.889354 31.955404
118.668824 32.078927 118.625602 32.066881
118.734859 32.010553 118.767387 32.081638
118.75173 31.96803 118.82532 31.91964
118.734977 31.979591 118.721094 31.996404
118.877351 31.939745 118.854319 31.938714
118.79951 32.09586 118.786274 32.024372
118.753391 31.997243 118.761579 31.992429
118.7381 32.09012 118.82788 32.125329
118.72875 32.01159 118.766289 32.040799
118.941132 31.916339 118.812103 31.969402
118.743989 32.058915 118.786302 32.070779
118.781073 32.060793 118.773574 32.030231
118.719756 32.013348 118.75114 32.046383
118.70838 32.0987 118.698957 32.112095
118.734859 32.010553 118.767387 32.081638
118.908877 32.06973 118.922438 32.096509
118.960552 32.109342 118.921745 32.095029
118.65156 32.06937 118.623029 32.077853
119.055822 31.692785 119.046313 31.627494
118.67725 31.95423 118.635931 31.921211
118.885851 32.098744 118.83336 32.12414
118.86024 31.950251 118.8679 31.955073
118.807584 32.10456 118.83045 32.12734
118.774412 32.031597 118.781213 32.039376
118.81804 32.052859 118.722601 31.998718
118.7739968056292 32.05930086296009 118.715964 32.002357
118.89232 31.91459 118.91076 31.90687
118.72379 32.00112 118.73608 32.08351
118.728062 32.02537 118.696294 31.962738
118.853212 32.019292 118.860397 32.017996
118.74428 32.05727 118.74186 32.09007
118.739052 32.065377 118.734041 32.123221
118.71117 32.16496 118.713888 32.154612
118.79574 32.039308 118.818097 32.07349
118.79378 32.05332 118.83768 32.03558
118.81249 31.97107 118.80068 31.98543
118.87192 31.95038 118.85531 31.93479
118.936354 31.765074 118.926536 31.752547
118.7521 32.05259 118.744188 31.997266
118.718098 32.207289 118.749531 32.23121
118.787318 31.942867 118.821382 31.93213
118.753478 32.041497 118.736157 31.987874
118.906252 32.090083 118.916876 32.093154
118.643215 32.033509 118.665184 32.057946
118.645012 32.029528 118.752943 31.93393
118.88823 32.15907 118.868503 32.163174
118.865451 31.323051 118.88862 31.384117
118.734433 32.115898 118.758474 32.150646
118.977256 32.116769 118.988718 32.119906
118.752565 32.043787 118.769695 32.060634
118.67164930555556 31.922367350260416 118.79665 32.02434
118.731126 31.909315 118.734247 31.958617
118.76221 32.068142 118.744831 32.040839
118.691268 31.978524 118.610904 32.021066
118.734429 32.115808 118.758731 32.150738
118.754412 32.059985 118.798454 32.045869
118.811164 31.913533 118.799208 31.967084
118.810603 32.040818 118.710301 31.987563
118.765516 32.047578 118.600651 32.072292
118.752086 32.04596 118.738319 32.04139
118.592865 32.043539 118.615032 32.044264
118.780533 32.035067 118.794259 32.037003
118.821866 32.070703 118.728073 32.025368
118.916626 31.958514 118.872848 31.941913
118.706184 32.109571 118.711823 32.182423
118.958402 32.129698 118.9977 32.139121
118.78101398993512 31.955917925700863 118.809765 31.945008
118.945515 32.128433 118.717549 32.129986
118.727027 32.018411 118.754037 32.074537
118.836271 31.913713 118.847153 31.928013
118.75553 32.04229 118.793985 32.045482
118.769903 31.976463 118.803879 31.968521
118.708235 32.013341 118.779561 32.112313
118.743993 31.997297 118.711132 31.981333
118.722753 32.025824 118.719568 31.989487
118.790477 31.928693 118.821382 31.932135
118.828351 31.765957 118.848252 31.781688
118.765516 32.047578 118.600651 32.072292
118.74692 32.140294 118.722749 32.109589
118.884211 32.155854 118.927531 32.104009
118.997937 32.165816 118.781153 32.03648
118.911569 32.023486 118.944359 32.064909
118.610641 32.046221 118.638282 32.05013
118.795716 31.971005 118.819037 31.968128
118.960658 32.109346 118.986375 32.120372
118.808938 32.095097 118.817588 32.145916
118.803279 32.025994 118.783514 32.047173
118.68959 32.19148 118.71026 32.18264
118.781073 32.060793 118.773574 32.030231
118.781433 32.013474 118.730736 32.044426
118.820641 32.319424 118.842657 32.318768
119.029501 31.699181 119.031603 31.660318
118.769903 31.976463 118.803879 31.968521
118.814468 31.995117 118.784051 32.031381
118.929062 32.041804 118.854915 32.013017
118.800434 31.904968 118.829578 31.908984
118.66632 32.05777 118.6742 32.0764
118.649249 32.053131 118.71184 32.186594
118.929853 32.046647 118.905549 32.088812
118.78257 32.05495 118.754183 32.07351
119.05224 32.030913 119.051132 32.04657
118.769933 32.040347 118.786939 32.036051
118.72879 32.01148 118.846533 31.951487
118.74368 32.047942 118.765475 32.047678
118.74046 32.04364 118.783895 32.065054
118.833874 31.956344 118.850327 31.934134
118.8591192662716 32.023114472122195 118.87589 32.044234
118.643215 32.033509 118.665184 32.057946
118.835443 31.834774 118.819633 31.928371
118.78415 32.06082 118.805151 32.046657
118.719687 31.965591 118.664979 31.918882
118.966405 31.756229 119.014045 31.686293
118.781433 32.013474 118.730736 32.044426
118.75047 32.08915 118.779982 32.021563
118.72725 31.96682 118.762637 31.979857
118.833874 31.956344 118.850327 31.934134
118.703074 32.133484 118.628278 32.097028
118.88558 31.90659 118.858534 31.966827
