118.796224 32.062662 118.782016 32.037986
118.77824 32.0527 118.773744 32.07103
118.836133 32.042571 118.776161 32.067121
118.798222 32.028488 118.784773 32.037118
118.777941 32.083329 118.794634 32.094787
118.85227511935764 31.96052924262153 118.79217 31.958686
118.960658 32.109346 118.9863 32.120731
118.72943 32.201798 118.725385 32.221873
118.804278 31.827269 118.839825 31.886655
118.763723 32.055098 118.777005 32.067732
118.814922 31.949425 118.799038 31.967359
118.772651 32.081612 118.78403 32.080609
118.832483 31.86918 118.838691 31.845772
118.794752 32.057877 118.782688 32.045018
118.957529 32.131651 118.986222 32.120757
118.877982 31.967663 118.860992 32.003086
118.893436 32.065873 118.848713 32.037367
118.92405 32.04531 118.89673 32.03765
118.74246988071503 31.99580805915713 118.773939 32.006019
118.654221 31.919752 118.717639 32.009591
118.84246 32.12838 118.8332 32.11973
118.85169 31.95053 118.82021546428572 31.95193139285715
118.666538 32.057009 118.643073 32.040434
118.843687 31.895365 118.868274 31.963876
118.632633 32.083838 118.629984 32.076873
118.795425 32.059241 118.784126 32.046274
118.76696 32.00384 118.7354 32.06725
118.772243 32.026249 118.766151 32.068775
118.709348 31.992583 118.757362 32.017296
118.875075 32.336182 118.836639 32.335011
118.892774 32.102731 118.81348 32.070033
118.763808 32.050021 118.892391 31.88521
118.936609 32.096559 118.916531 32.102925
118.830482 31.914338 118.821104 31.928231
118.951351 32.117452 118.986481 32.119868
118.69634 32.15806 118.71079 32.17912
118.753755 32.040452 118.795121 32.043781
118.735182 32.068325 118.713817 32.181488
118.794618 32.09505 118.834582 32.049444
118.79221 31.970052 118.754227 32.08639
118.731931 32.006027 118.733978 32.022526
118.78202 32.069209 118.770649 32.077419
118.892702 31.963842 118.876771 31.939938
118.82705 32.108597 118.810079 32.102582
119.019551 32.166569 119.039826 32.152506
118.78734 31.93523 118.820995 31.944436
118.643975 32.038954 118.802252 31.941386
118.736306 32.05258 118.799208 31.967084
118.765357 31.986485 118.799208 31.967084
118.779691 32.06244 118.875106 31.730844
118.71657 31.98798 118.73856 31.97167
118.633553 31.932435 118.66178 31.905104
118.76644 32.07892 118.759523 32.039746
118.79494 32.039547 118.756563 32.009817
118.849393 32.037175 118.829278 32.024293
118.814993 32.103006 118.796683 32.08593
118.723873 32.140492 118.724964 32.126621
118.853212 32.019292 118.84945 32.037273
118.612192 32.058619 118.654123 32.041018
118.755118 32.033142 118.789264 32.017406
118.738824 32.030999 118.612669 32.059593
118.83342 32.12416 118.8369 32.10894
118.731234 32.01333 118.751982 32.008983
118.80399649748604 31.946964747543376 118.780881 31.951903
118.700603 32.098173 118.688514 32.104438
118.829005 31.755699 118.861674 31.760176
118.922693 32.124424 118.931072 32.098857
118.810215 32.07627 118.803076 32.053141
118.8013 32.01122 118.71136 32.17564
118.8885 32.13059 118.89216 32.12259
118.786932 32.070433 118.787314 32.05222
118.774352 31.977076 118.771302 31.953646
118.914222 31.897496 118.894894 31.930836
118.754306 32.060528 118.767039 32.075279
118.888914 32.155638 118.889031 32.124332
118.763652 32.044746 118.703562 32.038458
118.75151 31.96931 118.76264 31.97986
118.773637 31.997822 118.801514 32.034811
118.962576 32.133188 118.874776 32.148696
118.88416772356967 31.94538521988047 118.856945 31.92042
118.77955 32.06653 118.78757 32.03792
118.773637 31.997822 118.801514 32.034811
118.79671 32.085491 118.910983 32.054762
118.752715 32.096716 118.719101 31.975445
118.74023 32.02857 118.751804 32.023663
118.780521 32.243268 118.74042 32.22716
118.763088 32.215153 118.739899 32.229462
118.618011 31.977023 118.577524 31.998516
118.820277 32.017835 118.824384 32.024307
118.929182 32.098232 118.935504 32.116218
118.967466 31.932166 118.973737 31.964185
118.792595 32.294041 118.812033 32.32662
118.822316 31.92801 118.823714 31.970738
118.76482 32.05501 118.72131 32.004507
118.74126 32.140884 118.726203 32.147568
118.783933 32.036788 118.751835 32.045969
118.66554 31.94487 118.64106 31.92862
118.734291 31.983957 118.729111 31.951824
118.774138 32.091342 118.813385 32.103841
118.7504 32.13373 118.74696 32.14002
118.800463 31.970373 118.752193 32.046991
118.812091 31.970917 118.798411 31.938715
119.063266 32.036783 119.067944 32.048011
118.618011 31.977023 118.577524 31.998516
118.70806 32.15661 118.71008 32.18541
118.800463 31.970373 118.752193 32.046991
118.686232 31.944791 118.688057 31.940227
118.770425 32.04273 118.75992 32.027003
118.752715 32.096716 118.719101 31.975445
118.752396 32.034979 118.714481 31.989131
118.822419 32.055505 118.783104 32.067741
118.982314 31.879326 118.893318 31.931038
118.772426 31.901175 118.792284 31.908614
119.047363 31.691549 119.028644 31.657308
118.765415 32.116674 118.783396 32.060541
118.795734 31.971036 119.020945 32.669061
118.648983 32.065979 118.61973 32.058723
118.774138 32.091342 118.813385 32.103841
118.89222 31.914612 118.909999 31.89507
118.603538 32.018136 118.666224 32.045013
118.807475 31.928707 118.794665 31.909953
118.643215 32.033509 118.665184 32.057946
118.78075381566512 32.02294797442117 118.801669 32.03105
118.89743 32.15414 118.88857 32.12571
118.800471 31.970298 118.862956 31.947068
