118.77425 32.067378 118.775645 32.077594
118.756763 32.054268 118.773043 32.042747
118.722944 31.998397 118.796701 31.970421
118.789745 32.050771 118.816006 32.071682
118.81019240020444 32.03301701511465 118.88489 32.095332
118.813289 31.944424 118.818764 31.929672
118.774176 32.067444 118.775656 32.077498
118.736914 32.028612 118.758197 32.027522
118.915795 32.068381 118.884687 32.047821
118.775014 32.022912 118.76817 32.037419
118.774376 32.057686 118.779354 32.041123
118.80761 32.09232 118.810441 32.075811
118.756763 32.054268 118.773043 32.042747
118.817439 32.070943 118.820568 32.095678
118.818195 31.862095 118.774196 31.86875
118.68603 32.0081 118.738521 32.085191
118.894937 32.155834 118.891667 32.128544
118.87631 31.7322 118.789216 31.927235
118.738166 32.052017 118.802323 31.997517
119.021282 32.136313 118.993077 32.124596
118.69646 31.94468 118.756905 32.020723
118.796599 32.062139 118.78629 32.041481
118.71018 31.98772 118.80637 31.96766
118.747526 32.005651 118.735973 32.014459
118.71735 32.00486 118.726103 31.999296
118.9919 32.12282 119.008967 32.163393
118.72086 32.03335 118.76027 32.03998
118.75177 32.04594 118.77726 32.11134
118.89983 31.91204 118.894856 31.901336
118.737341 31.984537 118.741657 32.0004
118.860211 31.971271 118.853482 31.962882
118.877565 31.939777 118.845608 31.938893
118.740971 32.05805 118.779236 32.092487
118.736773 32.008913 118.799208 31.967084
118.722718 32.032248 118.773409 31.998342
118.941132 31.916339 118.906555 31.909656
118.778461 31.974142 118.760517 31.963304
118.77991 32.02935 118.779183 32.015958
118.805229 32.034983 118.796038 32.024183
118.764335 32.048219 118.794712 32.042223
118.78016 32.09227 118.783326 32.017259
118.842113 31.931333 118.799208 31.967084
118.906188 32.089927 118.905634 32.085138
118.997937 32.165816 118.934669 32.119503
118.784009 32.039941 118.801246 32.012461
118.88662 31.92742 118.900174 31.916452
118.83049 31.88716 118.819833 31.929
118.868977 32.117057 118.852571 32.112255
118.722161 31.968517 118.706245 31.963141
118.778193 31.981594 118.791246 31.98104
118.921682 32.101857 118.917613 32.091506
118.759274 31.974202 118.910726 32.028515
118.92679 32.12193 118.85123 32.13177
118.916619 32.09323500000001 118.87827 32.12014
118.741818 32.092842 118.721054 31.996428
118.868977 32.117057 118.852571 32.112255
118.800756 32.088178 118.732451 32.15128
118.722161 31.968517 118.706245 31.963141
118.796312 32.046454 118.781083 32.022147
118.73935 32.06388 118.73228 32.125279
118.828509 31.858312 118.828958 31.867492
118.773694 32.042988 118.799391 31.967172
118.782676 32.04413 118.782804 32.012019
118.9139 31.897901 118.889981 31.881593
118.827041 31.868951 118.750816 31.967879
118.788852 32.017915 118.807955 31.99833
118.812702 32.103951 118.783021 32.072445
118.84339 32.13235 118.828176 32.122871
118.846622 32.038016 118.857204 32.017754
118.601297 32.052967 118.641572 32.055643
118.75739366319443 32.08346191406249 118.813262 32.099856
118.743359 31.938586 118.790118 32.026208
118.997937 32.165816 118.951681 32.117437
118.72737 31.99552 118.785106 31.942916
118.83451 32.11802 118.83277 32.12187
118.638802 32.067214 118.614052 32.075554
118.799388 32.026541 118.787973 32.013
118.894769 32.051301 118.834074 32.121724
118.772715 32.239586 118.777412 32.272772
118.716611 31.988044 118.753534 31.985882
118.907012 32.09792 118.779421 32.038564
118.79502 32.05871 118.777391 32.048716
118.73826 31.99005 118.66714 31.91145
118.75517 32.09596 118.776938 32.065368
118.67034 32.06588 118.752694 32.045502
118.736507 32.015901 118.861074 32.035797
118.775285 32.050674 118.788646 32.035474
118.763168 32.009821 118.733551 31.992575
