118.948978 32.075405 118.942359 32.124657
118.973259 31.725749 118.886589 31.978841
118.748512 32.025535 118.797399 31.970737
118.789059 31.948095 118.796956 31.970255
118.948375 32.125243 118.797399 31.970737
118.64548331183568 32.07419236673951 118.751785 31.98768
118.729309 31.971198 118.709954 32.010474
118.753243 32.011371 118.771637 32.025185
118.878131 32.043498 118.796701 31.970421
118.83107 31.97688 118.775111 32.041989
118.820172 31.96518 118.79405 32.053438
118.80666 32.00759 118.79819 32.02709
118.789059 31.948095 118.796956 31.970255
118.81107 32.04576 118.79166 32.02979
118.727589 32.112611 118.746655 32.140073
118.74208 31.94567 118.733425 31.959579
118.7748 31.98592 118.77387 32.00606
118.807457 32.040149 118.783381 32.054411
118.61582 32.04495 118.59738 32.05745
118.824993 31.939514 118.791218 31.993686
118.76025 32.11007 118.7701 32.11593
118.811543 32.107438 118.750748 32.097089
118.706245 32.110017 118.738968 32.139249
118.755741 32.072415 118.784231 32.061423
118.64964 31.932138 118.665341 31.944006
118.79977 32.09625 118.72211 32.03348
118.799712 32.083608 118.783505 32.062559
118.689407 32.089118 118.666544 32.056971
118.738639 32.121631 118.746941 32.140311
118.65321 32.06201 118.72748 32.11303
118.806394 32.269104 118.788361 32.239998
118.88024096963906 32.039735914884126 118.81956 31.9331
118.72197998840892 32.138172872554904 118.708025 32.205687
118.710157 32.185291 118.707555 32.15646
118.770048 32.034466 118.733572 32.019837
118.775742 32.077623 118.755802 32.064945
118.782938 32.096718 118.78779 32.065433
118.75846 32.15072 118.746376 32.140919
118.853872 32.001943 118.845436 32.022964
118.82872 32.02427 118.83769 32.00977
118.81151 31.96879 118.77643 32.04014
118.906101 31.895461 118.820138 31.894116
118.625562 32.056199 118.814537 32.064377
118.921128 32.094997 118.917646 32.09152
118.774095 31.950946 118.799208 31.967084
118.853872 32.001943 118.845436 32.022964
118.998499 32.149649 118.975636 32.116279
118.83048 32.10035 118.80997 32.09956
118.733824 32.127618 118.676068 32.164279
118.91397 32.0936 118.799391 31.967172
118.90805 32.02873 118.796655 31.970431
118.929239 32.098156 118.920747 32.121877
118.898195 32.154266 118.843258 32.146622
118.954077 32.148178 118.873011 32.111519
118.800707 31.985347 118.824161 31.981068
118.746433 32.12959 118.671309 32.163933
118.809753 31.946773 118.799038 31.967359
118.82744260574457 31.907519335842725 118.776431 32.040135
118.765604 31.998696 118.782495 32.055037
118.750835 32.014542 118.784151 32.036349
118.92622 32.04893 118.772461 32.039894
