118.916761 32.092941 118.835854 32.041008
118.797931 31.965338 118.83377 31.95615
118.633671 31.932427 118.831666 31.976868
118.733169 32.045869 118.763382 32.05406
118.88302 32.09286 118.825437 32.130132
118.798492 31.97001 118.792859 32.020908
118.784125 32.048284 118.819097 32.051073
118.798034 31.964258 118.874245 31.933857
118.77669 32.044566 118.762389 32.065766
118.666549 32.056923 118.642931 32.037885
118.72118 31.996346 118.712006 31.989344
118.81714 32.07107 118.76703 32.06971
118.891588 31.932411 118.881978 31.930438
118.783961 32.065947 118.769849 32.070217
118.738389 31.986662 118.740257 32.052376
118.72787434895837 31.99492621527777 118.740298 32.024256
118.916761 32.092941 118.835854 32.041008
118.749665 31.969324 118.74738 31.946438
118.749398 32.091177 118.732627 32.139665
118.626387 32.057936 118.605039 32.072353
118.8080704133391 32.045350308579174 118.793816 32.000139
118.889102 32.155705 118.868185 32.163068
118.877727 31.939751 118.8765 31.95652
118.848302 32.117492 118.810291 32.103709
118.739815 32.028497 118.742364 32.056645
118.939275 32.103207 118.966865 32.087535
118.917785 32.091577 118.906735 32.098349
118.79147 31.986598 118.773432 32.054623
118.815047 32.065742 118.806761 32.052744
118.796912 31.931327 118.78462 32.01661
118.785366 32.096327 118.784126 32.085785
118.872774 31.733819 118.877443 31.695415
118.762357 31.964008 118.744349 31.941955
118.621306 32.046468 118.627221 32.041249
118.774061 32.077553 118.786931 32.070076
118.769959 32.049945 118.741711 32.000415
118.564008 31.838025 118.589543 31.832988
118.756412 31.909951 118.799208 31.967084
118.797711 32.036569 118.784137 32.082335
118.914487 32.096485 118.911908 32.108072
118.801885 31.844391 118.836648 31.886144
118.784153 32.069686 118.76751 32.080767
118.872774 31.733819 118.786084 32.027664
118.797396 32.025044 118.821751 31.952051
118.82675 31.92815 118.807991 31.921911
118.77388 32.0716 118.77437 32.05642
118.77249 31.97053 118.8522 31.94265
118.763768 32.009718 118.799245 32.104259
119.032993 32.062874 119.066103 32.051754
118.766586 32.042683 118.756284 32.054903
118.801585 31.966754 118.606052 31.998535
118.731412 32.215835 118.742501 32.206249
118.76667624189128 32.075701493344944 118.773518 32.050837
118.605593 31.855792 118.597571 31.843793
118.805647 31.84487 118.770434 31.8246
118.721454 31.995514 118.700401 31.938242
118.80096 31.988813 118.795514 32.045759
118.787071 32.055002 118.774003 32.051056
118.614066 32.075644 118.62753 32.064368
118.871825 31.733531 118.608337 32.032173
118.735059 31.979538 118.760859 31.980362
118.77752041275298 32.048433372418096 118.83242 32.01709
118.96571089954097 32.10987403862488 118.96917 32.12567
118.827959 31.865346 118.654123 32.041018
119.011698 32.15211 118.990538 32.123135
118.84844606452045 31.954261175610885 118.850071 31.951551
118.721454 31.995514 118.700401 31.938242
118.794192 32.014624 118.758657 32.024989
118.850934 31.950294 118.876142 31.939556
118.731412 32.215835 118.742501 32.206249
118.891371 31.892101 118.902476 31.915337
118.696396 32.117583 118.722028 32.137911
118.860418 31.971347 118.869495 31.954181
118.76364 32.05019 118.719073 32.17773
118.77817 32.109826 118.639829 32.053814
118.739505 31.988655 118.721629 31.992699
118.819356 31.773605 118.821693 31.790899
118.90199 32.0766 118.925624 32.087959
118.786969 32.054989 118.90807 32.036612
