118.72152 32.03183 118.74843 31.97959
118.89012 31.881621 118.913903 31.897674
118.824261 32.03889 118.932082 32.124318
118.722451 31.965424 118.700175 31.951037
118.891657 31.875849 118.830515 31.896056
118.787038 32.025244 118.777492 32.042023
118.82503 31.94506 118.82751 31.92572
118.731313 31.989533 118.754562 32.013329
118.82138 31.932893 118.823475 31.913693
118.79503 32.110988 118.763656 32.112151
118.745148 32.242103 118.749866 32.227813
118.7584 31.90908 118.79143431578952 31.913637
118.632927 32.06447 118.612669 32.059593
118.82925 32.08778 118.84824 32.11775
118.786932 32.070433 118.782688 32.045018
118.741737 31.938372 118.809768 31.944337
118.88504 32.0996 118.833951 32.113033
118.834273 32.124238 118.833294 32.119496
119.00413 32.14851 118.96917 32.12567
118.731313 31.989533 118.754562 32.013329
118.779145 31.988431 118.795779 31.996177
118.799489 32.095817 118.792313 32.021589
118.838097 32.029744 118.786422 32.022737
118.89101 32.1284 118.888462 32.123349
118.72205 31.99064 118.72494 31.96606
118.80688121323222 32.001340599009865 118.84322 32.00394
118.644429 32.071749 118.62753 32.064368
118.92056 31.91962 118.93801 31.93141
118.82269 32.04497 118.730871 31.958648
118.910925 32.026739 118.821975 31.952878
118.783935 32.084874 118.877014 32.075899
118.803196 31.937098 118.799208 31.967084
118.787141 32.055691 118.7698 32.070341
118.770534 32.01677 118.625386 32.034088
118.90517 32.121 118.97469 32.12797
118.924688 32.099347 119.005843 32.147805
118.8184 31.94721 118.80457 31.96702
118.785995 32.041418 118.667686 32.064773
118.893692 32.066564 118.858396 32.035394
118.846715 31.93249 118.83447 31.909095
118.793941 32.012746 118.812729 32.020331
118.794859 32.037189 118.754277 32.06001
118.689312 32.114348 118.648236 32.084
118.905226 32.023022 118.833231 32.024803
118.6966 31.9445 118.70618 31.98328
118.907575 32.122917 118.799208 31.967084
118.737102 32.000134 118.734304 32.036408
118.776256 31.973112 118.748439 31.979639
118.99208 32.124239 118.87761 32.116252
118.810238 32.060545 118.809036 32.068113
118.63587 32.064089 118.871656 31.73399
118.71516 32.165609 118.770518 32.08921
118.83406 31.93198 118.870845 31.945225
118.843273 32.130744 118.734952 32.156426
118.801173 32.009765 118.790604 31.979141
118.781216 32.039304 118.730175 32.044421
118.82159 31.79074 118.85157 31.775029
118.771673 32.067511 118.758441 32.070933
119.051405 32.031151 119.05792 32.048544
118.746367 32.134101 118.7379 32.03944
118.711047 31.969298 118.746006 31.939842
118.762908 32.019712 118.774608 32.014464
118.99888 32.137156 118.796899 31.970507
118.754412 32.059986 118.775564 32.078324
118.90757 32.12296 118.89583 32.12729
118.805067 31.980974 118.797399 31.970737
118.78833 32.038911 118.78669 32.052179
118.737503 32.00698 118.741416 32.039008
118.784799 32.037935 118.735014 32.022874
118.734803 31.979702 118.845639 32.019742
118.849826 31.942606 118.844397 31.952072
118.74937 31.97765 118.833577 31.919422
118.730566 32.032081 118.796683 32.08593
118.755171 32.015293 118.782222 32.038591
118.73958 32.13973 118.73126 32.1594
118.720566 32.206966 118.736328 32.207474
118.723075 31.991573 118.711128 31.981372
118.640339 32.070943 118.667018 32.07718
118.842965 31.953065 118.876723 31.938947
118.702083 31.985664 118.74267 32.059146
118.897226 32.154117 118.839744 32.119957
118.840501 32.019106 118.868626 32.01012
118.75396 32.15143 118.75384 32.14123
118.807906 32.076466 118.778577 32.07101
118.796004 32.046489 118.796502 32.062395
118.903074 32.066526 118.927211 32.05574
118.738525 32.030073 118.767248 32.009477
118.772905 31.829678 118.806204 31.844559
118.896079 32.049419 118.904643 32.042623
118.93654 32.09653 118.922547 32.100992
118.673667 32.164106 118.63739 32.053063
118.716474 31.98805 118.80382 31.932249
118.728138 32.012649 118.745744 32.018979
118.786027 32.041569 118.823766 32.02497
118.795375 32.048664 118.775267 32.028897
118.87968 31.94009 118.90581 31.89534
118.801173 32.009765 118.790604 31.979141
118.77933 31.97819 118.76815 32.06893
118.76676207257832 32.09311260310386 118.784283 32.091444
118.791575 32.022434 118.804656 31.98063
118.79017 31.89779 118.815833 31.840387
118.8086012038064 31.94397917261533 118.792296 31.96326
118.740466 31.990459 118.812681 32.028444
118.798321 32.031 118.790159 32.043731
118.756031 32.234634 118.746999 32.227755
118.84971 31.93469 118.822003 31.937085
118.720114 31.966341 118.694185 31.936103
118.62312 32.06917 118.61238 32.07352
118.886933 32.047281 118.863733 32.019167
118.886562 31.954748 118.803291 31.964451
118.650902 32.0563 118.651505 32.076813
118.666538 32.057009 118.659312 32.042838
118.63252 32.08408 118.633421 32.063512
118.83257 31.91514 118.847964 31.905176
118.754412 32.059986 118.767208 32.075235
118.819645 31.906571 118.823654 31.912351
118.770314 32.062387 118.784642 32.051003
