118.825777 32.093154 118.832771 32.121868
118.781526 32.023575 118.743917 32.023432
118.785642 32.036832 118.797458 32.035938
118.83614 31.891811 118.785997 31.911357
118.730364 32.032093 118.743971 32.028204
118.698727 31.87288 118.709953 31.820849
118.752766 31.972511 118.731319 31.951906
118.740144 32.061649 118.749123 32.091624
118.93075 32.10003 118.91963 32.0805
118.737282 31.989036 118.797399 31.970737
118.998887 32.16587 118.975636 32.116279
118.889921 32.124901 118.864341 32.093769
118.841769 32.052929 118.849947 32.037994
118.74658 32.140554 118.755485 32.149912
118.998054 32.149381 118.951375 32.143644
118.998042 32.165822 118.986509 32.119729
118.758798 31.909211 118.763136 31.979268
118.80002022536976 32.08855039120655 118.82313 32.07496
118.799688 32.095029 118.810176 32.07635
118.830919 31.868075 118.83287 31.849033
118.719085 31.98151 118.774716 32.018978
118.773293 32.051271 118.785437 32.050288
118.825777 32.093154 118.832771 32.121868
118.96067 32.13183 118.95904 32.10876
118.574715 31.845646 118.59503 31.851136
118.73674 32.013893 118.756571 32.009813
118.952265 32.052047 118.996403 32.034616
118.77517 32.03306 118.819069 32.019352
118.830364 31.898227 118.788831 31.943922
118.897331 32.154118 118.882187 32.119242
118.776381 32.059052 118.738572 32.097643
118.816388 32.103081 118.809537 32.084591
118.77481 31.97427 118.79715 31.99732
118.796011 31.885508 118.822203 31.896968
118.784861 32.09585 118.767287 32.090753
118.86831 32.16362 118.889807 32.124855
118.87293 31.73369 118.790696 31.922887
118.781947 32.038814 118.77651 31.96804
119.00025 31.719213 118.981787 31.715415
118.725452 32.030483 118.736281 32.083491
118.748535 32.055773 118.774651 32.041251
118.78554 31.910923 118.827372 31.915499
118.78623 32.038635 118.763145 32.041749
118.77901 32.09989 118.796804 32.086118
118.720834 31.996568 118.776503 31.95077
118.87383 32.01005 118.9075 32.02507
118.72327 31.983204 118.714952 31.974201
118.748962 32.021093 118.766866 32.010069
118.834376 32.114641 118.842055 32.122269
118.80971 31.91211 118.79369 31.99114
118.734378 31.961051 118.759801 31.958289
118.753446 31.997323 118.746718 31.98618
118.739733 32.048564 118.734194 32.019401
118.753749 32.083323 118.734618 32.055947
118.89009 31.93348 118.90264 31.92373
118.74163 32.09006 118.786894 32.035434
118.76164 31.97191 118.797751 32.039995
118.96665 32.08525 118.915774 32.0941
118.75633 32.00989 118.74142 32.02473
118.911934 32.034024 118.924232 32.056992
118.869294 32.038972 118.886914 32.04493
118.891017 32.083315 118.923635 32.047366
118.973334 32.113246 118.964521 32.117956
118.75996 32.03075 118.738561 32.029964
118.765415 32.116674 118.783396 32.060541
118.86836 32.005 118.818928 32.039733
118.77458 32.06705 118.7894354164082 32.049354956614245
118.796842 32.026333 118.789814 31.978223
118.890015 31.881356 118.907239 31.899321
119.006566 31.685973 118.798019 31.786652
118.772232 32.034101 118.778648 32.066219
118.89189 32.08515 118.85645 32.11544
118.643975 32.038954 118.727932 32.204244
118.797501 31.964319 118.879164 31.939474
118.813335 32.032148 118.782414 32.010681
118.719957 31.989221 118.733923 32.010508
118.87979 31.99883 118.845782 32.019643
118.730318 31.982596 118.696291 31.944389
118.79604 32.06271 118.788055 32.0415
118.965667 31.75533 118.961454 31.738192
118.742736 31.996317 118.761579 31.992429
118.971099 31.694921 119.01184 31.686582
118.76481 32.043052 118.774685 31.964844
118.77049 32.01661 118.788319 31.966798
118.742767 31.995 118.718784 31.966535
118.887128 32.045035 118.897422 32.028881
118.786346 32.022868 118.787678 32.039832
118.756982 32.095817 118.804645 31.995437
118.821627 31.790692 118.798705 31.797804
118.748356 32.047994 118.738351 32.030895
118.892777 31.885049 118.893318 31.931038
118.606903 31.84865 118.605377 31.855239
118.887 32.08786 118.831134 32.02354
118.794996 32.043311 118.787944 32.01298
118.772232 32.034101 118.778648 32.066219
118.936609 32.096559 118.903193 32.084903
118.823769 32.094754 118.810095 32.102491
118.76573 31.978307 118.762925 31.955253
118.767038 32.042836 118.796569 32.017341
118.801585 31.966754 118.70986 31.881954
118.910997 32.077069 118.818682 32.041317
118.721009 31.996457 118.713868 31.973002
118.940224 31.928296 118.821684 31.960409
118.783976 32.035911 118.733679 32.027829
118.794029 32.053315 118.797876 32.045881
