118.71945 31.99344 118.828091 32.004884
118.804337 31.982171 118.890105 31.962263
118.644114 32.032468 118.753708 31.988649
118.629035 31.901448 118.729953 31.989095
118.794935 32.039833 118.785288 32.054266
118.808759 32.028649 118.794318 32.012868
118.820856 32.08396 118.810441 32.075811
118.820998 31.929404 118.791436 31.913612
118.746842 32.227969 118.740105 32.240161
118.794935 32.039833 118.785288 32.054266
118.78175 31.906845 118.878695 32.156317
118.733831 32.087692 118.792108 32.021836
118.784025 32.079051 118.76512 32.079837
118.809671 32.105856 118.792301 32.318975
118.735591 31.984134 118.740676 32.024783
118.81064 32.042463 118.792132 32.021807
118.798606 31.93864 118.821673 31.943907
118.793326 32.001697 118.808138 32.02461
118.671261 32.071108 118.797399 31.970737
118.80067 31.96176 118.78959 31.97009
118.800037 32.05699 118.769749 32.069065
118.807365 32.050033 118.766832 32.083471
118.813303 32.017908 118.794318 32.012868
118.751221 31.96065 118.763147 31.971464
118.738001 32.028682 118.789901 32.016333
118.73378 32.08762 118.80943 32.090714
118.76568 31.97838 118.914964 32.032055
118.72917 31.99779 118.721889 31.991753
118.94059737696412 31.916554071299245 118.9046 31.91302
118.786346 32.022868 118.810723 32.008533
118.695021 32.157405 118.736834 32.124586
118.799721 31.977333 118.804182 31.995659
118.936407 31.765247 119.018609 31.674642
118.737472 32.015919 118.629306 32.048626
118.792032 31.968525 118.822577 31.918716
118.842587 31.962361 118.868115 31.963702
118.734409 31.981826 118.802832 32.004305
118.797501 31.964319 118.823256 31.952952
118.628977 32.039706 118.634468 32.028233
118.835092 32.028788 118.911131 32.031918
118.799651 31.970253 118.765342 32.055033
118.830451 32.020997 118.843601 32.004069
118.698596 32.173886 118.707259 32.159323
118.715551 32.002601 118.726091 31.966124
118.73378 32.08762 118.792858 32.020909
118.788493 32.049732 118.743909 32.039507
118.771971 32.059292 118.777007 32.072213
118.787123 32.054165 118.830391 32.077399
118.809446 31.905267 118.821677 31.943076
118.721553 31.995269 118.69374 31.977768
118.772642 32.08063 118.923005 32.122956
118.85949 31.95616 118.83519 31.9148
118.747223 32.000269 118.784355 32.043436
118.81027957199596 32.033280778175964 118.79007 31.96198
118.799673 31.986342 118.796732 32.025973
118.858265 32.035907 118.88203 31.99158
118.73849 32.058 118.737767 32.070378
118.7145 32.176142 118.699289 32.157402
118.850917 32.036816 118.850781 32.059871
118.852985 32.036377 118.774281 32.06866
118.745493 32.14043 118.733886 32.12714
118.78007 32.04208 118.73612 32.08336
118.779 32.11124 118.770919 32.041334
118.770106 32.049997 118.768236 32.042876
118.784128 32.044162 118.799208 31.967084
118.77613 31.988519 118.722279 32.000717
118.70576 31.98924 118.742671 32.056736
118.792566 31.96814 118.822216 31.897318
118.86795 31.96392 118.843152 31.937922
118.755405 32.010392 118.77345 32.000782
118.779462 31.767651 118.784584 31.770782
118.79926 31.93342 118.818981 31.934872
118.799699 31.963235 118.856337 32.005079
118.867848 32.097902 118.825964 32.126785
118.718151 32.101348 118.72571 32.136423
118.90809839199116 32.0662474499227 118.90677 32.027
118.792043 32.021909 118.787944 32.01298
118.763753 32.03172 118.781893 32.02394
118.799598 31.968546 118.756822 32.054325
118.63941 31.93166 118.66232 31.90847
118.867848 32.097902 118.825964 32.126785
118.733568 32.148462 118.661745 32.06765
118.54109 32.027959 118.649405 32.041949
118.799924 31.968959 118.783962 32.034244
118.734249 31.957386 118.748995 31.945463
118.85916 32.02313 118.785106 31.942916
118.62642 32.05793 118.618326 32.039446
