118.81438 31.964624 118.857766 31.966102
118.842751 31.844304 118.763703 31.982322
118.77226 32.02619 118.79603 32.0367
118.801201 32.009038 118.774836 32.042337
118.795493 32.023699 118.7495 32.0914
118.84580274758147 32.02878533317589 118.8584 32.03537
118.87089 32.163758 118.885642 32.141913
118.939521 31.359034 118.877616 31.339442
118.929062 32.041804 118.910004 32.022705
118.836271 31.913713 118.823211 31.893493
118.70792 32.205819 118.754067 32.24451
118.728219 32.014595 118.732456 32.043364
118.89043 32.13157 118.91763 32.09216
118.72158 32.10785 118.666286 32.057091
118.82316 31.9395 118.80452 32.0523
118.80699 32.0141 118.81652 32.06589
118.762092 31.961197 118.76289 31.980063
118.647645 32.061241 118.794381 31.965291
118.783321 32.06796 118.769847 32.049666
118.921891 31.756131 118.886589 31.978841
118.83142744861208 31.869239850536307 118.85816 31.96506
118.7879 32.05221 118.7637 32.10751
118.802574 32.013103 118.720045 31.988919
118.755484 32.014695 118.799208 31.967084
118.922646 32.116696 118.931072 32.098857
118.841571 32.105762 118.727102 32.012674
118.823941 32.098154 118.830694 32.085904
118.599932 32.026168 118.615142 32.044366
118.758074 31.960487 118.819768 31.979913
118.7230662062642 32.144376728333135 118.73413 32.15128
118.86826 32.16349 118.889699 32.151917
118.770828 32.074159 118.704261 32.110961
118.917102 32.113106 118.930593 32.078096
118.870574 32.119501 118.889709 32.15584
118.784023 32.066196 118.790154 32.027308
118.91103 32.0666 118.796655 31.970431
118.800667 32.088379 118.663862 31.938729
118.92828016493053 32.121021592881945 118.87253 32.15052
118.942587 31.928718 118.922859 31.920328
118.775549 32.077524 118.750657 32.063277
118.81578 31.84068 118.76957 31.87029
118.765428 32.085064 118.777232 32.070765
118.96397 32.109348 118.910066 32.094524
118.816608 32.029229 118.771863 32.059254
118.78548 31.9109 118.821929 31.931175
118.797045 32.084418 118.657173 32.079094
118.917073 32.091281 118.919351 32.120571
118.89254 32.12739 118.889145 32.155489
118.913949 32.040099 118.896099 32.049288
118.80867 32.02865 118.799391 31.967172
118.612192 32.058619 118.773476 32.068717
118.797045 32.084418 118.657173 32.079094
118.848905 32.028989 118.795053 32.044158
118.71085 31.96878 118.794664 31.971167
118.78751 32.10308 118.7773 32.111623
118.98203 32.12718 118.94033 32.0999
118.732279 32.067181 118.735894 32.011263
118.726406 31.950917 118.796956 31.970255
118.726406 31.950917 118.796956 31.970255
118.76773437332956 32.09987366883776 118.77753 32.0694
118.839728 32.103403 118.837146 32.085357
118.76899 32.05718 118.796634 32.057703
118.774728 31.985826 118.797399 31.970737
118.73985281109672 32.22462197248709 118.93961 32.12443
118.777565 32.037174 118.799208 31.967084
118.722444 32.022354 118.797399 31.970737
118.689109 32.088016 118.69519 32.076309
118.631471 32.082546 118.64457 32.072141
118.862229 32.006849 118.73985 32.033236
118.897609 32.028364 118.793804 32.034397
