118.805476 32.079917 118.735609 32.045895
118.87483 31.94375 118.84123 31.90979
118.751027 32.031122 118.776331 32.040183
118.834365 31.949698 118.779551 32.050209
118.71642 31.97648 118.77947 32.01811
118.80615 32.00073 118.82048 32.03166
118.714625 31.960666 118.796804 32.086118
118.811291 31.88628 118.834464 32.019027
118.826007 32.019529 118.743635 32.010373
118.744053 32.03826 118.725579 32.003309
118.96186 32.08632 118.942569 32.096659
118.731054 32.0276 118.738642 32.028625
118.612192 32.058619 118.672675 32.105802
118.91265 32.099713 118.718956 31.991898
118.71678 31.98795 118.749052 32.038503
118.753742 32.083238 118.74455 32.081127
118.951569 32.117363 118.930435 32.098801
118.823262 31.952757 118.823461 31.912229
118.98597 32.122433 118.902036 32.076516
118.714862 32.176492 118.696598 32.164291
118.889397 31.966352 118.825122 31.964422
118.66389 31.90427 118.65872 31.94791
118.871686 31.999571 118.931007 32.041181
118.799604 32.025978 118.808719 32.040127
118.613226 32.069179 118.6263 32.05667
118.871686 31.999571 118.931007 32.041181
118.69111 31.978594 118.72069 31.99618
118.818927 31.929302 118.814812 31.960835
118.751464 32.092337 118.766166 32.06671
118.731844 32.006354 118.781294 31.992876
118.902721 32.083542 118.824841 32.125439
118.836129 32.099221 118.829509 32.022599
118.833335 32.024593 118.794513 32.041078
118.745568 32.140553 118.729523 32.150411
118.752744 32.096681 118.744539 32.081242
118.812557 31.959309 118.768375 31.999613
118.79158 31.98643 118.796655 31.970431
118.765643 32.113469 118.795689 32.052907
118.720773 31.994996 118.711317 31.980539
118.831126 32.136555 118.862303 32.109678
118.878872 32.045987 118.837938 32.099675
118.82078 31.94905 118.74797 32.0379
118.818927 31.929302 118.814812 31.960835
118.684182 31.976148 118.733753 31.980987
118.888044 32.085323 118.882944 32.092936
118.81772 32.1375 118.809965 32.10004
118.745568 32.140553 118.729523 32.150411
118.938737 32.103268 118.934669 32.119503
118.889678 31.934077 118.767251 32.067189
118.84206 32.12365 118.813578 32.103394
118.553452 31.954683 118.560268 31.960699
118.79749 32.01899 118.77648 32.04289
118.808588 31.969394 118.820026 31.947412
118.887686 32.127746 118.799208 31.967084
118.80551 31.94649 118.73896 31.99046
118.73297 32.22064 118.64511 32.06684
118.812102 31.969404 118.752403 31.98909
118.790522 31.912148 118.747556 31.939832
118.71242 32.00124 118.67159 32.09987
118.834487 32.099208 118.810095 32.102491
118.88016 31.95829 118.87565 31.94066
118.864442 31.909538 118.799208 31.967084
118.94635 32.06579 118.94403 32.07744
118.791054 31.907021 118.778343 31.897724
118.871458 32.144731 118.888143 32.159042
118.770906 32.066707 118.795847 32.060209
118.75006 32.00767 118.738599019261 31.98910908351092
118.83114 31.86827 118.885053 31.906875
118.830898 31.868146 118.83284 31.837004
118.811716 32.020584 118.808721 32.040108
118.786381 32.285911 118.802083 32.295022
118.8083 31.96923 118.89213 31.926
118.84555 32.02045 118.845586 32.020324
119.011841 31.686346 118.993661 31.692059
118.85605 31.91317 118.78128 31.9931
118.910753 32.047446 118.752031 32.086207
118.757974 31.960638 118.738555 31.991688
118.75888442483632 32.107009112205816 118.862191 32.109628
118.83509563943946 32.09870258891815 118.8096 32.10216
118.77226 32.072767 118.733371 32.072651
118.725334 32.142641 118.745301 32.140257
118.742219 32.049299 118.774403 32.035394
118.715842 32.017222 118.770015 32.050051
118.776112 32.005084 118.807386 32.050112
118.719687 31.965591 118.735058 31.982424
118.822805 31.947089 118.70793 31.981834
118.86512 32.03968 118.90673 32.09835
118.82828 32.098987 118.779255 32.05014
118.912793 32.027676 118.898471 32.090193
118.772651 32.081612 118.931664 32.106261
118.805325 31.964788 118.799208 31.967084
118.702866 32.138309 118.689787 32.174191
118.956605 32.053565 118.920454 32.055217
118.790544 31.898576 118.871656 31.73399
118.82436 31.91082 118.86129 31.91212
118.789351 31.930556 118.777083 32.083425
118.836044 31.834635 118.831122 31.868241
118.737491 32.002599 118.798949 31.970313
118.855629 31.942651 118.808631 31.926799
118.737491 32.002599 118.798949 31.970313
118.823941 32.098707 118.813961 32.10284
118.744349 31.941955 118.799208 31.967084
118.71087 32.17883 118.85699 32.13899
118.788951 31.943315 118.796701 31.970421
118.979457 32.122177 118.935177 32.122794
118.722312 32.013811 118.747481 32.030824
118.86804 32.16331 118.88832 32.15883
118.71863 32.16827 118.730009 32.22676
118.97374 32.13032 118.97635154700106 32.11648935412757
118.802873 32.033305 118.812994 32.102542
