118.814261 31.956463 118.797151 31.913706
118.65947 31.93358 118.660465 31.922535
118.797931 31.965338 118.779879 32.034244
118.82915 31.868935 118.858112 31.797934
118.769996 32.059988 118.793782 32.053304
118.735717 32.064967 118.74455 32.081127
118.7504 32.02968 118.69902 31.965045
118.819402 32.016644 118.847839 32.106702
119.025638 32.080447 118.787996 32.03339
118.751973 32.046031 118.745917 32.104312
118.860169 31.935281 118.856136 31.943894
118.774338 32.042488 118.782821 32.053202
118.776711 32.044668 118.782061 32.038966
118.690783 32.123214 118.707655 32.156425
118.79301 32.0638 118.782786 32.035729
118.926366 32.047973 118.902115 32.031318
118.937898 31.931091 118.799208 31.967084
118.696469 32.152699 118.710268 32.182286
118.785075 32.02941 118.734777 32.043928
118.762256 31.991601 118.75408 31.985358
118.756105 32.042477 118.74761 32.032984
118.797717 32.055838 118.787156 32.047865
118.79878 31.96425 118.79447 31.95848
118.89587 32.02645 118.86945 32.0091
118.6963 31.96724 118.73544 32.00242
118.78512 32.077197 118.788424 32.036929
118.72592 32.02137 118.72763 31.99786
118.893565 32.066737 118.792091 32.021822
118.82387 32.01946 118.82184 31.98659
118.80769392254984 32.007713831768456 118.80069 32.02117
118.787154 32.300312 118.738692 32.227557
118.796599 32.062139 118.780701 32.039422
118.755761 32.215171 118.730011 32.201973
118.763808 32.050021 118.796611 32.085965
118.793789 32.048982 118.779354 32.041123
118.827135 31.929104 118.876761 31.939656
118.782979 32.084883 118.796683 32.08593
118.860261 31.966931 118.819969 31.929623
118.85807 31.7628 118.839837 31.828744
118.801194 32.057337 118.831987 32.028172
118.74151 32.22225 118.76717 32.232807
118.612612 32.07343 118.627303 32.057958
118.76693 32.003865 118.785668 32.036905
118.755761 32.215171 118.730011 32.201973
118.85721 32.140328 118.840039 32.11989
118.823558 32.081482 118.813124 32.069773
118.740634 32.024493 118.796899 31.970507
118.683582 32.198998 118.684111 32.177934
118.860261 31.966931 118.819969 31.929623
118.893878 32.051214 118.874929 32.039598
118.804859 31.981252 118.871656 31.73399
118.740542 32.02478 118.799208 31.967084
118.78709 32.035313 118.796683 32.08593
118.876989 31.734427 118.881701 31.701411
118.79840811509914 32.02674559719508 118.838122 32.041037
118.785376 32.041769 118.748934 32.086469
118.767598 32.080312 118.813528 32.071543
118.641455 32.023364 118.642936 32.037662
118.925602 32.149572 118.879747 32.118284
118.790848 31.898681 118.753356 31.997942
118.762896 31.980035 118.743464 31.938484
118.74008 32.08589 118.78984 32.024105
118.684266 32.187175 118.783811 32.230685
118.744612 32.019274 118.726336 31.996963
118.787182 32.056809 118.782951 32.042269
118.851647 31.947421 118.844691 31.923024
118.726228 31.992772 118.797399 31.970737
118.6961 32.15502 118.738797 32.137613
118.765826 32.048583 118.80261 31.93257
118.779037 31.988418 118.731383 32.052285
118.787892 32.040399 118.799208 31.967084
118.805922 31.885538 118.830588 31.89527
118.790848 31.898681 118.753356 31.997942
118.811002 32.043275 118.787718 32.058185
118.893872 31.887023 118.845608 31.938893
118.73071 32.04697 118.75604 32.082626
118.729712 32.000046 118.724648 32.122338
118.679933 32.196505 118.706353 32.182879
118.74893611177028 31.9790251078566 118.795341 32.039634
118.700016 31.963795 118.729997 31.993867
118.82459 32.013554 118.794509 31.998316
118.70241238064236 32.160601128472216 118.720356 32.20683
118.78598814646811 32.094306704365096 118.79683 32.098663
118.661533 32.090126 118.626899 32.078723
118.809699 32.100273 118.833458 32.115616
118.89131983378552 32.12887547160305 118.87446 32.12399
118.790848 31.89868 118.753531 31.997843
118.816608 32.029864 118.784847 32.023418
118.80271 31.964598 118.802861 31.943651
118.7458314344618 32.03398139105903 118.735961 32.050797
118.742702 31.994929 118.758741 31.967066
118.788139 32.012959 118.788597 32.023093
118.83527 32.02884 118.90813 32.06637
118.755298 32.084037 118.782237 32.03459
118.783471 32.036877 118.791916 32.014854
118.795148 32.058476 118.796851 32.018289
118.878343 32.138286 118.83206 32.12258
118.765396 32.016925 118.786931 32.070076
118.724182 32.137623 118.696501 32.157809
118.931622 31.729524 118.873116 31.731256
118.724182 32.137623 118.696501 32.157809
118.825335 32.038925 118.835695 32.040766
118.741404 32.130268 118.756933 32.153018
118.718157 31.991045 118.731302 32.007361
118.79359 32.04913 118.751602 32.056472
118.780853 32.020769 118.796359 32.039129
118.842971 32.146106 118.885238 32.15352
118.786932 32.070433 118.783783 32.03992
118.699363 32.039663 118.703249 32.031561
118.78086 32.02136 118.762667 31.979393
118.928406 32.037673 118.932271 32.044962
118.800531 31.926717 118.814806 31.952687
118.771497 31.973596 118.798351 31.978134
118.783471 32.036877 118.791916 32.014854
118.817944 31.936324 118.787098 31.942459
118.840915 32.039146 118.84956 32.000426
118.771386 31.973302 118.762714 31.981743
118.923455 32.068469 118.896225 32.048488
118.840269 31.906618 118.835099 31.843164
118.712336 31.979742 118.736407 31.980094
118.798762 32.026699 118.721778 31.915517
