118.99471 32.073066 118.833017 31.909018
118.771348 32.052243 118.731798 31.984376
118.841761 32.029116 118.816083 32.022814
118.770066 32.066222 118.73494 32.031778
118.777981 32.025495 118.826789 32.033
118.978239 32.126258 118.878999 32.091547
118.627118 32.067219 118.595208 32.061025
118.92614 32.12162 118.98392 32.12214
118.763793 32.050072 118.766984 32.070319
118.922744 32.108513 118.916083 32.076099
118.826899 31.941025 118.8679 31.955073
118.739255 32.139213 118.699537 32.112001
118.877171 31.939706 118.877171 31.939699
118.922744 32.108513 118.916083 32.076099
118.819332 32.068468 118.792011 32.094658
118.893351 31.882606 118.899307 31.913191
118.912849 32.099775 118.927357 32.102042
118.754412 32.059986 118.784666 32.041669
118.7829 32.02573 118.79614 32.045609
118.798664 31.964844 118.656525 31.891001
118.784247 32.032559 118.770054 32.031176
118.772108 32.054822 118.735321 32.011936
118.698234 31.942505 118.721081 31.984786
118.798664 31.964844 118.656525 31.891001
118.735931 31.978666 118.747696 32.033142
118.776559 31.964778 118.763665 31.976929
118.782995 32.029988 118.746902 32.059617
118.735931 31.978666 118.747696 32.033142
118.79023 31.97889 118.80454 31.929409
118.67898 31.949 118.67898 31.949
118.62884 32.063411 118.620879 32.059679
118.82403 32.10158 118.783165 32.060406
118.657902 31.948425 118.634484 31.922248
118.853162 32.022549 118.834577 32.024604
118.788664 32.035532 118.847979 32.000124
118.79671 32.085491 118.823691 32.081464
118.882366 32.131641 118.870667 32.118736
118.86733954449814 32.01037148903421 118.774133 32.071131
118.72675 32.00871 118.725213 32.022062
118.944161 31.369979 118.867838 31.333265
118.546867 31.96549 118.635762 32.027599
118.82287 31.93602 118.83246612548828 31.917388916015625
118.772108 32.054822 118.735321 32.011936
118.72399 31.97979 118.823512 32.024231
118.781722 32.039173 118.794431 32.039707
118.72781 31.99798 118.722393 32.00896
118.78396 32.040083 118.753245 32.059132
118.757129 31.973962 118.875764 31.729991
118.744262 31.317355 118.889531 31.327521
118.822971 32.038979 118.779535 32.092393
118.821633 31.986406 118.812842 31.949707
118.682104 32.061825 118.622102 32.050267
118.820924 31.930079 118.8461 31.92212
118.895251 32.027937 118.894357 32.049399
118.922646 32.116696 118.945217 32.127422
118.828381 32.081966 118.784109 32.091529
118.702921 32.133521 118.640228 32.067787
118.796593 32.062225 118.779855 32.065891
118.82163 31.7909 118.852908 31.798102
118.758293 31.909024 118.791436 31.913612
118.61172368864727 32.07448101185722 118.63576 32.05977
118.80699 31.96691 118.639103 32.053019
118.791223 31.916338 118.783326 31.937192
118.84316 31.89532 118.802469 31.965094
118.788041 32.023025 118.828087 32.006374
118.607291 32.055637 118.623535 32.048903
118.87721 32.13697 118.88579 32.12187
118.800752 32.088189 118.979471 32.131204
118.77717 32.07119 118.782187 32.081657
118.781547 32.036875 118.790896 32.023862
118.970418 31.695184 119.026718 31.657592
118.795853 32.063003 118.779856 32.065891
118.877565 31.939777 118.905812 31.895338
118.702849 32.112645 118.680405 32.108877
118.7519 31.95066 118.78549 31.91015
118.931861 32.124149 118.916674 32.093534
118.970418 31.695184 119.026718 31.657592
118.778497 32.042177 118.734559 32.078915
118.935204 31.367992 118.896365 31.327374
118.733781 31.979329 118.661814 31.968828
118.849068 31.951507 118.744335 31.941023
118.651367 32.089847 118.708316 32.108166
118.787864 31.975433 118.803365 31.967023
118.800461 31.970373 118.767807 32.072483
118.800461 31.970373 118.767807 32.072483
118.732196 32.05763 118.714415 32.024493
118.722718 32.032248 118.784847 32.023418
118.83641 31.94237 118.810006 31.945688
118.827222 32.020379 118.733561 32.087461
118.800461 31.970373 118.767807 32.072483
118.780092 32.03432 118.774713 32.042353
118.80621 31.964254 118.810202 32.039265
118.87361993679905 32.117550507703754 118.754432 32.033697
118.727132 31.995797 118.793181 32.034219
118.997937 32.165816 118.986509 32.119729
118.77265 32.081437 118.761089 32.006503
118.763679 32.054925 118.785759 32.037739
118.8056 31.96908 118.78799 32.012812
118.821333 31.791005 118.846187 31.777698
118.83527 32.02884 118.75647 31.9534
118.939832 31.916754 118.904972 31.913263
118.724108 32.000897 118.738306 32.040512
118.78243 32.05498 118.65943 32.11988
118.779767 32.022766 118.799646 32.019328
118.719345 32.104947 118.738968 32.139249
118.718962 32.153992 118.703108 32.133558
118.864926 32.050291 118.869421 32.039069
118.892691 31.885183 118.893318 31.931038
118.73363 32.019826 118.829673 31.974044
118.772257 32.03575 118.885418 32.095691
118.71921 32.15387 118.71486 32.17649
118.822602 31.947008 118.784949 32.017979
118.642097 32.034902 118.746655 32.140073
118.72796 31.99862 118.801272 32.035227
118.79671 32.085491 118.880382 31.98392
