118.85105 31.952201 118.799208 31.967084
118.892822 31.885131 118.818654 31.931727
118.83114 32.09907 118.825967 32.079743
118.788389 32.049749 118.785759 32.037739
118.794192 32.014624 118.802295 32.011896
118.766501 32.093388 118.78403 32.080609
118.754412 32.059986 118.767039 32.075279
118.780965 32.257053 118.755952 32.243269
118.91691 31.95376 118.87685171637337 31.939998734944027
118.824851 32.148047 118.917137 32.11294
118.821627 31.790692 118.779715 31.776716
118.82236828781927 32.115934163678816 118.854592 32.114176
118.789119 32.042471 118.782131 32.038301
118.811197 32.329211 118.837448 32.345547
118.851091 31.923546 118.824252 31.928187
118.77813 32.09054 118.825483 32.086113
118.859889 31.905278 118.85686 31.939355
118.734104 32.031908 118.799208 31.967084
118.821331 31.93079 118.827128 32.108507
118.73356 31.97774 118.69151 31.94301
118.824686 32.013548 118.930778 32.058663
118.802286 32.097849 118.808911 32.104929
118.843473 31.940243 118.842222 31.93072
118.788141 32.03337 118.793304 31.991882
118.901312 31.924601 118.890143 31.933672
118.811197 32.329211 118.837448 32.345547
118.9045 31.91391 118.9403 31.92817
118.873977 31.987934 118.889756 32.10478
118.72077 31.994991 118.684257 31.976196
118.842228 31.927877 118.821104 31.928231
118.860295 32.093458 118.899023 32.138498
118.757694 31.952088 118.753849 31.960322
118.81267 32.06436 118.79669349613434 32.08610061491525
118.722145 31.993624 118.735073 32.011301
118.803291 32.012959 118.786936 32.015903
118.66199 31.9688 118.732223 32.007271
119.040111 31.67634 119.01751 31.696259
118.76416 32.083855 118.750581 32.053404
118.782467 32.041643 118.81134 32.02354
118.800107 32.019689 118.737137 32.063941
118.848209 31.954497 118.817479 31.963885
118.890528 32.124083 118.865959 32.106911
118.58794 32.04797 118.61513 32.0445
118.83638 31.89606 118.878522 31.980038
118.789165 31.948146 118.867901 31.955269
118.7078 32.156374 118.709056 32.174411
118.8305959638317 32.12102958258522 118.84219 32.12315
118.863718 32.137589 118.848478 32.117398
118.767804 32.234553 118.749545 32.231418
118.708852 31.863506 118.720431 31.847441
118.686928 31.981266 118.729232 31.971138
118.89075120548412 32.14489339151634 118.88846 32.12559
118.8085280895392 31.89279012051207 118.79228 31.90862
118.78080601783056 32.04205571856549 118.82942 32.0176
118.878682 32.119236 118.834579 32.113728
118.792999 32.023666 118.818654 31.931727
118.542213 31.970648 118.774976 32.051251
118.752851 32.070124 118.777005 32.067732
118.98623 32.117865 118.964118 32.116229
118.79943 31.98073 118.736376 31.993266
118.8017 32.040499 118.783462 32.025109
118.964982 32.125171 118.978836 32.130931
118.789992 31.865541 118.774611 31.869371
118.746368 32.140537 118.725041 32.138554
118.6454 32.06095 118.631315 32.076867
118.793176 32.009402 118.878032 31.940388
118.898927 31.936071 118.720533 31.998223
118.741908 31.979449 118.82893 31.95292
118.797931 31.965338 118.873041 32.010094
118.78807 32.01403 118.748349 32.025747
118.853211 32.019387 118.881099 32.016784
118.936737 32.101494 118.725577 32.147772
118.73527 32.05588 118.751449 32.04546
118.848801 31.933417 118.796796 31.970571
118.76236 31.964097 118.790017 31.969441
118.817915 31.943778 118.788429 31.911116
118.744118 32.079599 118.786384 32.116454
118.75913 32.10974 118.813975 32.065244
118.795716 31.971005 118.723659 32.003401
118.829308 31.972988 118.822221 31.967721
118.803528 31.992745 118.876697 32.035514
118.810015 32.025722 118.786915 32.011181
118.798488 31.970008 118.828092 31.968829
118.665184 31.944522 118.652242 31.917268
118.83797 32.11824 118.811499 32.1167
118.722384 31.993931 118.751873 32.024501
118.831113 32.351735 118.838146 32.344616
118.693635 31.977745 118.799208 31.967084
118.788794 32.042829 118.694799 31.977356
118.69765 32.15962 118.710062 32.169322
118.817915 31.943778 118.788429 31.911116
118.775505 32.023682 118.705451 31.982027
118.795716 31.971005 118.92105 32.097082
118.719209 31.964699 118.744098 32.033725
118.76261 31.98421 118.764407 31.995937
118.798488 31.970008 118.828092 31.968829
118.75826 32.09155 118.73413 31.99297
118.74271 31.99632 118.72254 31.98142
118.748787 32.068387 118.927354 32.049727
118.82883 31.75586 118.86988 31.77083
118.78391 32.03385 118.74872 32.035094
118.6985233426094 32.18221873939688 118.696182 32.157166
118.810882 31.913367 118.741816 31.995501
118.882997 32.082965 118.916853 32.092942
118.865821 32.10699 118.832543 32.136124
118.796788 32.048435 118.797196 32.040542
118.882997 32.082965 118.916853 32.092942
118.739041 32.214682 118.720131 32.134243
118.796865 31.975062 118.887451 32.043761
118.71924 32.12662 118.684547 32.177634
118.737096 31.984121 118.758864 31.960323
118.706425 32.159191 118.741099 32.155335
118.954278 32.139084 118.990161 32.123812
118.757009 32.020106 118.764432 31.980856
118.78711 32.051178 118.750334 32.06383
118.789165 31.948146 118.867891 31.955269
118.797777 31.989251 118.791079 31.978499
118.976508 31.694634 119.026718 31.657592
118.722124 32.033457 118.730598 32.044094
118.724619 32.040735 118.796209 32.048639
118.73946925521416 32.0334183439539 118.77233 32.02178
