118.76763 32.080142 118.795338 32.045418
118.756031 32.234634 118.749545 32.231418
118.804685 31.980655 118.843459 31.942626
118.801659 32.030092 118.79506 32.03974
118.839793 32.119887 118.803287 32.177976
118.788069 32.126774 118.784121 32.112921
118.833013 31.908934 118.809041 31.892607
118.795716 31.971005 118.657229 32.065541
118.75079 32.01888 118.669145 31.940368
118.74177 32.09003 118.68535 31.9797
118.82285 31.86207 118.83075 31.8684
118.814381 32.0737 118.809537 32.084606
118.744278 32.156651 118.720815 32.118514
118.82488 31.936435 118.818973 31.931054
118.790883 32.056005 118.917646 32.09152
118.77933 31.900851 118.791436 31.913612
118.798492 31.97001 118.79962 31.985509
118.768298 32.066222 118.778414 32.042258
118.754412 32.059985 118.796683 32.08593
118.88419 32.15585 118.92453 32.09967
118.748729 32.221479 118.740829 32.229024
118.887759 32.141962 118.912448 31.895344
118.759219 32.058947 118.783596 32.050346
118.83632 31.9396 118.87347 31.95649
118.711658 31.980769 118.753359 32.01557
118.893337 32.126579 118.880621 32.11815
118.924418 31.902528 118.893318 31.931038
118.74002 32.05598 118.764415 31.97836
118.78404 32.07578 118.787603 32.05809
118.888809 31.992115 118.874465 31.944664
118.86572 32.13396 118.867828 32.162351
118.696127 32.153571 118.633297 32.059161
118.67741 32.133118 118.742499 32.133223
118.75956 31.99101 118.77387 32.006061
118.941095 31.916302 118.821277 31.930968
118.877734 31.341282 118.938576 31.358983
118.91699 31.95372 118.877156 31.939902
118.612148 32.05854 118.629984 32.076873
118.835402 32.049395 118.784201 32.059351
118.887171 32.04399 118.763879 32.049947
118.818958 32.198917 118.821784 32.127467
119.009894 32.142565 119.004717 32.164488
118.763601 31.977006 118.799208 31.967084
118.753336 32.059317 118.784241 32.040129
118.788146 32.058227 118.787202 32.049898
118.7762 32.083452 118.785263 32.041733
118.791309 31.946349 118.851256 31.958756
118.772115 32.067799 118.782513 32.025199
118.882573 31.332818 118.88862 31.384117
118.825542 32.038882 118.787556 32.013008
118.716459 32.171568 118.743685 32.167981
118.875927 31.969501 118.797399 31.970737
118.9274 32.10309 118.92266 32.12432
118.86897 32.11693 118.73709 32.06861
118.825335 32.038925 118.762978 31.980928
118.800483 32.084189 118.81326 32.09986
118.751815 32.077375 118.755512 32.083819
118.807009 31.994424 118.834208 32.108896
118.78284 32.039435 118.796683 32.08593
118.735233 31.962341 118.75874 32.07563
118.881587 32.085466 118.711422 31.996865
118.88123 32.016889 118.871573 31.931193
118.811052 32.023854 118.806204 32.040248
118.736727 32.25951 118.750251 32.243718
118.823405 32.057497 118.813124 32.069773
118.760425 31.958126 118.784847 32.023418
118.758425 32.016799 118.784847 32.023418
118.69933 32.15747 118.724094 32.138085
118.864443 31.967384 118.878215 31.964902
118.783396 32.02752 118.799055 32.007326
118.832248 31.914849 118.835448 31.9483
118.936381 31.765161 118.959966 31.736037
118.62769 32.039113 118.809333 31.983121
118.71157830524994 32.17168546060365 118.70078 31.96702
118.863037 31.983916 118.816791 31.964537
118.72989 32.00544 118.82838 31.9009
118.738855 32.13953 118.707669 32.154954
118.898827 31.947956 118.828414 31.912954
118.856544 31.940035 118.778327 31.971501
118.890682 31.881636 118.914024 31.897606
118.59714 32.02619 118.62626 32.06714
118.814635 32.065649 118.825999 32.01941
118.788279 31.942925 118.818654 31.931727
118.790695 31.898731 118.796956 31.970255
118.86179 32.03576 118.86373 32.01917
118.783968 32.091192 118.654159 32.061381
118.808196 32.034631 118.770553 32.021718
118.90811 31.90001 118.884405 31.850621
118.775627 31.988633 118.69984 31.941059
118.792017 32.035714 118.804089 32.035855
118.80952 32.09325 118.922776 32.116542
118.885444 32.09564 118.889166 32.085035
118.787699 31.975754 118.797399 31.970737
118.803435 31.967055 118.821356 31.930874
118.612695 32.073486 118.638782 32.067198
118.710001 32.167664 118.707399 31.991394
118.726116 32.000714 118.720772 32.019379
118.772651 32.081612 118.771549 32.088726
118.837711 31.940146 118.879317 32.038957
118.714683 32.16527 118.733692 32.149808
118.721916 31.990388 118.756567 32.009815
118.665626 31.903389 118.655275 31.912139
118.650956 31.951888 118.640713 31.932545
