118.802831 32.040386 118.791369 31.894127
118.742862 32.204455 118.727256 32.202704
118.86943 32.03906 118.92203 32.02777
118.900881 32.087839 118.901656 32.066687
118.750182 31.961492 118.767774 32.065912
118.73673 32.09069 118.73037 32.03327
118.808524 31.969635 118.792801 31.969856
118.836937 31.910188 118.792091 32.021822
118.773065 32.104277 118.777232 32.070765
118.77855 32.09461 118.77643 32.04014
118.734482 32.038708 118.801241 32.009812
118.553452 31.954682 118.541614 31.988087
118.739097 31.988843 118.727361 31.995491
118.94635 32.06579 118.873587 32.010218
118.732142 31.995965 118.796899 31.970507
118.686779 31.941777 118.700582 31.960801
118.805275 32.304921 118.799331 32.314621
118.758073 31.995427 118.7258 32.001912
118.733207 32.002155 118.708049 31.981741
118.870933 32.163693 118.898639 32.154266
118.55289 31.95438 118.54273 31.98179
118.782388 32.024691 118.796683 32.08593
118.878307 31.735448 118.973643 31.730179
118.834544 32.028317 118.848778 32.037523
118.601515 31.85889 118.588117 31.832349
118.803858 32.099658 118.809311 32.101489
118.76164 32.23135 118.78182 32.27729
118.772839 31.946868 118.738053 32.028519
118.830558 31.976813 118.806649 31.996033
118.761582 31.992335 118.742773 31.996655
118.71153 32.17559 118.66618 32.07064
118.802831 32.040386 118.791369 31.894127
118.646083 32.040299 118.933353 32.078124
118.877353 31.939832 118.899654 31.939868
118.79183 32.04843 118.77904 32.07777
118.63472 31.90315 118.784854 32.017748
118.726577 31.967661 118.751281 31.968159
118.75239 32.069864 118.777045 32.071956
118.88102 31.99231 118.88223 32.01425
118.752898 31.948546 118.794381 31.965291
118.892962 31.986969 118.858818 31.965168
118.999609 32.099753 119.009319 32.085515
118.870188 32.120678 118.870807 32.138024
118.728766 32.031537 118.782872 32.011999
118.697363 31.945891 118.665012 32.064407
118.85472 31.94503 118.871581 31.733869
118.6995 31.941051 118.700694 31.960783
118.77133 31.97332 118.75828 32.02705
118.762402 31.977092 118.761864 31.970678
118.94405 32.10506 118.80984 32.10006
118.7292 31.999382 118.71987 31.989281
118.614031 32.054612 118.605886 32.071065
118.696827 32.182924 118.75716 32.208608
118.82226 32.13101 118.73099 32.03243
118.908425 32.07326 118.892363 32.086555
118.706698 32.184104 118.707608 32.156442
119.0192 31.659539 118.936389 31.76519
118.74142 32.13027 118.738933 32.13925
118.761408 32.07865 118.78125 32.069242
118.73011 32.01371 118.71394 32.00336
118.795391 31.963628 118.807981 31.998657
118.79114 32.046717 118.796683 32.08593
118.755448 32.083884 118.756698 32.054323
118.854638 31.965702 118.799208 31.967084
118.76106 31.99191 118.74936 31.97747
118.76060506188996 32.14947623611433 118.74645 32.14051
118.892962 31.986969 118.858818 31.965168
118.689966 31.976889 118.709581 31.990941
118.657276 32.065518 118.678601 32.104228
118.777704 32.066694 118.788649 32.028813
118.77226 32.02619 118.75172 31.96799
118.94661706876973 32.06432347200747 118.799585 32.087618
118.94291 32.06328 118.85949 32.033683
118.798732 32.043704 118.840989 32.03937
118.67228 32.16396 118.68231 32.17142
118.79107 31.91346 118.77652 31.88613
118.71353 32.18209 118.7078652058823 32.15628520588234
118.64533 32.066926 118.67371 32.091187
118.822579 31.915912 118.817671 31.900909
118.80386 31.98274 118.84884 32.037582
118.758631 32.061014 118.68311 32.089296
118.720883 31.96679 118.709541 31.991974
118.59334 31.85439 118.665381 31.944859
118.78726 32.01957 118.721477 32.020526
118.748772 32.015791 118.710089 31.993679
118.83635 31.94254 118.79557 31.89641
118.800531 31.926717 118.797399 31.970737
118.712921 32.136292 118.718596 32.166095
118.718557 31.963899 118.731212 31.989382
118.798183 31.943378 118.799208 31.967084
118.906709 32.046497 118.799208 31.967084
118.719447906365 32.09832290568303 118.755443 32.244749
118.889251 31.956792 118.868058 31.955239
118.883695 32.145391 118.877741 32.136589
118.9358 32.116389 118.931072 32.098857
118.815363 31.961327 118.805872 32.050643
118.799549 31.961145 118.784024 32.014793
118.836669 31.907313 118.831915 31.909883
118.705215 32.046027 118.744733 32.033898
118.9187 32.029482 118.874831 32.03887
118.894936 32.045162 118.920671 32.096497
118.77277 32.1079 118.72805 32.03203
118.798594 31.938726 118.806649 31.996033
118.64066 31.9325 118.66024 31.95025
118.726568 32.000653 118.721755 31.993882
118.869517 31.980285 118.891112 31.964969
118.872428 32.015685 118.84945 32.037273
118.79051 32.05658 118.769752 32.049912
118.74892270072544 32.015262423220534 118.710089 31.993679
118.75938 32.091966 118.764092 32.069168
118.830933 32.09822 118.837147 32.089237
118.841933 31.942606 118.794353 31.970334
118.896914 31.592674 119.035294 31.641279
118.806644 31.928625 118.828124 31.929558
118.75443 32.07136 118.71617 31.98741
118.846816 32.03795 118.867354 32.032097
118.725367 32.000747 118.891544 32.135036
118.852426 31.942542 118.87465 31.982388
118.81847 32.04482 118.74392 32.05735
118.804914 32.040261 118.809537 32.084591
118.73551 32.03972 118.74022 31.99051
118.979619 32.131318 118.975746 32.116074
118.839155 31.843436 118.836465 31.883907
118.739405 32.003329 118.722845 32.032174
118.869517 31.980285 118.891112 31.964969
118.790327 32.058072 118.784297 32.034244
118.951789 32.055308 118.911767 32.080657
118.76702 32.03325 118.787496 32.036615
