118.711278 31.995845 118.738714 32.013987
118.7709 32.05772 118.74488 32.08096
118.906006 31.89536 118.875956 31.953551
118.811282 31.886373 118.809051 31.926893
118.730472 32.010608 118.797399 31.970737
118.89865 32.01618 118.859527 32.032914
118.827164 31.930623 118.806649 31.996033
118.872614 32.156772 118.894252 32.165108
118.883753 32.15115 118.88462 32.12033
118.91411999999998 32.09367000000001 118.919645 32.080483
118.784038 32.051776 118.774713 32.042353
118.780302 32.080981 118.810986 32.042507
118.773668 32.038649 118.753338 32.022215
118.73283 32.15516 118.672601 32.093059
118.782552 32.041916 118.808721 32.040108
118.78179 32.05923 118.67076 32.09401
118.67855 32.10398 118.7408 32.04932
118.71577 32.01717 118.73674 32.01586
118.929601 31.939983 118.971848 31.877628
118.989095 32.123712 118.990512 32.133326
118.79335 31.98752 118.74364 32.01037
118.789899 31.969828 118.828818 31.971342
118.940193 31.928211 118.90452 31.913048
118.806394 32.269104 118.788361 32.239998
118.776083 32.08109 118.797399 31.970737
118.859438 32.10997 118.88268 32.0415
118.82426 31.94514 118.78303 31.89342
118.8805441623264 31.929298231336805 118.89003649999997 31.933590195652176
118.73541 32.02417 118.70368 31.98665
118.655152 32.049809 118.774496 32.066929
118.827248 32.111227 118.796683 32.08593
118.759467 32.083022 118.777705 32.048599
118.82436 31.91082 118.71661 31.98838
118.832564 31.91526 118.71398 32.002129
118.678592 32.103827 118.764282 32.059882
118.777541 32.061772 118.774713 32.042353
118.877729 31.739597 118.820117 31.937818
118.71619 32.00257 118.778859 31.988669
118.825493 31.869138 118.841627 31.842412
118.90581 31.89534 118.828042 31.903568
118.863903 31.946066 118.892425 31.985837
118.872018 31.939204 118.877081 31.918947
118.77761965448484 32.05059425152755 118.67084 32.09418
118.570488 31.85666 118.665503 31.944707
118.83107 31.97688 118.657834 31.950125
118.78839140570436 32.02235785064196 118.74936 32.0909
118.71569 32.02523 118.7446 32.08112
118.76027 32.1465 118.725371 32.142478
118.823002 32.044686 118.853907 32.107671
118.752561 32.222766 118.739899 32.229462
118.77265 32.081437 118.78248 32.055036
118.777018 32.087132 118.777087 32.071229
118.731971 32.13813 118.745301 32.140257
118.79671 32.085491 118.880091 32.037289
118.879956 31.998796 118.802283 32.029105
118.808613 31.929208 118.817479 31.963885
118.830164 32.076292 118.788861 32.017221
118.691787 32.179895 118.722294 32.187553
118.654172 32.166439 118.676913 32.182183
118.72849767942644 32.14721550088234 118.74328 32.21543
118.78630867043994 32.11669633649357 118.7773 32.111623
118.700511 32.180341 118.797038 31.970571
118.81483 32.03968 118.7846 32.01909
118.69130045572918 31.966180826822896 118.735561 31.983466
118.73568 32.0289 118.7408 32.05791
118.88212 31.93059 118.89000845454542 31.93357918181819
118.930334 32.123545 118.794513 32.041078
118.9061 31.895461 118.842112 31.943997
118.80087 32.10365 118.82929 32.1155
