118.724198 32.194427 118.873195 31.734297
118.786173 32.116571 118.80081 32.104279
118.833877 31.957449 118.821313 31.943153
118.732951 32.155357 118.71907 32.153697
118.736074 31.99508 118.762322 31.992253
118.816828 31.964461 118.809102 31.977473
118.77692 32.08708 118.87902 32.0915
118.764995 32.039333 118.791218 31.993686
118.74238 32.05646 118.79853 32.02554
118.818016 31.915137 118.911981 31.960264
118.698633 32.1785 118.707619 32.156589
118.790035 32.033347 118.838903 32.008417
118.69294714895555 31.869322392821097 118.900813 31.927382
118.7730872938368 32.11211073133681 118.828725 32.081128
118.762531 32.081497 118.886757 32.10603
118.88078 31.942924 118.910063 32.094523
118.846271 31.922266 118.886484 31.927256
118.655441 32.048969 118.797499 32.087104
118.85434021872982 31.77995615753325 118.82188 31.7909
118.753887 32.033414 118.728268 32.001423
118.655441 32.048969 118.797499 32.087104
118.655441 32.048969 118.797499 32.087104
118.84879 32.0233 118.92035 32.0994
118.82391 32.03126 118.795277 32.040505
118.813977 31.882058 118.796701 31.970421
118.9061 31.89519 118.826752 31.94121
118.85544 32.01271 118.73304 32.01365
118.888699 32.132122 118.889698 32.155979
118.860611 32.110902 118.884419 32.155711
118.752642 32.107716 118.783505 32.062559
118.89264247056596 32.12731879845871 118.889709 32.15584
118.76263683518395 31.97985781351249 118.75435 31.94013
118.7761092122396 31.97857313368052 118.7644 32.04421
118.734441 32.042281 118.70793 31.981834
118.70987 32.18537 118.70762 32.15659
118.81258 32.07104 118.756384 32.083203
118.810324 32.035898 118.865785 31.981756
118.789952 32.295271 118.768211 32.279031
118.843517 31.915891 118.789447 31.930582
118.921504 32.102078 118.931664 32.106261
118.71353 32.18209 118.73389 32.12714
118.772941 32.051116 118.665519 31.947714
118.87136017574268 32.01461653010769 118.853407 32.0192
118.638562 32.050064 118.626156 32.056764
118.714544 32.023108 118.748538 32.01784
118.73001 32.02034 118.76529 32.049517
118.620851 32.027724 118.80156 31.98645
118.823004 32.138465 118.830993 32.133869
118.827165 31.930711 118.806705 31.996023
118.861443 31.952131 118.924706 31.979869
