118.90815 32.13202 118.77686 32.07112
118.7846 32.01812 118.77641 32.04012
118.872319 31.959621 118.859811 31.954961
118.792573 32.034245 118.822267 31.926118
118.876405 31.999655 118.797399 31.970737
118.910773 32.022867 118.900814 31.92738
118.836209 31.892879 118.814701 31.94704
118.69858 32.17837 118.695922851562 32.1575775146484
118.889102 32.170152 118.843061 32.146396
119.031973 31.657835 119.010001 31.695865
118.921807 32.101137 118.908068 32.096257
118.742677 32.07697 118.78112 32.024254
118.74446 32.06324 118.756384 32.083203
118.76192 32.00584 118.74894 32.10291
118.862323 31.775855 118.862323 31.775855
118.779456 32.040036 118.785928 32.025475
118.7157 32.14667 118.716855 32.172325
118.803107 32.100071 118.838817 32.108764
118.915673556858 32.0984388563368 118.777089 32.083549
118.910976 31.909226 118.777268 32.074824
118.8988 31.88845 118.862635 31.962968
118.951134 32.104653 118.924485 32.058258
118.754921 31.960172 118.763599 31.979271
118.81383618108887 32.03947103358608 118.782532 32.055044
118.885706 31.962075 118.869463 31.955131
118.80122443451658 31.97243600105008 118.8329 31.902054
118.8068 32.02567 118.77746 31.88631
118.893448 31.88256 118.856921 31.925169
118.809113 32.002533 118.799038 31.967359
118.787077 31.942602 118.806591 31.995951
118.79469 31.90384 118.799391 31.967172
118.809113 32.002533 118.799038 31.967359
118.705343 31.964683 118.723722 32.002208
118.809113 32.002533 118.799038 31.967359
118.8877 32.12786 118.89235 32.14672
118.807315 31.971713 118.755271 31.973943
118.82902 31.83711 118.819456 32.04918
118.754921 31.960172 118.763599 31.979271
118.781617 31.768992 118.530931 31.698223
118.815944 31.84052 118.796899 31.970507
118.885706 31.962075 118.869463 31.955131
119.075094 32.183147 119.024657 32.153182
118.83081 31.86834 118.79262 31.86436
118.5422 31.952802 118.567606 31.948218
119.006247 31.627104 119.018761 31.673006
118.736149 32.050278 118.766992 32.061367
118.898662 31.888424 118.833151 31.905934
118.779063 32.094369 118.775221 32.042261
118.73808 31.99768 118.76786 32.07596
118.770415 32.070706 118.781911 32.046219
118.848537 32.034888 118.800261 32.032863
118.779063 32.094369 118.775221 32.042261
118.898327 32.017668 118.860737 32.019394
118.634481 32.064403 118.73893 32.13925
118.813072 32.024445 118.781031 31.984745
118.846179 32.107197 118.744521 32.081129
118.981893 32.131839 118.993077 32.124596
118.68513 31.97966 118.72767 32.04176
118.743682 32.047936 118.721931 31.990499
118.74148 32.04086 118.77576 32.042764
118.770487 32.07065 118.801196 32.010341
118.803037 32.020692 118.863913 31.937911
118.750914 31.960639 118.810396 31.98611
118.833926 31.955629 118.783381 32.054411
119.006247 31.627104 119.018761 31.673006
118.737902 31.971926 118.822366 32.023856
118.849295 32.037202 118.862951 32.020774
118.826551 32.322162 118.797399 31.970737
118.765753 32.037748 118.722369 31.991078
118.906635 32.091418 118.910465 32.077503
118.96057 32.13171 118.880685 32.117659
118.83234 31.91761 118.83962 31.89242
118.763207 31.978552 118.752943 31.93393
118.831657 32.020927 118.796918 31.970519
118.684099 31.976135 118.799208 31.967084
118.975378 32.115625 119.033435 32.14128
118.828211 31.855711 118.809227 31.905418
118.87155 32.162764 118.797399 31.970737
118.753511 32.244658 118.790671 32.305053
118.764754 32.040302 118.853257 32.019198
118.986745 31.883914 118.932233 31.729621
118.81074 32.05728 118.799391 31.967172
118.747816 32.074409 118.742092 31.996531
118.871261 32.144331 118.888916 32.155473
118.705578 31.846142 118.849101 31.951391
118.6721 32.07811 118.73316 32.14697
118.742891 32.031803 118.770745 32.03904
