118.750924 32.014679 118.729267 31.994407
118.792431 32.028271 118.756211 32.009591
118.758957 31.969915 118.805994 31.985003
118.819117 31.959737 118.886589 32.014574
118.82391 32.09794 118.78662 32.05731
118.797864 32.007208 118.790676 32.04079
118.798301 31.984492 118.762978 31.980928
118.895807 32.054792 118.896182 32.070384
118.781793 31.942502 118.798411 31.938715
118.735892 32.057796 118.771715 32.051274
118.751065 32.018435 118.716165 31.987413
118.818742 31.965374 118.759289 32.085925
118.720496 32.013105 118.709581 31.990107
118.949151 32.060531 118.917811 32.078321
118.702552 32.135611 118.786084 32.027664
118.909012 32.025417 118.883599 32.025617
118.943831 32.066211 118.891045 32.098161
118.864983 32.012816 118.724232 32.040695
118.755781 32.015062 118.730512 32.032084
118.80747 31.94024 118.78988 31.8895
118.951077 32.104728 118.953116 32.130473
118.87562 32.115232 118.888432 32.111654
118.871209 32.144557 118.915576 32.122929
118.77817 32.109826 118.80126 32.121647
118.729665 32.004101 118.74137 31.99638
118.926079 32.121316 118.929886 32.098272
118.753941 31.962606 118.796956 31.970255
118.7972677754996 32.11309879265941 118.833951 32.12172
118.753941 31.962606 118.796956 31.970255
118.792431 32.028271 118.756211 32.009591
118.66496 31.94436 118.64463 31.93581
118.83679 31.90547 118.81069 31.91312
118.856519 32.11573 118.808719 32.040127
118.839727 31.931018 118.831966 31.929887
118.78389 32.025912 118.779342 32.004464
118.799431 31.971662 118.782847 32.042238
118.849099 32.037258 118.860992 32.003086
118.741044 32.07134 118.782815 32.044657
118.83498 32.01901 118.883033 31.944155
118.8932 32.166 118.893686 32.129775
118.840409 32.037492 118.784949 32.017979
118.816137 32.023627 118.795847 32.060209
118.743728 32.040244 118.730924 32.044759
118.906103 31.895314 118.940747 31.935519
118.791229 32.023103 118.805852 32.02623
118.775822 32.098859 118.887337 32.131871
118.808303 32.033569 118.79402 32.02572
118.715101 31.974691 118.880172 31.998744
118.88492 32.14568 118.877509 32.115931
118.69624 32.158921 118.676527 32.189183
118.73968785524517 32.06406307346258 118.78581 32.28569
118.859667 32.035662 118.791033 31.930411
118.82147 32.11161 118.76874 32.07188
118.689272 32.087899 118.740649 32.091219
118.783656 32.029832 118.778999 32.036999
118.956516 32.105442 118.873588 32.010179
118.79093 32.05591 118.796673 32.085965
118.802356 31.999141 118.77665 32.007412
118.765248 32.077957 118.797399 31.970737
118.77877 32.03211 118.78463 32.05092
118.787091 32.025232 118.772071 32.069374
118.844796 31.898526 118.8204 32.019083
118.961187 32.091068 118.936456 32.096257
118.754832 32.015309 118.763672 32.009637
118.629407 32.075351 118.668454 32.091309
118.864331 32.023411 118.857765 32.034447
118.64563 31.90778 118.77485 32.03125
118.985929 31.710602 119.01729 31.672838
118.914222 31.897496 118.968854 31.864988
118.925865 32.10374 118.896131 32.075999
118.73407 31.99456 118.737011 32.00983
118.692802 31.965092 118.718224 31.991136
118.800841 32.011141 118.846091 32.107482
118.73378 32.0 118.73394 31.98504
118.82128 31.79081 118.71444 31.72518
118.716031 32.154205 118.67773 32.19373
118.738958 32.028618 118.72822 32.03221
118.73883 32.02867 118.7303 32.03865
118.73428 31.95784 118.815587 31.94896
118.931093 32.098866 118.959722 32.085812
118.858611 31.951904 118.821309 31.930716
118.81251 31.95936 118.73388 31.98487
118.893676 32.08479 118.799208 31.967084
118.725225 31.998316 118.760104 31.975847
118.761655 31.991968 118.721319 32.033104
118.69801 31.96999 118.72557 31.99676
118.823265 31.899667 118.738333 31.981871
118.701622 32.112266 118.731868 32.128196
118.895979 32.127175 118.954296 32.130697
118.699819 31.939386 118.775542 32.042602
118.78888 31.987175 118.764058 32.040682
118.901576 32.023222 118.87359 32.01032
118.816113 32.037105 118.827896 31.998728
118.844105 32.003676 118.829271 32.019505
118.816482 31.95602 118.799208 31.967084
118.79053 31.954023 118.805182 31.967841
118.782544 32.044664 118.849659 32.047661
118.816896 32.03152 118.84045 32.050741
118.751355 32.059419 118.763174 32.031664
118.780511 31.768937 118.831966 31.929887
118.759648 32.149231 118.739584 32.148987
118.816113 32.037105 118.827896 31.998728
118.816113 32.037105 118.827896 31.998728
118.73689 32.03975 118.72983 32.00519
118.80775 31.935328 118.897487 31.909688
118.818562 32.046248 118.822998 32.031528
118.764338 32.007787 118.732728 32.005479
118.768349 32.231306 118.789573 32.263824
118.933698 31.83442 118.893245 31.931593
118.71173 32.18668 118.68315 32.19491
118.879334 31.940048 118.896201 31.948471
118.823849 31.927914 118.808671 32.013718
118.789656 32.049986 118.76572 32.030816
118.69844 32.1755 118.725007 32.135092
118.82184 32.07071 118.78042 32.02169
118.834946 32.096341 118.780993 32.096131
118.675583 31.954439 118.785803 32.093967
118.70395 32.15917 118.697134 32.156076
118.709732 31.904285 118.764801 32.015569
118.935125 32.122776 118.930894 32.103714
118.830891 31.868321 118.839158 31.859585
118.73845 32.01195 118.769109 32.04985
118.783984 32.020597 118.835513 32.040111
118.63337 32.06461 118.877576 31.952225
118.823849 31.927914 118.808671 32.013718
118.818324 31.900944 118.782146 31.964516
118.831126 32.136555 118.805128 32.046324
118.737257 32.092593 118.756741 32.089362
118.664786 31.932086 118.665451 31.944611
