118.890444 31.958723 118.876981 31.939949
118.600003 32.042785 118.532875 31.992933
118.835974 32.019162 118.808658 32.040213
118.721454 31.967565 118.753859 32.033649
118.767534 32.073346 118.778068 32.076742
118.810142 32.0341 118.79235 32.03013
118.747185 32.033667 118.807167 32.051857
118.600003 32.042785 118.532875 31.992933
118.742064 31.945598 118.784949 32.017979
118.865177 32.038198 118.835463 32.028687
118.830138 32.078328 118.832288 32.099277
118.8664 32.1094 118.86402 32.09373
118.752869 31.948555 118.787741 31.97567
118.80787 31.9812 118.76265 31.98205
118.823134 31.952738 118.834064 31.931819
118.924436 32.123888 118.91376 32.12927
118.64231 32.062823 118.744388 31.998738
118.703928 31.968608 118.737121 31.983551
118.907776 32.096386 118.925906 32.091077
118.748549 32.03492 118.768837 32.066533
118.803567 32.044199 118.896298 32.048027
118.79793 32.03984 118.72613 32.01852
118.7676780469412 31.99932413600053 118.72645 31.9967
118.73433 32.24464 118.71776 32.25668
118.739572 32.258915 118.715809 32.259382
118.739441 32.07926 118.730281 32.040692
118.859327 31.932811 118.763879 32.049947
118.990409 32.123836 118.964307 32.126414
118.800402 31.910004 118.825996 31.969128
118.688573 31.968902 118.708164 31.995004
118.926652 31.928872 118.938664 31.936252
118.670232 32.065933 118.743812 32.221787
118.87863 32.04594 118.86427 32.03288
118.774325 32.234096 118.759888 32.246941
118.882347 32.013581 118.794441 32.037341
118.75832 32.092516 118.753533 31.997444
118.75147 32.14925 118.74624 32.14076
118.922585 32.120346 118.805598 32.086451
118.826864 31.925663 118.785796 32.045097
118.987743 32.08301 119.013691 32.081592
118.92418 32.062837 118.918489 32.055025
118.747728 31.964791 118.782419 32.055146
118.796196 32.090305 118.732477 32.076049
118.72814 32.02849 118.796655 31.970431
118.786977 31.942778 118.836391 31.896041
118.802515 31.938302 118.784949 32.017979
118.754324669589 32.242763505183554 118.78551 32.28476
118.74327665084569 32.15373185279435 118.74578 32.14029
118.71017 31.97934 118.75151 32.04552
118.817881 32.132989 118.80994 32.100042
118.838026 32.352618 118.846411 32.275837
118.751261 32.009559 118.796956 31.970255
118.754204 32.08623 118.792291 32.041323
118.754375 31.947062 118.797399 31.970737
118.896475 31.914923 118.904312 31.912864
118.696297 31.942851 118.785251 32.067913
118.726409 32.117146 118.690986 32.111172
118.78861 32.049686 118.82039 32.04952
118.819982 32.048902 118.786731 32.050921
118.854583 31.950971 118.850029 31.961131
118.769145 31.994809 118.740979 32.045439
118.706444 32.096545 118.744617 32.081696
118.78639 31.99048 118.77686 31.98123
118.99019 32.123815 118.996971 32.139057
118.814247 32.094632 118.823952 32.095335
118.755748 32.251348 118.851569 32.355699
118.96397 31.93106 118.89881 31.94783
118.93011 32.04974 118.868941 31.992732
118.714812 31.974276 118.742942 31.99684
118.78993 31.99 118.79783 32.0269
118.688718 31.963893 118.738885 31.990509
118.831402 31.963889 118.774864 32.003691
118.76937 31.99299 118.72845 32.03845
118.87752 31.93982 118.92059 31.9268
118.875663 31.997943 118.852427 32.012579
118.923558 31.934543 118.900834 31.927373
118.765426 32.08644 119.123071 32.251986
118.896851 31.91634 118.904519 31.913049
118.800466 32.035709 118.784949 32.017979
118.854583 31.950971 118.850029 31.961131
118.758329 32.144693 118.746654 32.140872
118.786229 32.037287 118.721755 31.993882
118.89826 32.0812 118.93635 32.10108
118.73194 32.13812 118.74576 32.14015
118.66903 32.06243 118.772434 32.081504
118.937386 32.146596 118.912264 32.136151
118.908901 32.069841 118.798751 32.029541
118.739132 32.048641 118.740395 32.024588
118.908055 32.028777 118.756007 32.083301
118.80359 32.04417 118.89603 32.04636
118.854681 31.779261 118.809006 31.780567
118.788146 32.058227 118.783462 32.025109
118.71784 31.97009 118.751249 31.971285
118.72751437717014 31.995048285590286 118.72801 31.99496
118.809757 32.006785 118.799941 32.040552
118.846281 31.777856 118.856894 31.778599
118.736121 32.083358 118.751031 32.015302
118.877585 32.040636 118.870167 32.03973
118.709364 31.990592 118.764778 31.974376
118.92251 32.12038 118.927641 32.092406
118.730483 32.026015 118.776032 32.040285
118.775729 31.998037 118.773939 32.006019
118.76262 32.08143 118.777232 32.070765
118.821168 31.930962 118.809242 31.907612
118.64245 32.06311 118.796655 31.970431
118.693915 32.199083 118.696115 32.184177
118.693223 31.977653 118.780914 32.010129
