118.85726 31.93919 118.80147 31.87049
118.77835 32.06936 118.74260207528997 32.09156172517075
118.82801 31.85565 118.83086 31.86809
118.69804 31.93582 118.70068 31.96092
118.89321 32.03331 118.86918 32.00643
118.736095 32.127529 118.746961 32.140017
118.767132 32.068907 118.7632 32.05316
118.810019 32.08507 118.82078 32.09782
118.99054 32.12314 118.962076 32.124709
119.095633 31.679657 119.02814199550356 31.675246822284585
118.68683 31.94159 118.700664 31.96065
118.796254 31.954807 118.819743 31.952095
118.71905 31.97991 118.7379 31.98154
118.794048 32.053441 118.77476 32.07099
118.807084 31.964096 118.741646 32.02346
118.76566 32.00627 118.76301 31.97852
118.754432 32.033697 118.73854 32.03267
118.788964 32.039934 118.7837212456597 32.11026150173612
118.850825 31.960534 118.858 31.96288
