118.764388 31.976462 118.78685 31.96749
118.80757 31.94004 118.76773 31.98621
118.745084 32.079365 118.79818 32.03491
118.64791 32.06645 118.63274684254635 32.08412509859193
118.83911 31.93115 118.78378 32.0299
118.63413 31.93218 118.66514 31.94446
118.714654 32.159054 118.69924 32.1574
118.796655 31.970431 118.743729 32.034005
118.857708 31.7986 118.76395 31.97008
118.829547 31.972946 118.75572075935736 32.007452269549866
118.780596 32.035355 118.65452 32.05029
118.7235 31.98681 118.73087 32.0134
118.885969 32.121865 118.87815 32.12511
118.82629 31.96881 118.8101 31.89899
118.73338 32.02109 118.7723 32.01876
118.89564 32.02728 118.90825 32.03558
118.657753 32.094983 118.68285 32.10556
118.785067 32.044981 118.769465 32.031204
118.78499 31.9545 118.803543 31.959516
118.826014 32.021864 118.80191 32.0279
