118.90421 31.9133 118.9306 31.92243
118.96057 32.13171 118.89816 32.09249
118.83081 31.89526 118.84050270265872 31.88324774827682
118.73951 32.023351 118.69813 31.96248
118.749099 32.078792 118.925993 32.103419
118.73739 32.058185 118.76428 32.05939
118.720692 31.996176 118.70780309612609 31.980728051102545
118.81581 32.088823 118.80898 32.09229
118.775374 32.054691 118.80957 32.08677
118.770623 32.07021 118.763972 32.049719
118.760273 31.975854 118.74844 31.96498
118.615862 32.016159 118.6152 32.04444
118.733742 32.219375 118.93879 32.10331
118.84579 32.02036 118.826412 32.053654
118.80653 31.97031 118.741201 32.022318
