118.808573 31.929483 118.889981 31.881593
118.735413 32.022223 118.784125 32.017213
118.78398 32.08473 118.765695 32.047707
118.652131 31.917247 118.664978 31.944128
118.567804 31.812335 118.545151 31.774701
118.802038 32.012926 118.775131 32.001148
118.783109 31.947281 118.8679 31.955073
118.805342 32.080261 118.782495 32.055037
118.77813 32.03071 118.7912 32.03831
118.875801 32.115331 118.873642 32.134623
118.735358 32.00411 118.769216 32.065854
118.774603 32.018617 118.765496 32.047671
118.804303 31.928556 118.742068 32.060083
118.753267 32.042194 118.776201 31.971121
118.77659 32.02086 118.774168 32.057853
118.74144 32.02264 118.73238 32.04592
118.9358 32.116389 118.926166 32.103915
118.74476 32.0603 118.7387 32.02879
118.77756 32.03529 118.766763 32.093112
118.735663 32.078966 118.769309 32.065304
118.774591 32.018763 118.798039 31.968751
118.756074 32.153139 118.746654 32.140872
118.8822 31.96423 118.91221 32.03749
118.82466 31.976792 118.742508 31.996458
118.882701 32.096696 118.887703 32.122151
118.986571 32.119727 118.994928 32.133552
118.868067 31.938223 118.826151 31.969034
118.75241 32.09263 118.74508 32.07937
118.87876 31.9697 118.883998 31.964476
118.567804 31.812335 118.545151 31.774701
118.879319 32.009349 118.78248 32.055036
118.69801 31.96999 118.796673 32.085965
118.61197 32.07116 118.796655 31.970431
118.76197 32.24294 118.80695 32.0526
118.89544 32.08779 118.844 32.12926
118.750683 32.22484 118.738911 32.220031
118.882701 32.096696 118.887703 32.122151
118.926586 32.120522 118.931664 32.106261
118.74103 32.086030000000015 118.75304 32.08756
118.899265 31.913236 118.893415 31.887152
118.740015 32.056494 118.750341 32.043164
118.72081 31.99502 118.70708 31.98434
118.736143 32.083634 118.752972 32.085848
118.85522 32.0128 118.738571 32.052199
118.813816 32.316358 118.779437 32.309471
118.752344 32.058862 118.754495 32.037762
118.770895 32.037103 118.783852 32.066442
118.89849 32.100747 118.906062 32.08539
118.994948 32.141173 118.975636 32.116279
118.813363 32.104475 118.727112 32.111546
118.9263 32.103875 118.964307 32.126414
118.81793 32.06751 118.80617 32.08192
119.013378 31.683527 118.933739 31.725465
118.907803 31.953717 118.877699 31.952056
118.752372 31.944037 118.787721 31.974679
118.77959 32.11236 118.910051 32.127481
118.848969 32.047949 118.796673 32.085965
118.79195 31.95863 118.785106 31.942916
118.87434 31.94477 118.8988 31.94784
118.818807 32.142647 118.859901 32.147761
118.851061 32.018875 118.9237 32.028614
118.8801 32.00993 118.77 31.97635
118.634562 32.064244 118.627221 32.064552
118.699413 32.159682 118.704994 32.15017
118.75762 32.02131 118.73114 31.9893
118.687828 31.940542 118.797399 31.970737
118.906104 31.895282 118.90988 31.90976
118.813363 32.104475 118.727112 32.111546
118.85674436533372 32.099311236203164 118.96113 32.13081
118.851917 31.964226 118.888562 32.086168
118.981108 31.8644 118.969992 31.874682
118.820448 31.960039 118.776201 31.971121
118.817133 32.013634 118.788375 32.042899
118.826895 31.941314 118.802514 31.928206
118.813314 32.070041 118.796683 32.08593
118.7879 31.96591 118.82197 31.99185
118.82183 31.941652 118.79211 32.015547
118.93214 32.05343 118.799391 31.967172
118.86745 32.01038 118.78619899999995 31.977882000000005
118.73516 32.01162 118.79696 31.97026
118.815783 32.071592 118.82353 32.10263
118.924038 32.084266 118.886608 32.105139
118.75926 32.04821 118.75922 32.02981
118.759081 32.109622 118.636673 32.048382
118.714802 32.185258 118.684192 32.181117
118.86808 32.161783 118.884419 32.155711
118.748153 32.103072 118.759324 32.048183
118.7498 32.09025 118.78274 32.04152
118.905902 32.112276 118.905029 32.116005
118.630108 32.048042 118.612294 32.050723
118.644557 32.071847 118.797038 31.970571
118.7405 32.09943 118.62583 32.05685
118.83563 31.965435 118.763879 32.049947
118.70142 31.96566 118.796655 31.970431
118.820563 32.04533 118.7969 32.05117
118.777109 31.764833 118.792382 31.765804
118.789788 32.323411 118.348531 32.465101
118.905902 32.112276 118.905029 32.116005
118.771058 31.976122 118.764601 31.982621
118.896198 32.028885 118.894357 32.049399
118.748694 32.131834 118.633659 32.055605
118.781752 32.050171 118.807365 32.040287
118.71372 32.17898 118.70765 32.15647
118.907763 31.892417 118.908825 31.957953
118.76482 32.00253 118.7793 31.97783
118.851009 31.782537 118.824909 31.928159
118.648518 32.065346 118.874506 32.114433
118.98517000000004 32.13247 118.97581 32.11596
118.60377 32.0735 118.6263 32.05667
118.72803 32.02845 118.796655 31.970431
118.9419045321445 31.949000796192266 118.799208 31.967084
