118.7569 32.0957 118.77705 32.06766
118.82046 31.915557 118.83257 31.91514
118.82217 32.046454 118.79011 32.05179
118.743749 32.023872 118.84504 32.01748
118.822086 31.941157 118.85114704895224 31.958150394696247
118.96187 32.08861 118.91623 32.12142
118.74035 32.03965 118.68402 32.01017
118.79846 31.9637 118.80542 31.96478
118.66629 32.05709 118.70074486322412 32.08931887052009
118.83841 32.1111 118.84217 32.12311
118.756564 32.234652 118.73945 32.21459
118.747727 32.000259 118.70733 32.10674
118.727055 32.011305 118.71499 32.01098
118.705692 31.983191 118.709541 31.991974
118.79537 32.04651 118.783785 32.019085
118.752327 31.960519 118.76210173449466 31.988082082315877
