118.889483 32.081567 118.903885 32.047492
118.858203 32.035187 118.907887 32.036314
118.70679 32.10952 118.7405 31.99638
118.820056 31.934544 118.82855438877633 31.898727646552917
118.74004 32.22937 118.73461 32.24479
118.805303 31.964864 118.80919 32.00703
118.695463 32.158788 118.62766 32.17691
118.69221 31.94125 118.75408 31.96292
118.641366 32.067554 118.64340359157984 32.06112874348958
119.024688 32.153153 119.074675 32.18309
118.84956 32.00043 118.70557 31.8838
118.922776 32.116542 118.92922 32.09828
118.8673 32.01004 118.85117923545988 32.036278755784416
118.80408 31.93185 118.73379 31.98494
118.685089 31.979522 118.73921 32.06415
118.90096 32.08796 118.804066 32.013274
118.68689 32.1049 118.70571 32.10097
