118.74578 32.2244 118.75689 32.24918
118.70792 32.205819 118.748727 32.221372
118.84826 32.117547 118.814537 32.064377
118.68126 31.97648 118.72842 32.00361
118.77693 32.040947 118.77872 32.09509
118.62467 32.05047 118.6263 32.05671
118.69609 32.15744 118.68978 32.17416
118.728543 32.146913 118.714006 32.171909
118.877779 32.120956 118.883888 32.135944
118.890809 32.032981 118.806649 31.996033
118.724021 32.137574 118.668454 32.091309
118.754107 32.039137 118.735626 31.984174
118.874705 31.915836 118.863102 31.937751
118.971654 32.13647 118.926197 32.103842
118.83165 32.029455 118.871638 31.734023
118.93027 32.04969 118.86877 31.9925
118.896267 32.048026 118.896001 32.070411
118.82862 31.85816 118.83152 31.86828
118.75633 32.05448 118.75181579589844 31.97139549255371
118.62645 32.04113 118.615131 32.017738
118.771345 32.036758 118.779144 32.041581
118.728036 32.116422 118.755488 31.971603
118.897004 31.916436 118.875211 32.021174
118.741351 32.022554 118.770051 32.059861
118.821263 32.072786 118.810441 32.075811
118.821504 31.953334 118.859749 31.956165
118.843269 31.913059 118.831864 31.928841
118.83026873433748 32.10279221321442 118.88488 32.02007
118.75957 32.1492 118.74638 32.14092
118.825099 32.100869 118.810079 32.102582
118.61553 32.062112 118.634754 32.064687
118.918749 32.029647 118.881964 32.017364
118.79171 31.90843 118.80648 31.90415
118.826923 32.140755 118.818582 32.123725
118.97945 32.12866 118.79727 32.08469
118.727253 31.952268 118.730139 32.032043
118.74117 32.15503 118.694964 32.160432
118.73524 32.00407 118.735559 32.000598
118.821504 31.953334 118.859749 31.956165
118.81043 32.03012 118.76564 32.04772
118.895650260166 32.04918474121917 118.92405 32.06282
118.7184 32.16506 118.77859 32.04375
118.747732 32.027553 118.738551 32.053871
118.71478 31.966047 118.742092 31.996531
118.80924 31.98227 118.848931 32.030066
118.747732 32.156674 118.745762 32.140146
118.91264 32.10005 118.964862 32.125181
118.905616 32.02476 118.885099 32.01992
118.900167 32.085822 118.936456 32.096257
118.77292 31.99679 118.789333 31.975671
118.747818 32.228864 118.799208 31.967084
118.81355 32.018479 118.799208 31.967084
118.833151 32.024586 118.787961 31.998112
118.628182 32.080234 118.635667 32.064199
118.723873 32.140492 118.734304 32.036408
118.78716 32.017204 118.783874 32.029082
118.97949 32.13126 118.97581 32.11596
118.65156 32.069373 118.801762 31.967319
118.80197 32.01647 118.76895 32.06656
118.695125 31.962919 118.736706 31.989988
118.728405 31.966131 118.755271 31.973909
118.816392 32.11089 118.69021 31.969131
118.73252 31.98859 118.73188 31.98003
118.741367 32.202707 118.753829 32.215818
118.734237 32.259994 118.717585 32.256851
118.808459 31.963327 118.798412 31.987506
118.794386 32.086345 118.742961 32.09667
118.804986 31.982705 118.843146 32.091012
118.924071 31.374389 118.96811 31.366978
118.794176 31.920528 118.837511 31.939984
118.866536 31.938037 118.755694 31.972366
118.861803 32.114912 118.781738 32.090409
118.84168 32.01949 118.85208 32.03616
118.705945 32.100833 118.738679 32.057907
118.771917 32.035993 118.765495 32.047672
118.711529 32.160955 118.699282 32.182233
118.73597 31.967961 118.808719 32.040127
118.75474 32.1459 118.74062 32.14031
118.764423 31.980938 118.762925 31.955253
118.742257 32.125407 118.746623 32.139944
118.767582 31.998523 118.781217 32.090416
118.799836 31.996409 118.75619 32.06592
118.794176 31.920528 118.837511 31.939984
119.013683 31.69214 119.032595 31.696185
118.673608 31.915315 118.799208 31.967084
118.75832 32.092516 118.8372 32.089521
118.79684 32.00511 118.862853 32.023323
118.72686 31.96707 118.82287 32.03888
118.830372 32.10031 118.810095 32.102491
118.73984 32.049733 118.797399 31.970737
118.86411 31.909774 118.848225 31.947106
118.831311 32.031743 118.784009 32.036646
