118.797935 31.888543 118.791673 31.891079
118.997655 32.039826 118.800301 31.968761
118.72536 32.14258 118.74574 32.14025
118.857354 32.016823 118.794149 32.035983
118.905014 31.950516 118.876771 31.939938
118.76696 32.00328 118.71853 31.98654
118.769953 32.008978 118.742387 32.055574
118.556561 31.799559 118.568379 31.851183
118.76468 31.872656 118.875735 31.730866
118.7859 32.02707 118.77559 32.02307
118.73861 31.971409 118.799208 31.967084
118.718669 32.157047 118.718592 32.16603
118.902969 32.066528 118.796683 32.08593
118.922062 32.102406 118.774221 31.981141
118.754274 32.043992 118.786896 32.033851
118.9656 32.09113 118.93211 32.08758
118.829082 32.137947 118.862139 32.148632
118.873025 31.998973 118.824078 32.03129
118.65725 32.06561 118.670764 32.094011
118.73459 32.07888 118.73865 32.05816
118.696256 32.02608 118.738642 32.028625
118.626758 32.041038 118.615068 32.044297
118.770789 32.222492 118.748527 32.229702
118.74013 31.97025 118.7207 32.03307
118.576982 31.954562 118.561037 31.959725
118.881628 32.125844 118.884427 32.156105
118.729007 32.117436 118.746655 32.140073
118.935911 31.744154 118.935514 31.765006
118.72559 31.96675 118.70669 31.983227
118.77119 32.08631 118.77272 32.05093
118.882643 31.944492 118.806649 31.996033
118.816664 32.112378 118.719049 31.989826
118.736843 32.124481 118.746346 32.140125
118.81584 32.10806 118.76954 32.0886
118.890013 31.96265 118.848552 31.947791
118.997655 32.039826 118.800786 31.968995
118.762916 31.979945 118.735755 31.979335
118.887798 31.933505 118.921646 31.933781
118.763234 31.970254 118.83327 31.909025
118.88944 32.08194 118.82024 32.03895
118.86628 31.96436 118.86629 31.96427
118.829214 31.857406 118.831181 31.867978
118.989204 32.123722 118.96432 32.126337
118.576982 31.954562 118.561037 31.959725
118.684475 32.104396 118.698431 32.021707
118.64382 32.04046 118.596659 32.049657
118.71772 32.172421 118.729888 32.211467
118.794509 31.982011 118.816997 32.048283
118.740014 32.056577 118.756698 32.054323
118.797931 31.965338 118.738448 31.981967
118.74245 32.06636 118.77569 32.02425
118.904951 31.913269 118.915941 31.922381
118.78071 32.03544 118.6645 31.95057
118.779834 31.823646 118.779609 31.889067
118.916232 32.102669 118.877386 32.136952
118.753914 32.244323 118.7869 32.235652
118.93076 32.096135 118.763879 32.049947
118.602396 32.075722 118.627771 32.076791
118.740209 32.028586 118.727713 32.020794
118.913421 31.898138 118.877031 31.918919
118.98359 32.12093 118.98113 32.13036
118.806388 31.970252 118.802685 31.981699
118.77389 31.99871 118.788965 31.968545
118.775558 32.077639 118.755801 32.064909
118.74593 32.05196 118.782495 32.041559
118.90384 32.11986 118.94235 32.12484
118.621331 32.043797 118.611551 32.045906
118.723513 31.954248 118.734349 31.960929
118.88086100260416 31.99615993923611 118.93422 32.08104
118.73698552970887 32.04621105793997 118.751345 32.038194
118.7853 32.03651 118.76524 31.98552
118.854674 31.779826 118.809006 31.780567
118.81032 32.10243 118.81765 32.09686
118.79051 31.9841 118.75386 31.9324
118.741093 32.227047 118.756078 32.234559
118.887276 32.125751 118.669586 32.092487
118.777935 32.077376 118.839673 32.028952
118.70091 31.88144 118.703437 31.866686
118.9784 32.12598 118.91498 32.09734
118.808537 32.010241 118.763879 32.049947
118.81717 32.01369 118.81407 31.928
118.80655 32.00747 118.79417 32.08649
118.898879 32.017972 118.755323 31.97485
118.822584 32.318307 118.782674 32.277425
118.56364 32.14558 118.508086 32.003283
118.887276 32.125751 118.669586 32.092487
118.822589 31.947089 118.87163 32.006709
118.71103 31.968676 118.744069 31.998217
118.712264 32.110344 118.875106 31.730844
118.78655006924716 32.03664482747847 118.77381 32.05226
118.75157 32.0454 118.771369 32.054295
