118.804877 32.099176 118.81037 32.07654
118.78304 32.05011 118.79395 32.03811
118.86977 32.0398 118.91054 32.02862
118.76327 32.01985 118.77875 32.03224
118.739428 32.077294 118.69633 32.0836
118.821841 31.986585 118.80041 31.98582
118.65138 32.05648 118.6407 32.07091
118.75137 32.08445 118.79150679142188 32.03618439545211
118.856335 31.94021 118.82178 31.93276
118.728092 32.154294 118.65241753472222 32.049157986111105
118.751837 32.054884 118.78066 32.03085
118.735815 32.025944 118.74243 32.02574
118.88085 31.94594 118.904654 31.934582
118.67491 32.0633 118.6533 32.05096
118.84824 32.11775 118.81907 32.1062
118.774284 32.036002 118.74443 32.08037
118.695858 32.157134 118.68422 32.17772
118.69743 31.965279 118.76924 32.08826
118.762925 31.955254 118.72964 32.00013
118.79388124 32.00011034 118.7421 31.93492
