118.71818 31.96401 118.74468 32.02302
118.87709 31.94005 118.91688 31.95387
118.81297 32.03582 118.87043 32.01471
118.628327 32.080123 118.68271 32.12739
118.82355 31.96958 118.7659 31.9709
118.908471 32.065055 118.91807 32.07832
118.644995 32.03542 118.77916594795546 32.04371017916717
118.7351 31.96069 118.757129 31.973962
118.87874 31.95271 118.81085 31.91347
118.88781 31.9093 118.82206 31.9076
118.677941 32.105883 118.76774 32.0478
118.84631 32.1101 118.837134 32.085354
118.91556 32.089465 118.92741000000002 32.10204
118.785181 32.035662 118.733596 31.982737
118.819152 31.930388 118.81115 31.91355
